MJDOBS    46816.0
JDOBS    2.44682e+06
DATE    19870121
AGE_OBS    NaN
TELESCOPE    --
DETECTOR    --
SOURCE    Asiago-Catalogue(SUSPECT)
      4464.00  8.16128e-17
      4466.50  7.92317e-17
      4469.00  8.91403e-17
      4471.50  1.11268e-16
      4474.00  1.29213e-16
      4476.50  1.67296e-16
      4479.00  1.33106e-16
      4481.50  6.58256e-17
      4484.00  6.01168e-17
      4486.50  4.95502e-17
      4489.00  6.20466e-17
      4491.50  8.50072e-17
      4494.00  9.08938e-17
      4496.50  1.01466e-16
      4499.00  1.19367e-16
      4501.50  1.49555e-16
      4504.00  1.41031e-16
      4506.50  1.27865e-16
      4509.00  8.75338e-17
      4511.50  2.61694e-17
      4514.00  4.57818e-17
      4516.50  7.45519e-17
      4519.00  7.86742e-17
      4521.50  8.45976e-17
      4524.00  3.39843e-17
      4526.50 -3.38949e-17
      4529.00 -2.73455e-18
      4531.50  3.73920e-17
      4534.00  6.33687e-17
      4536.50  9.54963e-17
      4539.00  8.63517e-17
      4541.50  7.56142e-17
      4544.00  8.35818e-17
      4546.50  9.26686e-17
      4549.00  8.57624e-17
      4551.50  7.82841e-17
      4554.00  7.00466e-17
      4556.50  6.14680e-17
      4559.00  3.93838e-17
      4561.50  1.72928e-17
      4564.00  5.04709e-17
      4566.50  8.22354e-17
      4569.00  9.87508e-17
      4571.50  1.13906e-16
      4574.00  1.22241e-16
      4576.50  1.29530e-16
      4579.00  1.19724e-16
      4581.50  1.11361e-16
      4584.00  1.17587e-16
      4586.50  1.22536e-16
      4589.00  1.41515e-16
      4591.50  1.56088e-16
      4594.00  1.50971e-16
      4596.50  1.47012e-16
      4599.00  1.50365e-16
      4601.50  1.52569e-16
      4604.00  1.87397e-16
      4606.50  2.10863e-16
      4609.00  2.17697e-16
      4611.50  2.21843e-16
      4614.00  2.12409e-16
      4616.50  2.06225e-16
      4619.00  2.01053e-16
      4621.50  1.97654e-16
      4624.00  1.98147e-16
      4626.50  1.98088e-16
      4629.00  2.16715e-16
      4631.50  2.26413e-16
      4634.00  2.74778e-16
      4636.50  2.99265e-16
      4639.00  2.46363e-16
      4641.50  2.19833e-16
      4644.00  2.67972e-16
      4646.50  2.89976e-16
      4649.00  2.77401e-16
      4651.50  2.71205e-16
      4654.00  2.52264e-16
      4656.50  2.43688e-16
      4659.00  2.68326e-16
      4661.50  2.77648e-16
      4664.00  2.75447e-16
      4666.50  2.73974e-16
      4669.00  2.71544e-16
      4671.50  2.70025e-16
      4674.00  2.82336e-16
      4676.50  2.85856e-16
      4679.00  2.41983e-16
      4681.50  2.27260e-16
      4684.00  2.62001e-16
      4686.50  2.71900e-16
      4689.00  2.47225e-16
      4691.50  2.39559e-16
      4694.00  3.05967e-16
      4696.50  3.22920e-16
      4699.00  2.95976e-16
      4701.50  2.88440e-16
      4704.00  3.29393e-16
      4706.50  3.38088e-16
      4709.00  2.63514e-16
      4711.50  2.46577e-16
      4714.00  3.00152e-16
      4716.50  3.10128e-16
      4719.00  3.33445e-16
      4721.50  3.36857e-16
      4724.00  2.66396e-16
      4726.50  2.53599e-16
      4729.00  3.07831e-16
      4731.50  3.15431e-16
      4734.00  2.57315e-16
      4736.50  2.48360e-16
      4739.00  2.35094e-16
      4741.50  2.32718e-16
      4744.00  1.99470e-16
      4746.50  1.95091e-16
      4749.00  2.17294e-16
      4751.50  2.18897e-16
      4754.00  2.16613e-16
      4756.50  2.15773e-16
      4759.00  1.83427e-16
      4761.50  1.80466e-16
      4764.00  2.26291e-16
      4766.50  2.28469e-16
      4769.00  1.65360e-16
      4771.50  1.61671e-16
      4774.00  1.32361e-16
      4776.50  1.30827e-16
      4779.00  1.66634e-16
      4781.50  1.67101e-16
      4784.00  1.34954e-16
      4786.50  1.34050e-16
      4789.00  1.31941e-16
      4791.50  1.31702e-16
      4794.00  1.58678e-16
      4796.50  1.56895e-16
      4799.00  8.22781e-17
      4801.50  8.38842e-17
      4804.00  1.47519e-16
      4806.50  1.48406e-16
      4809.00  1.80377e-16
      4811.50  1.78307e-16
      4814.00  1.49140e-16
      4816.50  1.49472e-16
      4819.00  1.61018e-16
      4821.50  1.56086e-16
      4824.00  9.83266e-17
      4826.50  1.00161e-16
      4829.00  1.23353e-16
      4831.50  1.19626e-16
      4834.00  8.70163e-17
      4836.50  8.84216e-17
      4839.00  1.02327e-16
      4841.50  1.01868e-16
      4844.00  1.00356e-16
      4846.50  1.02416e-16
      4849.00  1.18301e-16
      4851.50  1.17939e-16
      4854.00  1.17472e-16
      4856.50  1.14714e-16
      4859.00  1.00543e-16
      4861.50  9.33743e-17
      4864.00  5.68084e-17
      4866.50  5.22247e-17
      4869.00  3.05335e-17
      4871.50  4.48641e-17
      4874.00  1.09850e-16
      4876.50  9.87547e-17
      4879.00  5.30351e-17
      4881.50  5.18913e-17
      4884.00  4.78415e-17
      4886.50  4.47560e-17
      4889.00  3.37703e-17
      4891.50  4.03434e-17
      4894.00  6.32852e-17
      4896.50  6.87997e-17
      4899.00  8.71012e-17
      4901.50  9.12941e-17
      4904.00  1.04644e-16
      4906.50  1.07607e-16
      4909.00  1.16698e-16
      4911.50  1.07143e-16
      4914.00  8.15578e-17
      4916.50  9.95628e-17
      4919.00  1.46556e-16
      4921.50  1.34282e-16
      4924.00  1.04637e-16
      4926.50  9.93398e-17
      4929.00  8.73113e-17
      4931.50  1.05059e-16
      4934.00  1.44731e-16
      4936.50  1.22725e-16
      4939.00  7.66859e-17
      4941.50  9.63353e-17
      4944.00  1.36052e-16
      4946.50  1.33616e-16
      4949.00  1.29251e-16
      4951.50  1.26596e-16
      4954.00  1.21995e-16
      4956.50  1.19239e-16
      4959.00  1.14638e-16
      4961.50  1.28472e-16
      4964.00  1.51780e-16
      4966.50  1.36854e-16
      4969.00  1.13215e-16
      4971.50  1.20603e-16
      4974.00  1.32040e-16
      4976.50  1.36857e-16
      4979.00  1.44046e-16
      4981.50  1.28227e-16
      4984.00  1.06205e-16
      4986.50  1.12317e-16
      4989.00  1.20611e-16
      4991.50  1.20917e-16
      4994.00  1.21392e-16
      4996.50  1.22042e-16
      4999.00  1.22909e-16
      5001.50  1.28956e-16
      5004.00  1.36142e-16
      5006.50  1.29227e-16
      5009.00  1.21429e-16
      5011.50  1.29631e-16
      5014.00  1.38584e-16
      5016.50  1.32147e-16
      5019.00  1.25446e-16
      5021.50  1.14221e-16
      5024.00  1.02978e-16
      5026.50  9.61739e-17
      5029.00  8.96315e-17
      5031.50  1.15774e-16
      5034.00  1.39864e-16
      5036.50  1.29607e-16
      5039.00  1.20495e-16
      5041.50  1.21898e-16
      5044.00  1.23055e-16
      5046.50  1.15398e-16
      5049.00  1.09096e-16
      5051.50  1.28087e-16
      5054.00  1.42901e-16
      5056.50  1.04766e-16
      5059.00  7.60566e-17
      5061.50  6.79126e-17
      5064.00  6.19934e-17
      5066.50  8.33553e-17
      5069.00  9.80948e-17
      5071.50  8.84790e-17
      5074.00  8.20239e-17
      5076.50  8.92870e-17
      5079.00  9.38500e-17
      5081.50  9.39585e-17
      5084.00  9.39508e-17
      5086.50  9.61907e-17
      5089.00  9.74222e-17
      5091.50  1.06516e-16
      5094.00  1.11529e-16
      5096.50  1.17916e-16
      5099.00  1.21244e-16
      5101.50  1.09851e-16
      5104.00  1.03883e-16
      5106.50  7.68298e-17
      5109.00  6.34057e-17
      5111.50  5.99776e-17
      5114.00  5.82976e-17
      5116.50  7.31897e-17
      5119.00  7.98295e-17
      5121.50  5.53676e-17
      5124.00  4.47469e-17
      5126.50  6.09257e-17
      5129.00  6.75095e-17
      5131.50  6.72720e-17
      5134.00  6.71005e-17
      5136.50  7.13069e-17
      5139.00  7.27992e-17
      5141.50  9.83742e-17
      5144.00  1.07396e-16
      5146.50  9.00680e-17
      5149.00  8.40692e-17
      5151.50  8.26864e-17
      5154.00  8.21350e-17
      5156.50  1.09386e-16
      5159.00  1.17611e-16
      5161.50  9.29137e-17
      5164.00  8.56004e-17
      5166.50  1.29316e-16
      5169.00  1.41228e-16
      5171.50  1.24000e-16
      5174.00  1.19341e-16
      5176.50  1.43047e-16
      5179.00  1.48700e-16
      5181.50  1.58699e-16
      5184.00  1.60802e-16
      5186.50  1.37067e-16
      5189.00  1.31681e-16
      5191.50  1.52598e-16
      5194.00  1.56685e-16
      5196.50  1.88555e-16
      5199.00  1.94412e-16
      5201.50  1.76603e-16
      5204.00  1.73155e-16
      5206.50  1.98541e-16
      5209.00  2.02505e-16
      5211.50  2.41026e-16
      5214.00  2.46678e-16
      5216.50  2.13920e-16
      5219.00  2.08896e-16
      5221.50  2.57696e-16
      5224.00  2.63777e-16
      5226.50  2.56809e-16
      5229.00  2.55590e-16
      5231.50  2.91157e-16
      5234.00  2.94650e-16
      5236.50  2.54794e-16
      5239.00  2.50439e-16
      5241.50  2.90531e-16
      5244.00  2.93689e-16
      5246.50  2.55146e-16
      5249.00  2.51704e-16
      5251.50  2.58751e-16
      5254.00  2.58855e-16
      5256.50  2.18715e-16
      5259.00  2.15984e-16
      5261.50  2.96082e-16
      5264.00  2.99702e-16
      5266.50  2.48841e-16
      5269.00  2.46341e-16
      5271.50  2.65884e-16
      5274.00  2.66120e-16
      5276.50  2.36244e-16
      5279.00  2.35172e-16
      5281.50  2.71998e-16
      5284.00  2.72155e-16
      5286.50  2.56919e-16
      5289.00  2.56455e-16
      5291.50  2.83380e-16
      5294.00  2.82891e-16
      5296.50  2.76110e-16
      5299.00  2.75284e-16
      5301.50  2.51916e-16
      5304.00  2.51308e-16
      5306.50  2.42003e-16
      5309.00  2.41624e-16
      5311.50  2.40628e-16
      5314.00  2.41708e-16
      5316.50  2.74785e-16
      5319.00  2.72363e-16
      5321.50  2.32646e-16
      5324.00  2.31163e-16
      5326.50  2.11759e-16
      5329.00  2.14570e-16
      5331.50  2.59408e-16
      5334.00  2.54249e-16
      5336.50  1.92113e-16
      5339.00  1.88961e-16
      5341.50  1.55293e-16
      5344.00  1.52843e-16
      5346.50  1.29263e-16
      5349.00  1.32404e-16
      5351.50  1.63979e-16
      5354.00  1.63329e-16
      5356.50  1.59368e-16
      5359.00  1.56825e-16
      5361.50  1.37626e-16
      5364.00  1.34566e-16
      5366.50  1.12687e-16
      5369.00  1.18503e-16
      5371.50  1.60514e-16
      5374.00  1.54351e-16
      5376.50  1.14688e-16
      5379.00  1.08496e-16
      5381.50  7.06338e-17
      5384.00  7.57819e-17
      5386.50  1.06563e-16
      5389.00  1.03310e-16
      5391.50  8.58152e-17
      5394.00  8.20701e-17
      5396.50  6.27626e-17
      5399.00  6.20844e-17
      5401.50  5.89961e-17
      5404.00  5.97517e-17
      5406.50  6.36666e-17
      5409.00  6.66499e-17
      5411.50  8.06135e-17
      5414.00  8.30418e-17
      5416.50  9.40027e-17
      5419.00  8.87519e-17
      5421.50  6.70957e-17
      5424.00  6.64394e-17
      5426.50  6.40539e-17
      5429.00  6.76172e-17
      5431.50  8.16366e-17
      5434.00  7.87629e-17
      5436.50  6.83302e-17
      5439.00  7.02911e-17
      5441.50  7.75326e-17
      5444.00  7.64673e-17
      5446.50  7.30195e-17
      5449.00  8.39441e-17
      5451.50  1.20652e-16
      5454.00  1.16790e-16
      5456.50  1.04654e-16
      5459.00  9.94049e-17
      5461.50  8.32717e-17
      5464.00  8.63548e-17
      5466.50  9.58659e-17
      5469.00  9.22799e-17
      5471.50  8.19975e-17
      5474.00  8.41797e-17
      5476.50  9.05643e-17
      5479.00  8.67196e-17
      5481.50  7.62911e-17
      5484.00  7.45680e-17
      5486.50  7.00897e-17
      5489.00  6.58284e-17
      5491.50  5.48489e-17
      5494.00  5.93781e-17
      5496.50  7.09631e-17
      5499.00  6.96695e-17
      5501.50  6.65916e-17
      5504.00  7.18598e-17
      5506.50  8.46584e-17
      5509.00  6.88159e-17
      5511.50  3.17577e-17
      5514.00  3.69723e-17
      5516.50  4.89423e-17
      5519.00  6.29670e-17
      5521.50  9.43485e-17
      5524.00  8.23944e-17
      5526.50  5.63993e-17
      5529.00  4.96783e-17
      5531.50  3.54047e-17
      5534.00  3.79717e-17
      5536.50  4.33737e-17
      5539.00  4.01071e-17
      5541.50  3.34878e-17
      5544.00  4.91133e-17
      5546.50  8.03691e-17
      5549.00  6.70176e-17
      5551.50  4.09748e-17
      5554.00  5.10963e-17
      5556.50  7.05623e-17
      5559.00  7.27983e-17
      5561.50  7.70575e-17
      5564.00  7.21342e-17
      5566.50  6.31331e-17
      5569.00  6.69648e-17
      5571.50  7.39411e-17
      5574.00  5.90972e-17
      5576.50  3.27787e-17
      5579.00  3.26621e-17
      5581.50  3.24828e-17
      5584.00  3.58210e-17
      5586.50  4.15589e-17
      5589.00  4.63840e-17
      5591.50  5.45355e-17
      5594.00  4.86216e-17
      5596.50  3.88635e-17
      5599.00  4.53912e-17
      5601.50  5.60453e-17
      5604.00  5.28662e-17
      5606.50  4.77964e-17
      5609.00  4.75272e-17
      5611.50  4.71275e-17
      5614.00  3.21235e-17
      5616.50  8.81346e-18
      5619.00  3.20814e-17
      5621.50  6.77419e-17
      5624.00  5.30225e-17
      5626.50  3.07897e-17
      5629.00  2.90776e-17
      5631.50  2.65348e-17
      5634.00  3.97596e-17
      5636.50  5.91968e-17
      5639.00  4.65218e-17
      5641.50  2.81359e-17
      5644.00  2.37363e-17
      5646.50  1.74388e-17
      5649.00  2.69168e-17
      5651.50  4.03594e-17
      5654.00  3.47363e-17
      5656.50  2.68675e-17
      5659.00  1.82406e-17
      5661.50  6.31028e-18
      5664.00  8.82171e-18
      5666.50  1.22604e-17
      5669.00  1.90234e-17
      5671.50  2.81936e-17
      5674.00  3.84655e-17
      5676.50  5.22412e-17
      5679.00  4.55766e-17
      5681.50  3.67281e-17
      5684.00  1.61749e-17
      5686.50 -1.08430e-17
      5689.00 -6.22957e-18
      5691.50 -2.23185e-19
      5694.00  1.91241e-17
      5696.50  4.41247e-17
      5699.00  3.25856e-17
      5701.50  1.78019e-17
      5704.00  2.18967e-17
      5706.50  2.71084e-17
      5709.00  1.95346e-17
      5711.50  9.98268e-18
      5714.00  2.06393e-17
      5716.50  3.40037e-17
      5719.00  2.00926e-17
      5721.50  2.76515e-18
      5724.00  5.03263e-18
      5726.50  7.84064e-18
      5729.00  1.48050e-17
      5731.50  2.33887e-17
      5734.00  3.64004e-17
      5736.50  5.23129e-17
      5739.00  3.42676e-17
      5741.50  1.23160e-17
      5744.00  2.70996e-17
      5746.50  4.50351e-17
      5749.00  3.37229e-17
      5751.50  2.00711e-17
      5754.00  2.34409e-17
      5756.50  2.74995e-17
      5759.00  2.88236e-17
      5761.50  3.04134e-17
      5764.00  1.59533e-17
      5766.50 -1.31093e-18
      5769.00  1.39815e-17
      5771.50  3.22148e-17
      5774.00  2.84786e-17
      5776.50  2.40346e-17
      5779.00  3.88641e-17
      5781.50  5.64658e-17
      5784.00  4.72360e-17
      5786.50  3.63062e-17
      5789.00  3.98632e-17
      5791.50  4.40819e-17
      5794.00  3.65617e-17
      5796.50  2.76556e-17
      5799.00  3.38414e-17
      5801.50  4.11742e-17
      5804.00  5.17982e-17
      5806.50  6.43716e-17
      5809.00  6.67094e-17
      5811.50  6.94865e-17
      5814.00  5.84895e-17
      5816.50  4.54454e-17
      5819.00  4.98003e-17
      5821.50  5.49819e-17
      5824.00  5.68731e-17
      5826.50  5.91342e-17
      5829.00  5.10576e-17
      5831.50  4.14173e-17
      5834.00  6.38843e-17
      5836.50  9.08080e-17
      5839.00  9.72361e-17
      5841.50  1.04972e-16
      5844.00  7.55346e-17
      5846.50  3.99948e-17
      5849.00  7.01339e-17
      5851.50  1.06710e-16
      5854.00  9.60785e-17
      5856.50  8.31487e-17
      5859.00  8.07451e-17
      5861.50  7.78146e-17
      5864.00  8.75424e-17
      5866.50  9.95250e-17
      5869.00  8.34125e-17
      5871.50  6.34661e-17
      5874.00  8.17017e-17
      5876.50  1.04477e-16
      5879.00  9.12824e-17
      5881.50  7.47426e-17
      5884.00  8.57956e-17
      5886.50  9.97809e-17
      5889.00  9.66919e-17
      5891.50  9.27671e-17
      5894.00  9.20771e-17
      5896.50  9.12010e-17
      5899.00  8.13865e-17
      5901.50  6.86482e-17
      5904.00  7.67830e-17
      5906.50  8.74448e-17
      5909.00  9.47888e-17
      5911.50  1.04510e-16
      5914.00  1.05827e-16
      5916.50  1.07601e-16
      5919.00  1.07334e-16
      5921.50  1.06988e-16
      5924.00  1.01413e-16
      5926.50  9.38070e-17
      5929.00  1.08203e-16
      5931.50  1.28124e-16
      5934.00  1.13447e-16
      5936.50  9.29108e-17
      5939.00  8.54643e-17
      5941.50  7.49138e-17
      5944.00  8.15769e-17
      5946.50  9.11808e-17
      5949.00  1.20281e-16
      5951.50  1.62802e-16
      5954.00  1.28601e-16
      5956.50  7.80181e-17
      5959.00  7.24848e-17
      5961.50  6.41891e-17
      5964.00  6.70773e-17
      5966.50  7.14968e-17
      5969.00  6.12350e-17
      5971.50  4.53262e-17
      5974.00  5.43037e-17
      5976.50  6.84718e-17
      5979.00  5.65311e-17
      5981.50  3.73970e-17
      5984.00  5.34789e-17
      5986.50  7.97911e-17
      5989.00  7.19520e-17
      5991.50  5.89082e-17
      5994.00  5.98646e-17
      5996.50  6.15019e-17
      5999.00  5.45548e-17
      6001.50  4.25387e-17
      6004.00  3.59541e-17
      6006.50  2.43321e-17
      6009.00  2.38781e-17
      6011.50  2.30643e-17
      6014.00  2.36432e-17
      6016.50  2.47186e-17
      6019.00  2.70926e-17
      6021.50  3.15827e-17
      6024.00  3.20328e-17
      6026.50  3.29113e-17
      6029.00  3.66746e-17
      6031.50  4.41330e-17
      6034.00  4.05801e-17
      6036.50  3.33858e-17
      6039.00  3.53650e-17
      6041.50  3.94992e-17
      6044.00  4.02182e-17
      6046.50  4.17702e-17
      6049.00  3.70765e-17
      6051.50  2.67874e-17
      6054.00  2.63642e-17
      6056.50  2.54187e-17
      6059.00  2.75000e-17
      6061.50  3.23460e-17
      6064.00  2.91070e-17
      6066.50  2.13494e-17
      6069.00  2.29246e-17
      6071.50  2.68280e-17
      6074.00  2.46899e-17
      6076.50  1.92490e-17
      6079.00  1.97282e-17
      6081.50  2.10018e-17
      6084.00  2.63138e-17
      6086.50  4.08292e-17
      6089.00  4.10906e-17
      6091.50  4.18505e-17
      6094.00  4.33333e-17
      6096.50  4.77177e-17
      6099.00  4.47522e-17
      6101.50  3.57128e-17
      6104.00  3.22508e-17
      6106.50  2.12527e-17
      6109.00  1.99092e-17
      6111.50  1.54653e-17
      6114.00  2.37677e-17
      6116.50  5.25586e-17
      6119.00  5.01657e-17
      6121.50  4.15136e-17
      6124.00  4.19336e-17
      6126.50  4.35553e-17
      6129.00  4.62648e-17
      6131.50  5.71010e-17
      6134.00  5.74664e-17
      6136.50  5.90433e-17
      6139.00  5.67641e-17
      6141.50  4.66721e-17
      6144.00  4.85535e-17
      6146.50  5.74551e-17
      6149.00  5.35854e-17
      6151.50  3.43028e-17
      6154.00  2.89488e-17
      6156.50  4.10660e-19
      6159.00  6.68930e-18
      6161.50  4.25906e-17
      6164.00  4.34427e-17
      6166.50  4.87217e-17
      6169.00  5.06550e-17
      6171.50  6.35851e-17
      6174.00  5.89642e-17
      6176.50  2.56207e-17
      6179.00  2.88790e-17
      6181.50  5.48104e-17
      6184.00  5.33814e-17
      6186.50  4.08644e-17
      6189.00  4.05945e-17
      6191.50  3.79925e-17
      6194.00  3.84941e-17
      6196.50  4.41066e-17
      6199.00  4.45678e-17
      6201.50  5.05298e-17
      6204.00  5.13272e-17
      6206.50  6.34211e-17
      6209.00  6.14292e-17
      6211.50  2.51558e-17
      6214.00  2.62890e-17
      6216.50  5.25553e-17
      6219.00  5.23158e-17
      6221.50  4.48737e-17
      6224.00  4.50979e-17
      6226.50  5.62154e-17
      6229.00  5.61362e-17
      6231.50  4.76175e-17
      6234.00  4.76162e-17
      6236.50  6.80029e-17
      6239.00  6.80495e-17
      6241.50  3.43952e-17
      6244.00  3.39283e-17
      6246.50  3.71037e-17
      6249.00  3.71837e-17
      6251.50  5.57894e-17
      6254.00  5.64910e-17
      6256.50  4.29743e-17
      6259.00  4.22926e-17
      6261.50  4.19015e-17
      6264.00  4.18774e-17
      6266.50  2.98387e-17
      6269.00  2.89072e-17
      6271.50  3.05924e-17
      6274.00  3.07480e-17
      6276.50  4.30149e-17
      6279.00  4.43209e-17
      6281.50  2.62189e-17
      6284.00  2.40057e-17
      6286.50  1.44916e-17
      6289.00  1.31766e-17
      6291.50  2.44117e-17
      6294.00  2.61575e-17
      6296.50  4.42764e-17
      6299.00  4.73991e-17
      6301.50  3.15300e-17
      6304.00  2.85054e-17
      6306.50  3.63564e-17
      6309.00  3.80067e-17
      6311.50  2.58006e-17
      6314.00  2.29925e-17
      6316.50  4.57098e-17
      6319.00  5.14219e-17
      6321.50  3.83994e-17
      6324.00  3.48550e-17
      6326.50 -9.32816e-18
      6329.00 -2.23903e-17
      6331.50  2.23948e-17
      6334.00  3.67134e-17
      6336.50  4.69046e-17
      6339.00  5.04211e-17
      6341.50  3.43151e-17
      6344.00  2.83382e-17
      6346.50  3.57299e-17
      6349.00  3.86829e-17
      6351.50  4.31930e-17
      6354.00  4.51271e-17
      6356.50  4.21950e-17
      6359.00  4.08512e-17
      6361.50  2.04705e-17
      6364.00  1.04449e-17
      6366.50  2.97695e-17
      6369.00  3.99511e-17
      6371.50  6.77447e-17
      6374.00  8.34013e-17
      6376.50  6.39393e-17
      6379.00  5.22237e-17
      6381.50  4.46490e-17
      6384.00  3.97790e-17
      6386.50  4.30438e-17
      6389.00  4.52926e-17
      6391.50  5.84083e-17
      6394.00  6.80334e-17
      6396.50  5.59824e-17
      6399.00  4.65484e-17
      6401.50  5.66996e-17
      6404.00  6.51967e-17
      6406.50  7.04230e-17
      6409.00  7.51043e-17
      6411.50  5.37853e-17
      6414.00  3.34015e-17
      6416.50  4.71871e-17
      6419.00  6.12849e-17
      6421.50  5.56904e-17
      6424.00  4.95699e-17
      6426.50  5.11976e-17
      6429.00  5.31060e-17
      6431.50  5.37546e-17
      6434.00  5.45671e-17
      6436.50  4.81429e-17
      6439.00  3.94554e-17
      6441.50  4.36694e-17
      6444.00  4.97867e-17
      6446.50  4.21925e-17
      6449.00  3.03118e-17
      6451.50  3.67645e-17
      6454.00  4.76627e-17
      6456.50  4.22420e-17
      6459.00  3.23117e-17
      6461.50  4.70712e-17
      6464.00  7.63537e-17
      6466.50  7.17166e-17
      6469.00  6.17000e-17
      6471.50  6.81648e-17
      6474.00  8.33415e-17
      6476.50  7.60905e-17
      6479.00  5.73248e-17
      6481.50  5.98498e-17
      6484.00  6.69962e-17
      6486.50  6.24770e-17
      6489.00  4.81858e-17
      6491.50  5.37407e-17
      6494.00  7.31863e-17
      6496.50  6.78547e-17
      6499.00  4.66934e-17
      6501.50  5.02102e-17
      6504.00  6.59158e-17
      6506.50  6.97831e-17
      6509.00  8.96723e-17
      6511.50  8.97974e-17
      6514.00  9.03695e-17
      6516.50  9.27676e-17
      6519.00  1.09761e-16
      6521.50  1.07915e-16
      6524.00  9.12153e-17
      6526.50  9.20784e-17
      6529.00  1.01488e-16
      6531.50  1.03395e-16
      6534.00  1.32759e-16
      6536.50  1.30539e-16
      6539.00  7.39168e-17
      6541.50  7.44132e-17
      6544.00  9.97565e-17
      6546.50  9.98026e-17
      6549.00  9.03681e-17
      6551.50  9.03771e-17
      6554.00  8.75464e-17
      6556.50  8.75145e-17
      6559.00  9.64410e-17
      6561.50  9.69250e-17
      6564.00  3.18548e-17
      6566.50  2.70608e-17
      6569.00 -1.21103e-16
      6571.50 -1.35938e-16
      6574.00 -1.02077e-16
      6576.50 -9.78088e-17
      6579.00  3.58022e-17
      6581.50  5.67898e-17
      6584.00  6.46033e-17
      6586.50  6.61009e-17
      6589.00  5.52800e-17
      6591.50  5.29051e-17
      6594.00  8.17830e-17
      6596.50  8.92207e-17
      6599.00  1.11119e-16
      6601.50  1.17614e-16
      6604.00  8.11168e-17
      6606.50  6.89180e-17
      6609.00  8.92877e-17
      6611.50  9.70268e-17
      6614.00  7.43444e-17
      6616.50  6.47281e-17
      6619.00  7.64743e-17
      6621.50  8.20818e-17
      6624.00  8.92686e-17
      6626.50  9.31039e-17
      6629.00  9.15587e-17
      6631.50  9.06718e-17
      6634.00  8.67524e-17
      6636.50  8.42067e-17
      6639.00  8.25742e-17
      6641.50  8.14081e-17
      6644.00  6.83669e-17
      6646.50  5.79256e-17
      6649.00  6.47623e-17
      6651.50  7.08365e-17
      6654.00  6.33141e-17
      6656.50  5.59339e-17
      6659.00  5.95181e-17
      6661.50  6.34140e-17
      6664.00  6.58855e-17
      6666.50  6.88540e-17
      6669.00  6.14553e-17
      6671.50  5.15436e-17
      6674.00  6.05597e-17
      6676.50  7.39725e-17
      6679.00  6.91396e-17
      6681.50  6.10528e-17
      6684.00  4.67407e-17
      6686.50  1.99539e-17
      6689.00  3.48321e-17
      6691.50  6.60841e-17
      6694.00  6.32587e-17
      6696.50  5.64523e-17
      6699.00  5.82671e-17
      6701.50  6.31352e-17
      6704.00  5.68515e-17
      6706.50  3.69792e-17
      6709.00  3.45283e-17
      6711.50  2.54211e-17
      6714.00  2.65546e-17
      6716.50  3.14408e-17
      6719.00  3.30710e-17
      6721.50  4.16183e-17
      6724.00  3.60049e-17
      6726.50 -1.63662e-18
      6729.00  8.89246e-19
      6731.50  2.31696e-17
      6734.00  2.25146e-17
      6736.50  1.40156e-17
      6739.00  1.52832e-17
      6741.50  4.17738e-17
      6744.00  4.14732e-17
      6746.50  2.13035e-17
      6749.00  2.13221e-17
      6751.50  2.92677e-17
      6754.00  2.93972e-17
      6756.50  6.47829e-17
      6759.00  6.63997e-17
      6761.50  4.73934e-17
      6764.00  4.59671e-17
      6766.50  4.78819e-17
      6769.00  4.81358e-17
      6771.50  5.10681e-17
      6774.00  5.15505e-17
      6776.50  5.17764e-17
      6779.00  5.18589e-17
      6781.50  4.75038e-17
      6784.00  4.65052e-17
      6786.50  5.68613e-17
      6789.00  5.98587e-17
