MJDOBS    46617.0
JDOBS    2.44662e+06
DATE    19860706
AGE_OBS    NaN
TELESCOPE    --
DETECTOR    --
SOURCE    Asiago-Catalogue(SUSPECT)
        3862  3.67841e-16
        3863  1.02889e-15
        3864  2.88929e-15
        3865  2.93744e-15
        3866  3.95699e-15
        3867  4.04076e-15
        3868  3.21898e-15
        3869  1.36367e-15
        3870  1.57274e-15
        3871  2.94425e-15
        3872  2.27804e-15
        3873  2.73166e-15
        3874  1.66884e-15
        3875  1.11930e-15
        3876  2.42136e-15
        3877  1.81848e-15
        3878  2.76626e-15
        3879  1.39972e-15
        3880  1.34637e-15
        3881  2.29552e-15
        3882  2.21456e-15
        3883  2.16127e-15
        3884  2.25960e-15
        3885  1.79218e-15
        3886  2.11175e-15
        3887  2.21381e-15
        3888  3.01171e-15
        3889  1.04099e-15
        3890  2.14127e-15
        3891  2.50134e-15
        3892  2.39381e-15
        3893  3.20877e-15
        3894  3.01190e-15
        3895  1.55117e-15
        3896  1.53679e-15
        3897  1.18191e-15
        3898  1.01678e-15
        3899  1.56771e-15
        3900  2.17838e-15
        3901  1.50256e-15
        3902  1.32244e-15
        3903  2.98065e-15
        3904  2.80350e-15
        3905  2.66032e-15
        3906  2.18240e-15
        3907  2.19133e-15
        3908  2.02380e-15
        3909  2.18922e-15
        3910  2.41796e-15
        3911  2.52287e-15
        3912  3.14071e-15
        3913  2.83281e-15
        3914  1.46737e-15
        3915  1.79574e-15
        3916  2.97684e-15
        3917  2.93555e-15
        3918  2.40196e-15
        3919  8.06213e-16
        3920  2.86458e-15
        3921  2.35452e-15
        3922  1.33867e-15
        3923  2.03229e-15
        3924  2.62064e-15
        3925  3.22795e-15
        3926  2.95153e-15
        3927  2.94188e-15
        3928  3.18139e-15
        3929  2.43532e-15
        3930  1.83513e-15
        3931  1.59235e-15
        3932  2.26970e-15
        3933  2.55760e-15
        3934  2.58844e-15
        3935  2.10424e-15
        3936  1.71101e-15
        3937  2.01346e-15
        3938  1.74725e-15
        3939  2.50215e-15
        3940  3.19987e-15
        3941  2.33453e-15
        3942  1.71472e-15
        3943  1.75545e-15
        3944  2.22358e-15
        3945  2.56914e-15
        3946  1.39715e-15
        3947  2.38925e-15
        3948  2.98324e-15
        3949  4.01067e-15
        3950  1.91110e-15
        3951  2.36984e-15
        3952  2.59901e-15
        3953  2.45983e-15
        3954  3.03065e-15
        3955  2.88671e-15
        3956  2.02562e-15
        3957  1.97444e-15
        3958  1.89621e-15
        3959  2.37181e-15
        3960  2.14002e-15
        3961  2.17919e-15
        3962  2.51197e-15
        3963  2.37695e-15
        3964  1.22212e-15
        3965  2.24317e-15
        3966  3.19473e-15
        3967  1.70499e-15
        3968  1.63285e-15
        3969  1.80127e-15
        3970  3.58124e-15
        3971  3.15411e-15
        3972  2.19995e-15
        3973  2.82729e-15
        3974  2.57157e-15
        3975  2.89661e-15
        3976  3.11909e-15
        3977  2.61604e-15
        3978  2.28136e-15
        3979  2.82888e-15
        3980  3.02762e-15
        3981  4.12483e-15
        3982  3.22788e-15
        3983  2.83338e-15
        3984  4.56392e-15
        3985  4.92968e-15
        3986  4.85418e-15
        3987  2.08007e-15
        3988  2.49873e-15
        3989  3.06623e-15
        3990  5.27590e-15
        3991  5.05663e-15
        3992  4.54640e-15
        3993  3.23601e-15
        3994  3.89792e-15
        3995  5.47439e-15
        3996  3.58070e-15
        3997  3.50205e-15
        3998  4.63203e-15
        3999  4.12974e-15
        4000  4.14476e-15
        4001  5.37850e-15
        4002  5.14840e-15
        4003  5.04561e-15
        4004  5.76647e-15
        4005  5.19987e-15
        4006  4.67409e-15
        4007  3.69995e-15
        4008  4.32641e-15
        4009  5.03406e-15
        4010  4.30610e-15
        4011  4.17731e-15
        4012  4.09167e-15
        4013  3.84817e-15
        4014  3.99200e-15
        4015  4.60441e-15
        4016  3.19396e-15
        4017  2.75573e-15
        4018  3.48917e-15
        4019  3.13843e-15
        4020  3.00734e-15
        4021  4.04137e-15
        4022  3.63463e-15
        4023  3.17670e-15
        4024  3.65601e-15
        4025  3.57981e-15
        4026  3.44132e-15
        4027  3.22347e-15
        4028  3.54589e-15
        4029  4.36004e-15
        4030  3.47257e-15
        4031  3.32864e-15
        4032  4.40405e-15
        4033  3.81199e-15
        4034  3.42563e-15
        4035  3.02091e-15
        4036  3.25460e-15
        4037  3.51567e-15
        4038  3.18807e-15
        4039  3.09971e-15
        4040  2.90462e-15
        4041  2.69609e-15
        4042  2.82549e-15
        4043  3.03000e-15
        4044  3.06866e-15
        4045  3.03461e-15
        4046  3.43023e-15
        4047  3.31821e-15
        4048  3.68344e-15
        4049  4.54404e-15
        4050  4.05366e-15
        4051  3.55158e-15
        4052  3.36739e-15
        4053  3.48465e-15
        4054  3.04897e-15
        4055  3.92551e-15
        4056  4.30002e-15
        4057  3.42092e-15
        4058  3.29307e-15
        4059  2.94326e-15
        4060  1.58226e-15
        4061  1.90252e-15
        4062  2.75628e-15
        4063  3.06542e-15
        4064  3.08215e-15
        4065  3.04269e-15
        4066  3.78717e-15
        4067  4.24115e-15
        4068  4.04295e-15
        4069  3.21947e-15
        4070  2.87372e-15
        4071  3.05168e-15
        4072  2.82447e-15
        4073  2.93797e-15
        4074  2.89284e-15
        4075  2.79327e-15
        4076  2.29908e-15
        4077  2.45983e-15
        4078  2.97024e-15
        4079  2.68697e-15
        4080  2.94409e-15
        4081  3.15043e-15
        4082  2.49778e-15
        4083  2.43223e-15
        4084  2.60979e-15
        4085  2.36405e-15
        4086  2.49947e-15
        4087  3.42555e-15
        4088  3.60688e-15
        4089  2.27191e-15
        4090  2.76018e-15
        4091  3.29348e-15
        4092  2.98821e-15
        4093  3.05621e-15
        4094  2.87055e-15
        4095  2.45701e-15
        4096  3.02439e-15
        4097  2.78596e-15
        4098  2.80708e-15
        4099  2.40223e-15
        4100  2.62024e-15
        4101  2.29441e-15
        4102  2.49377e-15
        4103  2.33099e-15
        4104  1.77559e-15
        4105  1.48601e-15
        4106  2.12382e-15
        4107  2.53156e-15
        4108  2.38995e-15
        4109  3.16765e-15
        4110  2.56213e-15
        4111  2.49440e-15
        4112  2.19904e-15
        4113  2.28245e-15
        4114  3.38993e-15
        4115  3.45027e-15
        4116  3.47371e-15
        4117  3.19135e-15
        4118  2.80895e-15
        4119  2.85125e-15
        4120  2.18161e-15
        4121  2.05237e-15
        4122  2.07982e-15
        4123  2.32552e-15
        4124  2.37529e-15
        4125  2.67197e-15
        4126  3.01871e-15
        4127  2.55697e-15
        4128  2.22847e-15
        4129  2.77956e-15
        4130  2.72684e-15
        4131  2.32028e-15
        4132  2.36177e-15
        4133  2.44567e-15
        4134  2.61654e-15
        4135  2.59228e-15
        4136  2.70574e-15
        4137  3.03322e-15
        4138  2.27310e-15
        4139  1.79310e-15
        4140  1.93321e-15
        4141  2.04134e-15
        4142  2.24421e-15
        4143  1.65349e-15
        4144  1.74469e-15
        4145  2.13337e-15
        4146  1.88893e-15
        4147  2.37722e-15
        4148  2.82094e-15
        4149  2.48247e-15
        4150  2.28291e-15
        4151  2.94228e-15
        4152  2.96854e-15
        4153  2.62065e-15
        4154  2.78378e-15
        4155  2.89887e-15
        4156  2.75824e-15
        4157  2.29405e-15
        4158  1.98032e-15
        4159  2.38102e-15
        4160  2.83085e-15
        4161  2.74854e-15
        4162  2.75154e-15
        4163  2.59063e-15
        4164  2.16357e-15
        4165  2.20761e-15
        4166  2.71788e-15
        4167  2.51524e-15
        4168  2.13729e-15
        4169  2.00793e-15
        4170  2.15356e-15
        4171  2.73842e-15
        4172  2.68275e-15
        4173  2.10987e-15
        4174  2.37145e-15
        4175  2.48720e-15
        4176  2.66685e-15
        4177  3.09403e-15
        4178  2.85000e-15
        4179  2.37027e-15
        4180  2.33520e-15
        4181  2.13026e-15
        4182  2.17424e-15
        4183  2.07443e-15
        4184  2.12746e-15
        4185  2.34609e-15
        4186  2.37156e-15
        4187  2.31766e-15
        4188  2.32090e-15
        4189  1.99678e-15
        4190  2.45643e-15
        4191  2.81125e-15
        4192  2.42504e-15
        4193  2.26515e-15
        4194  2.21821e-15
        4195  2.26991e-15
        4196  2.42468e-15
        4197  2.12483e-15
        4198  2.44766e-15
        4199  2.96150e-15
        4200  3.11747e-15
        4201  2.76922e-15
        4202  2.39366e-15
        4203  2.27069e-15
        4204  2.17400e-15
        4205  2.92763e-15
        4206  3.09202e-15
        4207  3.23430e-15
        4208  3.40820e-15
        4209  2.97465e-15
        4210  2.63930e-15
        4211  2.48945e-15
        4212  2.32509e-15
        4213  2.60856e-15
        4214  2.48407e-15
        4215  2.71456e-15
        4216  2.08304e-15
        4217  1.82592e-15
        4218  2.10162e-15
        4219  2.12459e-15
        4220  2.28128e-15
        4221  2.59106e-15
        4222  2.80852e-15
        4223  2.59865e-15
        4224  2.48040e-15
        4225  2.36300e-15
        4226  2.68660e-15
        4227  2.58014e-15
        4228  2.45620e-15
        4229  2.94728e-15
        4230  3.36359e-15
        4231  2.72607e-15
        4232  2.57144e-15
        4233  2.60356e-15
        4234  2.70627e-15
        4235  2.74623e-15
        4236  2.34136e-15
        4237  2.21039e-15
        4238  2.07209e-15
        4239  2.23378e-15
        4240  2.33259e-15
        4241  2.38832e-15
        4242  2.46229e-15
        4243  2.50681e-15
        4244  3.04637e-15
        4245  3.39049e-15
        4246  3.32290e-15
        4247  3.03941e-15
        4248  2.93539e-15
        4249  3.53446e-15
        4250  3.45366e-15
        4251  2.66334e-15
        4252  2.79687e-15
        4253  2.93197e-15
        4254  3.04595e-15
        4255  3.09642e-15
        4256  3.02289e-15
        4257  2.74578e-15
        4258  2.50283e-15
        4259  2.83747e-15
        4260  2.88886e-15
        4261  2.81142e-15
        4262  2.56494e-15
        4263  2.40303e-15
        4264  2.66593e-15
        4265  2.75422e-15
        4266  2.97515e-15
        4267  3.08814e-15
        4268  3.15392e-15
        4269  2.45593e-15
        4270  2.73153e-15
        4271  3.50688e-15
        4272  2.96226e-15
        4273  2.64125e-15
        4274  2.74131e-15
        4275  2.58597e-15
        4276  2.28586e-15
        4277  2.63928e-15
        4278  2.81583e-15
        4279  3.19154e-15
        4280  2.99074e-15
        4281  2.57447e-15
        4282  2.85222e-15
        4283  2.98024e-15
        4284  2.77676e-15
        4285  2.89713e-15
        4286  3.18757e-15
        4287  3.04674e-15
        4288  2.94259e-15
        4289  2.46327e-15
        4290  2.53841e-15
        4291  2.66921e-15
        4292  2.45638e-15
        4293  2.34081e-15
        4294  2.27310e-15
        4295  2.22231e-15
        4296  2.20873e-15
        4297  2.59529e-15
        4298  2.77774e-15
        4299  2.44007e-15
        4300  2.44460e-15
        4301  2.47291e-15
        4302  2.15348e-15
        4303  2.05940e-15
        4304  2.45194e-15
        4305  2.44391e-15
        4306  2.48331e-15
        4307  2.85700e-15
        4308  2.98686e-15
        4309  2.66837e-15
        4310  2.65291e-15
        4311  3.01629e-15
        4312  2.93580e-15
        4313  2.71377e-15
        4314  2.76256e-15
        4315  2.76981e-15
        4316  2.74242e-15
        4317  3.30677e-15
        4318  3.41030e-15
        4319  2.99712e-15
        4320  3.07956e-15
        4321  3.25914e-15
        4322  3.17005e-15
        4323  3.07558e-15
        4324  2.99141e-15
        4325  2.86544e-15
        4326  2.76220e-15
        4327  2.83051e-15
        4328  2.77985e-15
        4329  2.94186e-15
        4330  2.95226e-15
        4331  3.06702e-15
        4332  2.68018e-15
        4333  2.44459e-15
        4334  3.20501e-15
        4335  3.16858e-15
        4336  3.00924e-15
        4337  2.84407e-15
        4338  2.77893e-15
        4339  2.63526e-15
        4340  2.74936e-15
        4341  3.23502e-15
        4342  3.11669e-15
        4343  3.05202e-15
        4344  3.53458e-15
        4345  3.52735e-15
        4346  3.42249e-15
        4347  3.28895e-15
        4348  3.32204e-15
        4349  3.19730e-15
        4350  2.98955e-15
        4351  3.67401e-15
        4352  3.51418e-15
        4353  2.91944e-15
        4354  3.08942e-15
        4355  3.05787e-15
        4356  3.12124e-15
        4357  3.17230e-15
        4358  3.48912e-15
        4359  3.30786e-15
        4360  3.05398e-15
        4361  3.41005e-15
        4362  3.24580e-15
        4363  2.96588e-15
        4364  3.18538e-15
        4365  3.49305e-15
        4366  3.51178e-15
        4367  3.45736e-15
        4368  3.09965e-15
        4369  3.11032e-15
        4370  3.13194e-15
        4371  2.80785e-15
        4372  2.79219e-15
        4373  2.69003e-15
        4374  2.64060e-15
        4375  2.50254e-15
        4376  2.90469e-15
        4377  2.95387e-15
        4378  2.60434e-15
        4379  2.80026e-15
        4380  3.27486e-15
        4381  3.09723e-15
        4382  3.14680e-15
        4383  3.18312e-15
        4384  3.19679e-15
        4385  3.17930e-15
        4386  2.80205e-15
        4387  2.54571e-15
        4388  2.60488e-15
        4389  2.81524e-15
        4390  2.74875e-15
        4391  2.85722e-15
        4392  2.97710e-15
        4393  3.02891e-15
        4394  3.00048e-15
        4395  3.00873e-15
        4396  2.67128e-15
        4397  2.31244e-15
        4398  2.49523e-15
        4399  2.79998e-15
        4400  2.96185e-15
        4401  2.63219e-15
        4402  2.54862e-15
        4403  2.98006e-15
        4404  3.15419e-15
        4405  2.78475e-15
        4406  2.74786e-15
        4407  2.51691e-15
        4408  2.37887e-15
        4409  2.67509e-15
        4410  2.70391e-15
        4411  2.64576e-15
        4412  2.52946e-15
        4413  2.29843e-15
        4414  2.27943e-15
        4415  2.47066e-15
        4416  2.39658e-15
        4417  2.26767e-15
        4418  2.46856e-15
        4419  2.69877e-15
        4420  2.34460e-15
        4421  2.14773e-15
        4422  2.24692e-15
        4423  2.29495e-15
        4424  2.38518e-15
        4425  2.55102e-15
        4426  2.39391e-15
        4427  2.25265e-15
        4428  2.60377e-15
        4429  2.81331e-15
        4430  2.69639e-15
        4431  2.37510e-15
        4432  2.24894e-15
        4433  2.27574e-15
        4434  2.16844e-15
        4435  1.95964e-15
        4436  1.84403e-15
        4437  1.81218e-15
        4438  1.83048e-15
        4439  1.83524e-15
        4440  1.93033e-15
        4441  1.96567e-15
        4442  2.09784e-15
        4443  2.36491e-15
        4444  2.65498e-15
        4445  2.47061e-15
        4446  2.28103e-15
        4447  2.31450e-15
        4448  2.25276e-15
        4449  2.09009e-15
        4450  2.02362e-15
        4451  2.08919e-15
        4452  2.02523e-15
        4453  2.23404e-15
        4454  2.27572e-15
        4455  2.19340e-15
        4456  2.19866e-15
        4457  1.88037e-15
        4458  2.03054e-15
        4459  2.13340e-15
        4460  2.16733e-15
        4461  1.98754e-15
        4462  1.91290e-15
        4463  1.97817e-15
        4464  2.18973e-15
        4465  2.48257e-15
        4466  2.57217e-15
        4467  2.32667e-15
        4468  2.23293e-15
        4469  2.40391e-15
        4470  2.25559e-15
        4471  2.40717e-15
        4472  2.50144e-15
        4473  2.54855e-15
        4474  2.45422e-15
        4475  2.08199e-15
        4476  2.29097e-15
        4477  2.41842e-15
        4478  2.49472e-15
        4479  2.46890e-15
        4480  2.47357e-15
        4481  2.37266e-15
        4482  2.36893e-15
        4483  2.41880e-15
        4484  2.46694e-15
        4485  2.34200e-15
        4486  2.15723e-15
        4487  2.45010e-15
        4488  2.80667e-15
        4489  3.00674e-15
        4490  2.85417e-15
        4491  2.83679e-15
        4492  2.66398e-15
        4493  2.69000e-15
        4494  2.83102e-15
        4495  3.06649e-15
        4496  2.95817e-15
        4497  2.96142e-15
        4498  2.93216e-15
        4499  2.93186e-15
        4500  2.91879e-15
        4501  2.79430e-15
        4502  2.61770e-15
        4503  2.55309e-15
        4504  2.74706e-15
        4505  2.73410e-15
        4506  2.76029e-15
        4507  2.67472e-15
        4508  2.70845e-15
        4509  2.87150e-15
        4510  2.81236e-15
        4511  2.63467e-15
        4512  2.82900e-15
        4513  2.72129e-15
        4514  2.64910e-15
        4515  2.71124e-15
        4516  2.88733e-15
        4517  2.82098e-15
        4518  2.71055e-15
        4519  2.83623e-15
        4520  2.83566e-15
        4521  2.95483e-15
        4522  3.08975e-15
        4523  3.17115e-15
        4524  2.94524e-15
        4525  2.98662e-15
        4526  3.27711e-15
        4527  3.20472e-15
        4528  3.25251e-15
        4529  3.41917e-15
        4530  3.52630e-15
        4531  3.36901e-15
        4532  2.93026e-15
        4533  2.98265e-15
        4534  3.12677e-15
        4535  3.32471e-15
        4536  3.33356e-15
        4537  3.23335e-15
        4538  3.33744e-15
        4539  3.48444e-15
        4540  3.52065e-15
        4541  3.45521e-15
        4542  3.59962e-15
        4543  3.51025e-15
        4544  3.74923e-15
        4545  3.63309e-15
        4546  3.50839e-15
        4547  3.59669e-15
        4548  3.67159e-15
        4549  3.83690e-15
        4550  3.96889e-15
        4551  3.73982e-15
        4552  3.54167e-15
        4553  3.66483e-15
        4554  3.88439e-15
        4555  4.11231e-15
        4556  4.21354e-15
        4557  4.13209e-15
        4558  4.03469e-15
        4559  4.13000e-15
        4560  4.32359e-15
        4561  4.53310e-15
        4562  4.60451e-15
        4563  4.43349e-15
        4564  4.47459e-15
        4565  4.96034e-15
        4566  4.88758e-15
        4567  4.61554e-15
        4568  4.53587e-15
        4569  4.49185e-15
        4570  4.50629e-15
        4571  4.49055e-15
        4572  4.68217e-15
        4573  4.57658e-15
        4574  4.14104e-15
        4575  4.33730e-15
        4576  4.51464e-15
        4577  4.72113e-15
        4578  4.81429e-15
        4579  4.98281e-15
        4580  5.03390e-15
        4581  4.89558e-15
        4582  4.91758e-15
        4583  4.83371e-15
        4584  4.84341e-15
        4585  4.91382e-15
        4586  5.14048e-15
        4587  5.16053e-15
        4588  5.47219e-15
        4589  5.58537e-15
        4590  5.64435e-15
        4591  5.58460e-15
        4592  5.53917e-15
        4593  5.93702e-15
        4594  5.81259e-15
        4595  5.61231e-15
        4596  5.72358e-15
        4597  5.88214e-15
        4598  5.67748e-15
        4599  5.61134e-15
        4600  6.16379e-15
        4601  6.16272e-15
        4602  6.32212e-15
        4603  6.34797e-15
        4604  6.42401e-15
        4605  6.05839e-15
        4606  5.89348e-15
        4607  6.17771e-15
        4608  6.26149e-15
        4609  6.18905e-15
        4610  6.22944e-15
        4611  6.28473e-15
        4612  6.55210e-15
        4613  6.75845e-15
        4614  6.62107e-15
        4615  6.59630e-15
        4616  6.66265e-15
        4617  6.63762e-15
        4618  6.75429e-15
        4619  6.61349e-15
        4620  6.49824e-15
        4621  6.82596e-15
        4622  6.94684e-15
        4623  6.73698e-15
        4624  6.71846e-15
        4625  7.00956e-15
        4626  6.90472e-15
        4627  6.82454e-15
        4628  6.77083e-15
        4629  6.65900e-15
        4630  6.77237e-15
        4631  6.76544e-15
        4632  6.60166e-15
        4633  6.58652e-15
        4634  6.43395e-15
        4635  6.55350e-15
        4636  6.66704e-15
        4637  7.10519e-15
        4638  7.16010e-15
        4639  6.93486e-15
        4640  6.85750e-15
        4641  6.70702e-15
        4642  6.87140e-15
        4643  7.01281e-15
        4644  7.16766e-15
        4645  7.21477e-15
        4646  7.46047e-15
        4647  7.44532e-15
        4648  7.35284e-15
        4649  7.47381e-15
        4650  7.60871e-15
        4651  7.43552e-15
        4652  7.36160e-15
        4653  7.57394e-15
        4654  7.58735e-15
        4655  7.56169e-15
        4656  7.62862e-15
        4657  7.80599e-15
        4658  7.62553e-15
        4659  7.46856e-15
        4660  7.47650e-15
        4661  7.46220e-15
        4662  7.05515e-15
        4663  7.01441e-15
        4664  6.90249e-15
        4665  6.72576e-15
        4666  6.50903e-15
        4667  6.79595e-15
        4668  6.93393e-15
        4669  6.95736e-15
        4670  6.89033e-15
        4671  6.40173e-15
        4672  6.39667e-15
        4673  6.40458e-15
        4674  6.34550e-15
        4675  6.29519e-15
        4676  6.26180e-15
        4677  6.24529e-15
        4678  6.64780e-15
        4679  6.60186e-15
        4680  6.41686e-15
        4681  6.44219e-15
        4682  6.48135e-15
        4683  6.37144e-15
        4684  6.31797e-15
        4685  6.32236e-15
        4686  6.32194e-15
        4687  6.39697e-15
        4688  6.25082e-15
        4689  5.94298e-15
        4690  5.99157e-15
        4691  6.02345e-15
        4692  5.83427e-15
        4693  5.74694e-15
        4694  5.65406e-15
        4695  5.71112e-15
        4696  5.86878e-15
        4697  5.69470e-15
        4698  5.42973e-15
        4699  5.64040e-15
        4700  5.77491e-15
        4701  5.48107e-15
        4702  5.40540e-15
        4703  5.37787e-15
        4704  5.21278e-15
        4705  4.74487e-15
        4706  4.90835e-15
        4707  5.14594e-15
        4708  4.87789e-15
        4709  4.70448e-15
        4710  4.44483e-15
        4711  4.39730e-15
        4712  4.58922e-15
        4713  4.48702e-15
        4714  4.24175e-15
        4715  4.26289e-15
        4716  4.30423e-15
        4717  4.07805e-15
        4718  3.96386e-15
        4719  3.73895e-15
        4720  3.77927e-15
        4721  4.16912e-15
        4722  4.13179e-15
        4723  4.07611e-15
        4724  3.98799e-15
        4725  3.98826e-15
        4726  3.91809e-15
        4727  3.85741e-15
        4728  3.72458e-15
        4729  3.71149e-15
        4730  3.68482e-15
        4731  3.62034e-15
        4732  3.55772e-15
        4733  3.67271e-15
        4734  3.68377e-15
        4735  3.38288e-15
        4736  3.28825e-15
        4737  3.45122e-15
        4738  3.40195e-15
        4739  3.08766e-15
        4740  3.14187e-15
        4741  3.26824e-15
        4742  3.08073e-15
        4743  2.93973e-15
        4744  3.34474e-15
        4745  3.39036e-15
        4746  3.21183e-15
        4747  3.20095e-15
        4748  3.15201e-15
        4749  3.27953e-15
        4750  3.40308e-15
        4751  3.43878e-15
        4752  3.44612e-15
        4753  3.70454e-15
        4754  3.78375e-15
        4755  3.53755e-15
        4756  3.54423e-15
        4757  3.51681e-15
        4758  3.46630e-15
        4759  3.42620e-15
        4760  3.45428e-15
        4761  3.46192e-15
        4762  3.45694e-15
        4763  3.55019e-15
        4764  3.78065e-15
        4765  3.64389e-15
        4766  3.29608e-15
        4767  3.16847e-15
        4768  3.06975e-15
        4769  3.20574e-15
        4770  3.23452e-15
        4771  3.40303e-15
        4772  3.43733e-15
        4773  3.51785e-15
        4774  3.54771e-15
        4775  3.58717e-15
        4776  3.48096e-15
        4777  3.44611e-15
        4778  3.40365e-15
        4779  3.35123e-15
        4780  3.27357e-15
        4781  3.24321e-15
        4782  3.18504e-15
        4783  3.11437e-15
        4784  3.16516e-15
        4785  3.27607e-15
        4786  3.34080e-15
        4787  3.24074e-15
        4788  3.19806e-15
        4789  3.46339e-15
        4790  3.37830e-15
        4791  3.11643e-15
        4792  3.15991e-15
        4793  3.35946e-15
        4794  3.40934e-15
        4795  3.43355e-15
        4796  3.38413e-15
        4797  3.34145e-15
        4798  3.33988e-15
        4799  3.31048e-15
        4800  3.35516e-15
        4801  3.38598e-15
        4802  3.44761e-15
        4803  3.37597e-15
        4804  3.46915e-15
        4805  3.48009e-15
        4806  3.47321e-15
        4807  3.61471e-15
        4808  3.62561e-15
        4809  3.37654e-15
        4810  3.43840e-15
        4811  3.90579e-15
        4812  3.95899e-15
        4813  4.26804e-15
        4814  4.22755e-15
        4815  4.14368e-15
        4816  4.22339e-15
        4817  4.42039e-15
        4818  4.19569e-15
        4819  4.10908e-15
        4820  4.32375e-15
        4821  4.29510e-15
        4822  4.26848e-15
        4823  4.27347e-15
        4824  4.29247e-15
        4825  4.73008e-15
        4826  4.97633e-15
        4827  4.66799e-15
        4828  4.73347e-15
        4829  4.79023e-15
        4830  4.73435e-15
        4831  4.63794e-15
        4832  4.65547e-15
        4833  4.65444e-15
        4834  4.69637e-15
        4835  4.63589e-15
        4836  4.54082e-15
        4837  4.47035e-15
        4838  4.62417e-15
        4839  4.63247e-15
        4840  4.68877e-15
        4841  4.84850e-15
        4842  4.90897e-15
        4843  4.80217e-15
        4844  4.77659e-15
        4845  4.96018e-15
        4846  5.02880e-15
        4847  4.98084e-15
        4848  4.98469e-15
        4849  4.80499e-15
        4850  4.85455e-15
        4851  4.99457e-15
        4852  5.11688e-15
        4853  5.28819e-15
        4854  5.09982e-15
        4855  5.02046e-15
        4856  5.14312e-15
        4857  5.16513e-15
        4858  5.05796e-15
        4859  5.06141e-15
        4860  5.08682e-15
        4861  5.13796e-15
        4862  5.26852e-15
        4863  5.22362e-15
        4864  5.06059e-15
        4865  5.04728e-15
        4866  4.95464e-15
        4867  4.85293e-15
        4868  4.85450e-15
        4869  4.92514e-15
        4870  4.93875e-15
        4871  4.82727e-15
        4872  4.80867e-15
        4873  4.86504e-15
        4874  4.74531e-15
        4875  4.69281e-15
        4876  4.89686e-15
        4877  4.91763e-15
        4878  4.75583e-15
        4879  4.65433e-15
        4880  4.36557e-15
        4881  4.35261e-15
        4882  4.48463e-15
        4883  4.41462e-15
        4884  4.37557e-15
        4885  4.26636e-15
        4886  4.20245e-15
        4887  4.14254e-15
        4888  4.14065e-15
        4889  4.25119e-15
        4890  4.22282e-15
        4891  4.16477e-15
        4892  4.26938e-15
        4893  4.36031e-15
        4894  4.30132e-15
        4895  4.38099e-15
        4896  4.30743e-15
        4897  4.20655e-15
        4898  4.47145e-15
        4899  4.55267e-15
        4900  4.39616e-15
        4901  4.40979e-15
        4902  4.22420e-15
        4903  4.28998e-15
        4904  4.60856e-15
        4905  4.61911e-15
        4906  4.64331e-15
        4907  4.54576e-15
        4908  4.49392e-15
        4909  4.43021e-15
        4910  4.34468e-15
        4911  4.44053e-15
        4912  4.51862e-15
        4913  4.62263e-15
        4914  4.54125e-15
        4915  4.40352e-15
        4916  4.70874e-15
        4917  4.85915e-15
        4918  4.80803e-15
        4919  4.72463e-15
        4920  4.95430e-15
        4921  5.05656e-15
        4922  5.01654e-15
        4923  5.04678e-15
        4924  5.13427e-15
        4925  5.18457e-15
        4926  5.21543e-15
        4927  5.32303e-15
        4928  5.34139e-15
        4929  5.35570e-15
        4930  5.64429e-15
        4931  5.81020e-15
        4932  5.80831e-15
        4933  5.86891e-15
        4934  5.87022e-15
        4935  5.75633e-15
        4936  5.67794e-15
        4937  5.55442e-15
        4938  5.57970e-15
        4939  5.69068e-15
        4940  5.75079e-15
        4941  5.70736e-15
        4942  6.18264e-15
        4943  6.43592e-15
        4944  6.24370e-15
        4945  6.19831e-15
        4946  6.49553e-15
        4947  6.40515e-15
        4948  6.35869e-15
        4949  6.17972e-15
        4950  6.18942e-15
        4951  6.62107e-15
        4952  6.72866e-15
        4953  6.68147e-15
        4954  6.59357e-15
        4955  6.77318e-15
        4956  6.88732e-15
        4957  6.91608e-15
        4958  7.10222e-15
        4959  7.35348e-15
        4960  7.24808e-15
        4961  7.38854e-15
        4962  7.79941e-15
        4963  7.98998e-15
        4964  8.10473e-15
        4965  7.92910e-15
        4966  7.47169e-15
        4967  7.52196e-15
        4968  7.69604e-15
        4969  7.62458e-15
        4970  7.46138e-15
        4971  7.40057e-15
        4972  7.49244e-15
        4973  7.46261e-15
        4974  7.33293e-15
        4975  7.61290e-15
        4976  7.71144e-15
        4977  7.69423e-15
        4978  7.72472e-15
        4979  7.59509e-15
        4980  7.48880e-15
        4981  7.65384e-15
        4982  7.67874e-15
        4983  7.77892e-15
        4984  8.25118e-15
        4985  8.42484e-15
        4986  7.96396e-15
        4987  7.85934e-15
        4988  8.05237e-15
        4989  8.04082e-15
        4990  8.07018e-15
        4991  7.99788e-15
        4992  7.84985e-15
        4993  7.92031e-15
        4994  8.08456e-15
        4995  7.89741e-15
        4996  7.76080e-15
        4997  7.75596e-15
        4998  7.71553e-15
        4999  7.44202e-15
        5000  7.24864e-15
        5001  6.98449e-15
        5002  6.93257e-15
        5003  7.03417e-15
        5004  6.83665e-15
        5005  6.81641e-15
        5006  6.67804e-15
        5007  6.48902e-15
        5008  6.36648e-15
        5009  6.38669e-15
        5010  6.39149e-15
        5011  6.26581e-15
        5012  5.99414e-15
        5013  6.03077e-15
        5014  6.41505e-15
        5015  6.42733e-15
        5016  6.03640e-15
        5017  5.91742e-15
        5018  5.83163e-15
        5019  5.84311e-15
        5020  5.99505e-15
        5021  5.89487e-15
        5022  5.60817e-15
        5023  5.60545e-15
        5024  5.56828e-15
        5025  5.28807e-15
        5026  5.32081e-15
        5027  5.32661e-15
        5028  5.40838e-15
        5029  5.38645e-15
        5030  5.40098e-15
        5031  5.50264e-15
        5032  5.53102e-15
        5033  5.53908e-15
        5034  5.55748e-15
        5035  5.46475e-15
        5036  5.06276e-15
        5037  4.89089e-15
        5038  4.95562e-15
        5039  5.03710e-15
        5040  5.20795e-15
        5041  5.15744e-15
        5042  4.99985e-15
        5043  4.81022e-15
        5044  4.71601e-15
        5045  4.68840e-15
        5046  4.75779e-15
        5047  4.69177e-15
        5048  4.65789e-15
        5049  4.57806e-15
        5050  4.61534e-15
        5051  4.48936e-15
        5052  4.50758e-15
        5053  4.64086e-15
        5054  4.56026e-15
        5055  4.59970e-15
        5056  4.80200e-15
        5057  5.03279e-15
        5058  4.99395e-15
        5059  4.89157e-15
        5060  4.90104e-15
        5061  4.96135e-15
        5062  4.87377e-15
        5063  4.76215e-15
        5064  4.86042e-15
        5065  4.98302e-15
        5066  4.77687e-15
        5067  4.81595e-15
        5068  4.81085e-15
        5069  4.82492e-15
        5070  4.73880e-15
        5071  4.68805e-15
        5072  4.65144e-15
        5073  4.65662e-15
        5074  4.77992e-15
        5075  4.91485e-15
        5076  4.84904e-15
        5077  4.93890e-15
        5078  4.91868e-15
        5079  5.01917e-15
        5080  5.03793e-15
        5081  4.92837e-15
        5082  4.88549e-15
        5083  5.09859e-15
        5084  5.04225e-15
        5085  4.85100e-15
        5086  4.89722e-15
        5087  5.08865e-15
        5088  5.12558e-15
        5089  5.05215e-15
        5090  5.17069e-15
        5091  5.16362e-15
        5092  5.03986e-15
        5093  4.82243e-15
        5094  4.82622e-15
        5095  4.81793e-15
        5096  4.71125e-15
        5097  4.75138e-15
        5098  4.79100e-15
        5099  4.87428e-15
        5100  4.95427e-15
        5101  4.91463e-15
        5102  4.82179e-15
        5103  4.72844e-15
        5104  4.71153e-15
        5105  4.78587e-15
        5106  4.86630e-15
        5107  5.12510e-15
        5108  5.04473e-15
        5109  4.91353e-15
        5110  5.05602e-15
        5111  5.11899e-15
        5112  4.82866e-15
        5113  4.73609e-15
        5114  4.91515e-15
        5115  5.00029e-15
        5116  4.93702e-15
        5117  5.01135e-15
        5118  5.17059e-15
        5119  5.24633e-15
        5120  5.32285e-15
        5121  5.25407e-15
        5122  5.16084e-15
        5123  5.26253e-15
        5124  5.25319e-15
        5125  5.22031e-15
        5126  5.18096e-15
        5127  5.10770e-15
        5128  5.11329e-15
        5129  5.07629e-15
        5130  5.25594e-15
        5131  5.11374e-15
        5132  5.07919e-15
        5133  5.22963e-15
        5134  5.19195e-15
        5135  5.12933e-15
        5136  5.13592e-15
        5137  5.12130e-15
        5138  5.02068e-15
        5139  5.05031e-15
        5140  5.03381e-15
        5141  4.98087e-15
        5142  4.90630e-15
        5143  4.96695e-15
        5144  5.21110e-15
        5145  5.16699e-15
        5146  5.09276e-15
        5147  5.01178e-15
        5148  4.87692e-15
        5149  4.68078e-15
        5150  4.56888e-15
        5151  4.69289e-15
        5152  4.75089e-15
        5153  4.89058e-15
        5154  4.89880e-15
        5155  5.04533e-15
        5156  5.16018e-15
        5157  5.23116e-15
        5158  5.09962e-15
        5159  4.93559e-15
        5160  5.00980e-15
        5161  5.16647e-15
        5162  5.27366e-15
        5163  5.23365e-15
        5164  5.16403e-15
        5165  5.14166e-15
        5166  5.07409e-15
        5167  4.99287e-15
        5168  5.18148e-15
        5169  5.18305e-15
        5170  5.05817e-15
        5171  5.06326e-15
        5172  5.14280e-15
        5173  5.12492e-15
        5174  4.99768e-15
        5175  5.09800e-15
        5176  5.21715e-15
        5177  5.22693e-15
        5178  5.18207e-15
        5179  5.30489e-15
        5180  5.40721e-15
        5181  5.38116e-15
        5182  5.39781e-15
        5183  5.49134e-15
        5184  5.43050e-15
        5185  5.21717e-15
        5186  5.15632e-15
        5187  5.06237e-15
        5188  5.01301e-15
        5189  5.15623e-15
        5190  5.29407e-15
        5191  5.23178e-15
        5192  5.47900e-15
        5193  5.48909e-15
        5194  5.35632e-15
        5195  5.38454e-15
        5196  5.35663e-15
        5197  5.27793e-15
        5198  5.24513e-15
        5199  5.31631e-15
        5200  5.50880e-15
        5201  5.59959e-15
        5202  5.77904e-15
        5203  5.87857e-15
        5204  5.97766e-15
        5205  5.75092e-15
        5206  5.72392e-15
        5207  6.00951e-15
        5208  5.99450e-15
        5209  6.13579e-15
        5210  6.06889e-15
        5211  5.81999e-15
        5212  5.85157e-15
        5213  5.86247e-15
        5214  5.93797e-15
        5215  6.01391e-15
        5216  5.86051e-15
        5217  5.82812e-15
        5218  6.08866e-15
        5219  6.28176e-15
        5220  5.83595e-15
        5221  5.71308e-15
        5222  5.87848e-15
        5223  5.90468e-15
        5224  6.04558e-15
        5225  6.13342e-15
        5226  6.23344e-15
        5227  6.29921e-15
        5228  6.35285e-15
        5229  6.23116e-15
        5230  6.32089e-15
        5231  6.53272e-15
        5232  6.76943e-15
        5233  6.68902e-15
        5234  6.58265e-15
        5235  6.29407e-15
        5236  6.12931e-15
        5237  6.43672e-15
        5238  6.49762e-15
        5239  6.42352e-15
        5240  6.39879e-15
        5241  6.77539e-15
        5242  6.83668e-15
        5243  6.68756e-15
        5244  6.64024e-15
        5245  6.83374e-15
        5246  6.92191e-15
        5247  6.91748e-15
        5248  7.18743e-15
        5249  7.44028e-15
        5250  7.48185e-15
        5251  7.47754e-15
        5252  7.40673e-15
        5253  7.38133e-15
        5254  7.26711e-15
        5255  7.32163e-15
        5256  7.51113e-15
        5257  7.40012e-15
        5258  7.55887e-15
        5259  7.61708e-15
        5260  7.38043e-15
        5261  7.49374e-15
        5262  7.65428e-15
        5263  7.79611e-15
        5264  7.89188e-15
        5265  7.76071e-15
        5266  7.63735e-15
        5267  7.47929e-15
        5268  7.54309e-15
        5269  7.83761e-15
        5270  7.85866e-15
        5271  7.83717e-15
        5272  7.84944e-15
        5273  8.32410e-15
        5274  8.25207e-15
        5275  8.13523e-15
        5276  8.16248e-15
        5277  8.21578e-15
        5278  8.02795e-15
        5279  7.97544e-15
        5280  8.08459e-15
        5281  8.06495e-15
        5282  8.00195e-15
        5283  8.02118e-15
        5284  8.08735e-15
        5285  8.07336e-15
        5286  8.16685e-15
        5287  8.17881e-15
        5288  8.26228e-15
        5289  8.44766e-15
        5290  8.73238e-15
        5291  8.87552e-15
        5292  8.84106e-15
        5293  8.87072e-15
        5294  8.81415e-15
        5295  8.62415e-15
        5296  8.62314e-15
        5297  8.66029e-15
        5298  8.54879e-15
        5299  8.61220e-15
        5300  8.73761e-15
        5301  8.91836e-15
        5302  9.02890e-15
        5303  9.04804e-15
        5304  9.05491e-15
        5305  9.21354e-15
        5306  9.18326e-15
        5307  8.92043e-15
        5308  8.82981e-15
        5309  8.81881e-15
        5310  9.26454e-15
        5311  9.58265e-15
        5312  9.57449e-15
        5313  9.47353e-15
        5314  9.37000e-15
        5315  9.42988e-15
        5316  9.49342e-15
        5317  9.61144e-15
        5318  9.85293e-15
        5319  9.77392e-15
        5320  9.61025e-15
        5321  9.65600e-15
        5322  9.61812e-15
        5323  9.57678e-15
        5324  9.69632e-15
        5325  9.70761e-15
        5326  9.64437e-15
        5327  9.63209e-15
        5328  9.63589e-15
        5329  9.59592e-15
        5330  9.44393e-15
        5331  9.60480e-15
        5332  9.60671e-15
        5333  9.45486e-15
        5334  9.52060e-15
        5335  9.60302e-15
        5336  9.68474e-15
        5337  1.00229e-14
        5338  1.00860e-14
        5339  1.02205e-14
        5340  1.02494e-14
        5341  1.01791e-14
        5342  1.02273e-14
        5343  1.03178e-14
        5344  1.00944e-14
        5345  9.95953e-15
        5346  9.80635e-15
        5347  9.80680e-15
        5348  9.98286e-15
        5349  1.00285e-14
        5350  1.00783e-14
        5351  1.01538e-14
        5352  1.02487e-14
        5353  1.03023e-14
        5354  1.03154e-14
        5355  1.02611e-14
        5356  1.03252e-14
        5357  1.04887e-14
        5358  1.07266e-14
        5359  1.04507e-14
        5360  1.02515e-14
        5361  1.01871e-14
        5362  1.01572e-14
        5363  9.88419e-15
        5364  9.97048e-15
        5365  9.97017e-15
        5366  1.00241e-14
        5367  1.00488e-14
        5368  9.97887e-15
        5369  1.03007e-14
        5370  1.03720e-14
        5371  1.02604e-14
        5372  1.03151e-14
        5373  1.02027e-14
        5374  1.02001e-14
        5375  1.03733e-14
        5376  1.02597e-14
        5377  1.02894e-14
        5378  1.03359e-14
        5379  1.02440e-14
        5380  9.94049e-15
        5381  9.96778e-15
        5382  1.00467e-14
        5383  9.97202e-15
        5384  9.95527e-15
        5385  1.00340e-14
        5386  9.81657e-15
        5387  9.79631e-15
        5388  9.98996e-15
        5389  9.95499e-15
        5390  9.67812e-15
        5391  9.91533e-15
        5392  9.87447e-15
        5393  9.57056e-15
        5394  9.47647e-15
        5395  9.68924e-15
        5396  9.74796e-15
        5397  9.64785e-15
        5398  9.67237e-15
        5399  9.76819e-15
        5400  9.84987e-15
        5401  9.99226e-15
        5402  9.98323e-15
        5403  9.91841e-15
        5404  9.74633e-15
        5405  9.35932e-15
        5406  9.54898e-15
        5407  9.90244e-15
        5408  9.73583e-15
        5409  9.50320e-15
        5410  9.69767e-15
        5411  9.85211e-15
        5412  9.84788e-15
        5413  9.84706e-15
        5414  9.39504e-15
        5415  9.33589e-15
        5416  9.66356e-15
        5417  9.77849e-15
        5418  1.00578e-14
        5419  1.01060e-14
        5420  9.99548e-15
        5421  1.00066e-14
        5422  1.01573e-14
        5423  1.02653e-14
        5424  1.02783e-14
        5425  1.01334e-14
        5426  1.00716e-14
        5427  1.01797e-14
        5428  1.01484e-14
        5429  1.00418e-14
        5430  9.98623e-15
        5431  1.00090e-14
        5432  1.00350e-14
        5433  1.03352e-14
        5434  1.03074e-14
        5435  1.00607e-14
        5436  1.00665e-14
        5437  1.01031e-14
        5438  1.00416e-14
        5439  9.99674e-15
        5440  1.00956e-14
        5441  1.02419e-14
        5442  1.04246e-14
        5443  1.04913e-14
        5444  1.04036e-14
        5445  1.03670e-14
        5446  1.04046e-14
        5447  1.05571e-14
        5448  1.05290e-14
        5449  1.04053e-14
        5450  1.06538e-14
        5451  1.06834e-14
        5452  1.05380e-14
        5453  1.06918e-14
        5454  1.06796e-14
        5455  1.06195e-14
        5456  1.06062e-14
        5457  1.08982e-14
        5458  1.13444e-14
        5459  1.10396e-14
        5460  1.07967e-14
        5461  1.12963e-14
        5462  1.15907e-14
        5463  1.10788e-14
        5464  1.09588e-14
        5465  1.11121e-14
        5466  1.10755e-14
        5467  1.09705e-14
        5468  1.10198e-14
        5469  1.12008e-14
        5470  1.12111e-14
        5471  1.12884e-14
        5472  1.12668e-14
        5473  1.09283e-14
        5474  1.10235e-14
        5475  1.13110e-14
        5476  1.11438e-14
        5477  1.08291e-14
        5478  1.12792e-14
        5479  1.16574e-14
        5480  1.18025e-14
        5481  1.18965e-14
        5482  1.19313e-14
        5483  1.19998e-14
        5484  1.23420e-14
        5485  1.24689e-14
        5486  1.25029e-14
        5487  1.25253e-14
        5488  1.25487e-14
        5489  1.25710e-14
        5490  1.26546e-14
        5491  1.26296e-14
        5492  1.25105e-14
        5493  1.25279e-14
        5494  1.24829e-14
        5495  1.23607e-14
        5496  1.23572e-14
        5497  1.24661e-14
        5498  1.25845e-14
        5499  1.26108e-14
        5500  1.25670e-14
        5501  1.25167e-14
        5502  1.24893e-14
        5503  1.26521e-14
        5504  1.27396e-14
        5505  1.28249e-14
        5506  1.27959e-14
        5507  1.28003e-14
        5508  1.28688e-14
        5509  1.29488e-14
        5510  1.28594e-14
        5511  1.27756e-14
        5512  1.28570e-14
        5513  1.29042e-14
        5514  1.30076e-14
        5515  1.31562e-14
        5516  1.31163e-14
        5517  1.30831e-14
        5518  1.31801e-14
        5519  1.31609e-14
        5520  1.34626e-14
        5521  1.35702e-14
        5522  1.34422e-14
        5523  1.34147e-14
        5524  1.35133e-14
        5525  1.33390e-14
        5526  1.31847e-14
        5527  1.32767e-14
        5528  1.32528e-14
        5529  1.30223e-14
        5530  1.29341e-14
        5531  1.30935e-14
        5532  1.32016e-14
        5533  1.36151e-14
        5534  1.37059e-14
        5535  1.33243e-14
        5536  1.32542e-14
        5537  1.34339e-14
        5538  1.35001e-14
        5539  1.37480e-14
        5540  1.37767e-14
        5541  1.37703e-14
        5542  1.37926e-14
        5543  1.40343e-14
        5544  1.39315e-14
        5545  1.38005e-14
        5546  1.36845e-14
        5547  1.36196e-14
        5548  1.37213e-14
        5549  1.37500e-14
        5550  1.35309e-14
        5551  1.34858e-14
        5552  1.32417e-14
        5553  1.32583e-14
        5554  1.31128e-14
        5555  1.30000e-14
        5556  1.29187e-14
        5557  1.30128e-14
        5558  1.28964e-14
        5559  1.28436e-14
        5560  1.27308e-14
        5561  1.27421e-14
        5562  1.29991e-14
        5563  1.30276e-14
        5564  1.31117e-14
        5565  1.29424e-14
        5566  1.27490e-14
        5567  1.26585e-14
        5568  1.26462e-14
        5569  1.28008e-14
        5570  1.28433e-14
        5571  1.24330e-14
        5572  1.24081e-14
        5573  1.24778e-14
        5574  1.25239e-14
        5575  1.29784e-14
        5576  1.29824e-14
        5577  1.28778e-14
        5578  1.27987e-14
        5579  1.26544e-14
        5580  1.26569e-14
        5581  1.26517e-14
        5582  1.24402e-14
        5583  1.22379e-14
        5584  1.18426e-14
        5585  1.16399e-14
        5586  1.14967e-14
        5587  1.13516e-14
        5588  1.13239e-14
        5589  1.13243e-14
        5590  1.15403e-14
        5591  1.15246e-14
        5592  1.12886e-14
        5593  1.11975e-14
        5594  1.05105e-14
        5595  1.05327e-14
        5596  1.08204e-14
        5597  1.06876e-14
        5598  1.04347e-14
        5599  1.05924e-14
        5600  1.07877e-14
        5601  1.07570e-14
        5602  1.07484e-14
        5603  1.08600e-14
        5604  1.09492e-14
        5605  1.07799e-14
        5606  1.06647e-14
        5607  1.03692e-14
        5608  1.03331e-14
        5609  1.00947e-14
        5610  1.01132e-14
        5611  1.03664e-14
        5612  1.02631e-14
        5613  9.73903e-15
        5614  9.61493e-15
        5615  9.16534e-15
        5616  9.31169e-15
        5617  9.58926e-15
        5618  9.45091e-15
        5619  9.29596e-15
        5620  9.33733e-15
        5621  9.41907e-15
        5622  9.24791e-15
        5623  9.14719e-15
        5624  9.18189e-15
        5625  9.20380e-15
        5626  8.67747e-15
        5627  8.60496e-15
        5628  8.45469e-15
        5629  8.46147e-15
        5630  8.43415e-15
        5631  8.39161e-15
        5632  8.16593e-15
        5633  8.17079e-15
        5634  8.21922e-15
        5635  8.06665e-15
        5636  7.86924e-15
        5637  7.93193e-15
        5638  7.98474e-15
        5639  8.07382e-15
        5640  8.14144e-15
        5641  7.94960e-15
        5642  7.86678e-15
        5643  7.58506e-15
        5644  7.53195e-15
        5645  7.59632e-15
        5646  7.58422e-15
        5647  7.39716e-15
        5648  7.39064e-15
        5649  7.38724e-15
        5650  7.36455e-15
        5651  7.22038e-15
        5652  7.27164e-15
        5653  7.36628e-15
        5654  7.14546e-15
        5655  6.92790e-15
        5656  6.96130e-15
        5657  6.95580e-15
        5658  7.00599e-15
        5659  7.02824e-15
        5660  6.88228e-15
        5661  6.84222e-15
        5662  6.67497e-15
        5663  6.66452e-15
        5664  6.52262e-15
        5665  6.51192e-15
        5666  6.30002e-15
        5667  6.23304e-15
        5668  6.01102e-15
        5669  6.01715e-15
        5670  6.00428e-15
        5671  5.93150e-15
        5672  5.80032e-15
        5673  5.89593e-15
        5674  5.98495e-15
        5675  5.92925e-15
        5676  5.90293e-15
        5677  5.89942e-15
        5678  5.90967e-15
        5679  5.87627e-15
        5680  5.87371e-15
        5681  5.54803e-15
        5682  5.52443e-15
        5683  5.77030e-15
        5684  5.73053e-15
        5685  5.41125e-15
        5686  5.43811e-15
        5687  5.55093e-15
        5688  5.46423e-15
        5689  5.29605e-15
        5690  5.27146e-15
        5691  5.24841e-15
        5692  5.19923e-15
        5693  5.15087e-15
        5694  5.04089e-15
        5695  4.99243e-15
        5696  5.19794e-15
        5697  5.25990e-15
        5698  5.21381e-15
        5699  5.20820e-15
        5700  5.14516e-15
        5701  5.14890e-15
        5702  5.28537e-15
        5703  5.25213e-15
        5704  5.13001e-15
        5705  5.14036e-15
        5706  5.17191e-15
        5707  5.11500e-15
        5708  5.02072e-15
        5709  4.94708e-15
        5710  4.87429e-15
        5711  4.99912e-15
        5712  5.08081e-15
        5713  5.17660e-15
        5714  5.21632e-15
        5715  5.17489e-15
        5716  5.16720e-15
        5717  5.24801e-15
        5718  5.24261e-15
        5719  4.89026e-15
        5720  4.90195e-15
        5721  4.98715e-15
        5722  4.99242e-15
        5723  5.00460e-15
        5724  5.08161e-15
        5725  5.23745e-15
        5726  5.17303e-15
        5727  5.08939e-15
        5728  5.12291e-15
        5729  5.15168e-15
        5730  5.16529e-15
        5731  5.17254e-15
        5732  5.16751e-15
        5733  5.16609e-15
        5734  5.36459e-15
        5735  5.39747e-15
        5736  5.24925e-15
        5737  5.25669e-15
        5738  5.41713e-15
        5739  5.40472e-15
        5740  5.34183e-15
        5741  5.34406e-15
        5742  5.35336e-15
        5743  5.42117e-15
        5744  5.53118e-15
        5745  5.64049e-15
        5746  5.75108e-15
        5747  5.68507e-15
        5748  5.63842e-15
        5749  5.64790e-15
        5750  5.65295e-15
        5751  5.60472e-15
        5752  5.58793e-15
        5753  5.91240e-15
        5754  5.95345e-15
        5755  5.77205e-15
        5756  5.77528e-15
        5757  5.81656e-15
        5758  5.87090e-15
        5759  6.03276e-15
        5760  5.96579e-15
        5761  5.84707e-15
        5762  5.86185e-15
        5763  5.89157e-15
        5764  5.87455e-15
        5765  5.85580e-15
        5766  6.03566e-15
        5767  6.13531e-15
        5768  6.21724e-15
        5769  6.24471e-15
        5770  6.44742e-15
        5771  6.48113e-15
        5772  6.51120e-15
        5773  6.53550e-15
        5774  6.87212e-15
        5775  6.87661e-15
        5776  6.93038e-15
        5777  6.93264e-15
        5778  6.93485e-15
        5779  6.98434e-15
        5780  7.05882e-15
        5781  7.12036e-15
        5782  7.16432e-15
        5783  7.15361e-15
        5784  7.13892e-15
        5785  7.09348e-15
        5786  7.07745e-15
        5787  7.36109e-15
        5788  7.42274e-15
        5789  7.40847e-15
        5790  7.42234e-15
        5791  7.71250e-15
        5792  7.71194e-15
        5793  7.69237e-15
        5794  7.75196e-15
        5795  7.96112e-15
        5796  8.03776e-15
        5797  8.18257e-15
        5798  8.35282e-15
        5799  8.54888e-15
        5800  8.84263e-15
        5801  9.07097e-15
        5802  9.07119e-15
        5803  9.09012e-15
        5804  9.18623e-15
        5805  9.21102e-15
        5806  9.02107e-15
        5807  8.98110e-15
        5808  9.37000e-15
        5809  9.40074e-15
        5810  9.58400e-15
        5811  9.60412e-15
        5812  9.60489e-15
        5813  9.64146e-15
        5814  9.75175e-15
        5815  9.70844e-15
        5816  9.65366e-15
        5817  9.80842e-15
        5818  9.91788e-15
        5819  1.02148e-14
        5820  1.04311e-14
        5821  1.06149e-14
        5822  1.06725e-14
        5823  1.09320e-14
        5824  1.09706e-14
        5825  1.06233e-14
        5826  1.06513e-14
        5827  1.11419e-14
        5828  1.11761e-14
        5829  1.13595e-14
        5830  1.13709e-14
        5831  1.13832e-14
        5832  1.15798e-14
        5833  1.19183e-14
        5834  1.22830e-14
        5835  1.26403e-14
        5836  1.23272e-14
        5837  1.21121e-14
        5838  1.22437e-14
        5839  1.22849e-14
        5840  1.26773e-14
        5841  1.27688e-14
        5842  1.28323e-14
        5843  1.27763e-14
        5844  1.26053e-14
        5845  1.26556e-14
        5846  1.28531e-14
        5847  1.28824e-14
        5848  1.30520e-14
        5849  1.30565e-14
        5850  1.30534e-14
        5851  1.31131e-14
        5852  1.31656e-14
        5853  1.32962e-14
        5854  1.34117e-14
        5855  1.35723e-14
        5856  1.36551e-14
        5857  1.34908e-14
        5858  1.34724e-14
        5859  1.34350e-14
        5860  1.34508e-14
        5861  1.35158e-14
        5862  1.34528e-14
        5863  1.28163e-14
        5864  1.27593e-14
        5865  1.25655e-14
        5866  1.29483e-14
        5867  1.36125e-14
        5868  1.33703e-14
        5869  1.31673e-14
        5870  1.31543e-14
        5871  1.31272e-14
        5872  1.34444e-14
        5873  1.35821e-14
        5874  1.35528e-14
        5875  1.35545e-14
        5876  1.33442e-14
        5877  1.33795e-14
        5878  1.36766e-14
        5879  1.36484e-14
        5880  1.33235e-14
        5881  1.33804e-14
        5882  1.36968e-14
        5883  1.35881e-14
        5884  1.33659e-14
        5885  1.32370e-14
        5886  1.30902e-14
        5887  1.28898e-14
        5888  1.27653e-14
        5889  1.30514e-14
        5890  1.31757e-14
        5891  1.28981e-14
        5892  1.28425e-14
        5893  1.20364e-14
        5894  1.19039e-14
        5895  1.13688e-14
        5896  1.12620e-14
        5897  1.08675e-14
        5898  1.07754e-14
        5899  1.04089e-14
        5900  1.03596e-14
        5901  1.00639e-14
        5902  1.01491e-14
        5903  1.02694e-14
        5904  1.02886e-14
        5905  1.02435e-14
        5906  1.03315e-14
        5907  1.03988e-14
        5908  1.11151e-14
        5909  1.12748e-14
        5910  1.14153e-14
        5911  1.13188e-14
        5912  1.17348e-14
        5913  1.19052e-14
        5914  1.26531e-14
        5915  1.26437e-14
        5916  1.28740e-14
        5917  1.27612e-14
        5918  1.24525e-14
        5919  1.22851e-14
        5920  1.21671e-14
        5921  1.23554e-14
        5922  1.24919e-14
        5923  1.24852e-14
        5924  1.25144e-14
        5925  1.22566e-14
        5926  1.21097e-14
        5927  1.20291e-14
        5928  1.21025e-14
        5929  1.22380e-14
        5930  1.21261e-14
        5931  1.19291e-14
        5932  1.19394e-14
        5933  1.20553e-14
        5934  1.20537e-14
        5935  1.20248e-14
        5936  1.19885e-14
        5937  1.20297e-14
        5938  1.18368e-14
        5939  1.17490e-14
        5940  1.16371e-14
        5941  1.15356e-14
        5942  1.13779e-14
        5943  1.13695e-14
        5944  1.15268e-14
        5945  1.15131e-14
        5946  1.09165e-14
        5947  1.08891e-14
        5948  1.10126e-14
        5949  1.10039e-14
        5950  1.08888e-14
        5951  1.07886e-14
        5952  1.07090e-14
        5953  1.06942e-14
        5954  1.07403e-14
        5955  1.06425e-14
        5956  1.06297e-14
        5957  1.07038e-14
        5958  1.06819e-14
        5959  1.06624e-14
        5960  1.06761e-14
        5961  1.03947e-14
        5962  1.03174e-14
        5963  1.01971e-14
        5964  1.02902e-14
        5965  1.04373e-14
        5966  1.03350e-14
        5967  1.00920e-14
        5968  1.02088e-14
        5969  1.02492e-14
        5970  1.03191e-14
        5971  1.04698e-14
        5972  1.02797e-14
        5973  1.01826e-14
        5974  9.78438e-15
        5975  9.61931e-15
        5976  9.49788e-15
        5977  9.51372e-15
        5978  9.68138e-15
        5979  9.57823e-15
        5980  9.13660e-15
        5981  9.15455e-15
        5982  8.99944e-15
        5983  8.82065e-15
        5984  8.79121e-15
        5985  8.74971e-15
        5986  8.66787e-15
        5987  8.73114e-15
        5988  8.74655e-15
        5989  8.53417e-15
        5990  8.42161e-15
        5991  8.90161e-15
        5992  9.05296e-15
        5993  9.07050e-15
        5994  8.98251e-15
        5995  9.27524e-15
        5996  9.24433e-15
        5997  9.06712e-15
        5998  9.07101e-15
        5999  8.95541e-15
        6000  9.00030e-15
        6001  9.02856e-15
        6002  8.89245e-15
        6003  8.80266e-15
        6004  8.64512e-15
        6005  8.48426e-15
        6006  8.54560e-15
        6007  8.59460e-15
        6008  8.53741e-15
        6009  8.54695e-15
        6010  8.41312e-15
        6011  8.36653e-15
        6012  8.34711e-15
        6013  8.36531e-15
        6014  8.32843e-15
        6015  8.31009e-15
        6016  8.40607e-15
        6017  8.52015e-15
        6018  8.65956e-15
        6019  8.34077e-15
        6020  8.14772e-15
        6021  8.38189e-15
        6022  8.43965e-15
        6023  8.11691e-15
        6024  8.06094e-15
        6025  7.96882e-15
        6026  7.99127e-15
        6027  8.14475e-15
        6028  8.09382e-15
        6029  7.90399e-15
        6030  8.01235e-15
        6031  8.13053e-15
        6032  8.14968e-15
        6033  8.14350e-15
        6034  8.03600e-15
        6035  7.91747e-15
        6036  7.89325e-15
        6037  7.93671e-15
        6038  8.20504e-15
        6039  8.30067e-15
        6040  8.24872e-15
        6041  8.24613e-15
        6042  8.44108e-15
        6043  8.38251e-15
        6044  8.18803e-15
        6045  8.11938e-15
        6046  7.99684e-15
        6047  8.00242e-15
        6048  8.02834e-15
        6049  8.12469e-15
        6050  8.21670e-15
        6051  8.17454e-15
        6052  8.11751e-15
        6053  8.00484e-15
        6054  8.05527e-15
        6055  8.13796e-15
        6056  8.14970e-15
        6057  8.13256e-15
        6058  8.18120e-15
        6059  8.49778e-15
        6060  8.56942e-15
        6061  8.73918e-15
        6062  8.87961e-15
        6063  8.90694e-15
        6064  8.79965e-15
        6065  8.82938e-15
        6066  8.78202e-15
        6067  8.67458e-15
        6068  8.89412e-15
        6069  9.05030e-15
        6070  8.91830e-15
        6071  8.85434e-15
        6072  9.18567e-15
        6073  9.20875e-15
        6074  8.93053e-15
        6075  9.03246e-15
        6076  9.22639e-15
        6077  9.27362e-15
        6078  9.20402e-15
        6079  9.14944e-15
        6080  9.15032e-15
        6081  9.06800e-15
        6082  8.89312e-15
        6083  9.48421e-15
        6084  9.79357e-15
        6085  9.46986e-15
        6086  9.42413e-15
        6087  9.30242e-15
        6088  9.30717e-15
        6089  9.45026e-15
        6090  9.56985e-15
        6091  9.54753e-15
        6092  9.47406e-15
        6093  9.50723e-15
        6094  9.36867e-15
        6095  9.22325e-15
        6096  9.26995e-15
        6097  9.30749e-15
        6098  9.51860e-15
        6099  9.49971e-15
        6100  9.45414e-15
        6101  9.44813e-15
        6102  9.45895e-15
        6103  9.46678e-15
        6104  9.49294e-15
        6105  9.56459e-15
        6106  9.61843e-15
        6107  9.61244e-15
        6108  9.66747e-15
        6109  9.48608e-15
        6110  9.49533e-15
        6111  9.74545e-15
        6112  9.73191e-15
        6113  9.26544e-15
        6114  9.12594e-15
        6115  9.22477e-15
        6116  9.35203e-15
        6117  9.56311e-15
        6118  9.50171e-15
        6119  9.63431e-15
        6120  9.65202e-15
        6121  9.50479e-15
        6122  9.31782e-15
        6123  9.00903e-15
        6124  9.16409e-15
        6125  9.32257e-15
        6126  9.36463e-15
        6127  9.35832e-15
        6128  9.43616e-15
        6129  9.52093e-15
        6130  9.54214e-15
        6131  9.49425e-15
        6132  9.42031e-15
        6133  9.50095e-15
        6134  9.91669e-15
        6135  9.84767e-15
        6136  9.59203e-15
        6137  9.58391e-15
        6138  9.57611e-15
        6139  9.40239e-15
        6140  9.38974e-15
        6141  9.43613e-15
        6142  9.41233e-15
        6143  1.00211e-14
        6144  1.00056e-14
        6145  9.57650e-15
        6146  9.62493e-15
        6147  9.55761e-15
        6148  9.56068e-15
        6149  9.81366e-15
        6150  9.70386e-15
        6151  9.50285e-15
        6152  9.50150e-15
        6153  9.40569e-15
        6154  9.75568e-15
        6155  9.97920e-15
        6156  9.90986e-15
        6157  9.81826e-15
        6158  9.75183e-15
        6159  9.70345e-15
        6160  1.01625e-14
        6161  1.01956e-14
        6162  1.00929e-14
        6163  9.97128e-15
        6164  9.79778e-15
        6165  1.00340e-14
        6166  1.02495e-14
        6167  1.01478e-14
        6168  1.01425e-14
        6169  1.04689e-14
        6170  1.06675e-14
        6171  1.03834e-14
        6172  1.03138e-14
        6173  9.90272e-15
        6174  9.72855e-15
        6175  9.33478e-15
        6176  9.35931e-15
        6177  9.37353e-15
        6178  9.49696e-15
        6179  9.54599e-15
        6180  9.58875e-15
        6181  9.54977e-15
        6182  9.58585e-15
        6183  9.62456e-15
        6184  9.45417e-15
        6185  9.53194e-15
        6186  9.78194e-15
        6187  9.82466e-15
        6188  9.86193e-15
        6189  9.84706e-15
        6190  9.62403e-15
        6191  9.50473e-15
        6192  9.57319e-15
        6193  9.68861e-15
        6194  9.63361e-15
        6195  9.65955e-15
        6196  9.77962e-15
        6197  9.75867e-15
        6198  9.72427e-15
        6199  9.86166e-15
        6200  9.93455e-15
        6201  9.80990e-15
        6202  9.85356e-15
        6203  1.00890e-14
        6204  9.93475e-15
        6205  9.57224e-15
        6206  9.62402e-15
        6207  9.76922e-15
        6208  9.76467e-15
        6209  9.83458e-15
        6210  9.82378e-15
        6211  9.79190e-15
        6212  9.63846e-15
        6213  9.67725e-15
        6214  9.58557e-15
        6215  9.62611e-15
        6216  9.81009e-15
        6217  9.96497e-15
        6218  1.01266e-14
        6219  1.02261e-14
        6220  1.02862e-14
        6221  9.79062e-15
        6222  9.47315e-15
        6223  9.74327e-15
        6224  9.84752e-15
        6225  9.93506e-15
        6226  9.97022e-15
        6227  1.01628e-14
        6228  1.02102e-14
        6229  1.03502e-14
        6230  1.03219e-14
        6231  1.04327e-14
        6232  1.03735e-14
        6233  1.03197e-14
        6234  1.00513e-14
        6235  9.84693e-15
        6236  1.02656e-14
        6237  1.03684e-14
        6238  1.05802e-14
        6239  1.04885e-14
        6240  1.04862e-14
        6241  1.04215e-14
        6242  1.00436e-14
        6243  1.01509e-14
        6244  1.02814e-14
        6245  1.03330e-14
        6246  1.03038e-14
        6247  1.02961e-14
        6248  1.04052e-14
        6249  1.01719e-14
        6250  1.00213e-14
        6251  1.03929e-14
        6252  1.04905e-14
        6253  1.05310e-14
        6254  1.04575e-14
        6255  1.04351e-14
        6256  1.04843e-14
        6257  1.05224e-14
        6258  1.04103e-14
        6259  1.02500e-14
        6260  1.02822e-14
        6261  1.02614e-14
        6262  1.01830e-14
        6263  1.02374e-14
        6264  9.90070e-15
        6265  9.88651e-15
        6266  1.00238e-14
        6267  1.01830e-14
        6268  1.06694e-14
        6269  1.05688e-14
        6270  1.03968e-14
        6271  1.03884e-14
        6272  1.04396e-14
        6273  1.05407e-14
        6274  1.05189e-14
        6275  1.01454e-14
        6276  1.01504e-14
        6277  1.01324e-14
        6278  1.01018e-14
        6279  1.02741e-14
        6280  1.02602e-14
        6281  9.90884e-15
        6282  9.75756e-15
        6283  9.55835e-15
        6284  9.66060e-15
        6285  9.59448e-15
        6286  9.67928e-15
        6287  9.75293e-15
        6288  9.90497e-15
        6289  9.92725e-15
        6290  9.69488e-15
        6291  9.70192e-15
        6292  9.83991e-15
        6293  9.72352e-15
        6294  9.36507e-15
        6295  9.48209e-15
        6296  9.36368e-15
        6297  9.26008e-15
        6298  9.36494e-15
        6299  9.60318e-15
        6300  9.75447e-15
        6301  9.82294e-15
        6302  9.73241e-15
        6303  9.96026e-15
        6304  1.00328e-14
        6305  1.00846e-14
        6306  9.85945e-15
        6307  9.86517e-15
        6308  9.68691e-15
        6309  9.41155e-15
        6310  9.67704e-15
        6311  9.62702e-15
        6312  8.94530e-15
        6313  9.02958e-15
        6314  9.47177e-15
        6315  9.46457e-15
        6316  9.27016e-15
        6317  9.25736e-15
        6318  9.26162e-15
        6319  9.36075e-15
        6320  9.42039e-15
        6321  9.26574e-15
        6322  9.26165e-15
        6323  9.16658e-15
        6324  9.12950e-15
        6325  8.79252e-15
        6326  8.79437e-15
        6327  9.21489e-15
        6328  9.14743e-15
        6329  9.00195e-15
        6330  9.13784e-15
        6331  9.15044e-15
        6332  9.11456e-15
        6333  9.10027e-15
        6334  9.09607e-15
        6335  9.05960e-15
        6336  9.25866e-15
        6337  9.21513e-15
        6338  9.28768e-15
        6339  9.34978e-15
        6340  9.30441e-15
        6341  9.25270e-15
        6342  9.03326e-15
        6343  9.24645e-15
        6344  9.50190e-15
        6345  9.50480e-15
        6346  9.51145e-15
        6347  9.29144e-15
        6348  9.16651e-15
        6349  9.41816e-15
        6350  9.49413e-15
        6351  9.63055e-15
        6352  9.71041e-15
        6353  9.80838e-15
        6354  9.90723e-15
        6355  1.01239e-14
        6356  9.74235e-15
        6357  9.47432e-15
        6358  9.56873e-15
        6359  9.60564e-15
        6360  9.91681e-15
        6361  9.89772e-15
        6362  1.00781e-14
        6363  1.01975e-14
        6364  1.02130e-14
        6365  1.02588e-14
        6366  1.03256e-14
        6367  1.00892e-14
        6368  9.99723e-15
        6369  9.87337e-15
        6370  9.84444e-15
        6371  1.04685e-14
        6372  1.05696e-14
        6373  1.00088e-14
        6374  9.88352e-15
        6375  9.81770e-15
        6376  1.00254e-14
        6377  1.02208e-14
        6378  1.01158e-14
        6379  9.97510e-15
        6380  1.02112e-14
        6381  1.03159e-14
        6382  1.04125e-14
        6383  1.03990e-14
        6384  1.02111e-14
        6385  1.02936e-14
        6386  1.05280e-14
        6387  1.06314e-14
        6388  1.08660e-14
        6389  1.07903e-14
        6390  1.07991e-14
        6391  1.07674e-14
        6392  1.06712e-14
        6393  1.05013e-14
        6394  1.05391e-14
        6395  1.12270e-14
        6396  1.13070e-14
        6397  1.13060e-14
        6398  1.14292e-14
        6399  1.15720e-14
        6400  1.17276e-14
        6401  1.16990e-14
        6402  1.15089e-14
        6403  1.16243e-14
        6404  1.17446e-14
        6405  1.17274e-14
        6406  1.19225e-14
        6407  1.17470e-14
        6408  1.13426e-14
        6409  1.18385e-14
        6410  1.23401e-14
        6411  1.19712e-14
        6412  1.17514e-14
        6413  1.21354e-14
        6414  1.23108e-14
        6415  1.25143e-14
        6416  1.24039e-14
        6417  1.23134e-14
        6418  1.23448e-14
        6419  1.24552e-14
        6420  1.24801e-14
        6421  1.24444e-14
        6422  1.21030e-14
        6423  1.19237e-14
        6424  1.23618e-14
        6425  1.23912e-14
        6426  1.25039e-14
        6427  1.25266e-14
        6428  1.21229e-14
        6429  1.23790e-14
        6430  1.28717e-14
        6431  1.25855e-14
        6432  1.23299e-14
        6433  1.24394e-14
        6434  1.24572e-14
        6435  1.27960e-14
        6436  1.29596e-14
        6437  1.28738e-14
        6438  1.28630e-14
        6439  1.29144e-14
        6440  1.28894e-14
        6441  1.28435e-14
        6442  1.27810e-14
        6443  1.27099e-14
        6444  1.34832e-14
        6445  1.36720e-14
        6446  1.34442e-14
        6447  1.34458e-14
        6448  1.38984e-14
        6449  1.39954e-14
        6450  1.40039e-14
        6451  1.39765e-14
        6452  1.39779e-14
        6453  1.40049e-14
        6454  1.39878e-14
        6455  1.38346e-14
        6456  1.39316e-14
        6457  1.40536e-14
        6458  1.40347e-14
        6459  1.41971e-14
        6460  1.42172e-14
        6461  1.41628e-14
        6462  1.43704e-14
        6463  1.44989e-14
        6464  1.44122e-14
        6465  1.43634e-14
        6466  1.40856e-14
        6467  1.40471e-14
        6468  1.38797e-14
        6469  1.41323e-14
        6470  1.45445e-14
        6471  1.43812e-14
        6472  1.43135e-14
        6473  1.45858e-14
        6474  1.47713e-14
        6475  1.53080e-14
        6476  1.53648e-14
        6477  1.45403e-14
        6478  1.46723e-14
        6479  1.53676e-14
        6480  1.51506e-14
        6481  1.49135e-14
        6482  1.51061e-14
        6483  1.52527e-14
        6484  1.54513e-14
        6485  1.55081e-14
        6486  1.55364e-14
        6487  1.55086e-14
        6488  1.56058e-14
        6489  1.55255e-14
        6490  1.53705e-14
        6491  1.53324e-14
        6492  1.53302e-14
        6493  1.52988e-14
        6494  1.52203e-14
        6495  1.55075e-14
        6496  1.55428e-14
        6497  1.53870e-14
        6498  1.55944e-14
        6499  1.60101e-14
        6500  1.60164e-14
        6501  1.60933e-14
        6502  1.55468e-14
        6503  1.52897e-14
        6504  1.57192e-14
        6505  1.56780e-14
        6506  1.53322e-14
        6507  1.52386e-14
        6508  1.48401e-14
        6509  1.50436e-14
        6510  1.53441e-14
        6511  1.54918e-14
        6512  1.56754e-14
        6513  1.56143e-14
        6514  1.55902e-14
        6515  1.59343e-14
        6516  1.58414e-14
        6517  1.55269e-14
        6518  1.57214e-14
        6519  1.61196e-14
        6520  1.55334e-14
        6521  1.51836e-14
        6522  1.57767e-14
        6523  1.59522e-14
        6524  1.53840e-14
        6525  1.54185e-14
        6526  1.52560e-14
        6527  1.53960e-14
        6528  1.56061e-14
        6529  1.55077e-14
        6530  1.54607e-14
        6531  1.52816e-14
        6532  1.52890e-14
        6533  1.57322e-14
        6534  1.56435e-14
        6535  1.51238e-14
        6536  1.53558e-14
        6537  1.58781e-14
        6538  1.57605e-14
        6539  1.55102e-14
        6540  1.54035e-14
        6541  1.53807e-14
        6542  1.56319e-14
        6543  1.58119e-14
        6544  1.59017e-14
        6545  1.55289e-14
        6546  1.49340e-14
        6547  1.48506e-14
        6548  1.48544e-14
        6549  1.50547e-14
        6550  1.49927e-14
        6551  1.46466e-14
        6552  1.48438e-14
        6553  1.46799e-14
        6554  1.46919e-14
        6555  1.47584e-14
        6556  1.46363e-14
        6557  1.45513e-14
        6558  1.47584e-14
        6559  1.47752e-14
        6560  1.46556e-14
        6561  1.46195e-14
        6562  1.43470e-14
        6563  1.42037e-14
        6564  1.39313e-14
        6565  1.41871e-14
        6566  1.44917e-14
        6567  1.47042e-14
        6568  1.47277e-14
        6569  1.46290e-14
        6570  1.46600e-14
        6571  1.46298e-14
        6572  1.44412e-14
        6573  1.42735e-14
        6574  1.42120e-14
        6575  1.41450e-14
        6576  1.40703e-14
        6577  1.40958e-14
        6578  1.36732e-14
        6579  1.35608e-14
        6580  1.35320e-14
        6581  1.33564e-14
        6582  1.30638e-14
        6583  1.32624e-14
        6584  1.32934e-14
        6585  1.27343e-14
        6586  1.26188e-14
        6587  1.28043e-14
        6588  1.27204e-14
        6589  1.23786e-14
        6590  1.22455e-14
        6591  1.20451e-14
        6592  1.21675e-14
        6593  1.21875e-14
        6594  1.19167e-14
        6595  1.18579e-14
        6596  1.14543e-14
        6597  1.13826e-14
        6598  1.11381e-14
        6599  1.12217e-14
        6600  1.12247e-14
        6601  1.10680e-14
        6602  1.10262e-14
        6603  1.07543e-14
        6604  1.06633e-14
        6605  1.02202e-14
        6606  1.03886e-14
        6607  1.06433e-14
        6608  1.04225e-14
        6609  1.02821e-14
        6610  1.00709e-14
        6611  1.00291e-14
        6612  9.80182e-15
        6613  9.79775e-15
        6614  9.73236e-15
        6615  9.52478e-15
        6616  9.23512e-15
        6617  9.54371e-15
        6618  9.66961e-15
        6619  8.93584e-15
        6620  8.87123e-15
        6621  8.94028e-15
        6622  8.92057e-15
        6623  9.02509e-15
        6624  8.94497e-15
        6625  8.80956e-15
        6626  9.03857e-15
        6627  9.11189e-15
        6628  8.86077e-15
        6629  8.86997e-15
        6630  8.76147e-15
        6631  8.63767e-15
        6632  8.42150e-15
        6633  8.36327e-15
        6634  8.31745e-15
        6635  8.18555e-15
        6636  8.12836e-15
        6637  7.84630e-15
        6638  7.75694e-15
        6639  7.58099e-15
        6640  7.64777e-15
        6641  7.71402e-15
        6642  7.70582e-15
        6643  7.66021e-15
        6644  7.69132e-15
        6645  7.60924e-15
        6646  7.23371e-15
        6647  7.32501e-15
        6648  7.43541e-15
        6649  7.41968e-15
        6650  7.40339e-15
        6651  6.85807e-15
        6652  6.71514e-15
        6653  7.18225e-15
        6654  7.17112e-15
        6655  7.06293e-15
        6656  6.95014e-15
        6657  6.82674e-15
        6658  6.94127e-15
        6659  6.98446e-15
        6660  6.76195e-15
        6661  6.81331e-15
        6662  6.99434e-15
        6663  6.90706e-15
        6664  6.81598e-15
        6665  6.63101e-15
        6666  6.53902e-15
        6667  6.73998e-15
        6668  6.78600e-15
        6669  6.55754e-15
        6670  6.52433e-15
        6671  6.46970e-15
        6672  6.22934e-15
        6673  6.05686e-15
        6674  6.17006e-15
        6675  6.18820e-15
        6676  6.10976e-15
        6677  6.14082e-15
        6678  6.19118e-15
        6679  6.42845e-15
        6680  6.70033e-15
        6681  6.15843e-15
        6682  5.94888e-15
        6683  6.07520e-15
        6684  6.05633e-15
        6685  5.97950e-15
        6686  5.95416e-15
        6687  5.92667e-15
        6688  5.80245e-15
        6689  5.74650e-15
        6690  5.71903e-15
        6691  5.66023e-15
        6692  5.33131e-15
        6693  5.36300e-15
        6694  5.43174e-15
        6695  5.45032e-15
        6696  5.45798e-15
        6697  5.68699e-15
        6698  5.72001e-15
        6699  5.42920e-15
        6700  5.38556e-15
        6701  5.26939e-15
        6702  5.17442e-15
        6703  5.08825e-15
        6704  5.26163e-15
        6705  5.30934e-15
        6706  5.12260e-15
        6707  5.15127e-15
        6708  5.20664e-15
        6709  5.28792e-15
        6710  5.36716e-15
        6711  5.32162e-15
        6712  5.30711e-15
        6713  5.13229e-15
        6714  5.08361e-15
        6715  4.91737e-15
        6716  4.89438e-15
        6717  4.86522e-15
        6718  4.77009e-15
        6719  4.73614e-15
        6720  4.94851e-15
        6721  4.95804e-15
        6722  4.94293e-15
        6723  5.06321e-15
        6724  5.21453e-15
        6725  5.26712e-15
        6726  5.29949e-15
        6727  5.32736e-15
        6728  5.29694e-15
        6729  5.14209e-15
        6730  5.10836e-15
        6731  5.05397e-15
        6732  4.94222e-15
        6733  4.88863e-15
        6734  5.09031e-15
        6735  5.10516e-15
        6736  5.03854e-15
        6737  5.13945e-15
        6738  5.29070e-15
        6739  5.27255e-15
        6740  5.26275e-15
        6741  4.99834e-15
        6742  4.96909e-15
        6743  4.96026e-15
        6744  4.93315e-15
        6745  4.89170e-15
        6746  4.78649e-15
        6747  4.72721e-15
        6748  4.64379e-15
        6749  4.57663e-15
        6750  4.21186e-15
        6751  4.21549e-15
        6752  4.21916e-15
        6753  4.46253e-15
        6754  4.59815e-15
        6755  4.55014e-15
        6756  4.53422e-15
        6757  4.45869e-15
        6758  4.35175e-15
        6759  4.19115e-15
        6760  4.70316e-15
        6761  4.96995e-15
        6762  4.77266e-15
        6763  4.74582e-15
        6764  4.69922e-15
        6765  4.75319e-15
        6766  4.81942e-15
        6767  4.74415e-15
        6768  4.71269e-15
        6769  4.50893e-15
        6770  4.55216e-15
        6771  4.78058e-15
        6772  4.65620e-15
        6773  4.50115e-15
        6774  4.79470e-15
        6775  4.92345e-15
        6776  4.83343e-15
        6777  4.76557e-15
        6778  4.53135e-15
        6779  4.60170e-15
        6780  4.67007e-15
        6781  4.66210e-15
        6782  4.66871e-15
        6783  4.45174e-15
        6784  4.45412e-15
        6785  4.46047e-15
        6786  4.46146e-15
        6787  4.46583e-15
        6788  4.60551e-15
        6789  4.65254e-15
        6790  4.77740e-15
        6791  4.76080e-15
        6792  4.70549e-15
        6793  4.87338e-15
        6794  4.98440e-15
        6795  5.19658e-15
        6796  5.20793e-15
        6797  4.92517e-15
        6798  4.85745e-15
        6799  4.77146e-15
        6800  4.90300e-15
        6801  4.97434e-15
        6802  4.85243e-15
        6803  4.85157e-15
        6804  4.89749e-15
        6805  4.86495e-15
        6806  4.84409e-15
        6807  4.91462e-15
        6808  4.94236e-15
        6809  4.92209e-15
        6810  4.89797e-15
        6811  4.78427e-15
        6812  4.67107e-15
        6813  4.57167e-15
        6814  4.81530e-15
        6815  4.88473e-15
        6816  4.83789e-15
        6817  4.72810e-15
        6818  4.52121e-15
        6819  4.93187e-15
        6820  5.18085e-15
        6821  5.07285e-15
        6822  5.05036e-15
        6823  5.07088e-15
        6824  5.02100e-15
        6825  4.95566e-15
        6826  5.23125e-15
        6827  5.33246e-15
        6828  5.12444e-15
        6829  5.18349e-15
        6830  5.24326e-15
        6831  5.17821e-15
        6832  5.13650e-15
        6833  4.74217e-15
        6834  4.69150e-15
        6835  5.01520e-15
        6836  5.04068e-15
        6837  5.10097e-15
        6838  5.08978e-15
        6839  5.10135e-15
        6840  4.92248e-15
        6841  4.88743e-15
        6842  4.77612e-15
        6843  4.73963e-15
        6844  4.70520e-15
        6845  4.91520e-15
        6846  4.99956e-15
        6847  4.95663e-15
        6848  4.87029e-15
        6849  4.73364e-15
        6850  5.09975e-15
        6851  5.35623e-15
        6852  5.31401e-15
        6853  5.27243e-15
        6854  5.11838e-15
        6855  5.13313e-15
        6856  5.12023e-15
        6857  5.17518e-15
        6858  5.22608e-15
        6859  5.04852e-15
        6860  5.00961e-15
        6861  4.89550e-15
        6862  4.88037e-15
        6863  4.86493e-15
        6864  4.87207e-15
        6865  4.89577e-15
        6866  4.94403e-15
        6867  4.85550e-15
        6868  4.76044e-15
        6869  4.57120e-15
        6870  4.48895e-15
        6871  4.32054e-15
        6872  4.42478e-15
        6873  4.61678e-15
        6874  4.49766e-15
        6875  4.42164e-15
        6876  4.92297e-15
        6877  4.97429e-15
        6878  4.81411e-15
        6879  4.82582e-15
        6880  4.84691e-15
        6881  4.95111e-15
        6882  4.96617e-15
        6883  5.09712e-15
        6884  5.15273e-15
        6885  5.17330e-15
        6886  5.15307e-15
        6887  5.15591e-15
        6888  5.16290e-15
        6889  5.11924e-15
        6890  4.96358e-15
        6891  4.94682e-15
        6892  4.91302e-15
        6893  5.05805e-15
        6894  5.10949e-15
        6895  5.32494e-15
        6896  5.38408e-15
        6897  5.48763e-15
        6898  5.34511e-15
        6899  5.25120e-15
        6900  5.41100e-15
        6901  5.51064e-15
        6902  5.53931e-15
        6903  5.60306e-15
        6904  5.67797e-15
        6905  5.62157e-15
        6906  5.68722e-15
        6907  5.65864e-15
        6908  5.79479e-15
        6909  5.92819e-15
        6910  6.20937e-15
        6911  6.22561e-15
        6912  5.50751e-15
        6913  5.39025e-15
        6914  5.29855e-15
        6915  5.77290e-15
        6916  5.97694e-15
        6917  6.10785e-15
        6918  6.05642e-15
        6919  5.93209e-15
        6920  6.20529e-15
        6921  6.38840e-15
        6922  5.94456e-15
        6923  6.06024e-15
        6924  6.53090e-15
        6925  6.48653e-15
        6926  6.41933e-15
        6927  6.34506e-15
        6928  6.36745e-15
        6929  6.43174e-15
        6930  6.45663e-15
        6931  6.49778e-15
        6932  6.27723e-15
        6933  6.23758e-15
        6934  6.40580e-15
        6935  6.35314e-15
        6936  6.33484e-15
        6937  6.35284e-15
        6938  6.35798e-15
        6939  6.25351e-15
        6940  6.27923e-15
        6941  6.42368e-15
        6942  6.80347e-15
        6943  6.95495e-15
        6944  6.57253e-15
        6945  6.75050e-15
        6946  7.12535e-15
        6947  6.95705e-15
        6948  6.80913e-15
        6949  6.73025e-15
        6950  6.71752e-15
        6951  6.50157e-15
        6952  6.54795e-15
        6953  6.63036e-15
        6954  7.15367e-15
        6955  7.08703e-15
        6956  6.69763e-15
        6957  6.89986e-15
        6958  7.13137e-15
        6959  6.96309e-15
        6960  6.90224e-15
        6961  7.01555e-15
        6962  7.20982e-15
        6963  7.42905e-15
        6964  7.46318e-15
        6965  7.41876e-15
        6966  7.42172e-15
        6967  7.61961e-15
        6968  7.89614e-15
        6969  7.61614e-15
        6970  7.45642e-15
        6971  7.45555e-15
        6972  7.40574e-15
        6973  7.29832e-15
        6974  7.23010e-15
        6975  7.22419e-15
        6976  7.28964e-15
        6977  7.34083e-15
        6978  7.52263e-15
        6979  7.78846e-15
        6980  7.78863e-15
        6981  7.50164e-15
        6982  7.65364e-15
        6983  7.81309e-15
        6984  7.68755e-15
        6985  7.63930e-15
        6986  7.79606e-15
        6987  7.82740e-15
        6988  7.88480e-15
        6989  7.78153e-15
        6990  7.72236e-15
        6991  7.99640e-15
        6992  7.92848e-15
        6993  7.71743e-15
        6994  7.86390e-15
        6995  7.96154e-15
        6996  7.85327e-15
        6997  7.75573e-15
        6998  7.55640e-15
        6999  8.04480e-15
        7000  8.28550e-15
        7001  7.58632e-15
        7002  7.63285e-15
        7003  7.94102e-15
        7004  8.18606e-15
        7005  8.30706e-15
        7006  8.01496e-15
        7007  8.20042e-15
        7008  8.55185e-15
        7009  8.32559e-15
        7010  8.18563e-15
        7011  7.88521e-15
        7012  7.88734e-15
        7013  7.93258e-15
        7014  8.17193e-15
        7015  8.33975e-15
        7016  8.22195e-15
        7017  8.25953e-15
        7018  8.37980e-15
        7019  8.71257e-15
        7020  8.92749e-15
        7021  8.75497e-15
        7022  8.65025e-15
        7023  8.57719e-15
        7024  8.86082e-15
        7025  8.97191e-15
        7026  9.07976e-15
        7027  8.89428e-15
        7028  8.56418e-15
        7029  8.98920e-15
        7030  9.18790e-15
        7031  9.22437e-15
        7032  8.89348e-15
        7033  8.50465e-15
        7034  8.53222e-15
        7035  8.51654e-15
        7036  8.55799e-15
        7037  8.81751e-15
        7038  9.09297e-15
        7039  9.21097e-15
        7040  9.14557e-15
        7041  8.65413e-15
        7042  8.73220e-15
        7043  8.78669e-15
        7044  9.11176e-15
        7045  9.21742e-15
        7046  9.53574e-15
        7047  9.44161e-15
        7048  9.37174e-15
        7049  9.77783e-15
        7050  9.67517e-15
        7051  9.33223e-15
        7052  9.58190e-15
        7053  9.77049e-15
        7054  1.03285e-14
        7055  1.00518e-14
        7056  9.57949e-15
        7057  9.76243e-15
        7058  9.83070e-15
        7059  1.04944e-14
        7060  1.03720e-14
        7061  1.01728e-14
        7062  9.97310e-15
        7063  9.92121e-15
        7064  9.96314e-15
        7065  1.00210e-14
        7066  1.00745e-14
        7067  9.73309e-15
        7068  9.82682e-15
        7069  1.02902e-14
        7070  1.01135e-14
        7071  9.96591e-15
        7072  1.05789e-14
        7073  1.05078e-14
        7074  1.02075e-14
        7075  1.03584e-14
        7076  1.03998e-14
        7077  1.01290e-14
        7078  1.05093e-14
        7079  1.10828e-14
        7080  1.03672e-14
        7081  1.01820e-14
        7082  1.04644e-14
        7083  1.04164e-14
        7084  1.03751e-14
        7085  1.04805e-14
        7086  1.04087e-14
        7087  1.01157e-14
        7088  1.00694e-14
        7089  1.00344e-14
        7090  9.95737e-15
        7091  1.00394e-14
        7092  1.01705e-14
        7093  1.00474e-14
        7094  1.00504e-14
        7095  1.04116e-14
        7096  1.02055e-14
        7097  9.97504e-15
        7098  1.03923e-14
        7099  1.04802e-14
        7100  1.04931e-14
