MJDOBS    46562.0
JDOBS    2.44656e+06
DATE    19860512
AGE_OBS    NaN
TELESCOPE    --
DETECTOR    --
SOURCE    Asiago-Catalogue(SUSPECT)
        3650  1.08964e-14
        3651  1.21340e-14
        3652  1.18719e-14
        3653  7.21816e-15
        3654  3.89808e-15
        3655  9.12862e-15
        3656  1.27891e-14
        3657  1.56344e-14
        3658  1.15729e-14
        3659  1.11267e-14
        3660  1.09736e-14
        3661  7.53234e-15
        3662  8.42239e-15
        3663  8.87163e-15
        3664  1.46184e-14
        3665  1.24218e-14
        3666  9.11978e-15
        3667  8.66464e-15
        3668  9.72163e-15
        3669  1.20499e-14
        3670  1.24316e-14
        3671  9.80658e-15
        3672  8.02876e-15
        3673  9.24599e-15
        3674  9.64904e-15
        3675  1.17927e-14
        3676  1.51123e-14
        3677  1.43098e-14
        3678  9.72045e-15
        3679  1.13781e-14
        3680  1.14752e-14
        3681  6.09280e-15
        3682  8.83342e-15
        3683  1.12309e-14
        3684  1.23917e-14
        3685  1.23718e-14
        3686  1.23259e-14
        3687  8.42773e-15
        3688  7.11792e-15
        3689  6.73243e-15
        3690  5.46125e-15
        3691  6.09430e-15
        3692  7.99724e-15
        3693  8.59278e-15
        3694  5.82580e-15
        3695  4.32915e-15
        3696  7.42238e-15
        3697  1.01273e-14
        3698  9.55962e-15
        3699  8.79453e-15
        3700  1.02105e-14
        3701  1.22025e-14
        3702  1.08658e-14
        3703  9.98590e-15
        3704  1.09379e-14
        3705  7.46643e-15
        3706  6.38597e-15
        3707  3.55581e-15
        3708  6.07674e-15
        3709  7.02110e-15
        3710  3.46373e-15
        3711  8.99791e-15
        3712  1.03118e-14
        3713  6.05350e-15
        3714  5.62290e-15
        3715  6.51209e-15
        3716  5.90497e-15
        3717  6.41994e-15
        3718  6.02770e-15
        3719  3.50979e-15
        3720  4.85160e-15
        3721  4.10011e-15
        3722  8.01993e-15
        3723  6.78293e-15
        3724  4.34134e-15
        3725  7.26625e-15
        3726  8.15338e-15
        3727  5.14664e-15
        3728  3.95304e-15
        3729  1.27171e-15
        3730  8.31432e-15
        3731  9.10586e-15
        3732  8.04546e-15
        3733  9.86197e-15
        3734  8.69280e-15
        3735  5.09395e-15
        3736  5.11051e-15
        3737  7.01023e-15
        3738  1.14100e-14
        3739  4.62073e-15
        3740  5.60491e-15
        3741  1.38521e-14
        3742  1.04921e-14
        3743  5.95243e-15
        3744  2.62311e-15
        3745  5.35154e-15
        3746  6.63976e-15
        3747  7.70024e-15
        3748  6.78764e-15
        3749  6.17911e-15
        3750  7.80420e-15
        3751  6.60033e-15
        3752  5.20684e-15
        3753  6.64307e-15
        3754  2.13458e-15
        3755  1.62347e-15
        3756  7.39459e-15
        3757  6.61526e-15
        3758  3.69200e-15
        3759  7.45089e-15
        3760  6.03525e-15
        3761  1.39866e-15
        3762  5.32984e-15
        3763  4.89344e-15
        3764  6.30641e-15
        3765  6.91911e-15
        3766  7.60878e-15
        3767  7.38797e-15
        3768  7.28837e-15
        3769  5.75794e-15
        3770  3.32051e-15
        3771  6.44637e-15
        3772  7.33051e-15
        3773  5.06075e-15
        3774  6.61845e-15
        3775  7.31491e-15
        3776  5.76122e-15
        3777  4.97320e-15
        3778  4.25410e-15
        3779  6.07339e-15
        3780  3.80384e-15
        3781  3.98152e-15
        3782  5.00208e-15
        3783  5.90609e-15
        3784  4.21265e-15
        3785  9.10249e-15
        3786  1.01295e-14
        3787  9.13578e-15
        3788  8.24023e-15
        3789  8.59072e-15
        3790  8.62993e-15
        3791  5.33112e-15
        3792  4.43354e-15
        3793  8.12585e-15
        3794  8.21652e-15
        3795  8.38064e-15
        3796  7.08826e-15
        3797  7.94587e-15
        3798  9.37641e-15
        3799  1.01778e-14
        3800  9.51435e-15
        3801  9.35523e-15
        3802  8.73694e-15
        3803  9.27039e-15
        3804  1.12951e-14
        3805  9.90414e-15
        3806  1.00063e-14
        3807  9.84829e-15
        3808  9.56117e-15
        3809  9.34896e-15
        3810  9.60081e-15
        3811  9.17656e-15
        3812  9.04924e-15
        3813  1.02926e-14
        3814  1.14048e-14
        3815  1.23046e-14
        3816  1.35042e-14
        3817  1.33616e-14
        3818  1.27621e-14
        3819  1.16432e-14
        3820  1.17005e-14
        3821  1.28494e-14
        3822  1.39236e-14
        3823  1.46988e-14
        3824  1.67488e-14
        3825  1.28095e-14
        3826  1.04399e-14
        3827  1.42566e-14
        3828  1.34242e-14
        3829  1.26317e-14
        3830  1.35133e-14
        3831  1.47307e-14
        3832  1.65585e-14
        3833  1.17563e-14
        3834  1.22292e-14
        3835  1.52650e-14
        3836  1.37835e-14
        3837  1.33655e-14
        3838  1.37023e-14
        3839  1.34765e-14
        3840  1.32041e-14
        3841  1.24844e-14
        3842  1.24513e-14
        3843  1.23298e-14
        3844  1.70020e-14
        3845  1.73271e-14
        3846  1.71987e-14
        3847  1.88358e-14
        3848  1.78726e-14
        3849  1.46973e-14
        3850  1.61845e-14
        3851  1.64982e-14
        3852  1.51320e-14
        3853  1.63529e-14
        3854  1.74809e-14
        3855  1.80592e-14
        3856  1.76340e-14
        3857  1.65183e-14
        3858  1.47803e-14
        3859  1.64476e-14
        3860  1.92078e-14
        3861  1.40210e-14
        3862  1.53848e-14
        3863  2.00105e-14
        3864  1.83333e-14
        3865  1.85945e-14
        3866  2.30626e-14
        3867  1.93278e-14
        3868  1.68353e-14
        3869  2.26471e-14
        3870  2.11033e-14
        3871  1.85065e-14
        3872  1.98060e-14
        3873  2.03398e-14
        3874  2.09795e-14
        3875  2.39253e-14
        3876  2.23919e-14
        3877  2.22141e-14
        3878  2.40415e-14
        3879  2.45651e-14
        3880  2.66445e-14
        3881  2.62272e-14
        3882  2.54564e-14
        3883  2.55466e-14
        3884  2.52542e-14
        3885  2.42616e-14
        3886  2.64162e-14
        3887  2.68374e-14
        3888  2.73629e-14
        3889  3.04828e-14
        3890  3.04648e-14
        3891  3.06051e-14
        3892  3.15600e-14
        3893  3.21200e-14
        3894  3.05342e-14
        3895  2.88151e-14
        3896  2.78881e-14
        3897  2.91221e-14
        3898  2.88181e-14
        3899  2.88089e-14
        3900  3.21147e-14
        3901  3.19874e-14
        3902  3.23962e-14
        3903  3.14824e-14
        3904  3.21407e-14
        3905  2.95803e-14
        3906  3.04980e-14
        3907  3.09456e-14
        3908  3.34969e-14
        3909  3.48125e-14
        3910  3.47672e-14
        3911  3.23670e-14
        3912  3.25604e-14
        3913  3.61696e-14
        3914  3.88560e-14
        3915  3.92174e-14
        3916  3.84930e-14
        3917  3.34452e-14
        3918  3.24925e-14
        3919  3.70457e-14
        3920  3.32409e-14
        3921  3.03020e-14
        3922  3.45367e-14
        3923  3.59020e-14
        3924  3.50418e-14
        3925  3.20677e-14
        3926  3.09480e-14
        3927  3.23591e-14
        3928  3.09135e-14
        3929  2.83718e-14
        3930  2.81087e-14
        3931  2.82725e-14
        3932  2.71871e-14
        3933  2.72770e-14
        3934  2.79235e-14
        3935  2.90641e-14
        3936  2.89430e-14
        3937  2.82631e-14
        3938  3.12652e-14
        3939  2.89018e-14
        3940  2.78945e-14
        3941  3.02339e-14
        3942  3.08068e-14
        3943  3.01286e-14
        3944  3.28386e-14
        3945  3.41361e-14
        3946  3.46471e-14
        3947  3.34155e-14
        3948  3.22855e-14
        3949  2.95886e-14
        3950  3.10700e-14
        3951  3.43902e-14
        3952  3.24933e-14
        3953  3.07395e-14
        3954  2.90631e-14
        3955  3.07321e-14
        3956  3.18725e-14
        3957  3.25911e-14
        3958  3.15953e-14
        3959  3.26885e-14
        3960  2.97447e-14
        3961  2.75857e-14
        3962  2.56933e-14
        3963  2.69086e-14
        3964  2.61970e-14
        3965  2.43230e-14
        3966  2.61357e-14
        3967  2.91293e-14
        3968  2.81328e-14
        3969  2.56253e-14
        3970  2.54095e-14
        3971  2.53926e-14
        3972  2.32471e-14
        3973  2.25772e-14
        3974  2.35901e-14
        3975  2.37620e-14
        3976  2.45253e-14
        3977  2.47068e-14
        3978  2.77244e-14
        3979  2.89203e-14
        3980  2.72056e-14
        3981  2.41382e-14
        3982  2.57696e-14
        3983  2.65103e-14
        3984  2.18578e-14
        3985  2.31420e-14
        3986  2.54265e-14
        3987  2.15857e-14
        3988  2.09500e-14
        3989  2.13463e-14
        3990  2.13111e-14
        3991  2.02444e-14
        3992  1.98460e-14
        3993  1.88230e-14
        3994  1.71361e-14
        3995  1.82241e-14
        3996  1.72538e-14
        3997  1.93431e-14
        3998  2.30270e-14
        3999  2.46638e-14
        4000  2.27894e-14
        4001  2.26068e-14
        4002  2.23807e-14
        4003  2.05877e-14
        4004  2.00699e-14
        4005  1.92828e-14
        4006  1.96386e-14
        4007  2.02519e-14
        4008  1.90833e-14
        4009  1.82544e-14
        4010  1.82594e-14
        4011  2.16569e-14
        4012  2.14654e-14
        4013  2.02628e-14
        4014  1.90647e-14
        4015  1.89961e-14
        4016  2.15361e-14
        4017  2.11425e-14
        4018  2.08380e-14
        4019  2.15871e-14
        4020  2.12110e-14
        4021  1.86444e-14
        4022  1.72905e-14
        4023  2.02412e-14
        4024  2.47987e-14
        4025  2.32944e-14
        4026  2.04589e-14
        4027  1.93344e-14
        4028  2.08403e-14
        4029  2.17082e-14
        4030  2.15302e-14
        4031  2.04502e-14
        4032  2.03452e-14
        4033  2.20348e-14
        4034  2.12559e-14
        4035  1.98466e-14
        4036  1.95976e-14
        4037  2.11970e-14
        4038  2.29042e-14
        4039  2.20207e-14
        4040  2.08660e-14
        4041  2.25181e-14
        4042  2.41061e-14
        4043  2.32015e-14
        4044  2.13283e-14
        4045  1.97571e-14
        4046  2.18684e-14
        4047  2.19671e-14
        4048  2.37322e-14
        4049  2.38018e-14
        4050  2.36630e-14
        4051  2.28995e-14
        4052  2.36771e-14
        4053  2.58331e-14
        4054  2.37289e-14
        4055  2.18995e-14
        4056  2.37846e-14
        4057  2.38555e-14
        4058  2.27602e-14
        4059  2.19855e-14
        4060  2.15895e-14
        4061  2.08593e-14
        4062  1.96504e-14
        4063  2.16822e-14
        4064  2.12137e-14
        4065  2.02961e-14
        4066  2.21672e-14
        4067  2.43471e-14
        4068  2.37867e-14
        4069  2.29466e-14
        4070  2.18294e-14
        4071  2.21649e-14
        4072  2.25882e-14
        4073  2.33681e-14
        4074  2.33875e-14
        4075  2.23985e-14
        4076  2.13839e-14
        4077  2.21508e-14
        4078  2.28580e-14
        4079  2.37870e-14
        4080  2.40778e-14
        4081  2.46961e-14
        4082  2.18985e-14
        4083  2.15898e-14
        4084  2.32672e-14
        4085  2.23894e-14
        4086  2.10069e-14
        4087  2.21710e-14
        4088  2.39859e-14
        4089  2.32652e-14
        4090  2.08528e-14
        4091  2.10687e-14
        4092  2.07735e-14
        4093  2.01138e-14
        4094  1.94191e-14
        4095  1.95307e-14
        4096  1.92558e-14
        4097  1.87466e-14
        4098  1.78116e-14
        4099  1.94032e-14
        4100  1.97557e-14
        4101  1.81315e-14
        4102  1.98424e-14
        4103  2.12320e-14
        4104  1.98817e-14
        4105  1.92214e-14
        4106  1.84039e-14
        4107  1.98836e-14
        4108  2.08233e-14
        4109  2.10140e-14
        4110  2.10406e-14
        4111  2.10730e-14
        4112  2.12434e-14
        4113  1.88559e-14
        4114  1.93539e-14
        4115  2.18495e-14
        4116  2.17715e-14
        4117  2.12376e-14
        4118  2.05394e-14
        4119  2.01930e-14
        4120  1.98224e-14
        4121  1.88887e-14
        4122  2.08198e-14
        4123  2.09589e-14
        4124  2.09591e-14
        4125  1.96727e-14
        4126  1.77631e-14
        4127  1.70457e-14
        4128  1.87134e-14
        4129  1.97999e-14
        4130  2.00863e-14
        4131  2.13592e-14
        4132  2.22271e-14
        4133  2.23724e-14
        4134  2.20488e-14
        4135  2.12259e-14
        4136  2.04005e-14
        4137  2.16427e-14
        4138  2.20571e-14
        4139  2.07625e-14
        4140  2.17246e-14
        4141  2.15987e-14
        4142  2.14768e-14
        4143  2.12050e-14
        4144  2.07325e-14
        4145  2.10868e-14
        4146  2.13882e-14
        4147  2.14171e-14
        4148  2.26623e-14
        4149  2.17199e-14
        4150  2.00027e-14
        4151  1.97861e-14
        4152  2.08118e-14
        4153  2.33086e-14
        4154  2.27290e-14
        4155  2.21624e-14
        4156  2.21553e-14
        4157  2.29645e-14
        4158  2.03091e-14
        4159  2.07573e-14
        4160  2.28972e-14
        4161  2.11826e-14
        4162  2.10312e-14
        4163  2.22041e-14
        4164  2.27718e-14
        4165  2.30659e-14
        4166  2.32631e-14
        4167  2.30824e-14
        4168  2.25331e-14
        4169  2.30024e-14
        4170  2.20632e-14
        4171  2.25665e-14
        4172  2.33609e-14
        4173  2.24950e-14
        4174  2.11017e-14
        4175  2.15237e-14
        4176  2.22118e-14
        4177  2.05513e-14
        4178  2.19782e-14
        4179  2.42716e-14
        4180  2.28746e-14
        4181  2.30649e-14
        4182  2.31094e-14
        4183  2.33699e-14
        4184  2.23672e-14
        4185  2.33307e-14
        4186  2.43476e-14
        4187  2.34656e-14
        4188  2.36034e-14
        4189  2.35908e-14
        4190  2.32944e-14
        4191  2.31732e-14
        4192  2.39537e-14
        4193  2.25658e-14
        4194  2.23021e-14
        4195  2.28678e-14
        4196  2.30516e-14
        4197  2.41316e-14
        4198  2.39741e-14
        4199  2.43912e-14
        4200  2.49759e-14
        4201  2.41233e-14
        4202  2.44874e-14
        4203  2.49739e-14
        4204  2.40710e-14
        4205  2.37146e-14
        4206  2.29924e-14
        4207  2.34265e-14
        4208  2.35556e-14
        4209  2.14182e-14
        4210  2.20489e-14
        4211  2.31363e-14
        4212  2.23825e-14
        4213  2.40621e-14
        4214  2.36574e-14
        4215  2.28686e-14
        4216  2.28495e-14
        4217  2.35218e-14
        4218  2.32054e-14
        4219  2.43049e-14
        4220  2.35740e-14
        4221  2.17191e-14
        4222  2.16977e-14
        4223  2.05253e-14
        4224  2.22254e-14
        4225  2.43942e-14
        4226  2.42907e-14
        4227  2.36042e-14
        4228  2.47072e-14
        4229  2.45957e-14
        4230  2.44904e-14
        4231  2.50519e-14
        4232  2.51437e-14
        4233  2.43253e-14
        4234  2.47158e-14
        4235  2.47917e-14
        4236  2.38634e-14
        4237  2.41163e-14
        4238  2.42904e-14
        4239  2.41406e-14
        4240  2.41973e-14
        4241  2.43620e-14
        4242  2.37256e-14
        4243  2.39926e-14
        4244  2.41803e-14
        4245  2.44453e-14
        4246  2.43733e-14
        4247  2.39919e-14
        4248  2.42028e-14
        4249  2.41749e-14
        4250  2.48632e-14
        4251  2.42284e-14
        4252  2.24743e-14
        4253  2.41847e-14
        4254  2.39408e-14
        4255  2.41239e-14
        4256  2.39891e-14
        4257  2.34889e-14
        4258  2.34324e-14
        4259  2.36642e-14
        4260  2.45487e-14
        4261  2.33515e-14
        4262  2.28871e-14
        4263  2.23492e-14
        4264  2.37557e-14
        4265  2.32653e-14
        4266  2.35001e-14
        4267  2.20676e-14
        4268  2.13213e-14
        4269  2.06853e-14
        4270  2.09725e-14
        4271  2.25177e-14
        4272  2.21961e-14
        4273  2.15990e-14
        4274  2.23808e-14
        4275  2.17719e-14
        4276  2.08311e-14
        4277  2.13493e-14
        4278  2.20190e-14
        4279  2.10169e-14
        4280  2.05216e-14
        4281  2.10347e-14
        4282  2.10443e-14
        4283  1.96972e-14
        4284  2.01891e-14
        4285  2.20188e-14
        4286  2.22289e-14
        4287  2.07558e-14
        4288  1.96346e-14
        4289  2.04177e-14
        4290  2.10024e-14
        4291  2.14008e-14
        4292  2.12131e-14
        4293  2.13236e-14
        4294  2.07346e-14
        4295  1.99274e-14
        4296  2.01833e-14
        4297  1.93266e-14
        4298  1.92219e-14
        4299  2.01971e-14
        4300  1.99632e-14
        4301  2.00085e-14
        4302  2.03681e-14
        4303  2.13668e-14
        4304  2.15528e-14
        4305  2.00834e-14
        4306  1.88480e-14
        4307  1.90347e-14
        4308  2.08775e-14
        4309  1.97071e-14
        4310  1.83114e-14
        4311  1.94057e-14
        4312  1.83070e-14
        4313  1.64172e-14
        4314  1.70378e-14
        4315  1.87613e-14
        4316  1.81301e-14
        4317  1.77938e-14
        4318  1.76006e-14
        4319  1.73539e-14
        4320  1.64702e-14
        4321  1.76271e-14
        4322  1.81148e-14
        4323  1.75188e-14
        4324  1.66903e-14
        4325  1.68121e-14
        4326  1.83575e-14
        4327  1.85896e-14
        4328  1.94507e-14
        4329  1.84648e-14
        4330  1.84459e-14
        4331  1.84742e-14
        4332  1.81867e-14
        4333  1.83810e-14
        4334  1.99749e-14
        4335  1.83643e-14
        4336  1.69404e-14
        4337  1.73884e-14
        4338  1.80894e-14
        4339  1.83241e-14
        4340  1.84703e-14
        4341  1.84202e-14
        4342  1.83252e-14
        4343  1.90813e-14
        4344  1.93453e-14
        4345  1.85154e-14
        4346  1.88588e-14
        4347  1.92743e-14
        4348  1.80607e-14
        4349  1.82611e-14
        4350  1.93200e-14
        4351  1.79951e-14
        4352  1.78153e-14
        4353  1.80118e-14
        4354  1.92883e-14
        4355  2.12549e-14
        4356  2.04191e-14
        4357  1.83103e-14
        4358  1.77063e-14
        4359  1.86836e-14
        4360  2.03389e-14
        4361  2.13046e-14
        4362  2.19053e-14
        4363  1.99603e-14
        4364  1.93052e-14
        4365  1.95366e-14
        4366  1.86632e-14
        4367  1.96707e-14
        4368  2.08321e-14
        4369  2.14015e-14
        4370  2.07850e-14
        4371  2.18642e-14
        4372  2.28061e-14
        4373  2.29019e-14
        4374  2.32080e-14
        4375  2.35952e-14
        4376  2.37594e-14
        4377  2.33794e-14
        4378  2.27052e-14
        4379  2.27328e-14
        4380  2.35733e-14
        4381  2.35290e-14
        4382  2.29801e-14
        4383  2.25209e-14
        4384  2.44435e-14
        4385  2.44211e-14
        4386  2.34519e-14
        4387  2.32732e-14
        4388  2.28605e-14
        4389  2.35407e-14
        4390  2.30563e-14
        4391  2.23027e-14
        4392  2.34234e-14
        4393  2.58455e-14
        4394  2.58546e-14
        4395  2.49531e-14
        4396  2.56828e-14
        4397  2.44941e-14
        4398  2.35212e-14
        4399  2.59177e-14
        4400  2.65316e-14
        4401  2.54975e-14
        4402  2.56091e-14
        4403  2.58305e-14
        4404  2.64242e-14
        4405  2.78081e-14
        4406  2.94088e-14
        4407  3.02818e-14
        4408  2.94931e-14
        4409  2.82094e-14
        4410  2.80956e-14
        4411  2.80089e-14
        4412  2.74379e-14
        4413  2.84931e-14
        4414  3.05600e-14
        4415  2.97115e-14
        4416  2.83203e-14
        4417  2.86479e-14
        4418  2.84567e-14
        4419  2.89704e-14
        4420  2.91345e-14
        4421  2.98127e-14
        4422  3.02391e-14
        4423  2.86668e-14
        4424  2.85043e-14
        4425  2.89215e-14
        4426  2.81158e-14
        4427  2.82057e-14
        4428  2.80517e-14
        4429  2.75328e-14
        4430  2.82830e-14
        4431  2.87201e-14
        4432  2.86471e-14
        4433  2.89929e-14
        4434  2.91099e-14
        4435  2.88871e-14
        4436  2.98307e-14
        4437  3.11311e-14
        4438  3.11851e-14
        4439  2.99500e-14
        4440  3.04018e-14
        4441  3.23045e-14
        4442  3.23721e-14
        4443  3.16067e-14
        4444  3.14516e-14
        4445  3.15344e-14
        4446  3.20440e-14
        4447  3.24842e-14
        4448  3.17624e-14
        4449  3.23895e-14
        4450  3.25250e-14
        4451  3.28592e-14
        4452  3.36855e-14
        4453  3.36454e-14
        4454  3.32044e-14
        4455  3.24017e-14
        4456  3.22199e-14
        4457  3.36623e-14
        4458  3.50712e-14
        4459  3.33304e-14
        4460  3.27186e-14
        4461  3.36478e-14
        4462  3.40599e-14
        4463  3.34601e-14
        4464  3.40940e-14
        4465  3.57532e-14
        4466  3.51864e-14
        4467  3.48688e-14
        4468  3.52195e-14
        4469  3.73030e-14
        4470  3.73936e-14
        4471  3.80441e-14
        4472  3.74386e-14
        4473  3.81254e-14
        4474  4.00792e-14
        4475  4.02501e-14
        4476  3.85257e-14
        4477  3.85222e-14
        4478  3.90694e-14
        4479  3.88177e-14
        4480  3.96329e-14
        4481  4.02334e-14
        4482  4.08683e-14
        4483  4.12065e-14
        4484  4.07129e-14
        4485  3.97321e-14
        4486  3.95836e-14
        4487  4.05083e-14
        4488  4.00847e-14
        4489  3.94006e-14
        4490  4.03572e-14
        4491  4.04305e-14
        4492  4.12589e-14
        4493  4.15778e-14
        4494  4.24088e-14
        4495  4.26927e-14
        4496  4.31733e-14
        4497  4.41252e-14
        4498  4.37274e-14
        4499  4.28886e-14
        4500  4.41553e-14
        4501  4.44610e-14
        4502  4.41715e-14
        4503  4.54123e-14
        4504  4.47465e-14
        4505  4.32887e-14
        4506  4.32690e-14
        4507  4.41297e-14
        4508  4.39622e-14
        4509  4.30586e-14
        4510  4.47794e-14
        4511  4.55175e-14
        4512  4.43012e-14
        4513  4.46531e-14
        4514  4.65431e-14
        4515  4.81102e-14
        4516  4.84366e-14
        4517  4.72808e-14
        4518  4.72155e-14
        4519  4.76583e-14
        4520  4.75204e-14
        4521  4.70449e-14
        4522  4.83179e-14
        4523  4.89044e-14
        4524  4.80309e-14
        4525  4.69882e-14
        4526  4.69235e-14
        4527  4.72328e-14
        4528  4.87790e-14
        4529  4.72907e-14
        4530  4.63111e-14
        4531  4.71927e-14
        4532  4.82960e-14
        4533  4.86962e-14
        4534  4.89183e-14
        4535  4.89052e-14
        4536  4.83105e-14
        4537  4.74986e-14
        4538  4.77621e-14
        4539  4.82541e-14
        4540  4.72937e-14
        4541  4.64827e-14
        4542  4.69994e-14
        4543  4.72003e-14
        4544  4.84837e-14
        4545  4.90508e-14
        4546  4.85933e-14
        4547  4.98100e-14
        4548  5.01644e-14
        4549  5.04067e-14
        4550  5.09702e-14
        4551  5.13142e-14
        4552  5.21612e-14
        4553  5.22453e-14
        4554  5.17559e-14
        4555  5.18377e-14
        4556  5.22920e-14
        4557  5.25182e-14
        4558  5.35777e-14
        4559  5.39855e-14
        4560  5.19848e-14
        4561  5.24135e-14
        4562  5.42290e-14
        4563  5.33931e-14
        4564  5.32834e-14
        4565  5.36271e-14
        4566  5.30498e-14
        4567  5.26674e-14
        4568  5.31955e-14
        4569  5.36588e-14
        4570  5.31740e-14
        4571  5.22105e-14
        4572  5.20686e-14
        4573  5.15538e-14
        4574  5.12460e-14
        4575  4.99532e-14
        4576  4.92264e-14
        4577  4.91228e-14
        4578  4.93197e-14
        4579  4.97277e-14
        4580  4.97795e-14
        4581  4.93602e-14
        4582  4.96962e-14
        4583  4.99244e-14
        4584  4.98419e-14
        4585  4.95884e-14
        4586  4.94468e-14
        4587  4.92465e-14
        4588  4.85538e-14
        4589  4.94860e-14
        4590  4.88048e-14
        4591  4.88827e-14
        4592  4.92849e-14
        4593  4.93929e-14
        4594  5.02611e-14
        4595  5.03779e-14
        4596  4.93096e-14
        4597  4.86625e-14
        4598  4.99877e-14
        4599  5.05388e-14
        4600  5.09041e-14
        4601  5.02813e-14
        4602  4.94128e-14
        4603  5.01398e-14
        4604  5.01001e-14
        4605  4.91387e-14
        4606  4.95825e-14
        4607  5.04099e-14
        4608  5.09267e-14
        4609  5.13536e-14
        4610  5.15721e-14
        4611  5.14748e-14
        4612  5.17545e-14
        4613  5.12935e-14
        4614  5.01759e-14
        4615  4.95973e-14
        4616  5.03938e-14
        4617  5.02226e-14
        4618  5.10009e-14
        4619  5.11685e-14
        4620  5.13909e-14
        4621  5.12162e-14
        4622  5.14838e-14
        4623  5.12533e-14
        4624  5.09080e-14
        4625  5.25241e-14
        4626  5.23847e-14
        4627  5.20082e-14
        4628  5.22309e-14
        4629  5.20696e-14
        4630  5.13703e-14
        4631  4.98618e-14
        4632  5.04707e-14
        4633  5.14637e-14
        4634  5.25904e-14
        4635  5.29969e-14
        4636  5.36525e-14
        4637  5.34205e-14
        4638  5.37071e-14
        4639  5.27233e-14
        4640  5.22839e-14
        4641  5.28052e-14
        4642  5.37778e-14
        4643  5.38721e-14
        4644  5.44088e-14
        4645  5.43816e-14
        4646  5.29553e-14
        4647  5.16408e-14
        4648  5.05672e-14
        4649  5.02298e-14
        4650  5.00778e-14
        4651  4.97816e-14
        4652  4.94747e-14
        4653  5.06158e-14
        4654  4.98274e-14
        4655  4.86454e-14
        4656  4.77553e-14
        4657  4.75655e-14
        4658  4.78614e-14
        4659  4.80679e-14
        4660  4.92195e-14
        4661  4.83087e-14
        4662  4.66791e-14
        4663  4.69977e-14
        4664  4.79739e-14
        4665  4.83725e-14
        4666  4.87860e-14
        4667  4.72028e-14
        4668  4.72613e-14
        4669  4.87862e-14
        4670  4.87064e-14
        4671  4.73172e-14
        4672  4.61075e-14
        4673  4.51200e-14
        4674  4.53338e-14
        4675  4.45088e-14
        4676  4.55297e-14
        4677  4.52444e-14
        4678  4.46656e-14
        4679  4.41429e-14
        4680  4.34690e-14
        4681  4.24025e-14
        4682  4.10192e-14
        4683  4.08831e-14
        4684  4.24453e-14
        4685  4.25647e-14
        4686  4.18370e-14
        4687  4.09382e-14
        4688  4.09774e-14
        4689  4.16002e-14
        4690  3.99860e-14
        4691  3.95330e-14
        4692  3.98890e-14
        4693  3.97928e-14
        4694  3.98338e-14
        4695  3.87174e-14
        4696  3.84590e-14
        4697  3.99701e-14
        4698  4.14285e-14
        4699  4.16811e-14
        4700  4.11685e-14
        4701  4.18367e-14
        4702  4.16114e-14
        4703  4.01514e-14
        4704  3.91756e-14
        4705  3.96740e-14
        4706  3.98789e-14
        4707  3.95560e-14
        4708  4.04444e-14
        4709  4.06317e-14
        4710  4.15619e-14
        4711  4.23751e-14
        4712  4.25048e-14
        4713  4.18618e-14
        4714  4.15483e-14
        4715  4.10070e-14
        4716  4.01571e-14
        4717  4.08791e-14
        4718  4.10473e-14
        4719  4.09775e-14
        4720  4.05170e-14
        4721  4.25990e-14
        4722  4.26155e-14
        4723  4.04063e-14
        4724  4.05341e-14
        4725  4.18904e-14
        4726  4.29445e-14
        4727  4.28973e-14
        4728  4.28704e-14
        4729  4.38628e-14
        4730  4.37502e-14
        4731  4.55690e-14
        4732  4.58757e-14
        4733  4.50411e-14
        4734  4.53251e-14
        4735  4.45276e-14
        4736  4.42212e-14
        4737  4.40920e-14
        4738  4.29835e-14
        4739  4.35647e-14
        4740  4.38164e-14
        4741  4.34604e-14
        4742  4.38071e-14
        4743  4.32983e-14
        4744  4.33004e-14
        4745  4.42555e-14
        4746  4.22750e-14
        4747  4.22477e-14
        4748  4.30556e-14
        4749  4.27759e-14
        4750  4.23857e-14
        4751  4.21633e-14
        4752  4.31914e-14
        4753  4.29522e-14
        4754  4.26275e-14
        4755  4.18054e-14
        4756  4.17813e-14
        4757  4.22914e-14
        4758  4.11180e-14
        4759  3.90554e-14
        4760  3.93965e-14
        4761  3.95305e-14
        4762  3.98255e-14
        4763  3.91197e-14
        4764  3.83045e-14
        4765  3.86868e-14
        4766  3.78540e-14
        4767  3.71241e-14
        4768  3.70612e-14
        4769  3.81589e-14
        4770  3.79900e-14
        4771  3.76192e-14
        4772  3.72252e-14
        4773  3.70552e-14
        4774  3.64950e-14
        4775  3.61193e-14
        4776  3.59963e-14
        4777  3.60497e-14
        4778  3.64174e-14
        4779  3.71651e-14
        4780  3.66278e-14
        4781  3.72890e-14
        4782  3.72461e-14
        4783  3.68793e-14
        4784  3.66909e-14
        4785  3.57619e-14
        4786  3.64934e-14
        4787  3.74930e-14
        4788  3.72866e-14
        4789  3.72763e-14
        4790  3.81856e-14
        4791  3.85017e-14
        4792  3.76132e-14
        4793  3.66376e-14
        4794  3.64977e-14
        4795  3.72090e-14
        4796  3.71336e-14
        4797  3.72064e-14
        4798  3.76490e-14
        4799  3.90003e-14
        4800  3.93767e-14
        4801  3.92203e-14
        4802  3.92432e-14
        4803  3.99528e-14
        4804  4.03461e-14
        4805  4.06416e-14
        4806  4.14349e-14
        4807  4.16498e-14
        4808  4.10231e-14
        4809  4.04891e-14
        4810  3.95524e-14
        4811  3.99783e-14
        4812  4.20284e-14
        4813  4.17387e-14
        4814  4.12471e-14
        4815  4.14391e-14
        4816  4.19233e-14
        4817  4.20398e-14
        4818  4.27657e-14
        4819  4.33713e-14
        4820  4.30577e-14
        4821  4.21538e-14
        4822  4.19958e-14
        4823  4.29104e-14
        4824  4.30895e-14
        4825  4.25453e-14
        4826  4.11568e-14
        4827  4.13162e-14
        4828  4.13305e-14
        4829  4.14278e-14
        4830  4.22027e-14
        4831  4.24007e-14
        4832  4.30228e-14
        4833  4.35233e-14
        4834  4.34372e-14
        4835  4.35765e-14
        4836  4.34860e-14
        4837  4.28340e-14
        4838  4.27427e-14
        4839  4.29055e-14
        4840  4.31106e-14
        4841  4.29307e-14
        4842  4.22147e-14
        4843  4.16882e-14
        4844  4.14627e-14
        4845  4.07933e-14
        4846  4.01361e-14
        4847  3.93907e-14
        4848  4.03631e-14
        4849  3.90232e-14
        4850  3.71434e-14
        4851  3.72123e-14
        4852  3.77963e-14
        4853  3.74845e-14
        4854  3.64687e-14
        4855  3.48073e-14
        4856  3.48654e-14
        4857  3.59873e-14
        4858  3.49452e-14
        4859  3.43677e-14
        4860  3.44510e-14
        4861  3.38467e-14
        4862  3.24245e-14
        4863  3.17923e-14
        4864  3.21388e-14
        4865  3.09289e-14
        4866  3.13532e-14
        4867  3.14681e-14
        4868  3.11459e-14
        4869  3.17314e-14
        4870  3.20316e-14
        4871  3.10353e-14
        4872  3.04256e-14
        4873  2.95826e-14
        4874  2.89327e-14
        4875  2.89372e-14
        4876  2.99394e-14
        4877  2.96904e-14
        4878  2.98098e-14
        4879  2.96766e-14
        4880  2.93543e-14
        4881  2.93882e-14
        4882  3.00355e-14
        4883  3.07655e-14
        4884  2.94504e-14
        4885  2.84200e-14
        4886  2.86506e-14
        4887  2.86437e-14
        4888  2.81127e-14
        4889  2.78687e-14
        4890  2.82226e-14
        4891  2.96434e-14
        4892  2.94501e-14
        4893  2.91770e-14
        4894  2.91881e-14
        4895  2.87239e-14
        4896  2.89148e-14
        4897  2.93816e-14
        4898  2.96826e-14
        4899  2.96453e-14
        4900  2.97204e-14
        4901  3.05799e-14
        4902  3.09112e-14
        4903  3.08000e-14
        4904  3.15930e-14
        4905  3.17145e-14
        4906  3.15666e-14
        4907  3.19459e-14
        4908  3.16056e-14
        4909  3.15197e-14
        4910  3.14716e-14
        4911  3.12636e-14
        4912  3.15570e-14
        4913  3.17367e-14
        4914  3.17904e-14
        4915  3.17397e-14
        4916  3.20540e-14
        4917  3.32494e-14
        4918  3.42473e-14
        4919  3.50912e-14
        4920  3.57696e-14
        4921  3.59593e-14
        4922  3.60904e-14
        4923  3.60809e-14
        4924  3.63570e-14
        4925  3.66435e-14
        4926  3.71485e-14
        4927  3.68771e-14
        4928  3.70984e-14
        4929  3.83961e-14
        4930  3.96906e-14
        4931  3.84953e-14
        4932  3.86914e-14
        4933  4.02410e-14
        4934  4.24375e-14
        4935  4.25983e-14
        4936  4.10899e-14
        4937  4.11174e-14
        4938  4.15557e-14
        4939  4.19579e-14
        4940  4.27787e-14
        4941  4.30157e-14
        4942  4.25511e-14
        4943  4.21195e-14
        4944  4.12866e-14
        4945  4.13728e-14
        4946  4.19581e-14
        4947  4.25433e-14
        4948  4.22312e-14
        4949  4.14620e-14
        4950  4.18938e-14
        4951  4.16209e-14
        4952  4.17265e-14
        4953  4.16518e-14
        4954  4.20189e-14
        4955  4.12507e-14
        4956  4.08070e-14
        4957  4.14826e-14
        4958  4.09135e-14
        4959  4.01903e-14
        4960  4.03861e-14
        4961  4.13212e-14
        4962  4.12723e-14
        4963  4.12825e-14
        4964  4.13641e-14
        4965  4.14122e-14
        4966  4.15771e-14
        4967  4.23472e-14
        4968  4.26710e-14
        4969  4.32301e-14
        4970  4.31092e-14
        4971  4.14931e-14
        4972  4.08980e-14
        4973  4.13881e-14
        4974  4.24325e-14
        4975  4.32232e-14
        4976  4.28604e-14
        4977  4.16047e-14
        4978  4.21551e-14
        4979  4.27038e-14
        4980  4.25342e-14
        4981  4.29931e-14
        4982  4.35865e-14
        4983  4.29362e-14
        4984  4.23008e-14
        4985  4.23872e-14
        4986  4.13743e-14
        4987  4.02307e-14
        4988  4.00869e-14
        4989  4.04358e-14
        4990  4.03657e-14
        4991  3.96456e-14
        4992  3.89940e-14
        4993  3.85995e-14
        4994  3.93894e-14
        4995  4.01118e-14
        4996  4.09503e-14
        4997  4.08662e-14
        4998  4.11651e-14
        4999  4.13897e-14
        5000  3.93664e-14
        5001  3.80318e-14
        5002  3.98104e-14
        5003  4.08181e-14
        5004  3.99786e-14
        5005  3.97267e-14
        5006  3.97410e-14
        5007  4.00121e-14
        5008  4.08902e-14
        5009  4.12627e-14
        5010  4.14182e-14
        5011  4.13621e-14
        5012  4.05799e-14
        5013  4.14411e-14
        5014  4.20652e-14
        5015  4.15805e-14
        5016  4.15470e-14
        5017  4.22196e-14
        5018  4.21873e-14
        5019  4.25850e-14
        5020  4.23897e-14
        5021  4.10164e-14
        5022  4.10668e-14
        5023  4.10965e-14
        5024  4.03609e-14
        5025  3.97210e-14
        5026  4.05025e-14
        5027  4.12936e-14
        5028  4.13929e-14
        5029  4.16539e-14
        5030  4.22169e-14
        5031  4.26672e-14
        5032  4.23902e-14
        5033  4.14799e-14
        5034  4.11182e-14
        5035  4.14878e-14
        5036  4.13258e-14
        5037  4.08952e-14
        5038  4.13447e-14
        5039  4.24548e-14
        5040  4.28110e-14
        5041  4.28470e-14
        5042  4.40468e-14
        5043  4.41631e-14
        5044  4.32883e-14
        5045  4.33248e-14
        5046  4.46515e-14
        5047  4.51589e-14
        5048  4.49273e-14
        5049  4.52456e-14
        5050  4.59115e-14
        5051  4.65188e-14
        5052  4.56959e-14
        5053  4.51005e-14
        5054  4.49142e-14
        5055  4.44343e-14
        5056  4.47531e-14
        5057  4.52110e-14
        5058  4.53279e-14
        5059  4.52452e-14
        5060  4.49935e-14
        5061  4.53219e-14
        5062  4.40714e-14
        5063  4.46787e-14
        5064  4.52820e-14
        5065  4.57356e-14
        5066  4.56899e-14
        5067  4.57841e-14
        5068  4.53810e-14
        5069  4.53240e-14
        5070  4.59936e-14
        5071  4.69489e-14
        5072  4.67379e-14
        5073  4.68887e-14
        5074  4.59241e-14
        5075  4.57790e-14
        5076  4.71954e-14
        5077  4.70120e-14
        5078  4.75726e-14
        5079  4.91680e-14
        5080  4.90252e-14
        5081  4.94914e-14
        5082  4.89824e-14
        5083  4.86217e-14
        5084  4.85261e-14
        5085  4.95920e-14
        5086  5.02483e-14
        5087  4.97075e-14
        5088  5.07592e-14
        5089  5.08502e-14
        5090  4.96553e-14
        5091  5.02508e-14
        5092  5.06986e-14
        5093  5.09253e-14
        5094  5.13820e-14
        5095  5.14181e-14
        5096  5.03103e-14
        5097  5.06640e-14
        5098  5.10355e-14
        5099  5.05134e-14
        5100  5.14014e-14
        5101  5.18823e-14
        5102  5.11025e-14
        5103  5.10786e-14
        5104  5.10146e-14
        5105  4.96276e-14
        5106  4.97430e-14
        5107  5.15617e-14
        5108  5.22413e-14
        5109  5.24519e-14
        5110  5.33178e-14
        5111  5.21683e-14
        5112  5.18257e-14
        5113  5.30532e-14
        5114  5.40068e-14
        5115  5.40359e-14
        5116  5.38528e-14
        5117  5.43274e-14
        5118  5.44008e-14
        5119  5.32664e-14
        5120  5.25933e-14
        5121  5.26774e-14
        5122  5.38437e-14
        5123  5.47563e-14
        5124  5.40932e-14
        5125  5.51653e-14
        5126  5.49673e-14
        5127  5.50320e-14
        5128  5.60643e-14
        5129  5.64994e-14
        5130  5.72028e-14
        5131  5.78894e-14
        5132  5.79188e-14
        5133  5.80345e-14
        5134  5.74117e-14
        5135  5.64380e-14
        5136  5.75397e-14
        5137  5.79261e-14
        5138  5.78289e-14
        5139  5.81264e-14
        5140  5.92293e-14
        5141  5.98771e-14
        5142  6.02715e-14
        5143  5.96525e-14
        5144  5.84270e-14
        5145  5.91867e-14
        5146  5.93462e-14
        5147  5.82733e-14
        5148  5.84747e-14
        5149  5.96914e-14
        5150  5.95534e-14
        5151  6.01505e-14
        5152  6.10644e-14
        5153  6.12782e-14
        5154  5.98951e-14
        5155  5.98003e-14
        5156  6.13043e-14
        5157  6.18562e-14
        5158  6.01985e-14
        5159  5.96934e-14
        5160  6.04877e-14
        5161  6.08546e-14
        5162  6.09213e-14
        5163  6.09629e-14
        5164  6.16529e-14
        5165  6.28970e-14
        5166  6.20594e-14
        5167  6.18804e-14
        5168  6.35383e-14
        5169  6.30131e-14
        5170  6.24697e-14
        5171  6.29961e-14
        5172  6.35073e-14
        5173  6.34853e-14
        5174  6.34544e-14
        5175  6.36126e-14
        5176  6.34521e-14
        5177  6.39005e-14
        5178  6.39683e-14
        5179  6.29808e-14
        5180  6.36834e-14
        5181  6.38125e-14
        5182  6.43218e-14
        5183  6.44062e-14
        5184  6.32285e-14
        5185  6.30335e-14
        5186  6.37056e-14
        5187  6.47720e-14
        5188  6.60620e-14
        5189  6.59134e-14
        5190  6.55539e-14
        5191  6.51575e-14
        5192  6.54540e-14
        5193  6.48396e-14
        5194  6.50792e-14
        5195  6.49570e-14
        5196  6.41370e-14
        5197  6.41807e-14
        5198  6.39233e-14
        5199  6.40930e-14
        5200  6.49312e-14
        5201  6.44918e-14
        5202  6.51390e-14
        5203  6.60742e-14
        5204  6.49428e-14
        5205  6.56934e-14
        5206  6.71623e-14
        5207  6.70097e-14
        5208  6.69647e-14
        5209  6.71282e-14
        5210  6.64623e-14
        5211  6.72375e-14
        5212  6.88141e-14
        5213  6.81234e-14
        5214  6.76364e-14
        5215  6.89176e-14
        5216  6.92369e-14
        5217  6.89155e-14
        5218  6.94859e-14
        5219  6.97308e-14
        5220  7.03825e-14
        5221  7.11834e-14
        5222  7.11857e-14
        5223  7.08393e-14
        5224  7.05109e-14
        5225  6.94915e-14
        5226  6.90599e-14
        5227  6.81138e-14
        5228  6.80534e-14
        5229  7.01074e-14
        5230  7.22775e-14
        5231  7.06216e-14
        5232  6.99022e-14
        5233  7.01828e-14
        5234  7.02944e-14
        5235  7.09409e-14
        5236  7.12199e-14
        5237  7.04655e-14
        5238  6.98774e-14
        5239  7.15624e-14
        5240  7.34567e-14
        5241  7.27122e-14
        5242  7.28800e-14
        5243  7.39517e-14
        5244  7.51498e-14
        5245  7.54146e-14
        5246  7.50949e-14
        5247  7.29304e-14
        5248  7.21099e-14
        5249  7.21811e-14
        5250  7.26378e-14
        5251  7.27839e-14
        5252  7.22138e-14
        5253  7.31550e-14
        5254  7.45345e-14
        5255  7.43074e-14
        5256  7.26257e-14
        5257  7.21627e-14
        5258  7.09164e-14
        5259  7.08619e-14
        5260  7.13349e-14
        5261  7.13746e-14
        5262  7.05143e-14
        5263  7.02359e-14
        5264  7.07201e-14
        5265  7.12633e-14
        5266  7.11595e-14
        5267  7.02716e-14
        5268  6.94112e-14
        5269  6.87030e-14
        5270  6.86319e-14
        5271  6.72530e-14
        5272  6.67062e-14
        5273  6.73094e-14
        5274  6.64427e-14
        5275  6.53000e-14
        5276  6.53387e-14
        5277  6.46443e-14
        5278  6.52655e-14
        5279  6.66346e-14
        5280  6.78713e-14
        5281  6.69923e-14
        5282  6.54144e-14
        5283  6.55156e-14
        5284  6.31359e-14
        5285  6.23187e-14
        5286  6.32734e-14
        5287  6.33339e-14
        5288  6.18155e-14
        5289  6.13062e-14
        5290  6.20634e-14
        5291  6.30486e-14
        5292  6.25514e-14
        5293  6.12174e-14
        5294  6.18060e-14
        5295  6.19418e-14
        5296  6.15329e-14
        5297  6.21421e-14
        5298  6.14993e-14
        5299  5.98536e-14
        5300  6.01003e-14
        5301  6.03225e-14
        5302  6.04804e-14
        5303  6.04474e-14
        5304  5.91945e-14
        5305  5.88683e-14
        5306  5.78226e-14
        5307  5.79006e-14
        5308  5.87634e-14
        5309  5.87072e-14
        5310  5.80489e-14
        5311  5.82570e-14
        5312  5.84126e-14
        5313  5.86860e-14
        5314  5.86480e-14
        5315  5.74818e-14
        5316  5.71632e-14
        5317  5.66977e-14
        5318  5.59410e-14
        5319  5.68215e-14
        5320  5.76546e-14
        5321  5.79016e-14
        5322  5.82208e-14
        5323  5.78067e-14
        5324  5.80056e-14
        5325  5.88722e-14
        5326  5.90239e-14
        5327  5.82341e-14
        5328  5.92729e-14
        5329  6.00342e-14
        5330  5.96263e-14
        5331  5.86993e-14
        5332  5.74882e-14
        5333  5.72739e-14
        5334  5.71424e-14
        5335  5.74724e-14
        5336  5.79828e-14
        5337  5.79244e-14
        5338  5.85235e-14
        5339  5.81405e-14
        5340  5.69041e-14
        5341  5.68865e-14
        5342  5.78323e-14
        5343  5.80959e-14
        5344  5.71439e-14
        5345  5.80660e-14
        5346  5.85412e-14
        5347  5.67195e-14
        5348  5.67096e-14
        5349  5.82122e-14
        5350  5.90937e-14
        5351  5.80268e-14
        5352  5.79789e-14
        5353  5.91008e-14
        5354  5.82376e-14
        5355  5.80051e-14
        5356  5.91941e-14
        5357  5.91303e-14
        5358  5.86347e-14
        5359  5.89228e-14
        5360  5.85440e-14
        5361  5.89032e-14
        5362  5.94863e-14
        5363  5.91651e-14
        5364  5.75957e-14
        5365  5.75983e-14
        5366  5.95699e-14
        5367  5.75567e-14
        5368  5.68253e-14
        5369  5.79194e-14
        5370  5.82743e-14
        5371  5.82677e-14
        5372  5.86054e-14
        5373  5.99981e-14
        5374  5.96378e-14
        5375  6.04564e-14
        5376  6.01924e-14
        5377  5.93819e-14
        5378  5.90770e-14
        5379  5.91144e-14
        5380  5.98076e-14
        5381  6.01966e-14
        5382  6.07010e-14
        5383  6.05702e-14
        5384  6.01792e-14
        5385  6.05667e-14
        5386  6.14590e-14
        5387  6.08620e-14
        5388  6.05413e-14
        5389  6.14445e-14
        5390  6.07836e-14
        5391  5.97463e-14
        5392  6.02903e-14
        5393  6.10345e-14
        5394  6.07341e-14
        5395  6.13182e-14
        5396  6.26955e-14
        5397  6.43996e-14
        5398  6.42247e-14
        5399  6.38025e-14
        5400  6.37295e-14
        5401  6.34567e-14
        5402  6.36214e-14
        5403  6.50972e-14
        5404  6.42011e-14
        5405  6.38559e-14
        5406  6.37374e-14
        5407  6.32078e-14
        5408  6.39837e-14
        5409  6.40096e-14
        5410  6.10674e-14
        5411  6.06352e-14
        5412  6.18470e-14
        5413  6.23823e-14
        5414  6.32470e-14
        5415  6.39971e-14
        5416  6.29434e-14
        5417  6.22945e-14
        5418  6.28782e-14
        5419  6.35528e-14
        5420  6.25429e-14
        5421  6.26107e-14
        5422  6.37337e-14
        5423  6.47453e-14
        5424  6.43883e-14
        5425  6.33831e-14
        5426  6.25530e-14
        5427  6.17680e-14
        5428  6.15192e-14
        5429  6.07511e-14
        5430  5.98142e-14
        5431  5.98973e-14
        5432  6.07513e-14
        5433  6.14917e-14
        5434  6.20510e-14
        5435  6.13307e-14
        5436  6.19785e-14
        5437  6.22439e-14
        5438  6.10554e-14
        5439  6.07856e-14
        5440  6.04521e-14
        5441  6.03069e-14
        5442  5.95667e-14
        5443  6.02848e-14
        5444  6.19290e-14
        5445  6.10173e-14
        5446  5.92031e-14
        5447  5.89765e-14
        5448  5.88052e-14
        5449  5.90730e-14
        5450  5.92139e-14
        5451  5.89188e-14
        5452  5.82244e-14
        5453  5.69638e-14
        5454  5.72972e-14
        5455  5.69148e-14
        5456  5.59225e-14
        5457  5.60509e-14
        5458  5.56207e-14
        5459  5.42805e-14
        5460  5.41895e-14
        5461  5.34362e-14
        5462  5.39972e-14
        5463  5.41916e-14
        5464  5.54097e-14
        5465  5.57339e-14
        5466  5.55330e-14
        5467  5.55222e-14
        5468  5.56498e-14
        5469  5.57224e-14
        5470  5.56384e-14
        5471  5.36360e-14
        5472  5.26959e-14
        5473  5.28333e-14
        5474  5.16367e-14
        5475  5.29200e-14
        5476  5.35791e-14
        5477  5.28975e-14
        5478  5.42040e-14
        5479  5.32331e-14
        5480  5.20554e-14
        5481  5.10411e-14
        5482  4.98881e-14
        5483  4.85651e-14
        5484  4.91351e-14
        5485  4.98664e-14
        5486  5.07030e-14
        5487  5.05257e-14
        5488  4.96407e-14
        5489  4.86944e-14
        5490  4.92022e-14
        5491  5.03727e-14
        5492  5.08909e-14
        5493  5.08423e-14
        5494  5.05324e-14
        5495  5.00396e-14
        5496  5.04485e-14
        5497  5.08140e-14
        5498  5.03779e-14
        5499  4.93301e-14
        5500  4.87145e-14
        5501  4.92868e-14
        5502  4.92069e-14
        5503  4.99715e-14
        5504  4.99118e-14
        5505  4.99856e-14
        5506  5.01048e-14
        5507  4.99510e-14
        5508  5.00969e-14
        5509  4.98051e-14
        5510  4.98957e-14
        5511  5.07232e-14
        5512  5.10960e-14
        5513  5.04241e-14
        5514  5.15010e-14
        5515  5.19091e-14
        5516  5.24383e-14
        5517  5.27545e-14
        5518  5.25514e-14
        5519  5.21380e-14
        5520  5.27451e-14
        5521  5.32188e-14
        5522  5.37688e-14
        5523  5.38924e-14
        5524  5.45849e-14
        5525  5.48855e-14
        5526  5.47520e-14
        5527  5.55727e-14
        5528  5.64996e-14
        5529  5.58240e-14
        5530  5.50991e-14
        5531  5.36273e-14
        5532  5.42324e-14
        5533  5.64122e-14
        5534  5.72395e-14
        5535  5.77515e-14
        5536  5.75215e-14
        5537  5.79131e-14
        5538  5.87641e-14
        5539  5.91720e-14
        5540  5.92603e-14
        5541  6.01825e-14
        5542  5.88340e-14
        5543  5.98972e-14
        5544  6.18790e-14
        5545  6.25188e-14
        5546  6.24994e-14
        5547  6.24021e-14
        5548  6.29747e-14
        5549  6.33798e-14
        5550  6.54051e-14
        5551  6.69261e-14
        5552  6.64026e-14
        5553  6.53659e-14
        5554  6.49180e-14
        5555  6.43634e-14
        5556  6.52090e-14
        5557  6.72693e-14
        5558  6.80038e-14
        5559  6.76441e-14
        5560  6.81279e-14
        5561  6.76994e-14
        5562  6.72353e-14
        5563  6.79024e-14
        5564  6.88771e-14
        5565  6.92658e-14
        5566  7.05598e-14
        5567  7.17522e-14
        5568  7.09739e-14
        5569  7.04297e-14
        5570  7.12342e-14
        5571  7.11639e-14
        5572  7.36101e-14
        5573  7.43784e-14
        5574  7.19840e-14
        5575  7.19363e-14
        5576  7.49971e-14
        5577  7.57048e-14
        5578  7.64214e-14
        5579  7.61990e-14
        5580  7.51294e-14
        5581  7.73385e-14
        5582  7.79389e-14
        5583  7.76451e-14
        5584  7.87711e-14
        5585  7.89277e-14
        5586  7.88376e-14
        5587  7.82796e-14
        5588  7.88199e-14
        5589  7.88094e-14
        5590  7.85378e-14
        5591  7.81263e-14
        5592  7.91273e-14
        5593  8.03105e-14
        5594  7.95645e-14
        5595  7.84186e-14
        5596  7.86769e-14
        5597  7.83848e-14
        5598  7.77804e-14
        5599  7.84036e-14
        5600  7.82824e-14
        5601  7.90581e-14
        5602  7.94785e-14
        5603  7.96420e-14
        5604  8.16853e-14
        5605  8.15562e-14
        5606  8.06682e-14
        5607  8.07028e-14
        5608  7.93807e-14
        5609  7.99614e-14
        5610  8.03001e-14
        5611  8.11157e-14
        5612  8.20514e-14
        5613  8.19441e-14
        5614  8.20029e-14
        5615  8.17503e-14
        5616  8.17803e-14
        5617  8.05533e-14
        5618  8.07685e-14
        5619  8.35344e-14
        5620  8.40072e-14
        5621  8.45810e-14
        5622  8.43042e-14
        5623  8.26674e-14
        5624  8.05244e-14
        5625  7.95115e-14
        5626  8.12786e-14
        5627  8.18452e-14
        5628  8.03067e-14
        5629  7.94057e-14
        5630  7.91657e-14
        5631  7.89991e-14
        5632  7.94455e-14
        5633  7.99136e-14
        5634  8.11233e-14
        5635  8.12212e-14
        5636  8.04329e-14
        5637  8.03486e-14
        5638  8.14560e-14
        5639  8.11060e-14
        5640  8.05698e-14
        5641  7.98040e-14
        5642  7.91068e-14
        5643  7.88796e-14
        5644  7.85560e-14
        5645  7.85632e-14
        5646  7.82585e-14
        5647  7.94710e-14
        5648  8.03165e-14
        5649  8.15823e-14
        5650  8.10888e-14
        5651  8.01115e-14
        5652  7.89250e-14
        5653  7.92024e-14
        5654  8.01045e-14
        5655  8.03361e-14
        5656  7.99251e-14
        5657  7.89914e-14
        5658  7.82881e-14
        5659  7.78805e-14
        5660  7.85834e-14
        5661  7.84404e-14
        5662  7.67857e-14
        5663  7.71469e-14
        5664  7.82827e-14
        5665  7.85847e-14
        5666  7.79606e-14
        5667  7.60363e-14
        5668  7.54100e-14
        5669  7.70076e-14
        5670  7.69938e-14
        5671  7.59868e-14
        5672  7.56860e-14
        5673  7.64816e-14
        5674  7.71658e-14
        5675  7.74885e-14
        5676  7.70763e-14
        5677  7.49304e-14
        5678  7.68240e-14
        5679  7.87261e-14
        5680  7.84654e-14
        5681  7.72869e-14
        5682  7.79020e-14
        5683  7.75780e-14
        5684  7.81654e-14
        5685  7.83457e-14
        5686  7.83354e-14
        5687  7.75607e-14
        5688  7.57617e-14
        5689  7.54848e-14
        5690  7.57092e-14
        5691  7.53561e-14
        5692  7.54277e-14
        5693  7.52429e-14
        5694  7.53973e-14
        5695  7.64328e-14
        5696  7.66550e-14
        5697  7.60576e-14
        5698  7.58477e-14
        5699  7.54987e-14
        5700  7.62653e-14
        5701  7.66865e-14
        5702  7.77079e-14
        5703  7.92887e-14
        5704  7.96401e-14
        5705  7.85254e-14
        5706  7.68171e-14
        5707  7.65075e-14
        5708  7.61769e-14
        5709  7.56530e-14
        5710  7.40286e-14
        5711  7.36397e-14
        5712  7.43514e-14
        5713  7.57000e-14
        5714  7.46971e-14
        5715  7.35898e-14
        5716  7.41653e-14
        5717  7.58541e-14
        5718  7.63443e-14
        5719  7.37849e-14
        5720  7.24647e-14
        5721  7.44453e-14
        5722  7.49606e-14
        5723  7.29966e-14
        5724  7.25820e-14
        5725  7.29414e-14
        5726  7.33884e-14
        5727  7.40120e-14
        5728  7.39455e-14
        5729  7.36988e-14
        5730  7.40603e-14
        5731  7.31215e-14
        5732  7.36868e-14
        5733  7.43430e-14
        5734  7.27146e-14
        5735  7.16759e-14
        5736  6.97436e-14
        5737  7.02111e-14
        5738  7.14134e-14
        5739  7.02062e-14
        5740  6.77845e-14
        5741  6.78305e-14
        5742  6.82305e-14
        5743  6.76860e-14
        5744  6.65648e-14
        5745  6.64951e-14
        5746  6.62147e-14
        5747  6.45936e-14
        5748  6.33725e-14
        5749  6.34736e-14
        5750  6.36597e-14
        5751  6.19930e-14
        5752  6.15330e-14
        5753  6.13670e-14
        5754  6.15905e-14
        5755  6.29729e-14
        5756  6.30896e-14
        5757  6.23664e-14
        5758  6.10968e-14
        5759  6.03880e-14
        5760  5.84906e-14
        5761  5.75703e-14
        5762  5.63882e-14
        5763  5.55709e-14
        5764  5.64370e-14
        5765  5.66564e-14
        5766  5.46340e-14
        5767  5.46820e-14
        5768  5.46189e-14
        5769  5.48242e-14
        5770  5.45220e-14
        5771  5.40504e-14
        5772  5.34509e-14
        5773  5.09288e-14
        5774  5.08300e-14
        5775  5.16244e-14
        5776  5.19614e-14
        5777  5.23348e-14
        5778  5.24219e-14
        5779  5.17064e-14
        5780  5.12737e-14
        5781  5.04342e-14
        5782  5.03452e-14
        5783  5.04234e-14
        5784  4.97702e-14
        5785  5.03375e-14
        5786  5.11542e-14
        5787  5.09813e-14
        5788  5.02842e-14
        5789  5.03701e-14
        5790  5.12027e-14
        5791  5.14710e-14
        5792  5.24059e-14
        5793  5.29373e-14
        5794  5.31255e-14
        5795  5.29247e-14
        5796  5.23644e-14
        5797  5.20500e-14
        5798  5.20358e-14
        5799  5.24137e-14
        5800  5.40647e-14
        5801  5.31534e-14
        5802  5.31296e-14
        5803  5.43404e-14
        5804  5.47250e-14
        5805  5.39434e-14
        5806  5.24965e-14
        5807  5.18895e-14
        5808  5.36460e-14
        5809  5.53281e-14
        5810  5.49029e-14
        5811  5.36148e-14
        5812  5.55334e-14
        5813  5.64979e-14
        5814  5.58409e-14
        5815  5.66266e-14
        5816  5.71604e-14
        5817  5.72710e-14
        5818  5.75957e-14
        5819  5.78049e-14
        5820  5.91182e-14
        5821  6.02458e-14
        5822  6.13551e-14
        5823  6.28236e-14
        5824  6.37748e-14
        5825  6.59466e-14
        5826  6.51379e-14
        5827  6.47154e-14
        5828  6.56360e-14
        5829  6.60398e-14
        5830  6.65406e-14
        5831  6.73280e-14
        5832  6.69498e-14
        5833  6.66979e-14
        5834  6.60979e-14
        5835  6.66674e-14
        5836  6.77979e-14
        5837  6.76800e-14
        5838  6.62805e-14
        5839  6.54912e-14
        5840  6.66433e-14
        5841  6.79664e-14
        5842  6.91448e-14
        5843  7.02703e-14
        5844  7.14938e-14
        5845  6.87450e-14
        5846  6.87960e-14
        5847  7.17986e-14
        5848  7.12468e-14
        5849  7.09647e-14
        5850  7.09841e-14
        5851  7.12669e-14
        5852  7.31010e-14
        5853  7.49360e-14
        5854  7.42136e-14
        5855  7.39542e-14
        5856  7.43424e-14
        5857  7.34963e-14
        5858  7.23082e-14
        5859  7.16917e-14
        5860  7.22895e-14
        5861  7.27145e-14
        5862  7.25675e-14
        5863  7.32072e-14
        5864  7.44293e-14
        5865  7.44718e-14
        5866  7.56503e-14
        5867  7.80661e-14
        5868  7.97352e-14
        5869  7.89886e-14
        5870  8.04625e-14
        5871  8.05392e-14
        5872  8.03796e-14
        5873  8.23367e-14
        5874  8.33465e-14
        5875  8.19400e-14
        5876  8.25773e-14
        5877  8.48422e-14
        5878  8.56943e-14
        5879  8.54712e-14
        5880  8.45315e-14
        5881  8.41168e-14
        5882  8.19888e-14
        5883  7.98422e-14
        5884  7.88489e-14
        5885  7.88784e-14
        5886  7.91070e-14
        5887  7.92000e-14
        5888  7.85661e-14
        5889  7.59073e-14
        5890  7.37623e-14
        5891  7.29974e-14
        5892  7.20469e-14
        5893  7.09179e-14
        5894  6.94723e-14
        5895  6.74517e-14
        5896  6.52291e-14
        5897  6.42780e-14
        5898  6.48654e-14
        5899  6.40398e-14
        5900  6.28176e-14
        5901  6.30488e-14
        5902  6.47137e-14
        5903  6.73943e-14
        5904  7.02237e-14
        5905  7.14158e-14
        5906  7.21902e-14
        5907  7.62517e-14
        5908  7.95302e-14
        5909  7.94928e-14
        5910  8.12445e-14
        5911  8.19103e-14
        5912  8.36419e-14
        5913  8.36581e-14
        5914  8.36627e-14
        5915  8.39656e-14
        5916  8.35048e-14
        5917  8.38180e-14
        5918  8.54145e-14
        5919  8.62035e-14
        5920  8.64030e-14
        5921  8.72653e-14
        5922  8.68835e-14
        5923  8.56689e-14
        5924  8.50604e-14
        5925  8.46649e-14
        5926  8.37596e-14
        5927  8.32901e-14
        5928  8.28708e-14
        5929  8.44936e-14
        5930  8.62885e-14
        5931  8.80826e-14
        5932  8.71531e-14
        5933  8.61733e-14
        5934  8.64949e-14
        5935  8.66582e-14
        5936  8.75657e-14
        5937  8.82617e-14
        5938  8.98966e-14
        5939  9.05532e-14
        5940  9.01712e-14
        5941  9.06923e-14
        5942  9.11651e-14
        5943  9.04183e-14
        5944  9.08120e-14
        5945  9.17343e-14
        5946  9.07700e-14
        5947  9.04772e-14
        5948  9.28877e-14
        5949  9.33539e-14
        5950  9.36590e-14
        5951  9.24501e-14
        5952  8.89332e-14
        5953  9.01389e-14
        5954  8.97999e-14
        5955  8.80870e-14
        5956  8.72929e-14
        5957  8.85594e-14
        5958  8.79021e-14
        5959  8.81303e-14
        5960  8.90361e-14
        5961  8.86829e-14
        5962  8.76546e-14
        5963  8.77132e-14
        5964  8.77249e-14
        5965  8.66524e-14
        5966  8.71546e-14
        5967  8.73820e-14
        5968  8.74798e-14
        5969  8.73346e-14
        5970  8.80466e-14
        5971  8.88738e-14
        5972  8.85600e-14
        5973  8.85527e-14
        5974  8.84280e-14
        5975  8.85658e-14
        5976  8.85377e-14
        5977  8.84652e-14
        5978  8.90985e-14
        5979  8.91445e-14
        5980  8.95691e-14
        5981  9.07569e-14
        5982  9.14783e-14
        5983  9.06526e-14
        5984  8.90960e-14
        5985  8.77209e-14
        5986  8.70303e-14
        5987  8.70787e-14
        5988  8.70375e-14
        5989  8.60427e-14
        5990  8.75593e-14
        5991  8.68414e-14
        5992  8.81909e-14
        5993  8.83460e-14
        5994  8.77325e-14
        5995  8.52744e-14
        5996  8.53609e-14
        5997  8.56837e-14
        5998  8.75040e-14
        5999  8.78969e-14
        6000  8.74240e-14
        6001  8.68234e-14
        6002  8.75914e-14
        6003  8.73941e-14
        6004  8.69066e-14
        6005  8.67898e-14
        6006  8.82915e-14
        6007  9.00079e-14
        6008  9.08339e-14
        6009  9.03895e-14
        6010  8.99842e-14
        6011  8.96521e-14
        6012  9.13651e-14
        6013  8.98343e-14
        6014  8.63203e-14
        6015  8.64216e-14
        6016  8.73112e-14
        6017  8.71011e-14
        6018  8.63315e-14
        6019  8.59024e-14
        6020  8.51156e-14
        6021  8.45358e-14
        6022  8.59454e-14
        6023  8.59200e-14
        6024  8.35538e-14
        6025  8.31382e-14
        6026  8.39569e-14
        6027  8.50762e-14
        6028  8.28892e-14
        6029  8.10540e-14
        6030  8.11832e-14
        6031  8.20084e-14
        6032  8.20346e-14
        6033  8.19278e-14
        6034  8.30751e-14
        6035  8.28730e-14
        6036  8.06650e-14
        6037  7.99869e-14
        6038  8.03027e-14
        6039  7.90479e-14
        6040  7.62495e-14
        6041  7.60171e-14
        6042  7.77650e-14
        6043  7.71029e-14
        6044  7.54313e-14
        6045  7.63726e-14
        6046  7.57876e-14
        6047  7.39970e-14
        6048  7.27873e-14
        6049  7.35509e-14
        6050  7.41227e-14
        6051  7.32514e-14
        6052  7.21289e-14
        6053  7.24696e-14
        6054  7.21134e-14
        6055  7.10612e-14
        6056  7.04996e-14
        6057  7.10974e-14
        6058  6.99559e-14
        6059  6.91983e-14
        6060  6.87232e-14
        6061  6.78211e-14
        6062  6.66136e-14
        6063  6.64802e-14
        6064  6.51669e-14
        6065  6.52970e-14
        6066  6.68783e-14
        6067  6.56988e-14
        6068  6.36664e-14
        6069  6.32536e-14
        6070  6.28306e-14
        6071  6.22916e-14
        6072  6.15483e-14
        6073  5.85042e-14
        6074  5.81411e-14
        6075  5.93526e-14
        6076  5.83347e-14
        6077  5.60894e-14
        6078  5.62261e-14
        6079  5.67892e-14
        6080  5.61549e-14
        6081  5.55250e-14
        6082  5.51358e-14
        6083  5.60132e-14
        6084  5.60614e-14
        6085  5.56187e-14
        6086  5.42373e-14
        6087  5.30984e-14
        6088  5.33087e-14
        6089  5.18485e-14
        6090  5.11880e-14
        6091  5.17279e-14
        6092  5.05680e-14
        6093  4.93139e-14
        6094  4.86916e-14
        6095  4.67656e-14
        6096  4.60854e-14
        6097  4.58139e-14
        6098  4.58630e-14
        6099  4.57745e-14
        6100  4.59692e-14
        6101  4.53261e-14
        6102  4.49143e-14
        6103  4.50990e-14
        6104  4.35440e-14
        6105  4.31497e-14
        6106  4.35682e-14
        6107  4.35962e-14
        6108  4.17029e-14
        6109  4.06437e-14
        6110  4.02476e-14
        6111  3.82182e-14
        6112  3.75279e-14
        6113  3.78590e-14
        6114  3.74093e-14
        6115  3.78242e-14
        6116  3.82669e-14
        6117  3.76629e-14
        6118  3.81688e-14
        6119  3.67610e-14
        6120  3.78181e-14
        6121  3.93711e-14
        6122  3.77438e-14
        6123  3.71489e-14
        6124  3.55645e-14
        6125  3.49173e-14
        6126  3.60001e-14
        6127  3.63971e-14
        6128  3.48180e-14
        6129  3.45435e-14
        6130  3.41558e-14
        6131  3.36056e-14
        6132  3.33160e-14
        6133  3.13757e-14
        6134  3.13498e-14
        6135  3.27627e-14
        6136  3.26795e-14
        6137  3.11518e-14
        6138  3.11187e-14
        6139  3.09988e-14
        6140  3.06289e-14
        6141  3.13575e-14
        6142  3.18304e-14
        6143  3.17676e-14
        6144  3.07947e-14
        6145  3.02586e-14
        6146  3.04783e-14
        6147  3.03151e-14
        6148  3.24226e-14
        6149  3.25305e-14
        6150  3.08548e-14
        6151  3.06384e-14
        6152  3.06040e-14
        6153  3.21852e-14
        6154  3.32237e-14
        6155  3.17053e-14
        6156  3.12951e-14
        6157  3.24697e-14
        6158  3.28488e-14
        6159  3.25456e-14
        6160  3.30318e-14
        6161  3.41009e-14
        6162  3.35998e-14
        6163  3.35085e-14
        6164  3.45105e-14
        6165  3.46066e-14
        6166  3.47227e-14
        6167  3.43735e-14
        6168  3.27778e-14
        6169  3.37571e-14
        6170  3.34247e-14
        6171  3.52528e-14
        6172  3.68185e-14
        6173  3.67601e-14
        6174  3.69926e-14
        6175  3.71520e-14
        6176  3.70944e-14
        6177  3.65300e-14
        6178  3.72745e-14
        6179  3.94527e-14
        6180  3.90952e-14
        6181  3.95049e-14
        6182  3.93562e-14
        6183  3.92643e-14
        6184  4.09574e-14
        6185  4.14836e-14
        6186  3.94307e-14
        6187  3.99609e-14
        6188  4.26155e-14
        6189  4.18418e-14
        6190  4.05517e-14
        6191  4.07835e-14
        6192  4.14588e-14
        6193  4.38832e-14
        6194  4.40322e-14
        6195  4.47681e-14
        6196  4.50696e-14
        6197  4.58901e-14
        6198  4.57498e-14
        6199  4.62000e-14
        6200  4.85087e-14
        6201  4.90355e-14
        6202  4.92364e-14
        6203  4.97159e-14
        6204  5.13159e-14
        6205  5.15274e-14
        6206  5.09269e-14
        6207  5.18512e-14
        6208  5.46005e-14
        6209  5.47612e-14
        6210  5.49626e-14
        6211  5.58249e-14
        6212  5.58442e-14
        6213  5.54547e-14
        6214  5.58676e-14
        6215  5.56589e-14
        6216  5.66542e-14
        6217  5.82051e-14
        6218  5.68153e-14
        6219  5.59129e-14
        6220  5.61141e-14
        6221  5.61670e-14
        6222  5.38662e-14
        6223  5.41020e-14
        6224  5.62649e-14
        6225  5.62804e-14
        6226  5.71851e-14
        6227  5.93645e-14
        6228  6.12884e-14
        6229  6.24971e-14
        6230  6.18915e-14
        6231  6.05757e-14
        6232  6.12228e-14
        6233  6.24336e-14
        6234  6.34828e-14
        6235  6.54678e-14
        6236  6.59639e-14
        6237  6.56087e-14
        6238  6.61341e-14
        6239  6.73134e-14
        6240  6.59943e-14
        6241  6.63383e-14
        6242  6.84069e-14
        6243  6.84674e-14
        6244  6.88410e-14
        6245  7.04700e-14
        6246  7.16877e-14
        6247  7.04291e-14
        6248  7.01927e-14
        6249  7.17989e-14
        6250  7.18872e-14
        6251  7.35524e-14
        6252  7.42331e-14
        6253  7.61208e-14
        6254  7.56500e-14
        6255  7.50406e-14
        6256  7.79079e-14
        6257  7.93873e-14
        6258  7.91774e-14
        6259  7.92874e-14
        6260  7.82775e-14
        6261  7.83746e-14
        6262  7.86388e-14
        6263  8.01561e-14
        6264  8.12954e-14
        6265  8.21035e-14
        6266  8.28221e-14
        6267  8.45055e-14
        6268  8.41649e-14
        6269  8.29963e-14
        6270  8.22864e-14
        6271  8.12399e-14
        6272  8.35147e-14
        6273  8.54828e-14
        6274  8.52159e-14
        6275  8.48292e-14
        6276  8.80086e-14
        6277  8.77876e-14
        6278  8.54800e-14
        6279  8.56691e-14
        6280  8.62045e-14
        6281  8.54294e-14
        6282  8.49926e-14
        6283  8.55040e-14
        6284  8.57243e-14
        6285  8.80752e-14
        6286  8.83136e-14
        6287  8.85590e-14
        6288  9.00321e-14
        6289  9.20314e-14
        6290  9.00230e-14
        6291  8.83644e-14
        6292  9.06340e-14
        6293  9.11864e-14
        6294  9.10383e-14
        6295  9.19895e-14
        6296  9.41708e-14
        6297  9.29589e-14
        6298  9.16540e-14
        6299  9.36258e-14
        6300  9.47216e-14
        6301  9.34524e-14
        6302  9.35246e-14
        6303  9.70080e-14
        6304  9.71061e-14
        6305  9.77638e-14
        6306  9.85966e-14
        6307  9.93545e-14
        6308  9.88467e-14
        6309  9.86799e-14
        6310  1.00220e-13
        6311  1.00448e-13
        6312  1.00192e-13
        6313  1.00056e-13
        6314  9.98202e-14
        6315  9.92573e-14
        6316  9.88770e-14
        6317  1.00350e-13
        6318  1.00836e-13
        6319  1.03105e-13
        6320  1.03097e-13
        6321  1.02194e-13
        6322  1.01448e-13
        6323  1.00305e-13
        6324  1.02098e-13
        6325  1.03276e-13
        6326  1.02759e-13
        6327  1.02727e-13
        6328  1.03308e-13
        6329  1.03444e-13
        6330  1.03744e-13
        6331  1.03825e-13
        6332  1.03905e-13
        6333  1.06710e-13
        6334  1.08060e-13
        6335  1.08001e-13
        6336  1.07884e-13
        6337  1.06759e-13
        6338  1.06912e-13
        6339  1.07192e-13
        6340  1.05397e-13
        6341  1.03872e-13
        6342  1.06813e-13
        6343  1.07750e-13
        6344  1.05890e-13
        6345  1.06126e-13
        6346  1.06960e-13
        6347  1.07098e-13
        6348  1.07311e-13
        6349  1.05937e-13
        6350  1.05059e-13
        6351  1.06132e-13
        6352  1.06559e-13
        6353  1.06963e-13
        6354  1.07315e-13
        6355  1.08548e-13
        6356  1.09985e-13
        6357  1.11272e-13
        6358  1.10413e-13
        6359  1.10168e-13
        6360  1.08881e-13
        6361  1.09366e-13
        6362  1.11259e-13
        6363  1.08658e-13
        6364  1.05126e-13
        6365  1.07265e-13
        6366  1.08204e-13
        6367  1.06296e-13
        6368  1.06102e-13
        6369  1.09951e-13
        6370  1.08842e-13
        6371  1.05864e-13
        6372  1.04647e-13
        6373  1.03820e-13
        6374  1.06112e-13
        6375  1.07040e-13
        6376  1.07225e-13
        6377  1.06617e-13
        6378  1.03346e-13
        6379  1.03430e-13
        6380  1.03325e-13
        6381  1.04309e-13
        6382  1.04783e-13
        6383  1.05761e-13
        6384  1.06689e-13
        6385  1.11129e-13
        6386  1.10433e-13
        6387  1.09208e-13
        6388  1.09448e-13
        6389  1.09776e-13
        6390  1.09490e-13
        6391  1.09383e-13
        6392  1.04709e-13
        6393  1.06713e-13
        6394  1.10852e-13
        6395  1.11230e-13
        6396  1.11016e-13
        6397  1.10470e-13
        6398  1.10494e-13
        6399  1.12142e-13
        6400  1.12277e-13
        6401  1.11341e-13
        6402  1.11307e-13
        6403  1.12232e-13
        6404  1.12177e-13
        6405  1.11928e-13
        6406  1.09464e-13
        6407  1.08974e-13
        6408  1.07693e-13
        6409  1.08355e-13
        6410  1.09218e-13
        6411  1.08979e-13
        6412  1.08708e-13
        6413  1.08689e-13
        6414  1.08620e-13
        6415  1.09549e-13
        6416  1.09723e-13
        6417  1.10591e-13
        6418  1.09748e-13
        6419  1.09118e-13
        6420  1.08794e-13
        6421  1.08240e-13
        6422  1.06428e-13
        6423  1.06493e-13
        6424  1.07982e-13
        6425  1.09035e-13
        6426  1.10780e-13
        6427  1.10144e-13
        6428  1.09495e-13
        6429  1.09615e-13
        6430  1.11083e-13
        6431  1.12898e-13
        6432  1.12768e-13
        6433  1.11495e-13
        6434  1.10424e-13
        6435  1.09993e-13
        6436  1.12126e-13
        6437  1.11401e-13
        6438  1.06605e-13
        6439  1.05862e-13
        6440  1.05282e-13
        6441  1.06958e-13
        6442  1.08374e-13
        6443  1.06057e-13
        6444  1.05941e-13
        6445  1.04248e-13
        6446  1.04051e-13
        6447  1.04496e-13
        6448  1.03606e-13
        6449  1.02286e-13
        6450  1.01416e-13
        6451  1.01108e-13
        6452  1.02950e-13
        6453  1.02836e-13
        6454  1.00010e-13
        6455  1.01966e-13
        6456  1.02580e-13
        6457  1.03919e-13
        6458  1.03311e-13
        6459  9.92052e-14
        6460  9.92271e-14
        6461  9.97810e-14
        6462  9.99136e-14
        6463  1.00465e-13
        6464  9.69088e-14
        6465  9.58916e-14
        6466  9.93714e-14
        6467  1.00523e-13
        6468  1.01026e-13
        6469  1.00557e-13
        6470  1.00013e-13
        6471  1.00127e-13
        6472  9.98994e-14
        6473  9.75003e-14
        6474  9.71498e-14
        6475  9.74121e-14
        6476  9.61881e-14
        6477  9.48201e-14
        6478  9.84171e-14
        6479  9.93406e-14
        6480  9.67526e-14
        6481  9.65076e-14
        6482  9.80383e-14
        6483  9.93582e-14
        6484  9.86229e-14
        6485  9.85802e-14
        6486  9.78543e-14
        6487  9.71642e-14
        6488  9.70379e-14
        6489  9.61848e-14
        6490  9.63189e-14
        6491  9.69987e-14
        6492  9.66828e-14
        6493  9.69602e-14
        6494  9.39044e-14
        6495  9.29184e-14
        6496  9.49723e-14
        6497  9.41945e-14
        6498  9.33058e-14
        6499  9.34203e-14
        6500  9.31897e-14
        6501  9.26383e-14
        6502  9.27786e-14
        6503  9.29664e-14
        6504  9.15461e-14
        6505  9.03256e-14
        6506  9.11043e-14
        6507  9.16038e-14
        6508  9.21362e-14
        6509  9.22695e-14
        6510  9.27503e-14
        6511  9.18273e-14
        6512  9.12203e-14
        6513  9.10964e-14
        6514  9.11670e-14
        6515  9.03299e-14
        6516  9.02924e-14
        6517  9.05512e-14
        6518  8.89023e-14
        6519  8.82661e-14
        6520  8.81678e-14
        6521  8.67119e-14
        6522  8.76001e-14
        6523  8.86650e-14
        6524  8.76899e-14
        6525  8.76646e-14
        6526  8.76125e-14
        6527  8.53213e-14
        6528  8.55461e-14
        6529  8.73550e-14
        6530  8.70404e-14
        6531  8.94201e-14
        6532  8.97817e-14
        6533  8.83278e-14
        6534  8.85154e-14
        6535  8.86360e-14
        6536  8.62937e-14
        6537  8.53611e-14
        6538  8.37485e-14
        6539  8.19905e-14
        6540  8.19934e-14
        6541  8.23143e-14
        6542  8.22130e-14
        6543  8.44115e-14
        6544  8.69389e-14
        6545  8.68749e-14
        6546  8.49682e-14
        6547  8.55995e-14
        6548  8.65559e-14
        6549  8.68249e-14
        6550  8.47746e-14
        6551  8.61805e-14
        6552  8.59872e-14
        6553  8.49498e-14
        6554  8.42780e-14
        6555  8.68838e-14
        6556  8.99125e-14
        6557  8.81429e-14
        6558  8.64526e-14
        6559  8.65180e-14
        6560  8.72096e-14
        6561  8.65779e-14
        6562  8.59904e-14
        6563  8.81467e-14
        6564  8.84792e-14
        6565  8.83526e-14
        6566  8.70194e-14
        6567  8.28320e-14
        6568  8.12948e-14
        6569  8.21293e-14
        6570  8.23537e-14
        6571  8.16298e-14
        6572  8.14256e-14
        6573  8.38237e-14
        6574  8.41360e-14
        6575  8.30678e-14
        6576  8.46180e-14
        6577  8.64295e-14
        6578  8.50988e-14
        6579  8.27517e-14
        6580  8.31114e-14
        6581  8.50651e-14
        6582  8.57906e-14
        6583  8.45236e-14
        6584  8.48878e-14
        6585  8.37536e-14
        6586  8.31750e-14
        6587  8.41545e-14
        6588  8.26423e-14
        6589  8.23349e-14
        6590  8.14144e-14
        6591  8.11219e-14
        6592  8.17615e-14
        6593  8.29720e-14
        6594  8.29537e-14
        6595  8.23144e-14
        6596  8.43322e-14
        6597  8.52658e-14
        6598  8.32920e-14
        6599  8.30192e-14
        6600  8.53652e-14
        6601  8.22117e-14
        6602  8.03959e-14
        6603  8.25242e-14
        6604  8.34067e-14
        6605  8.12579e-14
        6606  8.00651e-14
        6607  7.95863e-14
        6608  7.97663e-14
        6609  8.00720e-14
        6610  8.13711e-14
        6611  8.11728e-14
        6612  8.16736e-14
        6613  8.04313e-14
        6614  7.87311e-14
        6615  8.10567e-14
        6616  8.17189e-14
        6617  8.02317e-14
        6618  7.95293e-14
        6619  7.72396e-14
        6620  7.97311e-14
        6621  7.98925e-14
        6622  8.00850e-14
        6623  7.95590e-14
        6624  7.70775e-14
        6625  7.64782e-14
        6626  7.77625e-14
        6627  7.93297e-14
        6628  8.07214e-14
        6629  8.11874e-14
        6630  7.97055e-14
        6631  7.64251e-14
        6632  7.76825e-14
        6633  7.70028e-14
        6634  7.63788e-14
        6635  7.59388e-14
        6636  7.69828e-14
        6637  7.75398e-14
        6638  7.76461e-14
        6639  7.73671e-14
        6640  7.67971e-14
        6641  7.67257e-14
        6642  7.57738e-14
        6643  7.53864e-14
        6644  7.56050e-14
        6645  7.49873e-14
        6646  7.54995e-14
        6647  7.62734e-14
        6648  7.44328e-14
        6649  7.28621e-14
        6650  7.19070e-14
        6651  7.29410e-14
        6652  7.50886e-14
        6653  7.50434e-14
        6654  7.33898e-14
        6655  7.35979e-14
        6656  7.44940e-14
        6657  7.31681e-14
        6658  7.27003e-14
        6659  7.62721e-14
        6660  7.59113e-14
        6661  7.57105e-14
        6662  7.68611e-14
        6663  7.54843e-14
        6664  7.54384e-14
        6665  7.54972e-14
        6666  7.61533e-14
        6667  7.63553e-14
        6668  7.68825e-14
        6669  7.63439e-14
        6670  7.40727e-14
        6671  7.36753e-14
        6672  7.60408e-14
        6673  7.56586e-14
        6674  7.31158e-14
        6675  7.38761e-14
        6676  7.40592e-14
        6677  7.22247e-14
        6678  7.30835e-14
        6679  7.49696e-14
        6680  7.51345e-14
        6681  7.17163e-14
        6682  7.08253e-14
        6683  7.21627e-14
        6684  7.10217e-14
        6685  7.21866e-14
        6686  7.53263e-14
        6687  7.28403e-14
        6688  7.21516e-14
        6689  7.32767e-14
        6690  7.28863e-14
        6691  7.23017e-14
        6692  7.25501e-14
        6693  7.51454e-14
        6694  7.39079e-14
        6695  7.32701e-14
        6696  7.20490e-14
        6697  7.17260e-14
        6698  7.25279e-14
        6699  7.09973e-14
        6700  6.90688e-14
        6701  6.91759e-14
        6702  7.09907e-14
        6703  7.44083e-14
        6704  7.45196e-14
        6705  7.40895e-14
        6706  7.36564e-14
        6707  7.39589e-14
        6708  7.37391e-14
        6709  7.39079e-14
        6710  7.36699e-14
        6711  7.35075e-14
        6712  7.27921e-14
        6713  7.24487e-14
        6714  7.28488e-14
        6715  7.07056e-14
        6716  7.26220e-14
        6717  7.51127e-14
        6718  7.35755e-14
        6719  7.38846e-14
        6720  7.34839e-14
        6721  7.40221e-14
        6722  7.56106e-14
        6723  7.36410e-14
        6724  7.38684e-14
        6725  7.26465e-14
        6726  7.21872e-14
        6727  7.42645e-14
        6728  7.46307e-14
        6729  7.39135e-14
        6730  7.22419e-14
        6731  7.08106e-14
        6732  7.23018e-14
        6733  7.25034e-14
        6734  7.17487e-14
        6735  7.24421e-14
        6736  7.16425e-14
        6737  7.05144e-14
        6738  6.87616e-14
        6739  6.82971e-14
        6740  6.78279e-14
        6741  6.92570e-14
        6742  6.89565e-14
        6743  6.78869e-14
        6744  6.78278e-14
        6745  6.88384e-14
        6746  6.96134e-14
        6747  7.07778e-14
        6748  6.90682e-14
        6749  7.01547e-14
        6750  7.14772e-14
        6751  7.03368e-14
        6752  7.14028e-14
        6753  7.17416e-14
        6754  6.89583e-14
        6755  6.87715e-14
        6756  6.94119e-14
        6757  6.93956e-14
        6758  6.83587e-14
        6759  6.78259e-14
        6760  6.83099e-14
        6761  6.81827e-14
        6762  6.80550e-14
        6763  6.75110e-14
        6764  6.75495e-14
        6765  6.65612e-14
        6766  6.60904e-14
        6767  6.75264e-14
        6768  6.65237e-14
        6769  6.48307e-14
        6770  6.58145e-14
        6771  6.56048e-14
        6772  6.48163e-14
        6773  6.38096e-14
        6774  6.31411e-14
        6775  6.33152e-14
        6776  6.35111e-14
        6777  6.25845e-14
        6778  6.29707e-14
        6779  6.36269e-14
        6780  6.34956e-14
        6781  6.20396e-14
        6782  6.06422e-14
        6783  6.19936e-14
        6784  6.28022e-14
        6785  6.33149e-14
        6786  6.41200e-14
        6787  6.42790e-14
        6788  6.47417e-14
        6789  6.25212e-14
        6790  6.23888e-14
        6791  6.20383e-14
        6792  6.01638e-14
        6793  5.98652e-14
        6794  5.98361e-14
        6795  6.06387e-14
        6796  6.16553e-14
        6797  6.01608e-14
        6798  6.00406e-14
        6799  5.98358e-14
        6800  5.81421e-14
        6801  5.80871e-14
        6802  5.79520e-14
        6803  5.80019e-14
        6804  5.86470e-14
        6805  5.84448e-14
        6806  5.77154e-14
        6807  5.94432e-14
        6808  6.00481e-14
        6809  5.85996e-14
        6810  5.77414e-14
        6811  5.83456e-14
        6812  5.83646e-14
        6813  5.86242e-14
        6814  5.91722e-14
        6815  5.81887e-14
        6816  5.63971e-14
        6817  5.57386e-14
        6818  5.54458e-14
        6819  5.53900e-14
        6820  5.59011e-14
        6821  5.47172e-14
        6822  5.57074e-14
        6823  5.71214e-14
        6824  5.78275e-14
        6825  5.73727e-14
        6826  5.65340e-14
        6827  5.58077e-14
        6828  5.62215e-14
        6829  5.57937e-14
        6830  5.72912e-14
        6831  5.72313e-14
        6832  5.52948e-14
        6833  5.84466e-14
        6834  5.79497e-14
        6835  5.64808e-14
        6836  5.77832e-14
        6837  5.80972e-14
        6838  5.46500e-14
        6839  5.58031e-14
        6840  5.54882e-14
        6841  5.53608e-14
        6842  5.72124e-14
        6843  5.63602e-14
        6844  5.70138e-14
        6845  5.52007e-14
        6846  5.46044e-14
        6847  5.52842e-14
        6848  5.56581e-14
        6849  5.78933e-14
        6850  5.51825e-14
        6851  5.52633e-14
        6852  5.58304e-14
        6853  5.48166e-14
        6854  5.46291e-14
        6855  5.70811e-14
        6856  5.57439e-14
        6857  5.52305e-14
        6858  5.55316e-14
        6859  5.68108e-14
        6860  5.78254e-14
        6861  5.38463e-14
        6862  5.39604e-14
        6863  5.44999e-14
        6864  5.32549e-14
        6865  5.03125e-14
        6866  5.02157e-14
        6867  4.88472e-14
        6868  4.77218e-14
        6869  4.81388e-14
        6870  4.88717e-14
        6871  4.72202e-14
        6872  4.72241e-14
        6873  4.92892e-14
        6874  5.03708e-14
        6875  5.03017e-14
        6876  4.99849e-14
        6877  5.04601e-14
        6878  5.21609e-14
        6879  5.19406e-14
        6880  5.15734e-14
        6881  5.12600e-14
        6882  5.27708e-14
        6883  5.35357e-14
        6884  5.39279e-14
        6885  5.42255e-14
        6886  5.44311e-14
        6887  5.50695e-14
        6888  5.43000e-14
        6889  5.25584e-14
        6890  5.13621e-14
        6891  4.99446e-14
        6892  5.31948e-14
        6893  5.40152e-14
        6894  5.34196e-14
        6895  5.15124e-14
        6896  5.22187e-14
        6897  5.39571e-14
        6898  5.32838e-14
        6899  5.45427e-14
        6900  5.37570e-14
        6901  5.37401e-14
        6902  5.41471e-14
        6903  5.31238e-14
        6904  5.53850e-14
        6905  5.60482e-14
        6906  5.43802e-14
        6907  5.53094e-14
        6908  5.58613e-14
        6909  5.52398e-14
        6910  5.45032e-14
        6911  5.42107e-14
        6912  5.70701e-14
        6913  5.70109e-14
        6914  5.66705e-14
        6915  5.71875e-14
        6916  5.75999e-14
        6917  5.56027e-14
        6918  5.65668e-14
        6919  5.85433e-14
        6920  5.95488e-14
        6921  6.06175e-14
        6922  6.15065e-14
        6923  5.87880e-14
        6924  5.86525e-14
        6925  5.68150e-14
        6926  5.74916e-14
        6927  5.79496e-14
        6928  5.89033e-14
        6929  6.07061e-14
        6930  6.09509e-14
        6931  5.80051e-14
        6932  5.81054e-14
        6933  5.92631e-14
        6934  5.90390e-14
        6935  5.75423e-14
        6936  5.61450e-14
        6937  5.56405e-14
        6938  5.57991e-14
        6939  5.49830e-14
        6940  5.73948e-14
        6941  5.81919e-14
        6942  5.70139e-14
        6943  5.58894e-14
        6944  5.77492e-14
        6945  5.78556e-14
        6946  5.69458e-14
        6947  5.66466e-14
        6948  5.58590e-14
        6949  5.47381e-14
        6950  5.63669e-14
        6951  5.73776e-14
        6952  5.65771e-14
        6953  5.70888e-14
        6954  5.52276e-14
        6955  5.47493e-14
        6956  5.64958e-14
        6957  5.74799e-14
        6958  6.00837e-14
        6959  6.08165e-14
        6960  6.18069e-14
        6961  6.12466e-14
        6962  6.13278e-14
        6963  6.05689e-14
        6964  6.23075e-14
        6965  6.27509e-14
        6966  6.11710e-14
        6967  6.22335e-14
        6968  6.39873e-14
        6969  6.09072e-14
        6970  6.05160e-14
        6971  6.20771e-14
        6972  6.34782e-14
        6973  6.20357e-14
        6974  6.12106e-14
        6975  5.90916e-14
        6976  5.97029e-14
        6977  5.99708e-14
        6978  5.90734e-14
        6979  5.95816e-14
        6980  5.79133e-14
        6981  5.59954e-14
        6982  6.01980e-14
        6983  5.98425e-14
        6984  5.82952e-14
        6985  5.88615e-14
        6986  5.97782e-14
        6987  5.82297e-14
        6988  5.80383e-14
        6989  5.81093e-14
        6990  5.95043e-14
        6991  5.79915e-14
        6992  5.44417e-14
        6993  5.49159e-14
        6994  5.59630e-14
        6995  5.77722e-14
        6996  5.73878e-14
        6997  5.85934e-14
        6998  5.96852e-14
        6999  5.76729e-14
        7000  5.66598e-14
        7001  5.73228e-14
        7002  5.79714e-14
        7003  5.87579e-14
        7004  5.91732e-14
        7005  6.09263e-14
        7006  6.20583e-14
        7007  5.93866e-14
        7008  6.00874e-14
        7009  5.96938e-14
        7010  5.95784e-14
        7011  6.31264e-14
        7012  6.21559e-14
        7013  6.30644e-14
        7014  6.29454e-14
        7015  6.22869e-14
        7016  6.28813e-14
        7017  6.32015e-14
        7018  5.80762e-14
        7019  5.82607e-14
        7020  6.20655e-14
        7021  6.35356e-14
        7022  6.44759e-14
        7023  6.09039e-14
        7024  6.07092e-14
        7025  5.85758e-14
        7026  6.17142e-14
        7027  6.36601e-14
        7028  6.13751e-14
        7029  6.04801e-14
        7030  6.28701e-14
        7031  6.28560e-14
        7032  6.15558e-14
        7033  5.96389e-14
        7034  6.19221e-14
        7035  6.15208e-14
        7036  6.33411e-14
        7037  6.11072e-14
        7038  6.12552e-14
        7039  6.39201e-14
        7040  6.23869e-14
        7041  5.95264e-14
        7042  6.10127e-14
        7043  6.27748e-14
        7044  6.12705e-14
        7045  6.26671e-14
        7046  6.51074e-14
        7047  6.38218e-14
        7048  6.24966e-14
        7049  6.21918e-14
        7050  6.22855e-14
        7051  6.50732e-14
        7052  6.65351e-14
        7053  6.46424e-14
        7054  6.56029e-14
        7055  6.43390e-14
        7056  6.24510e-14
        7057  6.17863e-14
        7058  6.51484e-14
        7059  6.61667e-14
        7060  6.38718e-14
        7061  6.40344e-14
        7062  6.48285e-14
        7063  6.75298e-14
        7064  6.09775e-14
        7065  5.91947e-14
        7066  6.10445e-14
        7067  5.89675e-14
        7068  5.72003e-14
        7069  5.87509e-14
        7070  5.81253e-14
        7071  5.70284e-14
        7072  5.89266e-14
        7073  5.99201e-14
        7074  5.90413e-14
        7075  6.43735e-14
        7076  6.50670e-14
        7077  6.05841e-14
        7078  6.32635e-14
        7079  6.36431e-14
        7080  5.99639e-14
        7081  5.86257e-14
        7082  5.81969e-14
        7083  6.40868e-14
        7084  6.19239e-14
        7085  5.84283e-14
        7086  6.43192e-14
        7087  6.45341e-14
        7088  6.32866e-14
        7089  6.33393e-14
        7090  6.41917e-14
        7091  6.21183e-14
        7092  6.33542e-14
        7093  6.42158e-14
        7094  6.38328e-14
