MJDOBS    46582.0
JDOBS    2.44658e+06
DATE    19860601
AGE_OBS    NaN
TELESCOPE    --
DETECTOR    --
SOURCE    Asiago-Catalogue(SUSPECT)
       4263.0800  5.48458e-15
       4265.0800  5.96304e-15
       4267.0800  6.43527e-15
       4269.0800  6.50420e-15
       4271.0800  6.76880e-15
       4273.0800  6.80186e-15
       4275.0800  6.88184e-15
       4277.0800  6.97294e-15
       4279.0800  6.86551e-15
       4281.0800  6.25835e-15
       4283.0800  6.20575e-15
       4285.0800  7.01030e-15
       4287.0800  7.65025e-15
       4289.0800  7.56053e-15
       4291.0800  6.91578e-15
       4293.0800  6.81305e-15
       4295.0800  6.99394e-15
       4297.0800  7.10303e-15
       4299.0800  7.06713e-15
       4301.0800  6.93614e-15
       4303.0800  6.93507e-15
       4305.0800  7.39761e-15
       4307.0800  7.69353e-15
       4309.0800  7.56233e-15
       4311.0800  7.08004e-15
       4313.0800  7.00985e-15
       4315.0800  7.25874e-15
       4317.0800  7.38596e-15
       4319.0800  7.46785e-15
       4321.0800  7.73432e-15
       4323.0800  7.74795e-15
       4325.0800  7.67757e-15
       4327.0800  7.63460e-15
       4329.0800  7.66400e-15
       4331.0800  7.79257e-15
       4333.0800  7.77402e-15
       4335.0800  7.59457e-15
       4337.0800  7.49824e-15
       4339.0800  7.49362e-15
       4341.0800  7.51299e-15
       4343.0800  7.52865e-15
       4345.0800  7.90369e-15
       4347.0800  8.04383e-15
       4349.0800  7.88859e-15
       4351.0800  7.60805e-15
       4353.0800  7.49761e-15
       4355.0800  6.94949e-15
       4357.0800  6.72005e-15
       4359.0800  6.64817e-15
       4361.0800  6.53573e-15
       4363.0800  6.51606e-15
       4365.0800  6.66294e-15
       4367.0800  6.69756e-15
       4369.0800  6.71056e-15
       4371.0800  6.75253e-15
       4373.0800  6.72267e-15
       4375.0800  6.52142e-15
       4377.0800  6.46590e-15
       4379.0800  6.76641e-15
       4381.0800  7.22629e-15
       4383.0800  7.21650e-15
       4385.0800  6.71423e-15
       4387.0800  6.55762e-15
       4389.0800  6.27264e-15
       4391.0800  5.87734e-15
       4393.0800  5.86062e-15
       4395.0800  6.36557e-15
       4397.0800  6.43537e-15
       4399.0800  6.08905e-15
       4401.0800  5.68658e-15
       4403.0800  5.66110e-15
       4405.0800  6.03871e-15
       4407.0800  6.08748e-15
       4409.0800  6.03072e-15
       4411.0800  5.98234e-15
       4413.0800  5.97215e-15
       4415.0800  6.07453e-15
       4417.0800  6.06837e-15
       4419.0800  5.96157e-15
       4421.0800  5.86275e-15
       4423.0800  5.82774e-15
       4425.0800  5.75549e-15
       4427.0800  5.72990e-15
       4429.0800  5.74233e-15
       4431.0800  5.75408e-15
       4433.0800  5.69395e-15
       4435.0800  5.41072e-15
       4437.0800  5.36688e-15
       4439.0800  5.55213e-15
       4441.0800  5.69030e-15
       4443.0800  5.67518e-15
       4445.0800  5.58097e-15
       4447.0800  5.59071e-15
       4449.0800  6.04392e-15
       4451.0800  6.36651e-15
       4453.0800  6.41537e-15
       4455.0800  6.54744e-15
       4457.0800  6.55679e-15
       4459.0800  6.57382e-15
       4461.0800  6.58135e-15
       4463.0800  6.65851e-15
       4465.0800  6.95982e-15
       4467.0800  7.00951e-15
       4469.0800  7.23979e-15
       4471.0800  7.37675e-15
       4473.0800  7.27066e-15
       4475.0800  6.95990e-15
       4477.0800  6.90023e-15
       4479.0800  6.92335e-15
       4481.0800  6.92138e-15
       4483.0800  6.97742e-15
       4485.0800  7.15862e-15
       4487.0800  7.16558e-15
       4489.0800  7.11862e-15
       4491.0800  7.09227e-15
       4493.0800  7.19275e-15
       4495.0800  7.44896e-15
       4497.0800  7.49838e-15
       4499.0800  7.81082e-15
       4501.0800  7.94608e-15
       4503.0800  8.07808e-15
       4505.0800  8.37492e-15
       4507.0800  8.38586e-15
       4509.0800  8.23920e-15
       4511.0800  8.17721e-15
       4513.0800  8.27469e-15
       4515.0800  8.46845e-15
       4517.0800  8.51599e-15
       4519.0800  8.93631e-15
       4521.0800  9.07599e-15
       4523.0800  9.15025e-15
       4525.0800  9.27771e-15
       4527.0800  9.33349e-15
       4529.0800  9.94106e-15
       4531.0800  1.01253e-14
       4533.0800  1.02999e-14
       4535.0800  1.05790e-14
       4537.0800  1.06393e-14
       4539.0800  1.11136e-14
       4541.0800  1.12375e-14
       4543.0800  1.14014e-14
       4545.0800  1.16407e-14
       4547.0800  1.16930e-14
       4549.0800  1.21555e-14
       4551.0800  1.22742e-14
       4553.0800  1.27042e-14
       4555.0800  1.32529e-14
       4557.0800  1.33686e-14
       4559.0800  1.41334e-14
       4561.0800  1.42970e-14
       4563.0800  1.46736e-14
       4565.0800  1.51223e-14
       4567.0800  1.52207e-14
       4569.0800  1.59826e-14
       4571.0800  1.61271e-14
       4573.0800  1.66392e-14
       4575.0800  1.71941e-14
       4577.0800  1.73083e-14
       4579.0800  1.80921e-14
       4581.0800  1.81841e-14
       4583.0800  1.81313e-14
       4585.0800  1.80966e-14
       4587.0800  1.81427e-14
       4589.0800  1.87486e-14
       4591.0800  1.88189e-14
       4593.0800  1.89602e-14
       4595.0800  1.90955e-14
       4597.0800  1.91330e-14
       4599.0800  1.94869e-14
       4601.0800  1.95033e-14
       4603.0800  1.94784e-14
       4605.0800  1.94659e-14
       4607.0800  1.93564e-14
       4609.0800  1.89999e-14
       4611.0800  1.89190e-14
       4613.0800  1.90936e-14
       4615.0800  1.92038e-14
       4617.0800  1.91080e-14
       4619.0800  1.87921e-14
       4621.0800  1.87414e-14
       4623.0800  1.91665e-14
       4625.0800  1.94306e-14
       4627.0800  1.94970e-14
       4629.0800  1.97734e-14
       4631.0800  1.97807e-14
       4633.0800  1.97994e-14
       4635.0800  1.98000e-14
       4637.0800  1.97723e-14
       4639.0800  1.97744e-14
       4641.0800  1.97583e-14
       4643.0800  2.00138e-14
       4645.0800  2.01383e-14
       4647.0800  2.01250e-14
       4649.0800  2.01588e-14
       4651.0800  2.00948e-14
       4653.0800  1.97514e-14
       4655.0800  1.95480e-14
       4657.0800  1.93438e-14
       4659.0800  1.89398e-14
       4661.0800  1.87937e-14
       4663.0800  1.82583e-14
       4665.0800  1.79663e-14
       4667.0800  1.76443e-14
       4669.0800  1.70066e-14
       4671.0800  1.68329e-14
       4673.0800  1.63240e-14
       4675.0800  1.60596e-14
       4677.0800  1.56954e-14
       4679.0800  1.50108e-14
       4681.0800  1.48480e-14
       4683.0800  1.44668e-14
       4685.0800  1.42745e-14
       4687.0800  1.39755e-14
       4689.0800  1.34616e-14
       4691.0800  1.33245e-14
       4693.0800  1.29130e-14
       4695.0800  1.27262e-14
       4697.0800  1.24031e-14
       4699.0800  1.18846e-14
       4701.0800  1.17490e-14
       4703.0800  1.13003e-14
       4705.0800  1.11315e-14
       4707.0800  1.10832e-14
       4709.0800  1.10229e-14
       4711.0800  1.09725e-14
       4713.0800  1.07603e-14
       4715.0800  1.06664e-14
       4717.0800  1.03879e-14
       4719.0800  9.99883e-15
       4721.0800  9.91779e-15
       4723.0800  9.78634e-15
       4725.0800  9.73402e-15
       4727.0800  9.75214e-15
       4729.0800  9.77489e-15
       4731.0800  9.77600e-15
       4733.0800  9.94008e-15
       4735.0800  9.96071e-15
       4737.0800  9.95915e-15
       4739.0800  9.95831e-15
       4741.0800  9.97403e-15
       4743.0800  1.03054e-14
       4745.0800  1.03670e-14
       4747.0800  1.05655e-14
       4749.0800  1.08075e-14
       4751.0800  1.08006e-14
       4753.0800  1.06523e-14
       4755.0800  1.06016e-14
       4757.0800  1.04739e-14
       4759.0800  1.03441e-14
       4761.0800  1.02799e-14
       4763.0800  1.00130e-14
       4765.0800  9.95104e-15
       4767.0800  9.95308e-15
       4769.0800  9.94061e-15
       4771.0800  9.94752e-15
       4773.0800  1.01183e-14
       4775.0800  1.01301e-14
       4777.0800  1.01459e-14
       4779.0800  1.01576e-14
       4781.0800  1.02013e-14
       4783.0800  1.05379e-14
       4785.0800  1.05886e-14
       4787.0800  1.07675e-14
       4789.0800  1.09152e-14
       4791.0800  1.10019e-14
       4793.0800  1.14400e-14
       4795.0800  1.15117e-14
       4797.0800  1.17559e-14
       4799.0800  1.19443e-14
       4801.0800  1.20550e-14
       4803.0800  1.25205e-14
       4805.0800  1.26251e-14
       4807.0800  1.32447e-14
       4809.0800  1.36866e-14
       4811.0800  1.37449e-14
       4813.0800  1.38749e-14
       4815.0800  1.39351e-14
       4817.0800  1.46433e-14
       4819.0800  1.50978e-14
       4821.0800  1.53202e-14
       4823.0800  1.60251e-14
       4825.0800  1.61371e-14
       4827.0800  1.64454e-14
       4829.0800  1.66369e-14
       4831.0800  1.68339e-14
       4833.0800  1.74658e-14
       4835.0800  1.75501e-14
       4837.0800  1.77300e-14
       4839.0800  1.78301e-14
       4841.0800  1.78155e-14
       4843.0800  1.78307e-14
       4845.0800  1.77702e-14
       4847.0800  1.73885e-14
       4849.0800  1.71687e-14
       4851.0800  1.68912e-14
       4853.0800  1.62820e-14
       4855.0800  1.61052e-14
       4857.0800  1.54445e-14
       4859.0800  1.50952e-14
       4861.0800  1.49468e-14
       4863.0800  1.46762e-14
       4865.0800  1.46058e-14
       4867.0800  1.45418e-14
       4869.0800  1.44913e-14
       4871.0800  1.44395e-14
       4873.0800  1.43594e-14
       4875.0800  1.43378e-14
       4877.0800  1.44804e-14
       4879.0800  1.45178e-14
       4881.0800  1.44225e-14
       4883.0800  1.42425e-14
       4885.0800  1.42462e-14
       4887.0800  1.47909e-14
       4889.0800  1.49815e-14
       4891.0800  1.50824e-14
       4893.0800  1.52650e-14
       4895.0800  1.53451e-14
       4897.0800  1.61592e-14
       4899.0800  1.64402e-14
       4901.0800  1.67183e-14
       4903.0800  1.72051e-14
       4905.0800  1.72897e-14
       4907.0800  1.77266e-14
       4909.0800  1.78742e-14
       4911.0800  1.82921e-14
       4913.0800  1.89541e-14
       4915.0800  1.91027e-14
       4917.0800  2.00097e-14
       4919.0800  2.02743e-14
       4921.0800  2.05357e-14
       4923.0800  2.09374e-14
       4925.0800  2.10312e-14
       4927.0800  2.17441e-14
       4929.0800  2.19430e-14
       4931.0800  2.24482e-14
       4933.0800  2.31571e-14
       4935.0800  2.32934e-14
       4937.0800  2.40904e-14
       4939.0800  2.42798e-14
       4941.0800  2.45609e-14
       4943.0800  2.49442e-14
       4945.0800  2.50179e-14
       4947.0800  2.56336e-14
       4949.0800  2.57492e-14
       4951.0800  2.58745e-14
       4953.0800  2.60454e-14
       4955.0800  2.60715e-14
       4957.0800  2.65053e-14
       4959.0800  2.65407e-14
       4961.0800  2.62603e-14
       4963.0800  2.59653e-14
       4965.0800  2.58907e-14
       4967.0800  2.58641e-14
       4969.0800  2.57960e-14
       4971.0800  2.54000e-14
       4973.0800  2.49872e-14
       4975.0800  2.48737e-14
       4977.0800  2.45862e-14
       4979.0800  2.44632e-14
       4981.0800  2.38936e-14
       4983.0800  2.33278e-14
       4985.0800  2.31418e-14
       4987.0800  2.24218e-14
       4989.0800  2.22259e-14
       4991.0800  2.16112e-14
       4993.0800  2.10204e-14
       4995.0800  2.07939e-14
       4997.0800  1.98748e-14
       4999.0800  1.96448e-14
       5001.0800  1.89685e-14
       5003.0800  1.83443e-14
       5005.0800  1.81201e-14
       5007.0800  1.72941e-14
       5009.0800  1.71232e-14
       5011.0800  1.69780e-14
       5013.0800  1.68330e-14
       5015.0800  1.66931e-14
       5017.0800  1.61322e-14
       5019.0800  1.60023e-14
       5021.0800  1.57566e-14
       5023.0800  1.55384e-14
       5025.0800  1.55030e-14
       5027.0800  1.55200e-14
       5029.0800  1.54898e-14
       5031.0800  1.53307e-14
       5033.0800  1.52048e-14
       5035.0800  1.52009e-14
       5037.0800  1.53068e-14
       5039.0800  1.52987e-14
       5041.0800  1.52263e-14
       5043.0800  1.51712e-14
       5045.0800  1.51593e-14
       5047.0800  1.52031e-14
       5049.0800  1.51666e-14
       5051.0800  1.48617e-14
       5053.0800  1.46514e-14
       5055.0800  1.45907e-14
       5057.0800  1.44898e-14
       5059.0800  1.44424e-14
       5061.0800  1.42766e-14
       5063.0800  1.41612e-14
       5065.0800  1.41369e-14
       5067.0800  1.41360e-14
       5069.0800  1.41008e-14
       5071.0800  1.38827e-14
       5073.0800  1.37434e-14
       5075.0800  1.37666e-14
       5077.0800  1.39114e-14
       5079.0800  1.39092e-14
       5081.0800  1.38138e-14
       5083.0800  1.37549e-14
       5085.0800  1.37714e-14
       5087.0800  1.38654e-14
       5089.0800  1.38617e-14
       5091.0800  1.38353e-14
       5093.0800  1.38134e-14
       5095.0800  1.37103e-14
       5097.0800  1.34657e-14
       5099.0800  1.34062e-14
       5101.0800  1.33043e-14
       5103.0800  1.32399e-14
       5105.0800  1.32939e-14
       5107.0800  1.34634e-14
       5109.0800  1.34820e-14
       5111.0800  1.35691e-14
       5113.0800  1.36063e-14
       5115.0800  1.36052e-14
       5117.0800  1.36147e-14
       5119.0800  1.36233e-14
       5121.0800  1.38529e-14
       5123.0800  1.39504e-14
       5125.0800  1.39643e-14
       5127.0800  1.40123e-14
       5129.0800  1.39935e-14
       5131.0800  1.38556e-14
       5133.0800  1.37879e-14
       5135.0800  1.38108e-14
       5137.0800  1.38815e-14
       5139.0800  1.38834e-14
       5141.0800  1.39477e-14
       5143.0800  1.39623e-14
       5145.0800  1.38573e-14
       5147.0800  1.36542e-14
       5149.0800  1.36286e-14
       5151.0800  1.38006e-14
       5153.0800  1.38552e-14
       5155.0800  1.38436e-14
       5157.0800  1.38317e-14
       5159.0800  1.38272e-14
       5161.0800  1.39259e-14
       5163.0800  1.39586e-14
       5165.0800  1.40802e-14
       5167.0800  1.43121e-14
       5169.0800  1.43489e-14
       5171.0800  1.45291e-14
       5173.0800  1.45928e-14
       5175.0800  1.47241e-14
       5177.0800  1.49565e-14
       5179.0800  1.50124e-14
       5181.0800  1.54006e-14
       5183.0800  1.55285e-14
       5185.0800  1.56155e-14
       5187.0800  1.57683e-14
       5189.0800  1.58036e-14
       5191.0800  1.60821e-14
       5193.0800  1.61786e-14
       5195.0800  1.64892e-14
       5197.0800  1.69983e-14
       5199.0800  1.70704e-14
       5201.0800  1.72541e-14
       5203.0800  1.73115e-14
       5205.0800  1.74297e-14
       5207.0800  1.76090e-14
       5209.0800  1.76739e-14
       5211.0800  1.82411e-14
       5213.0800  1.84049e-14
       5215.0800  1.85834e-14
       5217.0800  1.88588e-14
       5219.0800  1.89160e-14
       5221.0800  1.92705e-14
       5223.0800  1.93763e-14
       5225.0800  1.96851e-14
       5227.0800  2.01325e-14
       5229.0800  2.02108e-14
       5231.0800  2.05581e-14
       5233.0800  2.06668e-14
       5235.0800  2.11057e-14
       5237.0800  2.17154e-14
       5239.0800  2.18154e-14
       5241.0800  2.22031e-14
       5243.0800  2.23011e-14
       5245.0800  2.24550e-14
       5247.0800  2.26704e-14
       5249.0800  2.27086e-14
       5251.0800  2.29692e-14
       5253.0800  2.30378e-14
       5255.0800  2.33442e-14
       5257.0800  2.37458e-14
       5259.0800  2.37988e-14
       5261.0800  2.39945e-14
       5263.0800  2.40324e-14
       5265.0800  2.41041e-14
       5267.0800  2.42006e-14
       5269.0800  2.42128e-14
       5271.0800  2.43674e-14
       5273.0800  2.43989e-14
       5275.0800  2.45874e-14
       5277.0800  2.48061e-14
       5279.0800  2.48789e-14
       5281.0800  2.54973e-14
       5283.0800  2.56235e-14
       5285.0800  2.58366e-14
       5287.0800  2.61008e-14
       5289.0800  2.61552e-14
       5291.0800  2.65332e-14
       5293.0800  2.66142e-14
       5295.0800  2.69262e-14
       5297.0800  2.72871e-14
       5299.0800  2.73488e-14
       5301.0800  2.76910e-14
       5303.0800  2.77632e-14
       5305.0800  2.80823e-14
       5307.0800  2.84384e-14
       5309.0800  2.85034e-14
       5311.0800  2.88945e-14
       5313.0800  2.89646e-14
       5315.0800  2.91729e-14
       5317.0800  2.94177e-14
       5319.0800  2.94157e-14
       5321.0800  2.92833e-14
       5323.0800  2.92416e-14
       5325.0800  2.91441e-14
       5327.0800  2.90475e-14
       5329.0800  2.89846e-14
       5331.0800  2.86505e-14
       5333.0800  2.85675e-14
       5335.0800  2.83845e-14
       5337.0800  2.81979e-14
       5339.0800  2.81065e-14
       5341.0800  2.76263e-14
       5343.0800  2.75153e-14
       5345.0800  2.72716e-14
       5347.0800  2.70151e-14
       5349.0800  2.69506e-14
       5351.0800  2.67739e-14
       5353.0800  2.67012e-14
       5355.0800  2.62945e-14
       5357.0800  2.58921e-14
       5359.0800  2.58347e-14
       5361.0800  2.58265e-14
       5363.0800  2.57928e-14
       5365.0800  2.55464e-14
       5367.0800  2.53027e-14
       5369.0800  2.53146e-14
       5371.0800  2.56657e-14
       5373.0800  2.57112e-14
       5375.0800  2.57194e-14
       5377.0800  2.57327e-14
       5379.0800  2.57674e-14
       5381.0800  2.60570e-14
       5383.0800  2.61151e-14
       5385.0800  2.63957e-14
       5387.0800  2.66517e-14
       5389.0800  2.67488e-14
       5391.0800  2.72577e-14
       5393.0800  2.73756e-14
       5395.0800  2.79489e-14
       5397.0800  2.84676e-14
       5399.0800  2.86301e-14
       5401.0800  2.93716e-14
       5403.0800  2.95215e-14
       5405.0800  2.99992e-14
       5407.0800  3.04220e-14
       5409.0800  3.06709e-14
       5411.0800  3.19910e-14
       5413.0800  3.22272e-14
       5415.0800  3.26215e-14
       5417.0800  3.29837e-14
       5419.0800  3.32476e-14
       5421.0800  3.46461e-14
       5423.0800  3.49208e-14
       5425.0800  3.56676e-14
       5427.0800  3.63223e-14
       5429.0800  3.67073e-14
       5431.0800  3.85994e-14
       5433.0800  3.89665e-14
       5435.0800  3.98607e-14
       5437.0800  4.06598e-14
       5439.0800  4.09670e-14
       5441.0800  4.22993e-14
       5443.0800  4.25697e-14
       5445.0800  4.33722e-14
       5447.0800  4.40644e-14
       5449.0800  4.43920e-14
       5451.0800  4.58636e-14
       5453.0800  4.61702e-14
       5455.0800  4.71662e-14
       5457.0800  4.80120e-14
       5459.0800  4.84175e-14
       5461.0800  5.02221e-14
       5463.0800  5.05573e-14
       5465.0800  5.12236e-14
       5467.0800  5.17960e-14
       5469.0800  5.22354e-14
       5471.0800  5.43382e-14
       5473.0800  5.47251e-14
       5475.0800  5.54771e-14
       5477.0800  5.61495e-14
       5479.0800  5.63187e-14
       5481.0800  5.69227e-14
       5483.0800  5.70480e-14
       5485.0800  5.75180e-14
       5487.0800  5.79139e-14
       5489.0800  5.79930e-14
       5491.0800  5.82407e-14
       5493.0800  5.83344e-14
       5495.0800  5.91456e-14
       5497.0800  5.97950e-14
       5499.0800  6.00161e-14
       5501.0800  6.08821e-14
       5503.0800  6.10522e-14
       5505.0800  6.15465e-14
       5507.0800  6.19630e-14
       5509.0800  6.20964e-14
       5511.0800  6.26276e-14
       5513.0800  6.27281e-14
       5515.0800  6.30351e-14
       5517.0800  6.32924e-14
       5519.0800  6.33665e-14
       5521.0800  6.36714e-14
       5523.0800  6.37229e-14
       5525.0800  6.38754e-14
       5527.0800  6.40073e-14
       5529.0800  6.39900e-14
       5531.0800  6.38796e-14
       5533.0800  6.38685e-14
       5535.0800  6.40724e-14
       5537.0800  6.42431e-14
       5539.0800  6.41001e-14
       5541.0800  6.33035e-14
       5543.0800  6.32104e-14
       5545.0800  6.37526e-14
       5547.0800  6.41755e-14
       5549.0800  6.40508e-14
       5551.0800  6.32170e-14
       5553.0800  6.31147e-14
       5555.0800  6.35776e-14
       5557.0800  6.39248e-14
       5559.0800  6.39416e-14
       5561.0800  6.38932e-14
       5563.0800  6.38774e-14
       5565.0800  6.38383e-14
       5567.0800  6.38059e-14
       5569.0800  6.37698e-14
       5571.0800  6.36442e-14
       5573.0800  6.35912e-14
       5575.0800  6.32576e-14
       5577.0800  6.29673e-14
       5579.0800  6.30758e-14
       5581.0800  6.38584e-14
       5583.0800  6.39299e-14
       5585.0800  6.33406e-14
       5587.0800  6.28778e-14
       5589.0800  6.28520e-14
       5591.0800  6.29801e-14
       5593.0800  6.30052e-14
       5595.0800  6.31761e-14
       5597.0800  6.33374e-14
       5599.0800  6.31723e-14
       5601.0800  6.22047e-14
       5603.0800  6.20319e-14
       5605.0800  6.18381e-14
       5607.0800  6.16471e-14
       5609.0800  6.15878e-14
       5611.0800  6.13966e-14
       5613.0800  6.13173e-14
       5615.0800  6.07397e-14
       5617.0800  6.02418e-14
       5619.0800  6.02085e-14
       5621.0800  6.03132e-14
       5623.0800  6.03266e-14
       5625.0800  6.03565e-14
       5627.0800  6.04074e-14
       5629.0800  6.02088e-14
       5631.0800  5.90154e-14
       5633.0800  5.88103e-14
       5635.0800  5.86569e-14
       5637.0800  5.84978e-14
       5639.0800  5.83515e-14
       5641.0800  5.75779e-14
       5643.0800  5.74085e-14
       5645.0800  5.68459e-14
       5647.0800  5.63551e-14
       5649.0800  5.60465e-14
       5651.0800  5.44082e-14
       5653.0800  5.41369e-14
       5655.0800  5.41072e-14
       5657.0800  5.40471e-14
       5659.0800  5.38609e-14
       5661.0800  5.26970e-14
       5663.0800  5.24522e-14
       5665.0800  5.16983e-14
       5667.0800  5.09778e-14
       5669.0800  5.08312e-14
       5671.0800  5.03713e-14
       5673.0800  5.02171e-14
       5675.0800  4.92012e-14
       5677.0800  4.82477e-14
       5679.0800  4.80829e-14
       5681.0800  4.76089e-14
       5683.0800  4.75217e-14
       5685.0800  4.74628e-14
       5687.0800  4.74023e-14
       5689.0800  4.73201e-14
       5691.0800  4.67318e-14
       5693.0800  4.66225e-14
       5695.0800  4.64120e-14
       5697.0800  4.62032e-14
       5699.0800  4.60908e-14
       5701.0800  4.53464e-14
       5703.0800  4.52128e-14
       5705.0800  4.50362e-14
       5707.0800  4.48252e-14
       5709.0800  4.48321e-14
       5711.0800  4.50551e-14
       5713.0800  4.50978e-14
       5715.0800  4.51539e-14
       5717.0800  4.52246e-14
       5719.0800  4.52172e-14
       5721.0800  4.50466e-14
       5723.0800  4.50110e-14
       5725.0800  4.48406e-14
       5727.0800  4.46311e-14
       5729.0800  4.46942e-14
       5731.0800  4.55345e-14
       5733.0800  4.56531e-14
       5735.0800  4.52944e-14
       5737.0800  4.49257e-14
       5739.0800  4.49441e-14
       5741.0800  4.55078e-14
       5743.0800  4.56057e-14
       5745.0800  4.55573e-14
       5747.0800  4.55026e-14
       5749.0800  4.55830e-14
       5751.0800  4.63928e-14
       5753.0800  4.65599e-14
       5755.0800  4.67245e-14
       5757.0800  4.69398e-14
       5759.0800  4.69887e-14
       5761.0800  4.71673e-14
       5763.0800  4.72091e-14
       5765.0800  4.71890e-14
       5767.0800  4.71462e-14
       5769.0800  4.72334e-14
       5771.0800  4.80963e-14
       5773.0800  4.82877e-14
       5775.0800  4.83727e-14
       5777.0800  4.85013e-14
       5779.0800  4.85414e-14
       5781.0800  4.87497e-14
       5783.0800  4.87612e-14
       5785.0800  4.80906e-14
       5787.0800  4.71687e-14
       5789.0800  4.73105e-14
       5791.0800  4.98170e-14
       5793.0800  5.04287e-14
       5795.0800  5.09028e-14
       5797.0800  5.16104e-14
       5799.0800  5.17057e-14
       5801.0800  5.16531e-14
       5803.0800  5.16919e-14
       5805.0800  5.22982e-14
       5807.0800  5.31293e-14
       5809.0800  5.32459e-14
       5811.0800  5.32437e-14
       5813.0800  5.32869e-14
       5815.0800  5.37342e-14
       5817.0800  5.43633e-14
       5819.0800  5.44875e-14
       5821.0800  5.48244e-14
       5823.0800  5.49437e-14
       5825.0800  5.51113e-14
       5827.0800  5.53789e-14
       5829.0800  5.53798e-14
       5831.0800  5.48982e-14
       5833.0800  5.47828e-14
       5835.0800  5.50378e-14
       5837.0800  5.54439e-14
       5839.0800  5.54372e-14
       5841.0800  5.46836e-14
       5843.0800  5.44675e-14
       5845.0800  5.45516e-14
       5847.0800  5.46836e-14
       5849.0800  5.46674e-14
       5851.0800  5.42006e-14
       5853.0800  5.40507e-14
       5855.0800  5.39197e-14
       5857.0800  5.36730e-14
       5859.0800  5.36619e-14
       5861.0800  5.37832e-14
       5863.0800  5.38316e-14
       5865.0800  5.38371e-14
       5867.0800  5.38464e-14
       5869.0800  5.38235e-14
       5871.0800  5.34398e-14
       5873.0800  5.32996e-14
       5875.0800  5.31474e-14
       5877.0800  5.28457e-14
       5879.0800  5.27916e-14
       5881.0800  5.26015e-14
       5883.0800  5.24770e-14
       5885.0800  5.10483e-14
       5887.0800  4.81641e-14
       5889.0800  4.75400e-14
       5891.0800  4.52243e-14
       5893.0800  4.40892e-14
       5895.0800  4.05444e-14
       5897.0800  3.27514e-14
       5899.0800  3.18471e-14
       5901.0800  3.40403e-14
       5903.0800  3.49808e-14
       5905.0800  3.84256e-14
       5907.0800  4.63748e-14
       5909.0800  4.76296e-14
       5911.0800  4.85561e-14
       5913.0800  4.91567e-14
       5915.0800  4.89848e-14
       5917.0800  4.84661e-14
       5919.0800  4.84095e-14
       5921.0800  4.84602e-14
       5923.0800  4.84829e-14
       5925.0800  4.84716e-14
       5927.0800  4.84183e-14
       5929.0800  4.84054e-14
       5931.0800  4.82024e-14
       5933.0800  4.80984e-14
       5935.0800  4.80456e-14
       5937.0800  4.78871e-14
       5939.0800  4.78550e-14
       5941.0800  4.76243e-14
       5943.0800  4.74948e-14
       5945.0800  4.72970e-14
       5947.0800  4.66527e-14
       5949.0800  4.65843e-14
       5951.0800  4.67996e-14
       5953.0800  4.69255e-14
       5955.0800  4.67524e-14
       5957.0800  4.60920e-14
       5959.0800  4.59629e-14
       5961.0800  4.54785e-14
       5963.0800  4.51561e-14
       5965.0800  4.48600e-14
       5967.0800  4.37775e-14
       5969.0800  4.36055e-14
       5971.0800  4.34458e-14
       5973.0800  4.33206e-14
       5975.0800  4.30403e-14
       5977.0800  4.18260e-14
       5979.0800  4.16556e-14
       5981.0800  4.17755e-14
       5983.0800  4.18406e-14
       5985.0800  4.17502e-14
       5987.0800  4.12339e-14
       5989.0800  4.11467e-14
       5991.0800  4.09196e-14
       5993.0800  4.07312e-14
       5995.0800  4.06372e-14
       5997.0800  4.01608e-14
       5999.0800  4.00755e-14
       6001.0800  3.98292e-14
       6003.0800  3.95990e-14
       6005.0800  3.96061e-14
       6007.0800  3.97265e-14
       6009.0800  3.97635e-14
       6011.0800  3.98748e-14
       6013.0800  3.99743e-14
       6015.0800  4.00480e-14
       6017.0800  4.04298e-14
       6019.0800  4.05307e-14
       6021.0800  4.08975e-14
       6023.0800  4.12790e-14
       6025.0800  4.13339e-14
       6027.0800  4.13425e-14
       6029.0800  4.13644e-14
       6031.0800  4.14492e-14
       6033.0800  4.15258e-14
       6035.0800  4.15966e-14
       6037.0800  4.21128e-14
       6039.0800  4.22037e-14
       6041.0800  4.19606e-14
       6043.0800  4.16930e-14
       6045.0800  4.16830e-14
       6047.0800  4.17786e-14
       6049.0800  4.18119e-14
       6051.0800  4.18849e-14
       6053.0800  4.19859e-14
       6055.0800  4.19759e-14
       6057.0800  4.16289e-14
       6059.0800  4.15493e-14
       6061.0800  4.13932e-14
       6063.0800  4.11822e-14
       6065.0800  4.10991e-14
       6067.0800  4.03814e-14
       6069.0800  4.02094e-14
       6071.0800  4.04256e-14
       6073.0800  4.07386e-14
       6075.0800  4.07351e-14
       6077.0800  4.01571e-14
       6079.0800  3.99891e-14
       6081.0800  3.98235e-14
       6083.0800  3.95450e-14
       6085.0800  3.94785e-14
       6087.0800  3.90457e-14
       6089.0800  3.89112e-14
       6091.0800  3.90286e-14
       6093.0800  3.92292e-14
       6095.0800  3.92510e-14
       6097.0800  3.90808e-14
       6099.0800  3.90212e-14
       6101.0800  3.88292e-14
       6103.0800  3.84336e-14
       6105.0800  3.83936e-14
       6107.0800  3.84530e-14
       6109.0800  3.84736e-14
       6111.0800  3.83144e-14
       6113.0800  3.79658e-14
       6115.0800  3.78681e-14
       6117.0800  3.72188e-14
       6119.0800  3.69203e-14
       6121.0800  3.68881e-14
       6123.0800  3.68420e-14
       6125.0800  3.67753e-14
       6127.0800  3.60064e-14
       6129.0800  3.56168e-14
       6131.0800  3.53171e-14
       6133.0800  3.45438e-14
       6135.0800  3.43682e-14
       6137.0800  3.35989e-14
       6139.0800  3.31538e-14
       6141.0800  3.28399e-14
       6143.0800  3.19318e-14
       6145.0800  3.17489e-14
       6147.0800  3.11545e-14
       6149.0800  3.07712e-14
       6151.0800  3.04809e-14
       6153.0800  2.95214e-14
       6155.0800  2.93233e-14
       6157.0800  2.86558e-14
       6159.0800  2.81784e-14
       6161.0800  2.80219e-14
       6163.0800  2.75077e-14
       6165.0800  2.73951e-14
       6167.0800  2.69458e-14
       6169.0800  2.66041e-14
       6171.0800  2.64011e-14
       6173.0800  2.54829e-14
       6175.0800  2.53538e-14
       6177.0800  2.55210e-14
       6179.0800  2.56280e-14
       6181.0800  2.56844e-14
       6183.0800  2.59158e-14
       6185.0800  2.59776e-14
       6187.0800  2.61961e-14
       6189.0800  2.63972e-14
       6191.0800  2.64864e-14
       6193.0800  2.69725e-14
       6195.0800  2.70628e-14
       6197.0800  2.70823e-14
       6199.0800  2.71104e-14
       6201.0800  2.71670e-14
       6203.0800  2.75929e-14
       6205.0800  2.77067e-14
       6207.0800  2.81665e-14
       6209.0800  2.86728e-14
       6211.0800  2.88843e-14
       6213.0800  3.03164e-14
       6215.0800  3.06530e-14
       6217.0800  3.09869e-14
       6219.0800  3.14205e-14
       6221.0800  3.16478e-14
       6223.0800  3.33124e-14
       6225.0800  3.37660e-14
       6227.0800  3.41745e-14
       6229.0800  3.47938e-14
       6231.0800  3.49400e-14
       6233.0800  3.54996e-14
       6235.0800  3.56936e-14
       6237.0800  3.59478e-14
       6239.0800  3.63396e-14
       6241.0800  3.64835e-14
       6243.0800  3.73263e-14
       6245.0800  3.76257e-14
       6247.0800  3.75982e-14
       6249.0800  3.75263e-14
       6251.0800  3.75762e-14
       6253.0800  3.80800e-14
       6255.0800  3.82860e-14
       6257.0800  3.83301e-14
       6259.0800  3.83903e-14
       6261.0800  3.84410e-14
       6263.0800  3.87645e-14
       6265.0800  3.89158e-14
       6267.0800  3.87966e-14
       6269.0800  3.84870e-14
       6271.0800  3.84127e-14
       6273.0800  3.79394e-14
       6275.0800  3.76979e-14
       6277.0800  3.75857e-14
       6279.0800  3.72638e-14
       6281.0800  3.72603e-14
       6283.0800  3.76677e-14
       6285.0800  3.79066e-14
       6287.0800  3.75854e-14
       6289.0800  3.63888e-14
       6291.0800  3.62937e-14
       6293.0800  3.71811e-14
       6295.0800  3.77202e-14
       6297.0800  3.83422e-14
       6299.0800  4.06470e-14
       6301.0800  4.10343e-14
       6303.0800  4.11454e-14
       6305.0800  4.12809e-14
       6307.0800  4.15722e-14
       6309.0800  4.29278e-14
       6311.0800  4.31591e-14
       6313.0800  4.31582e-14
       6315.0800  4.31854e-14
       6317.0800  4.33484e-14
       6319.0800  4.42991e-14
       6321.0800  4.45007e-14
       6323.0800  4.49518e-14
       6325.0800  4.53877e-14
       6327.0800  4.56000e-14
       6329.0800  4.69607e-14
       6331.0800  4.72393e-14
       6333.0800  4.77579e-14
       6335.0800  4.83556e-14
       6337.0800  4.85457e-14
       6339.0800  4.96116e-14
       6341.0800  4.98533e-14
       6343.0800  4.99912e-14
       6345.0800  5.01756e-14
       6347.0800  5.03072e-14
       6349.0800  5.12555e-14
       6351.0800  5.15138e-14
       6353.0800  5.16633e-14
       6355.0800  5.18721e-14
       6357.0800  5.20125e-14
       6359.0800  5.29916e-14
       6361.0800  5.33336e-14
       6363.0800  5.40079e-14
       6365.0800  5.51337e-14
       6367.0800  5.53267e-14
       6369.0800  5.55501e-14
       6371.0800  5.56795e-14
       6373.0800  5.61622e-14
       6375.0800  5.70689e-14
       6377.0800  5.72576e-14
       6379.0800  5.77194e-14
       6381.0800  5.79495e-14
       6383.0800  5.82345e-14
       6385.0800  5.87904e-14
       6387.0800  5.90615e-14
       6389.0800  6.09634e-14
       6391.0800  6.19298e-14
       6393.0800  6.24758e-14
       6395.0800  6.37929e-14
       6397.0800  6.40726e-14
       6399.0800  6.47326e-14
       6401.0800  6.51493e-14
       6403.0800  6.55642e-14
       6405.0800  6.67602e-14
       6407.0800  6.71046e-14
       6409.0800  6.87659e-14
       6411.0800  6.99163e-14
       6413.0800  7.00409e-14
       6415.0800  7.00838e-14
       6417.0800  7.01525e-14
       6419.0800  7.05677e-14
       6421.0800  7.08621e-14
       6423.0800  7.12924e-14
       6425.0800  7.33559e-14
       6427.0800  7.38298e-14
       6429.0800  7.54052e-14
       6431.0800  7.68845e-14
       6433.0800  7.71454e-14
       6435.0800  7.77952e-14
       6437.0800  7.79757e-14
       6439.0800  7.85453e-14
       6441.0800  7.91464e-14
       6443.0800  7.93179e-14
       6445.0800  8.00826e-14
       6447.0800  8.03156e-14
       6449.0800  8.12936e-14
       6451.0800  8.25034e-14
       6453.0800  8.27178e-14
       6455.0800  8.31344e-14
       6457.0800  8.33140e-14
       6459.0800  8.41077e-14
       6461.0800  8.52357e-14
       6463.0800  8.54486e-14
       6465.0800  8.58806e-14
       6467.0800  8.60714e-14
       6469.0800  8.66288e-14
       6471.0800  8.75392e-14
       6473.0800  8.77631e-14
       6475.0800  8.85650e-14
       6477.0800  8.89037e-14
       6479.0800  8.92473e-14
       6481.0800  8.98998e-14
       6483.0800  9.00542e-14
       6485.0800  9.04651e-14
       6487.0800  9.06728e-14
       6489.0800  9.05870e-14
       6491.0800  9.02985e-14
       6493.0800  9.03291e-14
       6495.0800  9.08838e-14
       6497.0800  9.11854e-14
       6499.0800  9.11247e-14
       6501.0800  9.07803e-14
       6503.0800  9.08796e-14
       6505.0800  9.23800e-14
       6507.0800  9.33266e-14
       6509.0800  9.34810e-14
       6511.0800  9.37283e-14
       6513.0800  9.37916e-14
       6515.0800  9.37340e-14
       6517.0800  9.37136e-14
       6519.0800  9.36380e-14
       6521.0800  9.31335e-14
       6523.0800  9.30815e-14
       6525.0800  9.31668e-14
       6527.0800  9.32423e-14
       6529.0800  9.31911e-14
       6531.0800  9.25651e-14
       6533.0800  9.24897e-14
       6535.0800  9.25596e-14
       6537.0800  9.26022e-14
       6539.0800  9.26432e-14
       6541.0800  9.27565e-14
       6543.0800  9.28309e-14
       6545.0800  9.33385e-14
       6547.0800  9.39488e-14
       6549.0800  9.41213e-14
       6551.0800  9.48911e-14
       6553.0800  9.51310e-14
       6555.0800  9.55035e-14
       6557.0800  9.61134e-14
       6559.0800  9.60805e-14
       6561.0800  9.46759e-14
       6563.0800  9.42457e-14
       6565.0800  9.41322e-14
       6567.0800  9.38975e-14
       6569.0800  9.38439e-14
       6571.0800  9.34180e-14
       6573.0800  9.32545e-14
       6575.0800  9.31347e-14
       6577.0800  9.28850e-14
       6579.0800  9.27442e-14
       6581.0800  9.13698e-14
       6583.0800  9.07010e-14
       6585.0800  9.06193e-14
       6587.0800  9.04521e-14
       6589.0800  9.04063e-14
       6591.0800  9.00110e-14
       6593.0800  8.97838e-14
       6595.0800  8.95587e-14
       6597.0800  8.87483e-14
       6599.0800  8.86185e-14
       6601.0800  8.83812e-14
       6603.0800  8.82174e-14
       6605.0800  8.78804e-14
       6607.0800  8.61934e-14
       6609.0800  8.59136e-14
       6611.0800  8.55708e-14
       6613.0800  8.52634e-14
       6615.0800  8.49782e-14
       6617.0800  8.29834e-14
       6619.0800  8.26069e-14
       6621.0800  8.17055e-14
       6623.0800  8.06822e-14
       6625.0800  8.05497e-14
       6627.0800  8.02564e-14
       6629.0800  8.01495e-14
       6631.0800  7.92751e-14
       6633.0800  7.81694e-14
       6635.0800  7.79424e-14
       6637.0800  7.68987e-14
       6639.0800  7.65814e-14
       6641.0800  7.57799e-14
       6643.0800  7.45422e-14
       6645.0800  7.42057e-14
       6647.0800  7.22535e-14
       6649.0800  7.15691e-14
       6651.0800  7.12837e-14
       6653.0800  7.07307e-14
       6655.0800  7.05704e-14
       6657.0800  6.95871e-14
       6659.0800  6.91472e-14
       6661.0800  6.85623e-14
       6663.0800  6.72275e-14
       6665.0800  6.67851e-14
       6667.0800  6.38851e-14
       6669.0800  6.23021e-14
       6671.0800  6.19769e-14
       6673.0800  6.12369e-14
       6675.0800  6.10446e-14
       6677.0800  6.01064e-14
       6679.0800  5.94738e-14
       6681.0800  5.92736e-14
       6683.0800  5.86031e-14
       6685.0800  5.84577e-14
       6687.0800  5.79124e-14
       6689.0800  5.74953e-14
       6691.0800  5.71039e-14
       6693.0800  5.47504e-14
       6695.0800  5.43767e-14
       6697.0800  5.44507e-14
       6699.0800  5.44630e-14
       6701.0800  5.43605e-14
       6703.0800  5.32678e-14
       6705.0800  5.30409e-14
       6707.0800  5.24891e-14
       6709.0800  5.17623e-14
       6711.0800  5.16625e-14
       6713.0800  5.14843e-14
       6715.0800  5.14360e-14
       6717.0800  5.14417e-14
       6719.0800  5.14584e-14
       6721.0800  5.14071e-14
       6723.0800  5.07851e-14
       6725.0800  5.05840e-14
       6727.0800  5.07062e-14
       6729.0800  5.09431e-14
       6731.0800  5.09481e-14
       6733.0800  5.05863e-14
       6735.0800  5.04434e-14
       6737.0800  5.08256e-14
       6739.0800  5.17959e-14
       6741.0800  5.19265e-14
       6743.0800  5.17482e-14
       6745.0800  5.16705e-14
       6747.0800  5.18728e-14
       6749.0800  5.25392e-14
       6751.0800  5.27051e-14
       6753.0800  5.34479e-14
       6755.0800  5.39765e-14
       6757.0800  5.41151e-14
       6759.0800  5.45848e-14
       6761.0800  5.46123e-14
       6763.0800  5.39164e-14
       6765.0800  5.33092e-14
       6767.0800  5.33593e-14
       6769.0800  5.42312e-14
       6771.0800  5.43339e-14
       6773.0800  5.37943e-14
       6775.0800  5.32471e-14
       6777.0800  5.31824e-14
       6779.0800  5.31149e-14
       6781.0800  5.31413e-14
       6783.0800  5.38935e-14
       6785.0800  5.49078e-14
       6787.0800  5.50569e-14
       6789.0800  5.52651e-14
       6791.0800  5.53445e-14
       6793.0800  5.54567e-14
       6795.0800  5.56841e-14
       6797.0800  5.56243e-14
       6799.0800  5.46654e-14
       6801.0800  5.42763e-14
       6803.0800  5.37216e-14
       6805.0800  5.24613e-14
       6807.0800  5.23400e-14
       6809.0800  5.30609e-14
       6811.0800  5.34007e-14
       6813.0800  5.35098e-14
       6815.0800  5.34855e-14
