MJDOBS    46595.0
JDOBS    2.44660e+06
DATE    19860614
AGE_OBS    NaN
TELESCOPE    --
DETECTOR    --
SOURCE    Asiago-Catalogue(SUSPECT)
        4752  1.61371e-14
        4753  1.61095e-14
        4754  1.60819e-14
        4755  1.60545e-14
        4756  1.60085e-14
        4757  1.56335e-14
        4758  1.56070e-14
        4759  1.55807e-14
        4760  1.55545e-14
        4761  1.54669e-14
        4762  1.46967e-14
        4763  1.46721e-14
        4764  1.46477e-14
        4765  1.46234e-14
        4766  1.46106e-14
        4767  1.46880e-14
        4768  1.46638e-14
        4769  1.46397e-14
        4770  1.46157e-14
        4771  1.46938e-14
        4772  1.53713e-14
        4773  1.53463e-14
        4774  1.53214e-14
        4775  1.52965e-14
        4776  1.52813e-14
        4777  1.53093e-14
        4778  1.52847e-14
        4779  1.52602e-14
        4780  1.52359e-14
        4781  1.52319e-14
        4782  1.53026e-14
        4783  1.52783e-14
        4784  1.52541e-14
        4785  1.52301e-14
        4786  1.54366e-14
        4787  1.63263e-14
        4788  1.63007e-14
        4789  1.62753e-14
        4790  1.62499e-14
        4791  1.62195e-14
        4792  1.61766e-14
        4793  1.61516e-14
        4794  1.61267e-14
        4795  1.61021e-14
        4796  1.63685e-14
        4797  1.72114e-14
        4798  1.71852e-14
        4799  1.71590e-14
        4800  1.71331e-14
        4801  1.73912e-14
        4802  1.81082e-14
        4803  1.80807e-14
        4804  1.80531e-14
        4805  1.80257e-14
        4806  1.82732e-14
        4807  1.88837e-14
        4808  1.88550e-14
        4809  1.88268e-14
        4810  1.87984e-14
        4811  1.92151e-14
        4812  2.01126e-14
        4813  2.00825e-14
        4814  2.00525e-14
        4815  2.00227e-14
        4816  2.03254e-14
        4817  2.09153e-14
        4818  2.08843e-14
        4819  2.08535e-14
        4820  2.08228e-14
        4821  2.15700e-14
        4822  2.28383e-14
        4823  2.28049e-14
        4824  2.27716e-14
        4825  2.27385e-14
        4826  2.35155e-14
        4827  2.47028e-14
        4828  2.46675e-14
        4829  2.46314e-14
        4830  2.45959e-14
        4831  2.50788e-14
        4832  2.57517e-14
        4833  2.57149e-14
        4834  2.56781e-14
        4835  2.56415e-14
        4836  2.61356e-14
        4837  2.67569e-14
        4838  2.67185e-14
        4839  2.66807e-14
        4840  2.66436e-14
        4841  2.69226e-14
        4842  2.72423e-14
        4843  2.72042e-14
        4844  2.71662e-14
        4845  2.71282e-14
        4846  2.72430e-14
        4847  2.73611e-14
        4848  2.73232e-14
        4849  2.72859e-14
        4850  2.72477e-14
        4851  2.63584e-14
        4852  2.55294e-14
        4853  2.54949e-14
        4854  2.54595e-14
        4855  2.54247e-14
        4856  2.44268e-14
        4857  2.35766e-14
        4858  2.35446e-14
        4859  2.35127e-14
        4860  2.34814e-14
        4861  2.33530e-14
        4862  2.32473e-14
        4863  2.32165e-14
        4864  2.31850e-14
        4865  2.31539e-14
        4866  2.27039e-14
        4867  2.23804e-14
        4868  2.23506e-14
        4869  2.23210e-14
        4870  2.22914e-14
        4871  2.21796e-14
        4872  2.20987e-14
        4873  2.20692e-14
        4874  2.20402e-14
        4875  2.20117e-14
        4876  2.15871e-14
        4877  2.13326e-14
        4878  2.13048e-14
        4879  2.12775e-14
        4880  2.12495e-14
        4881  2.08383e-14
        4882  2.06134e-14
        4883  2.05865e-14
        4884  2.05603e-14
        4885  2.05339e-14
        4886  2.10357e-14
        4887  2.12554e-14
        4888  2.12286e-14
        4889  2.12012e-14
        4890  2.11742e-14
        4891  2.13212e-14
        4892  2.13673e-14
        4893  2.13399e-14
        4894  2.13129e-14
        4895  2.12865e-14
        4896  2.25225e-14
        4897  2.29651e-14
        4898  2.29363e-14
        4899  2.29072e-14
        4900  2.28791e-14
        4901  2.38378e-14
        4902  2.41352e-14
        4903  2.41060e-14
        4904  2.40779e-14
        4905  2.40481e-14
        4906  2.41715e-14
        4907  2.41881e-14
        4908  2.41583e-14
        4909  2.41296e-14
        4910  2.41018e-14
        4911  2.53926e-14
        4912  2.57007e-14
        4913  2.56704e-14
        4914  2.56413e-14
        4915  2.56102e-14
        4916  2.69725e-14
        4917  2.72496e-14
        4918  2.72179e-14
        4919  2.71873e-14
        4920  2.71548e-14
        4921  2.82096e-14
        4922  2.83823e-14
        4923  2.83487e-14
        4924  2.83162e-14
        4925  2.82838e-14
        4926  2.99471e-14
        4927  3.01778e-14
        4928  3.01436e-14
        4929  3.01106e-14
        4930  3.00755e-14
        4931  3.15207e-14
        4932  3.16733e-14
        4933  3.16390e-14
        4934  3.16025e-14
        4935  3.15685e-14
        4936  3.31299e-14
        4937  3.32537e-14
        4938  3.32169e-14
        4939  3.31803e-14
        4940  3.31451e-14
        4941  3.54158e-14
        4942  3.55488e-14
        4943  3.55114e-14
        4944  3.54713e-14
        4945  3.54328e-14
        4946  3.63785e-14
        4947  3.63858e-14
        4948  3.63479e-14
        4949  3.63075e-14
        4950  3.62685e-14
        4951  3.75994e-14
        4952  3.75934e-14
        4953  3.75549e-14
        4954  3.75136e-14
        4955  3.74752e-14
        4956  3.88283e-14
        4957  3.87943e-14
        4958  3.87521e-14
        4959  3.87129e-14
        4960  3.86801e-14
        4961  3.91533e-14
        4962  3.91111e-14
        4963  3.90720e-14
        4964  3.90301e-14
        4965  3.90178e-14
        4966  3.96612e-14
        4967  3.96190e-14
        4968  3.95784e-14
        4969  3.95394e-14
        4970  3.95590e-14
        4971  4.04628e-14
        4972  4.04202e-14
        4973  4.03809e-14
        4974  4.03386e-14
        4975  4.02255e-14
        4976  3.93668e-14
        4977  3.93289e-14
        4978  3.92881e-14
        4979  3.92505e-14
        4980  3.91864e-14
        4981  3.89388e-14
        4982  3.89018e-14
        4983  3.88620e-14
        4984  3.88252e-14
        4985  3.85590e-14
        4986  3.69305e-14
        4987  3.68931e-14
        4988  3.68572e-14
        4989  3.68228e-14
        4990  3.66326e-14
        4991  3.57073e-14
        4992  3.56715e-14
        4993  3.56386e-14
        4994  3.56031e-14
        4995  3.51281e-14
        4996  3.29024e-14
        4997  3.28724e-14
        4998  3.28412e-14
        4999  3.28089e-14
        5000  3.21849e-14
        5001  2.95964e-14
        5002  2.95690e-14
        5003  2.95405e-14
        5004  2.95110e-14
        5005  2.90424e-14
        5006  2.73450e-14
        5007  2.73179e-14
        5008  2.72929e-14
        5009  2.72669e-14
        5010  2.71536e-14
        5011  2.68390e-14
        5012  2.68126e-14
        5013  2.67884e-14
        5014  2.67632e-14
        5015  2.63022e-14
        5016  2.49745e-14
        5017  2.49502e-14
        5018  2.49278e-14
        5019  2.49036e-14
        5020  2.46997e-14
        5021  2.41907e-14
        5022  2.41674e-14
        5023  2.41460e-14
        5024  2.41228e-14
        5025  2.38160e-14
        5026  2.30998e-14
        5027  2.30795e-14
        5028  2.30584e-14
        5029  2.30374e-14
        5030  2.28203e-14
        5031  2.23678e-14
        5032  2.23467e-14
        5033  2.23273e-14
        5034  2.23071e-14
        5035  2.20815e-14
        5036  2.16503e-14
        5037  2.16300e-14
        5038  2.16115e-14
        5039  2.15921e-14
        5040  2.16467e-14
        5041  2.17640e-14
        5042  2.17438e-14
        5043  2.17253e-14
        5044  2.17061e-14
        5045  2.16195e-14
        5046  2.14888e-14
        5047  2.14699e-14
        5048  2.14510e-14
        5049  2.14314e-14
        5050  2.14555e-14
        5051  2.15021e-14
        5052  2.14833e-14
        5053  2.14646e-14
        5054  2.14452e-14
        5055  2.12775e-14
        5056  2.10447e-14
        5057  2.10265e-14
        5058  2.10084e-14
        5059  2.09895e-14
        5060  2.12594e-14
        5061  2.16204e-14
        5062  2.16019e-14
        5063  2.15826e-14
        5064  2.15659e-14
        5065  2.09541e-14
        5066  2.02147e-14
        5067  2.01976e-14
        5068  2.01790e-14
        5069  2.01635e-14
        5070  2.04603e-14
        5071  2.07969e-14
        5072  2.07794e-14
        5073  2.07621e-14
        5074  2.07447e-14
        5075  2.03232e-14
        5076  1.98833e-14
        5077  1.98683e-14
        5078  1.98503e-14
        5079  1.98354e-14
        5080  2.00949e-14
        5081  2.03476e-14
        5082  2.03309e-14
        5083  2.03142e-14
        5084  2.02976e-14
        5085  2.03276e-14
        5086  2.03527e-14
        5087  2.03362e-14
        5088  2.03197e-14
        5089  2.03032e-14
        5090  2.03591e-14
        5091  2.04028e-14
        5092  2.03864e-14
        5093  2.03700e-14
        5094  2.03536e-14
        5095  1.98682e-14
        5096  1.94888e-14
        5097  1.94733e-14
        5098  1.94592e-14
        5099  1.94423e-14
        5100  2.00670e-14
        5101  2.05061e-14
        5102  2.04899e-14
        5103  2.04738e-14
        5104  2.04576e-14
        5105  2.01804e-14
        5106  1.99924e-14
        5107  1.99767e-14
        5108  1.99611e-14
        5109  1.99456e-14
        5110  2.01322e-14
        5111  2.02420e-14
        5112  2.02263e-14
        5113  2.02091e-14
        5114  2.01951e-14
        5115  2.00430e-14
        5116  1.99506e-14
        5117  1.99353e-14
        5118  1.99201e-14
        5119  1.99048e-14
        5120  2.02535e-14
        5121  2.04262e-14
        5122  2.04122e-14
        5123  2.03968e-14
        5124  2.03813e-14
        5125  2.02797e-14
        5126  2.02232e-14
        5127  2.02064e-14
        5128  2.01928e-14
        5129  2.01761e-14
        5130  2.08066e-14
        5131  2.10754e-14
        5132  2.10597e-14
        5133  2.10440e-14
        5134  2.10284e-14
        5135  2.08181e-14
        5136  2.07227e-14
        5137  2.07090e-14
        5138  2.06937e-14
        5139  2.06769e-14
        5140  2.10254e-14
        5141  2.11431e-14
        5142  2.11276e-14
        5143  2.11122e-14
        5144  2.10968e-14
        5145  2.07361e-14
        5146  2.06042e-14
        5147  2.05893e-14
        5148  2.05744e-14
        5149  2.05596e-14
        5150  2.09178e-14
        5151  2.10181e-14
        5152  2.10015e-14
        5153  2.09880e-14
        5154  2.09715e-14
        5155  2.02032e-14
        5156  1.99779e-14
        5157  1.99637e-14
        5158  1.99496e-14
        5159  1.99370e-14
        5160  2.01529e-14
        5161  2.01962e-14
        5162  2.01836e-14
        5163  2.01679e-14
        5164  2.01553e-14
        5165  2.07908e-14
        5166  2.09216e-14
        5167  2.09070e-14
        5168  2.08925e-14
        5169  2.08780e-14
        5170  2.13894e-14
        5171  2.14806e-14
        5172  2.14642e-14
        5173  2.14511e-14
        5174  2.14347e-14
        5175  2.16577e-14
        5176  2.16837e-14
        5177  2.16689e-14
        5178  2.16542e-14
        5179  2.16411e-14
        5180  2.24314e-14
        5181  2.25397e-14
        5182  2.25244e-14
        5183  2.25093e-14
        5184  2.24941e-14
        5185  2.25618e-14
        5186  2.25593e-14
        5187  2.25425e-14
        5188  2.25274e-14
        5189  2.25124e-14
        5190  2.36562e-14
        5191  2.37701e-14
        5192  2.37543e-14
        5193  2.37386e-14
        5194  2.37211e-14
        5195  2.39874e-14
        5196  2.39981e-14
        5197  2.39806e-14
        5198  2.39667e-14
        5199  2.39492e-14
        5200  2.46477e-14
        5201  2.46819e-14
        5202  2.46642e-14
        5203  2.46503e-14
        5204  2.46346e-14
        5205  2.59823e-14
        5206  2.60408e-14
        5207  2.60244e-14
        5208  2.60079e-14
        5209  2.59896e-14
        5210  2.67321e-14
        5211  2.67452e-14
        5212  2.67264e-14
        5213  2.67097e-14
        5214  2.66931e-14
        5215  2.81422e-14
        5216  2.81502e-14
        5217  2.81349e-14
        5218  2.81175e-14
        5219  2.81002e-14
        5220  2.86553e-14
        5221  2.86416e-14
        5222  2.86240e-14
        5223  2.86043e-14
        5224  2.85924e-14
        5225  2.88338e-14
        5226  2.88141e-14
        5227  2.87988e-14
        5228  2.87814e-14
        5229  2.88109e-14
        5230  3.03997e-14
        5231  3.03837e-14
        5232  3.03655e-14
        5233  3.03450e-14
        5234  3.03767e-14
        5235  3.13972e-14
        5236  3.13762e-14
        5237  3.13576e-14
        5238  3.13390e-14
        5239  3.13864e-14
        5240  3.23849e-14
        5241  3.23658e-14
        5242  3.23493e-14
        5243  3.23279e-14
        5244  3.23954e-14
        5245  3.34559e-14
        5246  3.34365e-14
        5247  3.34171e-14
        5248  3.33978e-14
        5249  3.34383e-14
        5250  3.40090e-14
        5251  3.39921e-14
        5252  3.39700e-14
        5253  3.39506e-14
        5254  3.40986e-14
        5255  3.55156e-14
        5256  3.54927e-14
        5257  3.54726e-14
        5258  3.54552e-14
        5259  3.56062e-14
        5260  3.68778e-14
        5261  3.68570e-14
        5262  3.68364e-14
        5263  3.68158e-14
        5264  3.68192e-14
        5265  3.69680e-14
        5266  3.69503e-14
        5267  3.69270e-14
        5268  3.69065e-14
        5269  3.69949e-14
        5270  3.75835e-14
        5271  3.75629e-14
        5272  3.75423e-14
        5273  3.75246e-14
        5274  3.76979e-14
        5275  3.86932e-14
        5276  3.86751e-14
        5277  3.86512e-14
        5278  3.86303e-14
        5279  3.88042e-14
        5280  3.96824e-14
        5281  3.96611e-14
        5282  3.96368e-14
        5283  3.96186e-14
        5284  3.97109e-14
        5285  4.01718e-14
        5286  4.01505e-14
        5287  4.01292e-14
        5288  4.01080e-14
        5289  4.02632e-14
        5290  4.09445e-14
        5291  4.09230e-14
        5292  4.09015e-14
        5293  4.08801e-14
        5294  4.10022e-14
        5295  4.15007e-14
        5296  4.14823e-14
        5297  4.14577e-14
        5298  4.14363e-14
        5299  4.16096e-14
        5300  4.22195e-14
        5301  4.22011e-14
        5302  4.21763e-14
        5303  4.21579e-14
        5304  4.26200e-14
        5305  4.41034e-14
        5306  4.40811e-14
        5307  4.40587e-14
        5308  4.40365e-14
        5309  4.40308e-14
        5310  4.40659e-14
        5311  4.40404e-14
        5312  4.40217e-14
        5313  4.39964e-14
        5314  4.42236e-14
        5315  4.48630e-14
        5316  4.48408e-14
        5317  4.48152e-14
        5318  4.47965e-14
        5319  4.52810e-14
        5320  4.65280e-14
        5321  4.65052e-14
        5322  4.64824e-14
        5323  4.64598e-14
        5324  4.64000e-14
        5325  4.63008e-14
        5326  4.62748e-14
        5327  4.62560e-14
        5328  4.62302e-14
        5329  4.73087e-14
        5330  4.97173e-14
        5331  4.96935e-14
        5332  4.96698e-14
        5333  4.96461e-14
        5334  4.85429e-14
        5335  4.62649e-14
        5336  4.62395e-14
        5337  4.62212e-14
        5338  4.61959e-14
        5339  4.64402e-14
        5340  4.69334e-14
        5341  4.69115e-14
        5342  4.68932e-14
        5343  4.68678e-14
        5344  4.66169e-14
        5345  4.61573e-14
        5346  4.61395e-14
        5347  4.61148e-14
        5348  4.60971e-14
        5349  4.56559e-14
        5350  4.48998e-14
        5351  4.48793e-14
        5352  4.48589e-14
        5353  4.48385e-14
        5354  4.46934e-14
        5355  4.44634e-14
        5356  4.44434e-14
        5357  4.44234e-14
        5358  4.44035e-14
        5359  4.41509e-14
        5360  4.37592e-14
        5361  4.37397e-14
        5362  4.37203e-14
        5363  4.37010e-14
        5364  4.36265e-14
        5365  4.35235e-14
        5366  4.35043e-14
        5367  4.34853e-14
        5368  4.34662e-14
        5369  4.32132e-14
        5370  4.28551e-14
        5371  4.28365e-14
        5372  4.28180e-14
        5373  4.27994e-14
        5374  4.26071e-14
        5375  4.23485e-14
        5376  4.23304e-14
        5377  4.23123e-14
        5378  4.22942e-14
        5379  4.25282e-14
        5380  4.28442e-14
        5381  4.28228e-14
        5382  4.28080e-14
        5383  4.27867e-14
        5384  4.26446e-14
        5385  4.24640e-14
        5386  4.24462e-14
        5387  4.24285e-14
        5388  4.24108e-14
        5389  4.28598e-14
        5390  4.33949e-14
        5391  4.33769e-14
        5392  4.33591e-14
        5393  4.33479e-14
        5394  4.36001e-14
        5395  4.38930e-14
        5396  4.38818e-14
        5397  4.38573e-14
        5398  4.38462e-14
        5399  4.42452e-14
        5400  4.46964e-14
        5401  4.46780e-14
        5402  4.46596e-14
        5403  4.46412e-14
        5404  4.52817e-14
        5405  4.59516e-14
        5406  4.59398e-14
        5407  4.59142e-14
        5408  4.58955e-14
        5409  4.66056e-14
        5410  4.73239e-14
        5411  4.72976e-14
        5412  4.72858e-14
        5413  4.72596e-14
        5414  4.79988e-14
        5415  4.87025e-14
        5416  4.86905e-14
        5417  4.86711e-14
        5418  4.86444e-14
        5419  4.94392e-14
        5420  5.01735e-14
        5421  5.01614e-14
        5422  5.01340e-14
        5423  5.01144e-14
        5424  5.14406e-14
        5425  5.26115e-14
        5426  5.25910e-14
        5427  5.25706e-14
        5428  5.25582e-14
        5429  5.37049e-14
        5430  5.47022e-14
        5431  5.46811e-14
        5432  5.46602e-14
        5433  5.46392e-14
        5434  5.60478e-14
        5435  5.72173e-14
        5436  5.71868e-14
        5437  5.71738e-14
        5438  5.71435e-14
        5439  5.88168e-14
        5440  6.01280e-14
        5441  6.01145e-14
        5442  6.00920e-14
        5443  6.00604e-14
        5444  6.12502e-14
        5445  6.21575e-14
        5446  6.21344e-14
        5447  6.21114e-14
        5448  6.20885e-14
        5449  6.31608e-14
        5450  6.39532e-14
        5451  6.39200e-14
        5452  6.39063e-14
        5453  6.38733e-14
        5454  6.57481e-14
        5455  6.70567e-14
        5456  6.70221e-14
        5457  6.70081e-14
        5458  6.69839e-14
        5459  6.87069e-14
        5460  6.98771e-14
        5461  6.98521e-14
        5462  6.98271e-14
        5463  6.97916e-14
        5464  7.21449e-14
        5465  7.36804e-14
        5466  7.36543e-14
        5467  7.36284e-14
        5468  7.36024e-14
        5469  7.50823e-14
        5470  7.60246e-14
        5471  7.60096e-14
        5472  7.59716e-14
        5473  7.59452e-14
        5474  7.79535e-14
        5475  7.91920e-14
        5476  7.91646e-14
        5477  7.91254e-14
        5478  7.91102e-14
        5479  8.06641e-14
        5480  8.15744e-14
        5481  8.15466e-14
        5482  8.15189e-14
        5483  8.15037e-14
        5484  8.34316e-14
        5485  8.45260e-14
        5486  8.44975e-14
        5487  8.44692e-14
        5488  8.44409e-14
        5489  8.50684e-14
        5490  8.54146e-14
        5491  8.53732e-14
        5492  8.53449e-14
        5493  8.53167e-14
        5494  8.60921e-14
        5495  8.64919e-14
        5496  8.64635e-14
        5497  8.64484e-14
        5498  8.64070e-14
        5499  8.80924e-14
        5500  8.89455e-14
        5501  8.89167e-14
        5502  8.88880e-14
        5503  8.88594e-14
        5504  9.02927e-14
        5505  9.09696e-14
        5506  9.09405e-14
        5507  9.09115e-14
        5508  9.08826e-14
        5509  9.14370e-14
        5510  9.16951e-14
        5511  9.16522e-14
        5512  9.16233e-14
        5513  9.16085e-14
        5514  9.21700e-14
        5515  9.24360e-14
        5516  9.23932e-14
        5517  9.23785e-14
        5518  9.23359e-14
        5519  9.35280e-14
        5520  9.40631e-14
        5521  9.40199e-14
        5522  9.40054e-14
        5523  9.39623e-14
        5524  9.45439e-14
        5525  9.47669e-14
        5526  9.47381e-14
        5527  9.47095e-14
        5528  9.46809e-14
        5529  9.47349e-14
        5530  9.47434e-14
        5531  9.47150e-14
        5532  9.46723e-14
        5533  9.46586e-14
        5534  9.45683e-14
        5535  9.45064e-14
        5536  9.44929e-14
        5537  9.44507e-14
        5538  9.44374e-14
        5539  9.41804e-14
        5540  9.40766e-14
        5541  9.40349e-14
        5542  9.40219e-14
        5543  9.39947e-14
        5544  9.37391e-14
        5545  9.36442e-14
        5546  9.36173e-14
        5547  9.35905e-14
        5548  9.35495e-14
        5549  9.33342e-14
        5550  9.32232e-14
        5551  9.32110e-14
        5552  9.31706e-14
        5553  9.31585e-14
        5554  9.26857e-14
        5555  9.25131e-14
        5556  9.24873e-14
        5557  9.24475e-14
        5558  9.24359e-14
        5559  9.18505e-14
        5560  9.16248e-14
        5561  9.15996e-14
        5562  9.15744e-14
        5563  9.15494e-14
        5564  9.16314e-14
        5565  9.16337e-14
        5566  9.16227e-14
        5567  9.15980e-14
        5568  9.15733e-14
        5569  9.09093e-14
        5570  9.06879e-14
        5571  9.06637e-14
        5572  9.06395e-14
        5573  9.06154e-14
        5574  9.00416e-14
        5575  8.98456e-14
        5576  8.98219e-14
        5577  8.97846e-14
        5578  8.97748e-14
        5579  8.88805e-14
        5580  8.85823e-14
        5581  8.85593e-14
        5582  8.85364e-14
        5583  8.85135e-14
        5584  8.73264e-14
        5585  8.69516e-14
        5586  8.69293e-14
        5587  8.69072e-14
        5588  8.68851e-14
        5589  8.56989e-14
        5590  8.53305e-14
        5591  8.53090e-14
        5592  8.52876e-14
        5593  8.52793e-14
        5594  8.44436e-14
        5595  8.41956e-14
        5596  8.41747e-14
        5597  8.41539e-14
        5598  8.41331e-14
        5599  8.31790e-14
        5600  8.28974e-14
        5601  8.28777e-14
        5602  8.28582e-14
        5603  8.28387e-14
        5604  8.16359e-14
        5605  8.12916e-14
        5606  8.12851e-14
        5607  8.12539e-14
        5608  8.12351e-14
        5609  8.06605e-14
        5610  8.05066e-14
        5611  8.04760e-14
        5612  8.04576e-14
        5613  8.04394e-14
        5614  7.85103e-14
        5615  7.79786e-14
        5616  7.79730e-14
        5617  7.79437e-14
        5618  7.79382e-14
        5619  7.67007e-14
        5620  7.63641e-14
        5621  7.63473e-14
        5622  7.63305e-14
        5623  7.63255e-14
        5624  7.55266e-14
        5625  7.53185e-14
        5626  7.53022e-14
        5627  7.52975e-14
        5628  7.52699e-14
        5629  7.33282e-14
        5630  7.28536e-14
        5631  7.28270e-14
        5632  7.28228e-14
        5633  7.28075e-14
        5634  7.15051e-14
        5635  7.11971e-14
        5636  7.11715e-14
        5637  7.11676e-14
        5638  7.11420e-14
        5639  6.93828e-14
        5640  6.89478e-14
        5641  6.89443e-14
        5642  6.89303e-14
        5643  6.89059e-14
        5644  6.72038e-14
        5645  6.67907e-14
        5646  6.67876e-14
        5647  6.67641e-14
        5648  6.67611e-14
        5649  6.52150e-14
        5650  6.48454e-14
        5651  6.48426e-14
        5652  6.48300e-14
        5653  6.48174e-14
        5654  6.32995e-14
        5655  6.29480e-14
        5656  6.29360e-14
        5657  6.29240e-14
        5658  6.29216e-14
        5659  6.08542e-14
        5660  6.04057e-14
        5661  6.03943e-14
        5662  6.03831e-14
        5663  6.03626e-14
        5664  5.86256e-14
        5665  5.82449e-14
        5666  5.82342e-14
        5667  5.82235e-14
        5668  5.82129e-14
        5669  5.61291e-14
        5670  5.56810e-14
        5671  5.56710e-14
        5672  5.56610e-14
        5673  5.56511e-14
        5674  5.36897e-14
        5675  5.32743e-14
        5676  5.32649e-14
        5677  5.32556e-14
        5678  5.32382e-14
        5679  5.19475e-14
        5680  5.16728e-14
        5681  5.16639e-14
        5682  5.16551e-14
        5683  5.16463e-14
        5684  5.00548e-14
        5685  4.97231e-14
        5686  4.97147e-14
        5687  4.97064e-14
        5688  4.96982e-14
        5689  4.88228e-14
        5690  4.86397e-14
        5691  4.86317e-14
        5692  4.86238e-14
        5693  4.86233e-14
        5694  4.75978e-14
        5695  4.73877e-14
        5696  4.73801e-14
        5697  4.73726e-14
        5698  4.73651e-14
        5699  4.74838e-14
        5700  4.75015e-14
        5701  4.75013e-14
        5702  4.74867e-14
        5703  4.74793e-14
        5704  4.71000e-14
        5705  4.70192e-14
        5706  4.70121e-14
        5707  4.70050e-14
        5708  4.69979e-14
        5709  4.70177e-14
        5710  4.70074e-14
        5711  4.70004e-14
        5712  4.69935e-14
        5713  4.69866e-14
        5714  4.69969e-14
        5715  4.69991e-14
        5716  4.69852e-14
        5717  4.69784e-14
        5718  4.69789e-14
        5719  4.74774e-14
        5720  4.75764e-14
        5721  4.75697e-14
        5722  4.75558e-14
        5723  4.75564e-14
        5724  4.78165e-14
        5725  4.78564e-14
        5726  4.78498e-14
        5727  4.78506e-14
        5728  4.78368e-14
        5729  4.82760e-14
        5730  4.83496e-14
        5731  4.83432e-14
        5732  4.83368e-14
        5733  4.83304e-14
        5734  4.84455e-14
        5735  4.84674e-14
        5736  4.84611e-14
        5737  4.84475e-14
        5738  4.84487e-14
        5739  4.93200e-14
        5740  4.94785e-14
        5741  4.94798e-14
        5742  4.94736e-14
        5743  4.94600e-14
        5744  5.01237e-14
        5745  5.02484e-14
        5746  5.02346e-14
        5747  5.02362e-14
        5748  5.02302e-14
        5749  5.07364e-14
        5750  5.08416e-14
        5751  5.08356e-14
        5752  5.08297e-14
        5753  5.08160e-14
        5754  5.13837e-14
        5755  5.14912e-14
        5756  5.14775e-14
        5757  5.14795e-14
        5758  5.14737e-14
        5759  5.27196e-14
        5760  5.29760e-14
        5761  5.29702e-14
        5762  5.29563e-14
        5763  5.29586e-14
        5764  5.38697e-14
        5765  5.40486e-14
        5766  5.40429e-14
        5767  5.40372e-14
        5768  5.40315e-14
        5769  5.52501e-14
        5770  5.54882e-14
        5771  5.54910e-14
        5772  5.54853e-14
        5773  5.54797e-14
        5774  5.65040e-14
        5775  5.67135e-14
        5776  5.67079e-14
        5777  5.67023e-14
        5778  5.66968e-14
        5779  5.75259e-14
        5780  5.76971e-14
        5781  5.76917e-14
        5782  5.76862e-14
        5783  5.76808e-14
        5784  5.76921e-14
        5785  5.76903e-14
        5786  5.76851e-14
        5787  5.76798e-14
        5788  5.76746e-14
        5789  6.08442e-14
        5790  6.15276e-14
        5791  6.15222e-14
        5792  6.15169e-14
        5793  6.15210e-14
        5794  6.41349e-14
        5795  6.47128e-14
        5796  6.47074e-14
        5797  6.47119e-14
        5798  6.46967e-14
        5799  6.59288e-14
        5800  6.62035e-14
        5801  6.62078e-14
        5802  6.61919e-14
        5803  6.61862e-14
        5804  6.77714e-14
        5805  6.81431e-14
        5806  6.81270e-14
        5807  6.81212e-14
        5808  6.81156e-14
        5809  7.05782e-14
        5810  7.11396e-14
        5811  7.11339e-14
        5812  7.11281e-14
        5813  7.11224e-14
        5814  7.24825e-14
        5815  7.27879e-14
        5816  7.27933e-14
        5817  7.27765e-14
        5818  7.27821e-14
        5819  7.38958e-14
        5820  7.41793e-14
        5821  7.41624e-14
        5822  7.41682e-14
        5823  7.41514e-14
        5824  7.47807e-14
        5825  7.49208e-14
        5826  7.49269e-14
        5827  7.49101e-14
        5828  7.49163e-14
        5829  7.67364e-14
        5830  7.72197e-14
        5831  7.72026e-14
        5832  7.71974e-14
        5833  7.71922e-14
        5834  7.76691e-14
        5835  7.77694e-14
        5836  7.77763e-14
        5837  7.77712e-14
        5838  7.77663e-14
        5839  7.87793e-14
        5840  7.90376e-14
        5841  7.90448e-14
        5842  7.90400e-14
        5843  7.90352e-14
        5844  7.90076e-14
        5845  7.89845e-14
        5846  7.89920e-14
        5847  7.89874e-14
        5848  7.89829e-14
        5849  7.85588e-14
        5850  7.84222e-14
        5851  7.84298e-14
        5852  7.84255e-14
        5853  7.84214e-14
        5854  7.76859e-14
        5855  7.74581e-14
        5856  7.74659e-14
        5857  7.74501e-14
        5858  7.74580e-14
        5859  7.81393e-14
        5860  7.83501e-14
        5861  7.83463e-14
        5862  7.83426e-14
        5863  7.83389e-14
        5864  7.60436e-14
        5865  7.53386e-14
        5866  7.53236e-14
        5867  7.53202e-14
        5868  7.53169e-14
        5869  7.67489e-14
        5870  7.72067e-14
        5871  7.72035e-14
        5872  7.72003e-14
        5873  7.71971e-14
        5874  7.66156e-14
        5875  7.64208e-14
        5876  7.64178e-14
        5877  7.64149e-14
        5878  7.64120e-14
        5879  7.55475e-14
        5880  7.52270e-14
        5881  7.52358e-14
        5882  7.52332e-14
        5883  7.52306e-14
        5884  7.19366e-14
        5885  7.07968e-14
        5886  7.07837e-14
        5887  7.07815e-14
        5888  7.07901e-14
        5889  6.72836e-14
        5890  6.60219e-14
        5891  6.60098e-14
        5892  6.60079e-14
        5893  6.60162e-14
        5894  5.44893e-14
        5895  5.01544e-14
        5896  5.01607e-14
        5897  5.01518e-14
        5898  5.01506e-14
        5899  4.82280e-14
        5900  4.74685e-14
        5901  4.74674e-14
        5902  4.74736e-14
        5903  4.74653e-14
        5904  5.48775e-14
        5905  5.78737e-14
        5906  5.78637e-14
        5907  5.78626e-14
        5908  5.78615e-14
        5909  6.46281e-14
        5910  6.74239e-14
        5911  6.74331e-14
        5912  6.74217e-14
        5913  6.74310e-14
        5914  6.71828e-14
        5915  6.70653e-14
        5916  6.70747e-14
        5917  6.70738e-14
        5918  6.70627e-14
        5919  6.62547e-14
        5920  6.58791e-14
        5921  6.58885e-14
        5922  6.58878e-14
        5923  6.58772e-14
        5924  6.61304e-14
        5925  6.62426e-14
        5926  6.62320e-14
        5927  6.62418e-14
        5928  6.62313e-14
        5929  6.48198e-14
        5930  6.41425e-14
        5931  6.41325e-14
        5932  6.41323e-14
        5933  6.41419e-14
        5934  6.40351e-14
        5935  6.39871e-14
        5936  6.39772e-14
        5937  6.39870e-14
        5938  6.39870e-14
        5939  6.34698e-14
        5940  6.32036e-14
        5941  6.32037e-14
        5942  6.32039e-14
        5943  6.32042e-14
        5944  6.23035e-14
        5945  6.18216e-14
        5946  6.18124e-14
        5947  6.18223e-14
        5948  6.18227e-14
        5949  6.15215e-14
        5950  6.13542e-14
        5951  6.13547e-14
        5952  6.13553e-14
        5953  6.13559e-14
        5954  6.04385e-14
        5955  5.99271e-14
        5956  5.99186e-14
        5957  5.99194e-14
        5958  5.99202e-14
        5959  5.93811e-14
        5960  5.90386e-14
        5961  5.90485e-14
        5962  5.90494e-14
        5963  5.90504e-14
        5964  5.84131e-14
        5965  5.80094e-14
        5966  5.80104e-14
        5967  5.80115e-14
        5968  5.80215e-14
        5969  5.75567e-14
        5970  5.72600e-14
        5971  5.72612e-14
        5972  5.72625e-14
        5973  5.72638e-14
        5974  5.68579e-14
        5975  5.65682e-14
        5976  5.65696e-14
        5977  5.65710e-14
        5978  5.65725e-14
        5979  5.59392e-14
        5980  5.54946e-14
        5981  5.54876e-14
        5982  5.54976e-14
        5983  5.54908e-14
        5984  5.49486e-14
        5985  5.45403e-14
        5986  5.45419e-14
        5987  5.45437e-14
        5988  5.45454e-14
        5989  5.40684e-14
        5990  5.37040e-14
        5991  5.36976e-14
        5992  5.37076e-14
        5993  5.37013e-14
        5994  5.30298e-14
        5995  5.24765e-14
        5996  5.24784e-14
        5997  5.24885e-14
        5998  5.24824e-14
        5999  5.25767e-14
        6000  5.26413e-14
        6001  5.26503e-14
        6002  5.26432e-14
        6003  5.26522e-14
        6004  5.19424e-14
        6005  5.13212e-14
        6006  5.13300e-14
        6007  5.13311e-14
        6008  5.13321e-14
        6009  5.15504e-14
        6010  5.17502e-14
        6011  5.17592e-14
        6012  5.17524e-14
        6013  5.17615e-14
        6014  5.15726e-14
        6015  5.13918e-14
        6016  5.14009e-14
        6017  5.14021e-14
        6018  5.14033e-14
        6019  5.16330e-14
        6020  5.18794e-14
        6021  5.18807e-14
        6022  5.18741e-14
        6023  5.18834e-14
        6024  5.18719e-14
        6025  5.18757e-14
        6026  5.18613e-14
        6027  5.18786e-14
        6028  5.18642e-14
        6029  5.20605e-14
        6030  5.22443e-14
        6031  5.22618e-14
        6032  5.22474e-14
        6033  5.22649e-14
        6034  5.26689e-14
        6035  5.31580e-14
        6036  5.31597e-14
        6037  5.31614e-14
        6038  5.31468e-14
        6039  5.33534e-14
        6040  5.35492e-14
        6041  5.35674e-14
        6042  5.35528e-14
        6043  5.35710e-14
        6044  5.33486e-14
        6045  5.30994e-14
        6046  5.30851e-14
        6047  5.31032e-14
        6048  5.30889e-14
        6049  5.36874e-14
        6050  5.44752e-14
        6051  5.44772e-14
        6052  5.44792e-14
        6053  5.44813e-14
        6054  5.43762e-14
        6055  5.42414e-14
        6056  5.42270e-14
        6057  5.42291e-14
        6058  5.42313e-14
        6059  5.42324e-14
        6060  5.42164e-14
        6061  5.42352e-14
        6062  5.42208e-14
        6063  5.42397e-14
        6064  5.44226e-14
        6065  5.47135e-14
        6066  5.47159e-14
        6067  5.47183e-14
        6068  5.47207e-14
        6069  5.45115e-14
        6070  5.41103e-14
        6071  5.41293e-14
        6072  5.41318e-14
        6073  5.41343e-14
        6074  5.43884e-14
        6075  5.48918e-14
        6076  5.48944e-14
        6077  5.48970e-14
        6078  5.48829e-14
        6079  5.46334e-14
        6080  5.41181e-14
        6081  5.41208e-14
        6082  5.41235e-14
        6083  5.41096e-14
        6084  5.42750e-14
        6085  5.45616e-14
        6086  5.45644e-14
        6087  5.45672e-14
        6088  5.45701e-14
        6089  5.44966e-14
        6090  5.42958e-14
        6091  5.43153e-14
        6092  5.43016e-14
        6093  5.43212e-14
        6094  5.40540e-14
        6095  5.34592e-14
        6096  5.34458e-14
        6097  5.34651e-14
        6098  5.34681e-14
        6099  5.34203e-14
        6100  5.32947e-14
        6101  5.33141e-14
        6102  5.33008e-14
        6103  5.33203e-14
        6104  5.31725e-14
        6105  5.28072e-14
        6106  5.28265e-14
        6107  5.28134e-14
        6108  5.28327e-14
        6109  5.30261e-14
        6110  5.36419e-14
        6111  5.36617e-14
        6112  5.36485e-14
        6113  5.36683e-14
        6114  5.35910e-14
        6115  5.33869e-14
        6116  5.34066e-14
        6117  5.33936e-14
        6118  5.34134e-14
        6119  5.34384e-14
        6120  5.35921e-14
        6121  5.35956e-14
        6122  5.35991e-14
        6123  5.36026e-14
        6124  5.37647e-14
        6125  5.43867e-14
        6126  5.44070e-14
        6127  5.43940e-14
        6128  5.43977e-14
        6129  5.43191e-14
        6130  5.39661e-14
        6131  5.39863e-14
        6132  5.39901e-14
        6133  5.39773e-14
        6134  5.39158e-14
        6135  5.34868e-14
        6136  5.35070e-14
        6137  5.34944e-14
        6138  5.35147e-14
        6139  5.33417e-14
        6140  5.24983e-14
        6141  5.25021e-14
        6142  5.24899e-14
        6143  5.25098e-14
        6144  5.24693e-14
        6145  5.21767e-14
        6146  5.21966e-14
        6147  5.22005e-14
        6148  5.21885e-14
        6149  5.20537e-14
        6150  5.09129e-14
        6151  5.09013e-14
        6152  5.09208e-14
        6153  5.09248e-14
        6154  5.07790e-14
        6155  4.96270e-14
        6156  4.96157e-14
        6157  4.96196e-14
        6158  4.96388e-14
        6159  4.94948e-14
        6160  4.80173e-14
        6161  4.80212e-14
        6162  4.80251e-14
        6163  4.80291e-14
        6164  4.79770e-14
        6165  4.72220e-14
        6166  4.72115e-14
        6167  4.72154e-14
        6168  4.72194e-14
        6169  4.71636e-14
        6170  4.56900e-14
        6171  4.56939e-14
        6172  4.56977e-14
        6173  4.57017e-14
        6174  4.56869e-14
        6175  4.50351e-14
        6176  4.50390e-14
        6177  4.50430e-14
        6178  4.50607e-14
        6179  4.50377e-14
        6180  4.37153e-14
        6181  4.37192e-14
        6182  4.37232e-14
        6183  4.37271e-14
        6184  4.37310e-14
        6185  4.31204e-14
        6186  4.31316e-14
        6187  4.31223e-14
        6188  4.31263e-14
        6189  4.31303e-14
        6190  4.37495e-14
        6191  4.37711e-14
        6192  4.37752e-14
        6193  4.37793e-14
        6194  4.37834e-14
        6195  4.36316e-14
        6196  4.36279e-14
        6197  4.36321e-14
        6198  4.36363e-14
        6199  4.36405e-14
        6200  4.41722e-14
        6201  4.42293e-14
        6202  4.42347e-14
        6203  4.42267e-14
        6204  4.42457e-14
        6205  4.43914e-14
        6206  4.44255e-14
        6207  4.44311e-14
        6208  4.44231e-14
        6209  4.44424e-14
        6210  4.49338e-14
        6211  4.50003e-14
        6212  4.50061e-14
        6213  4.50120e-14
        6214  4.50179e-14
        6215  4.64711e-14
        6216  4.67039e-14
        6217  4.66958e-14
        6218  4.67164e-14
        6219  4.67083e-14
        6220  4.75203e-14
        6221  4.76476e-14
        6222  4.76541e-14
        6223  4.76606e-14
        6224  4.76672e-14
        6225  4.88121e-14
        6226  4.90519e-14
        6227  4.90438e-14
        6228  4.90657e-14
        6229  4.90575e-14
        6230  4.99476e-14
        6231  5.01554e-14
        6232  5.01625e-14
        6233  5.01698e-14
        6234  5.01616e-14
        6235  5.16378e-14
        6236  5.20226e-14
        6237  5.20302e-14
        6238  5.20379e-14
        6239  5.20615e-14
        6240  5.30037e-14
        6241  5.33238e-14
        6242  5.33318e-14
        6243  5.33235e-14
        6244  5.33478e-14
        6245  5.43765e-14
        6246  5.47506e-14
        6247  5.47590e-14
        6248  5.47674e-14
        6249  5.47759e-14
        6250  5.46698e-14
        6251  5.46176e-14
        6252  5.46429e-14
        6253  5.46515e-14
        6254  5.46601e-14
        6255  5.50489e-14
        6256  5.52373e-14
        6257  5.52292e-14
        6258  5.52550e-14
        6259  5.52470e-14
        6260  5.56470e-14
        6261  5.58429e-14
        6262  5.58520e-14
        6263  5.58611e-14
        6264  5.58703e-14
        6265  5.51782e-14
        6266  5.47999e-14
        6267  5.48259e-14
        6268  5.48350e-14
        6269  5.48442e-14
        6270  5.44980e-14
        6271  5.43167e-14
        6272  5.43093e-14
        6273  5.43352e-14
        6274  5.43278e-14
        6275  5.31545e-14
        6276  5.23756e-14
        6277  5.24007e-14
        6278  5.23937e-14
        6279  5.24189e-14
        6280  5.25351e-14
        6281  5.26202e-14
        6282  5.26295e-14
        6283  5.26388e-14
        6284  5.26482e-14
        6285  5.21184e-14
        6286  5.17049e-14
        6287  5.17142e-14
        6288  5.17235e-14
        6289  5.17487e-14
        6290  5.06650e-14
        6291  4.97709e-14
        6292  4.97647e-14
        6293  4.97891e-14
        6294  4.97830e-14
        6295  5.12982e-14
        6296  5.27248e-14
        6297  5.27346e-14
        6298  5.27606e-14
        6299  5.27544e-14
        6300  5.39105e-14
        6301  5.51221e-14
        6302  5.51326e-14
        6303  5.51431e-14
        6304  5.51537e-14
        6305  5.54731e-14
        6306  5.58042e-14
        6307  5.58321e-14
        6308  5.58429e-14
        6309  5.58538e-14
        6310  5.63146e-14
        6311  5.69414e-14
        6312  5.69526e-14
        6313  5.69638e-14
        6314  5.69576e-14
        6315  5.70573e-14
        6316  5.71695e-14
        6317  5.71810e-14
        6318  5.71924e-14
        6319  5.71864e-14
        6320  5.77444e-14
        6321  5.85916e-14
        6322  5.86035e-14
        6323  5.85975e-14
        6324  5.86275e-14
        6325  5.89209e-14
        6326  5.94282e-14
        6327  5.94588e-14
        6328  5.94529e-14
        6329  5.94835e-14
        6330  6.01888e-14
        6331  6.16076e-14
        6332  6.16395e-14
        6333  6.16336e-14
        6334  6.16655e-14
        6335  6.21289e-14
        6336  6.31887e-14
        6337  6.32216e-14
        6338  6.32158e-14
        6339  6.32293e-14
        6340  6.34586e-14
        6341  6.39494e-14
        6342  6.39829e-14
        6343  6.39772e-14
        6344  6.39912e-14
        6345  6.44171e-14
        6346  6.55663e-14
        6347  6.55808e-14
        6348  6.55953e-14
        6349  6.56099e-14
        6350  6.59103e-14
        6351  6.68850e-14
        6352  6.69000e-14
        6353  6.69150e-14
        6354  6.69301e-14
        6355  6.71350e-14
        6356  6.78995e-14
        6357  6.79150e-14
        6358  6.79305e-14
        6359  6.79460e-14
        6360  6.81498e-14
        6361  6.90751e-14
        6362  6.90910e-14
        6363  6.90859e-14
        6364  6.91231e-14
        6365  6.94676e-14
        6366  7.13754e-14
        6367  7.13922e-14
        6368  7.14090e-14
        6369  7.14258e-14
        6370  7.16182e-14
        6371  7.29331e-14
        6372  7.29729e-14
        6373  7.29903e-14
        6374  7.29854e-14
        6375  7.31272e-14
        6376  7.41647e-14
        6377  7.41599e-14
        6378  7.42006e-14
        6379  7.42186e-14
        6380  7.42777e-14
        6381  7.52982e-14
        6382  7.52936e-14
        6383  7.53121e-14
        6384  7.53538e-14
        6385  7.54197e-14
        6386  7.74894e-14
        6387  7.75087e-14
        6388  7.75518e-14
        6389  7.75474e-14
        6390  7.75769e-14
        6391  8.01652e-14
        6392  8.01855e-14
        6393  8.01811e-14
        6394  8.02261e-14
        6395  8.02465e-14
        6396  8.19428e-14
        6397  8.20057e-14
        6398  8.20268e-14
        6399  8.20730e-14
        6400  8.20690e-14
        6401  8.42910e-14
        6402  8.44362e-14
        6403  8.44579e-14
        6404  8.44797e-14
        6405  8.45016e-14
        6406  8.62411e-14
        6407  8.64499e-14
        6408  8.64725e-14
        6409  8.64951e-14
        6410  8.65178e-14
        6411  8.80894e-14
        6412  8.83124e-14
        6413  8.83358e-14
        6414  8.83592e-14
        6415  8.83827e-14
        6416  9.01092e-14
        6417  9.04256e-14
        6418  9.04776e-14
        6419  9.04741e-14
        6420  9.04985e-14
        6421  9.21600e-14
        6422  9.24894e-14
        6423  9.25429e-14
        6424  9.25396e-14
        6425  9.25933e-14
        6426  9.47027e-14
        6427  9.53030e-14
        6428  9.53000e-14
        6429  9.53555e-14
        6430  9.53818e-14
        6431  9.63018e-14
        6432  9.66439e-14
        6433  9.66411e-14
        6434  9.66977e-14
        6435  9.66951e-14
        6436  9.84753e-14
        6437  9.91632e-14
        6438  9.91607e-14
        6439  9.91888e-14
        6440  9.92168e-14
        6441  1.00684e-13
        6442  1.01298e-13
        6443  1.01358e-13
        6444  1.01387e-13
        6445  1.01385e-13
        6446  1.02155e-13
        6447  1.02535e-13
        6448  1.02565e-13
        6449  1.02626e-13
        6450  1.02624e-13
        6451  1.03594e-13
        6452  1.04161e-13
        6453  1.04191e-13
        6454  1.04254e-13
        6455  1.04252e-13
        6456  1.05696e-13
        6457  1.06685e-13
        6458  1.06716e-13
        6459  1.06748e-13
        6460  1.06780e-13
        6461  1.07501e-13
        6462  1.08076e-13
        6463  1.08108e-13
        6464  1.08174e-13
        6465  1.08173e-13
        6466  1.10469e-13
        6467  1.12473e-13
        6468  1.12507e-13
        6469  1.12541e-13
        6470  1.12576e-13
        6471  1.12375e-13
        6472  1.12247e-13
        6473  1.12281e-13
        6474  1.12316e-13
        6475  1.12350e-13
        6476  1.12261e-13
        6477  1.12156e-13
        6478  1.12225e-13
        6479  1.12226e-13
        6480  1.12295e-13
        6481  1.13124e-13
        6482  1.14220e-13
        6483  1.14291e-13
        6484  1.14292e-13
        6485  1.14363e-13
        6486  1.15068e-13
        6487  1.16177e-13
        6488  1.16178e-13
        6489  1.16250e-13
        6490  1.16252e-13
        6491  1.16612e-13
        6492  1.17200e-13
        6493  1.17238e-13
        6494  1.17276e-13
        6495  1.17277e-13
        6496  1.17312e-13
        6497  1.17202e-13
        6498  1.17240e-13
        6499  1.17278e-13
        6500  1.17316e-13
        6501  1.17935e-13
        6502  1.19318e-13
        6503  1.19357e-13
        6504  1.19396e-13
        6505  1.19436e-13
        6506  1.19599e-13
        6507  1.20015e-13
        6508  1.20018e-13
        6509  1.20058e-13
        6510  1.20098e-13
        6511  1.19875e-13
        6512  1.19076e-13
        6513  1.19080e-13
        6514  1.19156e-13
        6515  1.19197e-13
        6516  1.19329e-13
        6517  1.19710e-13
        6518  1.19788e-13
        6519  1.19829e-13
        6520  1.19833e-13
        6521  1.19965e-13
        6522  1.20259e-13
        6523  1.20300e-13
        6524  1.20342e-13
        6525  1.20383e-13
        6526  1.20304e-13
        6527  1.19193e-13
        6528  1.19271e-13
        6529  1.19312e-13
        6530  1.19317e-13
        6531  1.19233e-13
        6532  1.17585e-13
        6533  1.17662e-13
        6534  1.17667e-13
        6535  1.17709e-13
        6536  1.17718e-13
        6537  1.16439e-13
        6538  1.16516e-13
        6539  1.16522e-13
        6540  1.16563e-13
        6541  1.16625e-13
        6542  1.15445e-13
        6543  1.15487e-13
        6544  1.15564e-13
        6545  1.15570e-13
        6546  1.15612e-13
        6547  1.14697e-13
        6548  1.14680e-13
        6549  1.14722e-13
        6550  1.14799e-13
        6551  1.14805e-13
        6552  1.14428e-13
        6553  1.14441e-13
        6554  1.14483e-13
        6555  1.14525e-13
        6556  1.14567e-13
        6557  1.14130e-13
        6558  1.14120e-13
        6559  1.14162e-13
        6560  1.14205e-13
        6561  1.14247e-13
        6562  1.12202e-13
        6563  1.11913e-13
        6564  1.11955e-13
        6565  1.11963e-13
        6566  1.12039e-13
        6567  1.11194e-13
        6568  1.11040e-13
        6569  1.11048e-13
        6570  1.11125e-13
        6571  1.11133e-13
        6572  1.09758e-13
        6573  1.09380e-13
        6574  1.09456e-13
        6575  1.09464e-13
        6576  1.09506e-13
        6577  1.07115e-13
        6578  1.06318e-13
        6579  1.06391e-13
        6580  1.06400e-13
        6581  1.06441e-13
        6582  1.04443e-13
        6583  1.03614e-13
        6584  1.03686e-13
        6585  1.03727e-13
        6586  1.03736e-13
        6587  1.02702e-13
        6588  1.02197e-13
        6589  1.02269e-13
        6590  1.02278e-13
        6591  1.02318e-13
        6592  1.01043e-13
        6593  1.00340e-13
        6594  1.00349e-13
        6595  1.00389e-13
        6596  1.00429e-13
        6597  9.78137e-14
        6598  9.60054e-14
        6599  9.60145e-14
        6600  9.60828e-14
        6601  9.61228e-14
        6602  9.46712e-14
        6603  9.35224e-14
        6604  9.35616e-14
        6605  9.35721e-14
        6606  9.36404e-14
        6607  9.24009e-14
        6608  9.12093e-14
        6609  9.12480e-14
        6610  9.12868e-14
        6611  9.13257e-14
        6612  8.98496e-14
        6613  8.82292e-14
        6614  8.82671e-14
        6615  8.83050e-14
        6616  8.83431e-14
        6617  8.67354e-14
        6618  8.45699e-14
        6619  8.46066e-14
        6620  8.46173e-14
        6621  8.46803e-14
        6622  8.33225e-14
        6623  8.11462e-14
        6624  8.11817e-14
        6625  8.12174e-14
        6626  8.12532e-14
        6627  8.07320e-14
        6628  7.97129e-14
        6629  7.97728e-14
        6630  7.97837e-14
        6631  7.98438e-14
        6632  7.92421e-14
        6633  7.78960e-14
        6634  7.79070e-14
        6635  7.79659e-14
        6636  7.79770e-14
        6637  7.73565e-14
        6638  7.54734e-14
        6639  7.55076e-14
        6640  7.55418e-14
        6641  7.55762e-14
        6642  7.50839e-14
        6643  7.32359e-14
        6644  7.32920e-14
        6645  7.33031e-14
        6646  7.33368e-14
        6647  7.29586e-14
        6648  7.10383e-14
        6649  7.10931e-14
        6650  7.11041e-14
        6651  7.11591e-14
        6652  7.08168e-14
        6653  6.86025e-14
        6654  6.86346e-14
        6655  6.86667e-14
        6656  6.86778e-14
        6657  6.85025e-14
        6658  6.61958e-14
        6659  6.62271e-14
        6660  6.62584e-14
        6661  6.63103e-14
        6662  6.62308e-14
        6663  6.44202e-14
        6664  6.44708e-14
        6665  6.45016e-14
        6666  6.45325e-14
        6667  6.45328e-14
        6668  6.09295e-14
        6669  6.09401e-14
        6670  6.09883e-14
        6671  6.09991e-14
        6672  6.10287e-14
        6673  5.97232e-14
        6674  5.96754e-14
        6675  5.97045e-14
        6676  5.97337e-14
        6677  5.97630e-14
        6678  5.77001e-14
        6679  5.75502e-14
        6680  5.75609e-14
        6681  5.75893e-14
        6682  5.76356e-14
        6683  5.60861e-14
        6684  5.58783e-14
        6685  5.59061e-14
        6686  5.59340e-14
        6687  5.59620e-14
        6688  5.46266e-14
        6689  5.43835e-14
        6690  5.43941e-14
        6691  5.44215e-14
        6692  5.44658e-14
        6693  5.24031e-14
        6694  5.18374e-14
        6695  5.18637e-14
        6696  5.18901e-14
        6697  5.19166e-14
        6698  5.05853e-14
        6699  5.01386e-14
        6700  5.01489e-14
        6701  5.01747e-14
        6702  5.02161e-14
        6703  4.93226e-14
        6704  4.89320e-14
        6705  4.89573e-14
        6706  4.89828e-14
        6707  4.90083e-14
        6708  4.80272e-14
        6709  4.75067e-14
        6710  4.75169e-14
        6711  4.75565e-14
        6712  4.75669e-14
        6713  4.74469e-14
        6714  4.73636e-14
        6715  4.73740e-14
        6716  4.74137e-14
        6717  4.74389e-14
        6718  4.68064e-14
        6719  4.63167e-14
        6720  4.63414e-14
        6721  4.63519e-14
        6722  4.63911e-14
        6723  4.64482e-14
        6724  4.65338e-14
        6725  4.65589e-14
        6726  4.65697e-14
        6727  4.66093e-14
        6728  4.60051e-14
        6729  4.52759e-14
        6730  4.53005e-14
        6731  4.53392e-14
        6732  4.53500e-14
        6733  4.53289e-14
        6734  4.53008e-14
        6735  4.53118e-14
        6736  4.53368e-14
        6737  4.53618e-14
        6738  4.54123e-14
        6739  4.54438e-14
        6740  4.54690e-14
        6741  4.54943e-14
        6742  4.55337e-14
        6743  4.53772e-14
        6744  4.50453e-14
        6745  4.50705e-14
        6746  4.50959e-14
        6747  4.51213e-14
        6748  4.50892e-14
        6749  4.50060e-14
        6750  4.50176e-14
        6751  4.50431e-14
        6752  4.50687e-14
        6753  4.50177e-14
        6754  4.47123e-14
        6755  4.47517e-14
        6756  4.47635e-14
        6757  4.48030e-14
        6758  4.48668e-14
        6759  4.51552e-14
        6760  4.51813e-14
        6761  4.52074e-14
        6762  4.52336e-14
        6763  4.53154e-14
        6764  4.57644e-14
        6765  4.58052e-14
        6766  4.58319e-14
        6767  4.58446e-14
        6768  4.58536e-14
        6769  4.54299e-14
        6770  4.54566e-14
        6771  4.54834e-14
        6772  4.55103e-14
        6773  4.55373e-14
        6774  4.55588e-14
        6775  4.55859e-14
        6776  4.56130e-14
        6777  4.56402e-14
        6778  4.56674e-14
        6779  4.56284e-14
        6780  4.56529e-14
        6781  4.56804e-14
        6782  4.57078e-14
        6783  4.57354e-14
        6784  4.55850e-14
        6785  4.55809e-14
        6786  4.56086e-14
        6787  4.56362e-14
        6788  4.56640e-14
        6789  4.63423e-14
        6790  4.64698e-14
        6791  4.64839e-14
        6792  4.65267e-14
        6793  4.65553e-14
        6794  4.60155e-14
        6795  4.58994e-14
        6796  4.59419e-14
        6797  4.59703e-14
        6798  4.59988e-14
        6799  4.62961e-14
        6800  4.63947e-14
        6801  4.64375e-14
        6802  4.64660e-14
        6803  4.64946e-14
        6804  4.61316e-14
        6805  4.60059e-14
        6806  4.60343e-14
        6807  4.60628e-14
        6808  4.61056e-14
        6809  4.64886e-14
        6810  4.67009e-14
        6811  4.67300e-14
        6812  4.67736e-14
        6813  4.67885e-14
        6814  4.68587e-14
        6815  4.68909e-14
        6816  4.69204e-14
        6817  4.69644e-14
        6818  4.69796e-14
        6819  4.67826e-14
        6820  4.66034e-14
        6821  4.66329e-14
        6822  4.66770e-14
        6823  4.66923e-14
        6824  4.70858e-14
        6825  4.74641e-14
        6826  4.74944e-14
        6827  4.75249e-14
        6828  4.75554e-14
        6829  4.73399e-14
        6830  4.70517e-14
        6831  4.70821e-14
        6832  4.71270e-14
        6833  4.71430e-14
        6834  4.70114e-14
        6835  4.67706e-14
        6836  4.68010e-14
        6837  4.68315e-14
        6838  4.68621e-14
        6839  4.67737e-14
        6840  4.65884e-14
        6841  4.66190e-14
        6842  4.66353e-14
        6843  4.66804e-14
        6844  4.67529e-14
        6845  4.68734e-14
        6846  4.69190e-14
        6847  4.69501e-14
        6848  4.69668e-14
        6849  4.69044e-14
        6850  4.65619e-14
        6851  4.66074e-14
        6852  4.66386e-14
        6853  4.66554e-14
        6854  4.67076e-14
        6855  4.67546e-14
        6856  4.67861e-14
        6857  4.68177e-14
        6858  4.68493e-14
        6859  4.67480e-14
        6860  4.58594e-14
        6861  4.58764e-14
        6862  4.59076e-14
        6863  4.59389e-14
        6864  4.54818e-14
        6865  3.85391e-14
        6866  3.85655e-14
        6867  3.85920e-14
        6868  3.86304e-14
        6869  3.86117e-14
        6870  3.58389e-14
        6871  3.58636e-14
        6872  3.58884e-14
        6873  3.59133e-14
        6874  3.59382e-14
        6875  4.10842e-14
        6876  4.13544e-14
        6877  4.13832e-14
        6878  4.14249e-14
        6879  4.14411e-14
        6880  4.39458e-14
        6881  4.42523e-14
        6882  4.42834e-14
        6883  4.43146e-14
        6884  4.43322e-14
        6885  4.31507e-14
        6886  4.29523e-14
        6887  4.29828e-14
        6888  4.30134e-14
        6889  4.30440e-14
        6890  4.33592e-14
        6891  4.34811e-14
        6892  4.34987e-14
        6893  4.35433e-14
        6894  4.35612e-14
        6895  4.39019e-14
        6896  4.40439e-14
        6897  4.40621e-14
        6898  4.41076e-14
        6899  4.41259e-14
        6900  4.50605e-14
        6901  4.55157e-14
        6902  4.55629e-14
        6903  4.55820e-14
        6904  4.56293e-14
        6905  4.70430e-14
        6906  4.79721e-14
        6907  4.79925e-14
        6908  4.80426e-14
        6909  4.80631e-14
        6910  4.80676e-14
        6911  4.80664e-14
        6912  4.81168e-14
        6913  4.81377e-14
        6914  4.81734e-14
        6915  4.87841e-14
        6916  4.94025e-14
        6917  4.94393e-14
        6918  4.94916e-14
        6919  4.95134e-14
        6920  4.96568e-14
        6921  4.98457e-14
        6922  4.98832e-14
        6923  4.99054e-14
        6924  4.99585e-14
        6925  5.03486e-14
        6926  5.09489e-14
        6927  5.09876e-14
        6928  5.10263e-14
        6929  5.10652e-14
        6930  5.13518e-14
        6931  5.18836e-14
        6932  5.19073e-14
        6933  5.19631e-14
        6934  5.20030e-14
        6935  5.20533e-14
        6936  5.21065e-14
        6937  5.21628e-14
        6938  5.22031e-14
        6939  5.22436e-14
        6940  5.23895e-14
        6941  5.28489e-14
        6942  5.28900e-14
        6943  5.29476e-14
        6944  5.29726e-14
        6945  5.31674e-14
        6946  5.40299e-14
        6947  5.40890e-14
        6948  5.41148e-14
        6949  5.41574e-14
        6950  5.42244e-14
        6951  5.43534e-14
        6952  5.43965e-14
        6953  5.44396e-14
        6954  5.44828e-14
        6955  5.45486e-14
        6956  5.57590e-14
        6957  5.58208e-14
        6958  5.58481e-14
        6959  5.59102e-14
        6960  5.59378e-14
        6961  5.66165e-14
        6962  5.66891e-14
        6963  5.67349e-14
        6964  5.67807e-14
        6965  5.68267e-14
        6966  5.74898e-14
        6967  5.76078e-14
        6968  5.76546e-14
        6969  5.77016e-14
        6970  5.77487e-14
        6971  5.83227e-14
        6972  5.84530e-14
        6973  5.85191e-14
        6974  5.85671e-14
        6975  5.85973e-14
        6976  5.85123e-14
        6977  5.85159e-14
        6978  5.85463e-14
        6979  5.86129e-14
        6980  5.86616e-14
        6981  5.85727e-14
        6982  5.85906e-14
        6983  5.86395e-14
        6984  5.86704e-14
        6985  5.87377e-14
        6986  5.92773e-14
        6987  5.95944e-14
        6988  5.96630e-14
        6989  5.96948e-14
        6990  5.97452e-14
        6991  5.92461e-14
        6992  5.89227e-14
        6993  5.89544e-14
        6994  5.90045e-14
        6995  5.90731e-14
        6996  5.92451e-14
        6997  5.94247e-14
        6998  5.94756e-14
        6999  5.95450e-14
        7000  5.95777e-14
        7001  5.96629e-14
        7002  5.97731e-14
        7003  5.98247e-14
        7004  5.98764e-14
        7005  5.99283e-14
        7006  5.96646e-14
        7007  5.92092e-14
        7008  5.92607e-14
        7009  5.93308e-14
        7010  5.93642e-14
        7011  5.93628e-14
        7012  5.92684e-14
        7013  5.93388e-14
        7014  5.93726e-14
        7015  5.94433e-14
        7016  5.97833e-14
        7017  6.06910e-14
        7018  6.07448e-14
        7019  6.07987e-14
        7020  6.08528e-14
        7021  6.09113e-14
        7022  6.09832e-14
        7023  6.10566e-14
        7024  6.10923e-14
        7025  6.11660e-14
        7026  6.12345e-14
        7027  6.15193e-14
        7028  6.15937e-14
        7029  6.16303e-14
        7030  6.16860e-14
        7031  6.16478e-14
        7032  6.04003e-14
        7033  6.04365e-14
        7034  6.05103e-14
        7035  6.05467e-14
        7036  6.06247e-14
        7037  6.26711e-14
        7038  6.27286e-14
        7039  6.27861e-14
        7040  6.28439e-14
        7041  6.29018e-14
        7042  6.34484e-14
        7043  6.35198e-14
        7044  6.35786e-14
        7045  6.36376e-14
        7046  6.36967e-14
        7047  6.29402e-14
        7048  6.28730e-14
        7049  6.29123e-14
        7050  6.29907e-14
        7051  6.30497e-14
        7052  6.34126e-14
        7053  6.35474e-14
        7054  6.35876e-14
        7055  6.36673e-14
        7056  6.37275e-14
        7057  6.41480e-14
        7058  6.43464e-14
        7059  6.44076e-14
        7060  6.44888e-14
        7061  6.45304e-14
        7062  6.53304e-14
        7063  6.57503e-14
        7064  6.58338e-14
        7065  6.58766e-14
        7066  6.59400e-14
        7067  6.56687e-14
        7068  6.54744e-14
        7069  6.55377e-14
        7070  6.56215e-14
        7071  6.56649e-14
        7072  6.55988e-14
        7073  6.55300e-14
        7074  6.55939e-14
        7075  6.56580e-14
        7076  6.57223e-14
        7077  6.63907e-14
        7078  6.71394e-14
        7079  6.72263e-14
        7080  6.72718e-14
        7081  6.73382e-14
        7082  6.73810e-14
        7083  6.73789e-14
        7084  6.74458e-14
        7085  6.75129e-14
        7086  6.75802e-14
        7087  6.80297e-14
        7088  6.88949e-14
        7089  6.89639e-14
        7090  6.90331e-14
        7091  6.91024e-14
        7092  6.91244e-14
        7093  6.90762e-14
        7094  6.91460e-14
        7095  6.91946e-14
        7096  6.92862e-14
        7097  6.94326e-14
        7098  6.98178e-14
        7099  6.99106e-14
        7100  6.99820e-14
        7101  7.00319e-14
        7102  7.01570e-14
        7103  7.04526e-14
        7104  7.05470e-14
        7105  7.06196e-14
        7106  7.06706e-14
        7107  7.07556e-14
        7108  7.06103e-14
        7109  7.07055e-14
        7110  7.07571e-14
        7111  7.08308e-14
        7112  7.09047e-14
        7113  7.21731e-14
        7114  7.22823e-14
        7115  7.23357e-14
        7116  7.24342e-14
        7117  7.25104e-14
        7118  7.28049e-14
        7119  7.29280e-14
        7120  7.30051e-14
        7121  7.30825e-14
        7122  7.31601e-14
        7123  7.33861e-14
        7124  7.34947e-14
        7125  7.35732e-14
        7126  7.36291e-14
        7127  7.37308e-14
        7128  7.41431e-14
        7129  7.43294e-14
        7130  7.44095e-14
        7131  7.44898e-14
        7132  7.45703e-14
        7133  7.48001e-14
        7134  7.49265e-14
        7135  7.50312e-14
        7136  7.51129e-14
        7137  7.51948e-14
        7138  7.52806e-14
        7139  7.53652e-14
        7140  7.54480e-14
        7141  7.55309e-14
        7142  7.56140e-14
        7143  7.56807e-14
        7144  7.57501e-14
        7145  7.58575e-14
        7146  7.59181e-14
        7147  7.60260e-14
        7148  7.63242e-14
        7149  7.66526e-14
        7150  7.67383e-14
        7151  7.68241e-14
        7152  7.69103e-14
        7153  7.73283e-14
        7154  7.79269e-14
        7155  7.80390e-14
        7156  7.81029e-14
        7157  7.81913e-14
        7158  7.86643e-14
        7159  7.95740e-14
        7160  7.96645e-14
        7161  7.97553e-14
        7162  7.98464e-14
        7163  7.96354e-14
        7164  7.87948e-14
        7165  7.88609e-14
        7166  7.89760e-14
        7167  7.90426e-14
        7168  7.90427e-14
        7169  7.86002e-14
        7170  7.86913e-14
        7171  7.87582e-14
        7172  7.88742e-14
        7173  7.89746e-14
        7174  7.91453e-14
        7175  7.92624e-14
        7176  7.93307e-14
        7177  7.94239e-14
        7178  7.95489e-14
        7179  7.99501e-14
        7180  8.00197e-14
        7181  8.01392e-14
        7182  8.02341e-14
        7183  8.03294e-14
        7184  7.89428e-14
        7185  7.89509e-14
        7186  7.90698e-14
        7187  7.91398e-14
        7188  7.92346e-14
        7189  8.12426e-14
        7190  8.16286e-14
        7191  8.17270e-14
        7192  8.18003e-14
        7193  8.19246e-14
        7194  8.30041e-14
        7195  8.33530e-14
        7196  8.34544e-14
        7197  8.35561e-14
        7198  8.36581e-14
        7199  8.45504e-14
        7200  8.49665e-14
        7201  8.50710e-14
        7202  8.51760e-14
        7203  8.52811e-14
        7204  8.71112e-14
        7205  8.81919e-14
        7206  8.83014e-14
        7207  8.84114e-14
        7208  8.85217e-14
        7209  9.09983e-14
        7210  9.29836e-14
        7211  9.30714e-14
        7212  9.32173e-14
        7213  9.33347e-14
        7214  9.39505e-14
        7215  9.46310e-14
        7216  9.47509e-14
        7217  9.48711e-14
        7218  9.49918e-14
        7219  9.53572e-14
        7220  9.58947e-14
        7221  9.59876e-14
        7222  9.61106e-14
        7223  9.62339e-14
        7224  9.64633e-14
        7225  9.68040e-14
        7226  9.69290e-14
        7227  9.70244e-14
        7228  9.71802e-14
        7229  9.62343e-14
        7230  9.31391e-14
        7231  9.32606e-14
        7232  9.33824e-14
        7233  9.35047e-14
        7234  9.36254e-14
        7235  9.35983e-14
        7236  9.37215e-14
        7237  9.38161e-14
        7238  9.39692e-14
        7239  9.42117e-14
        7240  9.54892e-14
        7241  9.56162e-14
        7242  9.57733e-14
        7243  9.58715e-14
        7244  9.60092e-14
        7245  9.69676e-14
        7246  9.70978e-14
        7247  9.72285e-14
        7248  9.73596e-14
        7249  9.74609e-14
        7250  9.78694e-14
        7251  9.80203e-14
        7252  9.81536e-14
        7253  9.82873e-14
        7254  9.84214e-14
        7255  9.86062e-14
        7256  9.87807e-14
        7257  9.88856e-14
        7258  9.90523e-14
        7259  9.91581e-14
        7260  9.74690e-14
        7261  9.70893e-14
        7262  9.71938e-14
        7263  9.73590e-14
        7264  9.74643e-14
        7265  9.91053e-14
        7266  9.98781e-14
        7267  1.00049e-13
        7268  1.00158e-13
        7269  1.00330e-13
        7270  9.92002e-14
        7271  9.85207e-14
        7272  9.86601e-14
        7273  9.88000e-14
        7274  9.89404e-14
        7275  9.84277e-14
        7276  9.79791e-14
        7277  9.81192e-14
        7278  9.82597e-14
        7279  9.84008e-14
        7280  1.00044e-13
        7281  1.01999e-13
        7282  1.02178e-13
        7283  1.02326e-13
        7284  1.02474e-13
        7285  1.01180e-13
        7286  9.88589e-14
        7287  9.90031e-14
        7288  9.91172e-14
        7289  9.92932e-14
        7290  9.93584e-14
        7291  9.92645e-14
        7292  9.94108e-14
        7293  9.95577e-14
        7294  9.97051e-14
        7295  9.99826e-14
        7296  1.00725e-13
        7297  1.00844e-13
        7298  1.00994e-13
        7299  1.01177e-13
        7300  1.01151e-13
        7301  1.00143e-13
        7302  1.00325e-13
        7303  1.00445e-13
        7304  1.00597e-13
        7305  1.00793e-13
        7306  1.01343e-13
        7307  1.01498e-13
        7308  1.01684e-13
        7309  1.01808e-13
        7310  1.01964e-13
        7311  1.02730e-13
        7312  1.02922e-13
        7313  1.03113e-13
        7314  1.03240e-13
        7315  1.03400e-13
