MJDOBS    46584.0
JDOBS    2.44658e+06
DATE    19860603
AGE_OBS    NaN
TELESCOPE    --
DETECTOR    --
SOURCE    Asiago-Catalogue(SUSPECT)
       3664.2400 -7.00588e-16
       3666.2400  7.57902e-16
       3668.2400 -2.66744e-16
       3670.2400 -1.03395e-15
       3672.2400 -9.74197e-16
       3674.2400  1.09078e-15
       3676.2400  1.55714e-15
       3678.2400  2.06748e-15
       3680.2400  2.72318e-15
       3682.2400  2.60875e-15
       3684.2400  9.33235e-16
       3686.2400  5.28829e-16
       3688.2400  4.03414e-16
       3690.2400  1.92196e-16
       3692.2400  2.11741e-16
       3694.2400  7.10360e-16
       3696.2400  8.02063e-16
       3698.2400  5.14894e-16
       3700.2400  2.63014e-16
       3702.2400  2.86535e-16
       3704.2400  8.09974e-16
       3706.2400  9.05495e-16
       3708.2400  6.17272e-16
       3710.2400  3.68986e-16
       3712.2400  4.84632e-16
       3714.2400  1.59397e-15
       3716.2400  1.81530e-15
       3718.2400  1.63158e-15
       3720.2400  1.52624e-15
       3722.2400  1.38546e-15
       3724.2400  7.43646e-16
       3726.2400  5.63602e-16
       3728.2400 -8.95126e-17
       3730.2400 -6.60820e-16
       3732.2400 -6.01514e-16
       3734.2400  9.28856e-17
       3736.2400  2.24286e-16
       3738.2400 -3.14069e-16
       3740.2400 -7.21835e-16
       3742.2400 -4.61130e-16
       3744.2400  1.07445e-15
       3746.2400  1.37992e-15
       3748.2400  7.86392e-16
       3750.2400  3.93081e-16
       3752.2400  4.43378e-16
       3754.2400  8.93874e-16
       3756.2400  9.87530e-16
       3758.2400  1.21061e-15
       3760.2400  1.38463e-15
       3762.2400  1.28874e-15
       3764.2400  8.72695e-16
       3766.2400  7.74298e-16
       3768.2400  8.11230e-16
       3770.2400  8.19197e-16
       3772.2400  7.90220e-16
       3774.2400  7.22658e-16
       3776.2400  6.73362e-16
       3778.2400 -4.87373e-17
       3780.2400 -5.21906e-16
       3782.2400 -4.39963e-16
       3784.2400 -2.79693e-17
       3786.2400  7.02537e-17
       3788.2400  4.07531e-16
       3790.2400  6.26805e-16
       3792.2400  7.13979e-16
       3794.2400  9.49127e-16
       3796.2400  9.97046e-16
       3798.2400  1.13146e-15
       3800.2400  1.21223e-15
       3802.2400  1.30794e-15
       3804.2400  1.61359e-15
       3806.2400  1.63972e-15
       3808.2400  1.05152e-15
       3810.2400  7.26137e-16
       3812.2400  5.44335e-16
       3814.2400  1.16259e-16
       3816.2400  2.90161e-17
       3818.2400  1.45820e-16
       3820.2400  1.95855e-16
       3822.2400  2.93271e-16
       3824.2400  5.29184e-16
       3826.2400  5.87804e-16
       3828.2400  9.48206e-16
       3830.2400  1.13027e-15
       3832.2400  1.19341e-15
       3834.2400  1.33956e-15
       3836.2400  1.36094e-15
       3838.2400  1.41378e-15
       3840.2400  1.43527e-15
       3842.2400  1.47350e-15
       3844.2400  1.57685e-15
       3846.2400  1.57852e-15
       3848.2400  1.44013e-15
       3850.2400  1.37126e-15
       3852.2400  1.27379e-15
       3854.2400  1.07563e-15
       3856.2400  1.06164e-15
       3858.2400  1.88079e-15
       3860.2400  2.20827e-15
       3862.2400  2.06781e-15
       3864.2400  1.81852e-15
       3866.2400  1.76179e-15
       3868.2400  1.85044e-15
       3870.2400  1.87137e-15
       3872.2400  1.93514e-15
       3874.2400  2.06630e-15
       3876.2400  2.07291e-15
       3878.2400  1.99558e-15
       3880.2400  1.96375e-15
       3882.2400  2.22906e-15
       3884.2400  2.68943e-15
       3886.2400  2.74180e-15
       3888.2400  2.44909e-15
       3890.2400  2.34195e-15
       3892.2400  2.36970e-15
       3894.2400  2.41759e-15
       3896.2400  2.40886e-15
       3898.2400  2.41370e-15
       3900.2400  2.40227e-15
       3902.2400  2.40854e-15
       3904.2400  2.42845e-15
       3906.2400  2.41666e-15
       3908.2400  2.45343e-15
       3910.2400  2.45250e-15
       3912.2400  2.52395e-15
       3914.2400  2.62938e-15
       3916.2400  2.63803e-15
       3918.2400  2.85143e-15
       3920.2400  2.89187e-15
       3922.2400  2.71780e-15
       3924.2400  2.51442e-15
       3926.2400  2.45980e-15
       3928.2400  2.34550e-15
       3930.2400  2.30930e-15
       3932.2400  2.67119e-15
       3934.2400  3.10495e-15
       3936.2400  3.16398e-15
       3938.2400  3.38391e-15
       3940.2400  3.42346e-15
       3942.2400  3.44309e-15
       3944.2400  3.48333e-15
       3946.2400  3.47335e-15
       3948.2400  3.56359e-15
       3950.2400  3.56568e-15
       3952.2400  3.57675e-15
       3954.2400  3.59824e-15
       3956.2400  3.57435e-15
       3958.2400  3.51147e-15
       3960.2400  3.47729e-15
       3962.2400  3.48021e-15
       3964.2400  3.47487e-15
       3966.2400  3.50924e-15
       3968.2400  4.01293e-15
       3970.2400  4.11075e-15
       3972.2400  4.14803e-15
       3974.2400  4.21292e-15
       3976.2400  4.14062e-15
       3978.2400  3.69663e-15
       3980.2400  3.57977e-15
       3982.2400  3.74965e-15
       3984.2400  3.87958e-15
       3986.2400  3.86653e-15
       3988.2400  3.80600e-15
       3990.2400  3.76634e-15
       3992.2400  3.55445e-15
       3994.2400  3.36882e-15
       3996.2400  3.39154e-15
       3998.2400  3.73531e-15
       4000.2400  3.79332e-15
       4002.2400  3.81162e-15
       4004.2400  3.83515e-15
       4006.2400  3.81848e-15
       4008.2400  3.81964e-15
       4010.2400  3.79099e-15
       4012.2400  3.51376e-15
       4014.2400  3.30267e-15
       4016.2400  3.31463e-15
       4018.2400  3.52852e-15
       4020.2400  3.55234e-15
       4022.2400  3.43642e-15
       4024.2400  3.35818e-15
       4026.2400  3.28145e-15
       4028.2400  3.07072e-15
       4030.2400  3.01523e-15
       4032.2400  3.18443e-15
       4034.2400  3.28149e-15
       4036.2400  3.21994e-15
       4038.2400  3.02482e-15
       4040.2400  2.96939e-15
       4042.2400  2.97293e-15
       4044.2400  2.96230e-15
       4046.2400  3.00484e-15
       4048.2400  3.17403e-15
       4050.2400  3.19175e-15
       4052.2400  3.09717e-15
       4054.2400  3.04073e-15
       4056.2400  3.11013e-15
       4058.2400  3.34605e-15
       4060.2400  3.37709e-15
       4062.2400  3.31005e-15
       4064.2400  3.27185e-15
       4066.2400  3.24800e-15
       4068.2400  3.22055e-15
       4070.2400  3.20005e-15
       4072.2400  3.20529e-15
       4074.2400  3.19700e-15
       4076.2400  3.06794e-15
       4078.2400  2.78680e-15
       4080.2400  2.72677e-15
       4082.2400  2.95631e-15
       4084.2400  3.04729e-15
       4086.2400  2.97287e-15
       4088.2400  2.82384e-15
       4090.2400  2.79027e-15
       4092.2400  2.98740e-15
       4094.2400  3.05894e-15
       4096.2400  2.93396e-15
       4098.2400  2.69993e-15
       4100.2400  2.64989e-15
       4102.2400  2.80636e-15
       4104.2400  2.85683e-15
       4106.2400  2.88377e-15
       4108.2400  2.94694e-15
       4110.2400  2.94701e-15
       4112.2400  2.95852e-15
       4114.2400  2.95371e-15
       4116.2400  2.90866e-15
       4118.2400  2.84270e-15
       4120.2400  2.82226e-15
       4122.2400  2.90841e-15
       4124.2400  2.92720e-15
       4126.2400  2.89965e-15
       4128.2400  2.86748e-15
       4130.2400  2.85211e-15
       4132.2400  2.90463e-15
       4134.2400  2.91063e-15
       4136.2400  2.87973e-15
       4138.2400  2.84880e-15
       4140.2400  2.82152e-15
       4142.2400  2.57743e-15
       4144.2400  2.49766e-15
       4146.2400  2.58403e-15
       4148.2400  2.69471e-15
       4150.2400  2.70144e-15
       4152.2400  2.67386e-15
       4154.2400  2.65771e-15
       4156.2400  2.62355e-15
       4158.2400  2.58050e-15
       4160.2400  2.57044e-15
       4162.2400  2.73225e-15
       4164.2400  2.76310e-15
       4166.2400  2.77279e-15
       4168.2400  2.79893e-15
       4170.2400  2.78375e-15
       4172.2400  2.63548e-15
       4174.2400  2.59259e-15
       4176.2400  2.65104e-15
       4178.2400  2.71538e-15
       4180.2400  2.67978e-15
       4182.2400  2.22379e-15
       4184.2400  2.12337e-15
       4186.2400  2.61003e-15
       4188.2400  3.08137e-15
       4190.2400  3.16171e-15
       4192.2400  3.37810e-15
       4194.2400  3.41370e-15
       4196.2400  3.11382e-15
       4198.2400  2.83659e-15
       4200.2400  2.81405e-15
       4202.2400  3.00821e-15
       4204.2400  3.04355e-15
       4206.2400  3.13325e-15
       4208.2400  3.22069e-15
       4210.2400  3.22543e-15
       4212.2400  3.24811e-15
       4214.2400  3.24444e-15
       4216.2400  3.26544e-15
       4218.2400  3.28157e-15
       4220.2400  3.28792e-15
       4222.2400  3.36693e-15
       4224.2400  3.37299e-15
       4226.2400  3.33543e-15
       4228.2400  3.30623e-15
       4230.2400  3.30729e-15
       4232.2400  3.37504e-15
       4234.2400  3.37746e-15
       4236.2400  3.32583e-15
       4238.2400  3.28704e-15
       4240.2400  3.28892e-15
       4242.2400  3.34883e-15
       4244.2400  3.35539e-15
       4246.2400  3.46786e-15
       4248.2400  3.54302e-15
       4250.2400  3.49348e-15
       4252.2400  3.31835e-15
       4254.2400  3.27397e-15
       4256.2400  3.36872e-15
       4258.2400  3.41896e-15
       4260.2400  3.38754e-15
       4262.2400  3.29774e-15
       4264.2400  3.27016e-15
       4266.2400  3.30761e-15
       4268.2400  3.32216e-15
       4270.2400  3.29592e-15
       4272.2400  3.23710e-15
       4274.2400  3.21802e-15
       4276.2400  3.29290e-15
       4278.2400  3.32749e-15
       4280.2400  3.34685e-15
       4282.2400  3.41310e-15
       4284.2400  3.41607e-15
       4286.2400  3.38752e-15
       4288.2400  3.36927e-15
       4290.2400  3.44415e-15
       4292.2400  3.64355e-15
       4294.2400  3.67671e-15
       4296.2400  3.75716e-15
       4298.2400  3.79360e-15
       4300.2400  3.77223e-15
       4302.2400  3.73651e-15
       4304.2400  3.72380e-15
       4306.2400  3.84956e-15
       4308.2400  3.89713e-15
       4310.2400  3.86324e-15
       4312.2400  3.80938e-15
       4314.2400  3.78433e-15
       4316.2400  3.69110e-15
       4318.2400  3.64394e-15
       4320.2400  3.66297e-15
       4322.2400  3.70879e-15
       4324.2400  3.70992e-15
       4326.2400  3.78019e-15
       4328.2400  3.80068e-15
       4330.2400  3.81754e-15
       4332.2400  3.85898e-15
       4334.2400  3.85424e-15
       4336.2400  3.81816e-15
       4338.2400  3.79618e-15
       4340.2400  3.72998e-15
       4342.2400  3.63069e-15
       4344.2400  3.60433e-15
       4346.2400  3.64865e-15
       4348.2400  3.65266e-15
       4350.2400  3.61931e-15
       4352.2400  3.57784e-15
       4354.2400  3.56087e-15
       4356.2400  3.56947e-15
       4358.2400  3.56163e-15
       4360.2400  3.49932e-15
       4362.2400  3.41558e-15
       4364.2400  3.39946e-15
       4366.2400  3.57865e-15
       4368.2400  3.61687e-15
       4370.2400  3.52298e-15
       4372.2400  3.41723e-15
       4374.2400  3.38588e-15
       4376.2400  3.28868e-15
       4378.2400  3.25193e-15
       4380.2400  3.16825e-15
       4382.2400  3.06082e-15
       4384.2400  3.04795e-15
       4386.2400  3.29257e-15
       4388.2400  3.33851e-15
       4390.2400  3.19910e-15
       4392.2400  3.05978e-15
       4394.2400  3.02688e-15
       4396.2400  2.97793e-15
       4398.2400  2.95984e-15
       4400.2400  3.03679e-15
       4402.2400  3.11747e-15
       4404.2400  3.10585e-15
       4406.2400  2.94429e-15
       4408.2400  2.89980e-15
       4410.2400  2.88808e-15
       4412.2400  2.85938e-15
       4414.2400  2.94492e-15
       4416.2400  3.70731e-15
       4418.2400  3.89302e-15
       4420.2400  4.35997e-15
       4422.2400  4.83875e-15
       4424.2400  4.65672e-15
       4426.2400  3.07269e-15
       4428.2400  2.70849e-15
       4430.2400  2.87188e-15
       4432.2400  2.94142e-15
       4434.2400  2.95325e-15
       4436.2400  2.99695e-15
       4438.2400  3.00409e-15
       4440.2400  3.08611e-15
       4442.2400  3.15192e-15
       4444.2400  3.16201e-15
       4446.2400  3.20247e-15
       4448.2400  3.20872e-15
       4450.2400  3.30380e-15
       4452.2400  3.37488e-15
       4454.2400  3.37027e-15
       4456.2400  3.34185e-15
       4458.2400  3.33316e-15
       4460.2400  3.44820e-15
       4462.2400  3.52586e-15
       4464.2400  3.50796e-15
       4466.2400  3.43190e-15
       4468.2400  3.41145e-15
       4470.2400  3.48883e-15
       4472.2400  3.53414e-15
       4474.2400  3.54686e-15
       4476.2400  3.59561e-15
       4478.2400  3.60276e-15
       4480.2400  3.69791e-15
       4482.2400  3.75455e-15
       4484.2400  3.77906e-15
       4486.2400  3.86034e-15
       4488.2400  3.87097e-15
       4490.2400  3.88774e-15
       4492.2400  3.89570e-15
       4494.2400  3.94545e-15
       4496.2400  4.10023e-15
       4498.2400  4.12848e-15
       4500.2400  4.23024e-15
       4502.2400  4.28492e-15
       4504.2400  4.31755e-15
       4506.2400  4.40719e-15
       4508.2400  4.42404e-15
       4510.2400  4.59663e-15
       4512.2400  4.68106e-15
       4514.2400  4.71113e-15
       4516.2400  4.78515e-15
       4518.2400  4.80036e-15
       4520.2400  5.02940e-15
       4522.2400  5.13382e-15
       4524.2400  5.17675e-15
       4526.2400  5.27516e-15
       4528.2400  5.29330e-15
       4530.2400  5.49896e-15
       4532.2400  5.58596e-15
       4534.2400  5.65449e-15
       4536.2400  5.79779e-15
       4538.2400  5.83026e-15
       4540.2400  6.20040e-15
       4542.2400  6.34992e-15
       4544.2400  6.45677e-15
       4546.2400  6.66647e-15
       4548.2400  6.70717e-15
       4550.2400  7.01366e-15
       4552.2400  7.12896e-15
       4554.2400  7.27434e-15
       4556.2400  7.53900e-15
       4558.2400  7.58949e-15
       4560.2400  7.94740e-15
       4562.2400  8.07196e-15
       4564.2400  8.19506e-15
       4566.2400  8.41165e-15
       4568.2400  8.44851e-15
       4570.2400  8.75903e-15
       4572.2400  8.85548e-15
       4574.2400  8.94761e-15
       4576.2400  9.10770e-15
       4578.2400  9.12475e-15
       4580.2400  9.26858e-15
       4582.2400  9.30111e-15
       4584.2400  9.30031e-15
       4586.2400  9.31300e-15
       4588.2400  9.30448e-15
       4590.2400  9.47351e-15
       4592.2400  9.50675e-15
       4594.2400  9.48626e-15
       4596.2400  9.47356e-15
       4598.2400  9.45923e-15
       4600.2400  9.59312e-15
       4602.2400  9.61237e-15
       4604.2400  9.58865e-15
       4606.2400  9.57014e-15
       4608.2400  9.55610e-15
       4610.2400  9.72124e-15
       4612.2400  9.74311e-15
       4614.2400  9.65414e-15
       4616.2400  9.56378e-15
       4618.2400  9.53610e-15
       4620.2400  9.60150e-15
       4622.2400  9.60243e-15
       4624.2400  9.67248e-15
       4626.2400  9.75328e-15
       4628.2400  9.76428e-15
       4630.2400  9.96260e-15
       4632.2400  9.99399e-15
       4634.2400  9.96434e-15
       4636.2400  9.94582e-15
       4638.2400  9.92863e-15
       4640.2400  9.95832e-15
       4642.2400  9.94510e-15
       4644.2400  9.82168e-15
       4646.2400  9.70542e-15
       4648.2400  9.64971e-15
       4650.2400  9.46484e-15
       4652.2400  9.39859e-15
       4654.2400  9.20948e-15
       4656.2400  9.02963e-15
       4658.2400  8.93672e-15
       4660.2400  8.56771e-15
       4662.2400  8.45654e-15
       4664.2400  8.17309e-15
       4666.2400  7.91098e-15
       4668.2400  7.81235e-15
       4670.2400  7.49921e-15
       4672.2400  7.40605e-15
       4674.2400  7.22052e-15
       4676.2400  7.05405e-15
       4678.2400  6.97843e-15
       4680.2400  6.74615e-15
       4682.2400  6.67244e-15
       4684.2400  6.43268e-15
       4686.2400  6.23669e-15
       4688.2400  6.12114e-15
       4690.2400  5.72555e-15
       4692.2400  5.62425e-15
       4694.2400  5.58616e-15
       4696.2400  5.54122e-15
       4698.2400  5.49317e-15
       4700.2400  5.34195e-15
       4702.2400  5.29779e-15
       4704.2400  5.24411e-15
       4706.2400  5.19914e-15
       4708.2400  5.13958e-15
       4710.2400  4.95440e-15
       4712.2400  4.90454e-15
       4714.2400  4.86915e-15
       4716.2400  4.83672e-15
       4718.2400  4.80696e-15
       4720.2400  4.73310e-15
       4722.2400  4.71077e-15
       4724.2400  4.73003e-15
       4726.2400  4.73645e-15
       4728.2400  4.77142e-15
       4730.2400  4.89877e-15
       4732.2400  4.92091e-15
       4734.2400  4.96248e-15
       4736.2400  4.98758e-15
       4738.2400  4.97867e-15
       4740.2400  4.96268e-15
       4742.2400  4.95351e-15
       4744.2400  4.98118e-15
       4746.2400  4.99247e-15
       4748.2400  4.95185e-15
       4750.2400  4.85404e-15
       4752.2400  4.82422e-15
       4754.2400  4.75654e-15
       4756.2400  4.71388e-15
       4758.2400  4.71166e-15
       4760.2400  4.72369e-15
       4762.2400  4.72038e-15
       4764.2400  4.73825e-15
       4766.2400  4.74435e-15
       4768.2400  4.80737e-15
       4770.2400  4.96829e-15
       4772.2400  4.99482e-15
       4774.2400  5.00097e-15
       4776.2400  5.00393e-15
       4778.2400  5.02769e-15
       4780.2400  5.08664e-15
       4782.2400  5.10112e-15
       4784.2400  5.32484e-15
       4786.2400  5.42496e-15
       4788.2400  5.49660e-15
       4790.2400  5.64964e-15
       4792.2400  5.68101e-15
       4794.2400  5.86936e-15
       4796.2400  5.95131e-15
       4798.2400  6.08035e-15
       4800.2400  6.34021e-15
       4802.2400  6.39425e-15
       4804.2400  6.66061e-15
       4806.2400  6.77204e-15
       4808.2400  6.90272e-15
       4810.2400  7.15393e-15
       4812.2400  7.20549e-15
       4814.2400  7.49122e-15
       4816.2400  7.60382e-15
       4818.2400  7.75141e-15
       4820.2400  8.02216e-15
       4822.2400  8.07614e-15
       4824.2400  8.37972e-15
       4826.2400  8.49118e-15
       4828.2400  8.57208e-15
       4830.2400  8.72708e-15
       4832.2400  8.74130e-15
       4834.2400  8.66879e-15
       4836.2400  8.63432e-15
       4838.2400  8.50607e-15
       4840.2400  8.31594e-15
       4842.2400  8.25194e-15
       4844.2400  7.81900e-15
       4846.2400  7.66149e-15
       4848.2400  7.61638e-15
       4850.2400  7.54117e-15
       4852.2400  7.51095e-15
       4854.2400  7.34986e-15
       4856.2400  7.28865e-15
       4858.2400  7.24617e-15
       4860.2400  7.18622e-15
       4862.2400  7.15978e-15
       4864.2400  6.99792e-15
       4866.2400  6.94214e-15
       4868.2400  6.99737e-15
       4870.2400  7.07130e-15
       4872.2400  7.07429e-15
       4874.2400  7.04902e-15
       4876.2400  7.03717e-15
       4878.2400  7.10589e-15
       4880.2400  7.19468e-15
       4882.2400  7.21363e-15
       4884.2400  7.50059e-15
       4886.2400  7.57531e-15
       4888.2400  7.70354e-15
       4890.2400  7.87703e-15
       4892.2400  7.91807e-15
       4894.2400  8.41158e-15
       4896.2400  8.53528e-15
       4898.2400  8.63572e-15
       4900.2400  8.78139e-15
       4902.2400  8.81635e-15
       4904.2400  9.30131e-15
       4906.2400  9.41903e-15
       4908.2400  9.65494e-15
       4910.2400  9.95932e-15
       4912.2400  1.00093e-14
       4914.2400  1.02365e-14
       4916.2400  1.02927e-14
       4918.2400  1.05496e-14
       4920.2400  1.08484e-14
       4922.2400  1.09110e-14
       4924.2400  1.13114e-14
       4926.2400  1.14070e-14
       4928.2400  1.16233e-14
       4930.2400  1.18776e-14
       4932.2400  1.19301e-14
       4934.2400  1.22537e-14
       4936.2400  1.23266e-14
       4938.2400  1.24613e-14
       4940.2400  1.26171e-14
       4942.2400  1.26535e-14
       4944.2400  1.29343e-14
       4946.2400  1.29904e-14
       4948.2400  1.29826e-14
       4950.2400  1.29904e-14
       4952.2400  1.29779e-14
       4954.2400  1.29772e-14
       4956.2400  1.29612e-14
       4958.2400  1.28511e-14
       4960.2400  1.27457e-14
       4962.2400  1.27045e-14
       4964.2400  1.25924e-14
       4966.2400  1.25480e-14
       4968.2400  1.23938e-14
       4970.2400  1.22472e-14
       4972.2400  1.21686e-14
       4974.2400  1.18234e-14
       4976.2400  1.17185e-14
       4978.2400  1.13770e-14
       4980.2400  1.10537e-14
       4982.2400  1.09381e-14
       4984.2400  1.05193e-14
       4986.2400  1.03937e-14
       4988.2400  9.95256e-15
       4990.2400  9.54548e-15
       4992.2400  9.44188e-15
       4994.2400  9.17855e-15
       4996.2400  9.09817e-15
       4998.2400  8.90944e-15
       5000.2400  8.73753e-15
       5002.2400  8.65512e-15
       5004.2400  8.34211e-15
       5006.2400  8.25768e-15
       5008.2400  8.17611e-15
       5010.2400  8.09560e-15
       5012.2400  8.03403e-15
       5014.2400  7.78493e-15
       5016.2400  7.71909e-15
       5018.2400  7.69198e-15
       5020.2400  7.65867e-15
       5022.2400  7.63818e-15
       5024.2400  7.58584e-15
       5026.2400  7.56483e-15
       5028.2400  7.50542e-15
       5030.2400  7.45516e-15
       5032.2400  7.43634e-15
       5034.2400  7.40309e-15
       5036.2400  7.38708e-15
       5038.2400  7.34279e-15
       5040.2400  7.30616e-15
       5042.2400  7.28351e-15
       5044.2400  7.22608e-15
       5046.2400  7.20292e-15
       5048.2400  7.10222e-15
       5050.2400  7.02373e-15
       5052.2400  6.97714e-15
       5054.2400  6.83061e-15
       5056.2400  6.79237e-15
       5058.2400  6.82572e-15
       5060.2400  6.84346e-15
       5062.2400  6.81178e-15
       5064.2400  6.68839e-15
       5066.2400  6.65716e-15
       5068.2400  6.70342e-15
       5070.2400  6.72994e-15
       5072.2400  6.73732e-15
       5074.2400  6.77386e-15
       5076.2400  6.78007e-15
       5078.2400  6.87207e-15
       5080.2400  6.93637e-15
       5082.2400  6.90415e-15
       5084.2400  6.77298e-15
       5086.2400  6.73520e-15
       5088.2400  6.63263e-15
       5090.2400  6.55585e-15
       5092.2400  6.53736e-15
       5094.2400  6.51163e-15
       5096.2400  6.50145e-15
       5098.2400  6.53611e-15
       5100.2400  6.55640e-15
       5102.2400  6.55670e-15
       5104.2400  6.56572e-15
       5106.2400  6.56489e-15
       5108.2400  6.61856e-15
       5110.2400  6.65175e-15
       5112.2400  6.68988e-15
       5114.2400  6.83197e-15
       5116.2400  6.85727e-15
       5118.2400  6.83636e-15
       5120.2400  6.82552e-15
       5122.2400  6.79226e-15
       5124.2400  6.69455e-15
       5126.2400  6.66882e-15
       5128.2400  6.68635e-15
       5130.2400  6.69188e-15
       5132.2400  6.71914e-15
       5134.2400  6.82818e-15
       5136.2400  6.84073e-15
       5138.2400  6.67815e-15
       5140.2400  6.57673e-15
       5142.2400  6.59095e-15
       5144.2400  6.68033e-15
       5146.2400  6.69436e-15
       5148.2400  6.70175e-15
       5150.2400  6.70668e-15
       5152.2400  6.72993e-15
       5154.2400  6.81701e-15
       5156.2400  6.83248e-15
       5158.2400  6.87135e-15
       5160.2400  6.89556e-15
       5162.2400  6.90633e-15
       5164.2400  6.94567e-15
       5166.2400  6.95332e-15
       5168.2400  7.04993e-15
       5170.2400  7.10721e-15
       5172.2400  7.18553e-15
       5174.2400  7.43071e-15
       5176.2400  7.48095e-15
       5178.2400  7.53537e-15
       5180.2400  7.57294e-15
       5182.2400  7.63498e-15
       5184.2400  7.83035e-15
       5186.2400  7.87221e-15
       5188.2400  8.00022e-15
       5190.2400  8.07984e-15
       5192.2400  8.11690e-15
       5194.2400  8.22893e-15
       5196.2400  8.24407e-15
       5198.2400  8.13089e-15
       5200.2400  8.06421e-15
       5202.2400  8.20622e-15
       5204.2400  8.66486e-15
       5206.2400  8.76309e-15
       5208.2400  8.91844e-15
       5210.2400  9.02081e-15
       5212.2400  9.10739e-15
       5214.2400  9.35848e-15
       5216.2400  9.41347e-15
       5218.2400  9.57810e-15
       5220.2400  9.67923e-15
       5222.2400  9.75244e-15
       5224.2400  9.95892e-15
       5226.2400  1.00111e-14
       5228.2400  1.03581e-14
       5230.2400  1.05643e-14
       5232.2400  1.06124e-14
       5234.2400  1.07267e-14
       5236.2400  1.07496e-14
       5238.2400  1.08396e-14
       5240.2400  1.08923e-14
       5242.2400  1.09462e-14
       5244.2400  1.11079e-14
       5246.2400  1.11449e-14
       5248.2400  1.13686e-14
       5250.2400  1.15008e-14
       5252.2400  1.15173e-14
       5254.2400  1.15526e-14
       5256.2400  1.15587e-14
       5258.2400  1.16704e-14
       5260.2400  1.17335e-14
       5262.2400  1.17632e-14
       5264.2400  1.18531e-14
       5266.2400  1.18710e-14
       5268.2400  1.19947e-14
       5270.2400  1.20665e-14
       5272.2400  1.21583e-14
       5274.2400  1.24359e-14
       5276.2400  1.24924e-14
       5278.2400  1.25805e-14
       5280.2400  1.26373e-14
       5282.2400  1.27119e-14
       5284.2400  1.29412e-14
       5286.2400  1.29907e-14
       5288.2400  1.31659e-14
       5290.2400  1.32730e-14
       5292.2400  1.34041e-14
       5294.2400  1.37956e-14
       5296.2400  1.38854e-14
       5298.2400  1.42121e-14
       5300.2400  1.44158e-14
       5302.2400  1.43665e-14
       5304.2400  1.41833e-14
       5306.2400  1.41401e-14
       5308.2400  1.41926e-14
       5310.2400  1.42150e-14
       5312.2400  1.42319e-14
       5314.2400  1.42993e-14
       5316.2400  1.43051e-14
       5318.2400  1.42645e-14
       5320.2400  1.42385e-14
       5322.2400  1.42091e-14
       5324.2400  1.41432e-14
       5326.2400  1.41164e-14
       5328.2400  1.39794e-14
       5330.2400  1.38899e-14
       5332.2400  1.38346e-14
       5334.2400  1.37006e-14
       5336.2400  1.36547e-14
       5338.2400  1.34067e-14
       5340.2400  1.32447e-14
       5342.2400  1.32052e-14
       5344.2400  1.31390e-14
       5346.2400  1.31103e-14
       5348.2400  1.29285e-14
       5350.2400  1.28085e-14
       5352.2400  1.27806e-14
       5354.2400  1.27384e-14
       5356.2400  1.27199e-14
       5358.2400  1.26508e-14
       5360.2400  1.26021e-14
       5362.2400  1.26209e-14
       5364.2400  1.27188e-14
       5366.2400  1.27360e-14
       5368.2400  1.27839e-14
       5370.2400  1.28157e-14
       5372.2400  1.28424e-14
       5374.2400  1.29419e-14
       5376.2400  1.29670e-14
       5378.2400  1.31954e-14
       5380.2400  1.33485e-14
       5382.2400  1.34010e-14
       5384.2400  1.35600e-14
       5386.2400  1.35976e-14
       5388.2400  1.37788e-14
       5390.2400  1.39047e-14
       5392.2400  1.39788e-14
       5394.2400  1.42336e-14
       5396.2400  1.42991e-14
       5398.2400  1.46725e-14
       5400.2400  1.49383e-14
       5402.2400  1.50370e-14
       5404.2400  1.53454e-14
       5406.2400  1.54245e-14
       5408.2400  1.58105e-14
       5410.2400  1.60929e-14
       5412.2400  1.62241e-14
       5414.2400  1.66741e-14
       5416.2400  1.67894e-14
       5418.2400  1.72904e-14
       5420.2400  1.76685e-14
       5422.2400  1.78466e-14
       5424.2400  1.84843e-14
       5426.2400  1.86408e-14
       5428.2400  1.90945e-14
       5430.2400  1.94547e-14
       5432.2400  1.96119e-14
       5434.2400  2.01950e-14
       5436.2400  2.03367e-14
       5438.2400  2.07175e-14
       5440.2400  2.10287e-14
       5442.2400  2.11898e-14
       5444.2400  2.18501e-14
       5446.2400  2.20130e-14
       5448.2400  2.24983e-14
       5450.2400  2.29045e-14
       5452.2400  2.30945e-14
       5454.2400  2.38979e-14
       5456.2400  2.40902e-14
       5458.2400  2.44490e-14
       5460.2400  2.47727e-14
       5462.2400  2.48946e-14
       5464.2400  2.54141e-14
       5466.2400  2.55443e-14
       5468.2400  2.60027e-14
       5470.2400  2.64128e-14
       5472.2400  2.64970e-14
       5474.2400  2.67563e-14
       5476.2400  2.68165e-14
       5478.2400  2.69513e-14
       5480.2400  2.70767e-14
       5482.2400  2.71501e-14
       5484.2400  2.76053e-14
       5486.2400  2.77105e-14
       5488.2400  2.78975e-14
       5490.2400  2.80842e-14
       5492.2400  2.81647e-14
       5494.2400  2.86642e-14
       5496.2400  2.87785e-14
       5498.2400  2.88918e-14
       5500.2400  2.90215e-14
       5502.2400  2.90573e-14
       5504.2400  2.92928e-14
       5506.2400  2.93456e-14
       5508.2400  2.94818e-14
       5510.2400  2.96271e-14
       5512.2400  2.96594e-14
       5514.2400  2.98655e-14
       5516.2400  2.99118e-14
       5518.2400  3.00409e-14
       5520.2400  3.01937e-14
       5522.2400  3.01714e-14
       5524.2400  2.97338e-14
       5526.2400  2.96288e-14
       5528.2400  2.98380e-14
       5530.2400  3.00453e-14
       5532.2400  3.00571e-14
       5534.2400  2.98898e-14
       5536.2400  2.98439e-14
       5538.2400  2.98355e-14
       5540.2400  2.98204e-14
       5542.2400  2.98050e-14
       5544.2400  2.97064e-14
       5546.2400  2.96776e-14
       5548.2400  2.97742e-14
       5550.2400  2.98873e-14
       5552.2400  2.98946e-14
       5554.2400  2.98418e-14
       5556.2400  2.98185e-14
       5558.2400  2.96576e-14
       5560.2400  2.94533e-14
       5562.2400  2.94167e-14
       5564.2400  2.95186e-14
       5566.2400  2.95374e-14
       5568.2400  2.95541e-14
       5570.2400  2.95914e-14
       5572.2400  2.95756e-14
       5574.2400  2.92312e-14
       5576.2400  2.91259e-14
       5578.2400  2.91123e-14
       5580.2400  2.90822e-14
       5582.2400  2.90625e-14
       5584.2400  2.88790e-14
       5586.2400  2.88144e-14
       5588.2400  2.87265e-14
       5590.2400  2.85910e-14
       5592.2400  2.85599e-14
       5594.2400  2.85298e-14
       5596.2400  2.85117e-14
       5598.2400  2.84446e-14
       5600.2400  2.83455e-14
       5602.2400  2.83102e-14
       5604.2400  2.80365e-14
       5606.2400  2.79301e-14
       5608.2400  2.77505e-14
       5610.2400  2.74422e-14
       5612.2400  2.73747e-14
       5614.2400  2.72554e-14
       5616.2400  2.71985e-14
       5618.2400  2.70659e-14
       5620.2400  2.68274e-14
       5622.2400  2.67721e-14
       5624.2400  2.66509e-14
       5626.2400  2.65897e-14
       5628.2400  2.63257e-14
       5630.2400  2.58130e-14
       5632.2400  2.56991e-14
       5634.2400  2.54511e-14
       5636.2400  2.53277e-14
       5638.2400  2.52000e-14
       5640.2400  2.49406e-14
       5642.2400  2.48702e-14
       5644.2400  2.45017e-14
       5646.2400  2.43196e-14
       5648.2400  2.41471e-14
       5650.2400  2.37675e-14
       5652.2400  2.36712e-14
       5654.2400  2.32812e-14
       5656.2400  2.30730e-14
       5658.2400  2.29011e-14
       5660.2400  2.24958e-14
       5662.2400  2.23915e-14
       5664.2400  2.19607e-14
       5666.2400  2.17154e-14
       5668.2400  2.15639e-14
       5670.2400  2.11840e-14
       5672.2400  2.10884e-14
       5674.2400  2.07732e-14
       5676.2400  2.05783e-14
       5678.2400  2.04787e-14
       5680.2400  2.02126e-14
       5682.2400  2.01487e-14
       5684.2400  2.00327e-14
       5686.2400  1.99516e-14
       5688.2400  1.99017e-14
       5690.2400  1.97536e-14
       5692.2400  1.97134e-14
       5694.2400  1.95338e-14
       5696.2400  1.94071e-14
       5698.2400  1.93961e-14
       5700.2400  1.94011e-14
       5702.2400  1.94011e-14
       5704.2400  1.94005e-14
       5706.2400  1.93990e-14
       5708.2400  1.94348e-14
       5710.2400  1.96049e-14
       5712.2400  1.96416e-14
       5714.2400  1.95845e-14
       5716.2400  1.95465e-14
       5718.2400  1.95401e-14
       5720.2400  1.95244e-14
       5722.2400  1.95251e-14
       5724.2400  1.96431e-14
       5726.2400  1.97440e-14
       5728.2400  1.97555e-14
       5730.2400  1.97370e-14
       5732.2400  1.97384e-14
       5734.2400  1.98462e-14
       5736.2400  1.99443e-14
       5738.2400  1.99768e-14
       5740.2400  2.01327e-14
       5742.2400  2.01738e-14
       5744.2400  2.02275e-14
       5746.2400  2.02853e-14
       5748.2400  2.03229e-14
       5750.2400  2.06583e-14
       5752.2400  2.07407e-14
       5754.2400  2.07196e-14
       5756.2400  2.07092e-14
       5758.2400  2.07272e-14
       5760.2400  2.10625e-14
       5762.2400  2.11492e-14
       5764.2400  2.12537e-14
       5766.2400  2.14012e-14
       5768.2400  2.14283e-14
       5770.2400  2.14559e-14
       5772.2400  2.14646e-14
       5774.2400  2.13431e-14
       5776.2400  2.11740e-14
       5778.2400  2.11644e-14
       5780.2400  2.14994e-14
       5782.2400  2.16123e-14
       5784.2400  2.20988e-14
       5786.2400  2.28378e-14
       5788.2400  2.29749e-14
       5790.2400  2.30219e-14
       5792.2400  2.30541e-14
       5794.2400  2.30888e-14
       5796.2400  2.31338e-14
       5798.2400  2.31744e-14
       5800.2400  2.38405e-14
       5802.2400  2.40975e-14
       5804.2400  2.41490e-14
       5806.2400  2.42519e-14
       5808.2400  2.42855e-14
       5810.2400  2.44887e-14
       5812.2400  2.45812e-14
       5814.2400  2.46454e-14
       5816.2400  2.47736e-14
       5818.2400  2.48055e-14
       5820.2400  2.48238e-14
       5822.2400  2.48395e-14
       5824.2400  2.48868e-14
       5826.2400  2.49909e-14
       5828.2400  2.50165e-14
       5830.2400  2.49812e-14
       5832.2400  2.49688e-14
       5834.2400  2.49291e-14
       5836.2400  2.48101e-14
       5838.2400  2.47862e-14
       5840.2400  2.46598e-14
       5842.2400  2.45855e-14
       5844.2400  2.45691e-14
       5846.2400  2.45169e-14
       5848.2400  2.45086e-14
       5850.2400  2.44322e-14
       5852.2400  2.43843e-14
       5854.2400  2.43331e-14
       5856.2400  2.41246e-14
       5858.2400  2.40857e-14
       5860.2400  2.41155e-14
       5862.2400  2.41342e-14
       5864.2400  2.40768e-14
       5866.2400  2.37561e-14
       5868.2400  2.36885e-14
       5870.2400  2.36391e-14
       5872.2400  2.35959e-14
       5874.2400  2.34537e-14
       5876.2400  2.25575e-14
       5878.2400  2.23404e-14
       5880.2400  2.18883e-14
       5882.2400  2.14925e-14
       5884.2400  2.09086e-14
       5886.2400  1.61840e-14
       5888.2400  1.50765e-14
       5890.2400  1.54160e-14
       5892.2400  1.54812e-14
       5894.2400  1.56720e-14
       5896.2400  1.79962e-14
       5898.2400  1.86050e-14
       5900.2400  1.99862e-14
       5902.2400  2.17363e-14
       5904.2400  2.20180e-14
       5906.2400  2.20157e-14
       5908.2400  2.20415e-14
       5910.2400  2.18778e-14
       5912.2400  2.16578e-14
       5914.2400  2.16344e-14
       5916.2400  2.17539e-14
       5918.2400  2.17920e-14
       5920.2400  2.16959e-14
       5922.2400  2.15511e-14
       5924.2400  2.15300e-14
       5926.2400  2.14338e-14
       5928.2400  2.14030e-14
       5930.2400  2.13113e-14
       5932.2400  2.11413e-14
       5934.2400  2.11103e-14
       5936.2400  2.09136e-14
       5938.2400  2.08369e-14
       5940.2400  2.08145e-14
       5942.2400  2.07589e-14
       5944.2400  2.07462e-14
       5946.2400  2.04801e-14
       5948.2400  2.03606e-14
       5950.2400  2.03365e-14
       5952.2400  2.02729e-14
       5954.2400  2.02588e-14
       5956.2400  2.00141e-14
       5958.2400  1.98864e-14
       5960.2400  1.97634e-14
       5962.2400  1.94036e-14
       5964.2400  1.93311e-14
       5966.2400  1.92168e-14
       5968.2400  1.91407e-14
       5970.2400  1.90668e-14
       5972.2400  1.87916e-14
       5974.2400  1.87381e-14
       5976.2400  1.86956e-14
       5978.2400  1.86603e-14
       5980.2400  1.86270e-14
       5982.2400  1.84513e-14
       5984.2400  1.84139e-14
       5986.2400  1.82258e-14
       5988.2400  1.80703e-14
       5990.2400  1.80202e-14
       5992.2400  1.77560e-14
       5994.2400  1.77041e-14
       5996.2400  1.77801e-14
       5998.2400  1.78388e-14
       6000.2400  1.78586e-14
       6002.2400  1.78765e-14
       6004.2400  1.78940e-14
       6006.2400  1.80126e-14
       6008.2400  1.81413e-14
       6010.2400  1.81701e-14
       6012.2400  1.81457e-14
       6014.2400  1.81548e-14
       6016.2400  1.83087e-14
       6018.2400  1.84959e-14
       6020.2400  1.85422e-14
       6022.2400  1.86560e-14
       6024.2400  1.87002e-14
       6026.2400  1.86740e-14
       6028.2400  1.86328e-14
       6030.2400  1.86408e-14
       6032.2400  1.87488e-14
       6034.2400  1.87936e-14
       6036.2400  1.87607e-14
       6038.2400  1.86947e-14
       6040.2400  1.86953e-14
       6042.2400  1.87435e-14
       6044.2400  1.87700e-14
       6046.2400  1.87680e-14
       6048.2400  1.87478e-14
       6050.2400  1.87554e-14
       6052.2400  1.87728e-14
       6054.2400  1.87875e-14
       6056.2400  1.87045e-14
       6058.2400  1.84650e-14
       6060.2400  1.84234e-14
       6062.2400  1.83534e-14
       6064.2400  1.83125e-14
       6066.2400  1.82608e-14
       6068.2400  1.80694e-14
       6070.2400  1.80354e-14
       6072.2400  1.79543e-14
       6074.2400  1.78977e-14
       6076.2400  1.78799e-14
       6078.2400  1.77830e-14
       6080.2400  1.77683e-14
       6082.2400  1.76748e-14
       6084.2400  1.76012e-14
       6086.2400  1.75657e-14
       6088.2400  1.73260e-14
       6090.2400  1.72833e-14
       6092.2400  1.73690e-14
       6094.2400  1.74374e-14
       6096.2400  1.74669e-14
       6098.2400  1.75550e-14
       6100.2400  1.75868e-14
       6102.2400  1.75486e-14
       6104.2400  1.75133e-14
       6106.2400  1.75085e-14
       6108.2400  1.72488e-14
       6110.2400  1.71909e-14
       6112.2400  1.70661e-14
       6114.2400  1.68814e-14
       6116.2400  1.68504e-14
       6118.2400  1.65837e-14
       6120.2400  1.65029e-14
       6122.2400  1.63107e-14
       6124.2400  1.59811e-14
       6126.2400  1.59217e-14
       6128.2400  1.56743e-14
       6130.2400  1.55801e-14
       6132.2400  1.54875e-14
       6134.2400  1.52928e-14
       6136.2400  1.52452e-14
       6138.2400  1.47525e-14
       6140.2400  1.45241e-14
       6142.2400  1.44012e-14
       6144.2400  1.40927e-14
       6146.2400  1.40268e-14
       6148.2400  1.37451e-14
       6150.2400  1.35840e-14
       6152.2400  1.34321e-14
       6154.2400  1.29453e-14
       6156.2400  1.28431e-14
       6158.2400  1.27081e-14
       6160.2400  1.26063e-14
       6162.2400  1.25084e-14
       6164.2400  1.20692e-14
       6166.2400  1.19812e-14
       6168.2400  1.20647e-14
       6170.2400  1.21149e-14
       6172.2400  1.21548e-14
       6174.2400  1.23251e-14
       6176.2400  1.23727e-14
       6178.2400  1.23129e-14
       6180.2400  1.22624e-14
       6182.2400  1.22639e-14
       6184.2400  1.22452e-14
       6186.2400  1.22517e-14
       6188.2400  1.23355e-14
       6190.2400  1.24251e-14
       6192.2400  1.24670e-14
       6194.2400  1.28457e-14
       6196.2400  1.29635e-14
       6198.2400  1.30132e-14
       6200.2400  1.30981e-14
       6202.2400  1.31374e-14
       6204.2400  1.33258e-14
       6206.2400  1.34350e-14
