MJDOBS    46560.0
JDOBS    2.44656e+06
DATE    19860510
AGE_OBS    NaN
TELESCOPE    --
DETECTOR    --
SOURCE    Asiago-Catalogue(SUSPECT)
        3650  9.53516e-15
        3651  1.04758e-14
        3652  1.05049e-14
        3653  8.39767e-15
        3654  7.93638e-15
        3655  8.61068e-15
        3656  1.07358e-14
        3657  9.33598e-15
        3658  7.16153e-15
        3659  7.41348e-15
        3660  9.03470e-15
        3661  8.77719e-15
        3662  1.31352e-14
        3663  1.22654e-14
        3664  1.48993e-14
        3665  1.23126e-14
        3666  1.17853e-14
        3667  1.37034e-14
        3668  1.13419e-14
        3669  1.24350e-14
        3670  1.31366e-14
        3671  1.38045e-14
        3672  1.34670e-14
        3673  1.25155e-14
        3674  1.20428e-14
        3675  1.26806e-14
        3676  1.10146e-14
        3677  1.41007e-14
        3678  1.52484e-14
        3679  1.31043e-14
        3680  1.55720e-14
        3681  1.55940e-14
        3682  1.48601e-14
        3683  1.30981e-14
        3684  1.11705e-14
        3685  1.02841e-14
        3686  1.01473e-14
        3687  1.11682e-14
        3688  1.23420e-14
        3689  1.32747e-14
        3690  1.28449e-14
        3691  1.20900e-14
        3692  1.23391e-14
        3693  1.38609e-14
        3694  1.19573e-14
        3695  9.76528e-15
        3696  8.95543e-15
        3697  1.14652e-14
        3698  1.16769e-14
        3699  1.29482e-14
        3700  1.47561e-14
        3701  1.89114e-14
        3702  1.30995e-14
        3703  9.02762e-15
        3704  1.18087e-14
        3705  1.07327e-14
        3706  1.10365e-14
        3707  1.02862e-14
        3708  9.21906e-15
        3709  1.14610e-14
        3710  8.08236e-15
        3711  7.46215e-15
        3712  9.52730e-15
        3713  9.59675e-15
        3714  7.92656e-15
        3715  7.83871e-15
        3716  5.85561e-15
        3717  5.17756e-15
        3718  6.62991e-15
        3719  8.97676e-15
        3720  9.01999e-15
        3721  9.61752e-15
        3722  8.46398e-15
        3723  9.55216e-15
        3724  1.08742e-14
        3725  7.41951e-15
        3726  6.09827e-15
        3727  8.68245e-15
        3728  9.29964e-15
        3729  1.09119e-14
        3730  1.07469e-14
        3731  7.21413e-15
        3732  6.70391e-15
        3733  1.20707e-14
        3734  1.01668e-14
        3735  9.62442e-15
        3736  7.34441e-15
        3737  5.55938e-15
        3738  8.65331e-15
        3739  1.05162e-14
        3740  6.78113e-15
        3741  7.22772e-15
        3742  8.19285e-15
        3743  9.99184e-15
        3744  9.54229e-15
        3745  8.77475e-15
        3746  8.98679e-15
        3747  8.11208e-15
        3748  8.20048e-15
        3749  9.27083e-15
        3750  1.32826e-14
        3751  1.07405e-14
        3752  9.15352e-15
        3753  7.62117e-15
        3754  8.31504e-15
        3755  9.40422e-15
        3756  9.44987e-15
        3757  6.41656e-15
        3758  7.36568e-15
        3759  8.29780e-15
        3760  9.84926e-15
        3761  9.61856e-15
        3762  9.48915e-15
        3763  9.51256e-15
        3764  8.62016e-15
        3765  6.96030e-15
        3766  5.88493e-15
        3767  7.85799e-15
        3768  7.60718e-15
        3769  8.90915e-15
        3770  1.37793e-14
        3771  1.06252e-14
        3772  1.03398e-14
        3773  1.18643e-14
        3774  1.03929e-14
        3775  1.10571e-14
        3776  1.21554e-14
        3777  1.37734e-14
        3778  1.19135e-14
        3779  1.03619e-14
        3780  1.02909e-14
        3781  1.09953e-14
        3782  1.12103e-14
        3783  9.29868e-15
        3784  1.13980e-14
        3785  1.25661e-14
        3786  1.17066e-14
        3787  1.01963e-14
        3788  1.10556e-14
        3789  1.09913e-14
        3790  1.26482e-14
        3791  1.20849e-14
        3792  1.03336e-14
        3793  1.23815e-14
        3794  1.24278e-14
        3795  1.25555e-14
        3796  1.15582e-14
        3797  1.21950e-14
        3798  1.26401e-14
        3799  1.03673e-14
        3800  1.30326e-14
        3801  1.26398e-14
        3802  1.09200e-14
        3803  1.06665e-14
        3804  1.02649e-14
        3805  1.19008e-14
        3806  1.11757e-14
        3807  1.15457e-14
        3808  1.33561e-14
        3809  1.20620e-14
        3810  1.30237e-14
        3811  1.41202e-14
        3812  1.65846e-14
        3813  1.69445e-14
        3814  1.66738e-14
        3815  1.68962e-14
        3816  1.54992e-14
        3817  1.64992e-14
        3818  1.57881e-14
        3819  1.44008e-14
        3820  1.42606e-14
        3821  1.56294e-14
        3822  1.49700e-14
        3823  1.31316e-14
        3824  1.54965e-14
        3825  1.64972e-14
        3826  1.65262e-14
        3827  1.60304e-14
        3828  1.56395e-14
        3829  1.59041e-14
        3830  1.89793e-14
        3831  2.05094e-14
        3832  1.99661e-14
        3833  1.99843e-14
        3834  2.02736e-14
        3835  2.06224e-14
        3836  1.88976e-14
        3837  1.99591e-14
        3838  2.07723e-14
        3839  2.15582e-14
        3840  2.13683e-14
        3841  2.17254e-14
        3842  1.91781e-14
        3843  1.92896e-14
        3844  2.30469e-14
        3845  2.14878e-14
        3846  2.20739e-14
        3847  2.49867e-14
        3848  2.38500e-14
        3849  2.44247e-14
        3850  2.85822e-14
        3851  2.68833e-14
        3852  2.66279e-14
        3853  2.72820e-14
        3854  2.85196e-14
        3855  2.81007e-14
        3856  2.66479e-14
        3857  2.79514e-14
        3858  2.81543e-14
        3859  2.87556e-14
        3860  2.96858e-14
        3861  2.95052e-14
        3862  2.90074e-14
        3863  2.72880e-14
        3864  2.86690e-14
        3865  3.26705e-14
        3866  3.24536e-14
        3867  3.28720e-14
        3868  3.36932e-14
        3869  3.41083e-14
        3870  3.31740e-14
        3871  3.12723e-14
        3872  3.46737e-14
        3873  3.54067e-14
        3874  3.58406e-14
        3875  3.47671e-14
        3876  3.57733e-14
        3877  3.80755e-14
        3878  3.82962e-14
        3879  3.90548e-14
        3880  3.93683e-14
        3881  3.78764e-14
        3882  3.91516e-14
        3883  4.22364e-14
        3884  3.97006e-14
        3885  3.96990e-14
        3886  4.05268e-14
        3887  4.30096e-14
        3888  4.31870e-14
        3889  4.19453e-14
        3890  4.39149e-14
        3891  4.46950e-14
        3892  4.72607e-14
        3893  4.61717e-14
        3894  4.62266e-14
        3895  4.68055e-14
        3896  4.77545e-14
        3897  4.79943e-14
        3898  4.74392e-14
        3899  4.80319e-14
        3900  4.73926e-14
        3901  4.43389e-14
        3902  4.75320e-14
        3903  5.08904e-14
        3904  4.77768e-14
        3905  4.70169e-14
        3906  4.71602e-14
        3907  4.63751e-14
        3908  4.71555e-14
        3909  4.84646e-14
        3910  4.92972e-14
        3911  4.76911e-14
        3912  4.74297e-14
        3913  4.77440e-14
        3914  4.72960e-14
        3915  4.95112e-14
        3916  4.97506e-14
        3917  5.12511e-14
        3918  5.13286e-14
        3919  5.08211e-14
        3920  5.05964e-14
        3921  4.97085e-14
        3922  4.86798e-14
        3923  4.95148e-14
        3924  5.05996e-14
        3925  4.90334e-14
        3926  4.91132e-14
        3927  4.77067e-14
        3928  4.75190e-14
        3929  4.83665e-14
        3930  4.62260e-14
        3931  4.38188e-14
        3932  4.24972e-14
        3933  4.33787e-14
        3934  4.39932e-14
        3935  4.35442e-14
        3936  4.43271e-14
        3937  4.32984e-14
        3938  4.11130e-14
        3939  4.12177e-14
        3940  4.35011e-14
        3941  4.38812e-14
        3942  4.42419e-14
        3943  4.53181e-14
        3944  4.68962e-14
        3945  4.79961e-14
        3946  4.80331e-14
        3947  4.74388e-14
        3948  4.55424e-14
        3949  4.58980e-14
        3950  4.64776e-14
        3951  4.39090e-14
        3952  4.63502e-14
        3953  4.63914e-14
        3954  4.68290e-14
        3955  4.65005e-14
        3956  4.59726e-14
        3957  4.39829e-14
        3958  4.37129e-14
        3959  4.46577e-14
        3960  4.38490e-14
        3961  4.39942e-14
        3962  4.38152e-14
        3963  4.12146e-14
        3964  4.02545e-14
        3965  3.97796e-14
        3966  3.82227e-14
        3967  3.67440e-14
        3968  3.60695e-14
        3969  3.55213e-14
        3970  3.53819e-14
        3971  3.61912e-14
        3972  3.60843e-14
        3973  3.60554e-14
        3974  3.59472e-14
        3975  3.56987e-14
        3976  3.55348e-14
        3977  3.64859e-14
        3978  3.59967e-14
        3979  3.49438e-14
        3980  3.42340e-14
        3981  3.40909e-14
        3982  3.48785e-14
        3983  3.44081e-14
        3984  3.36544e-14
        3985  3.51909e-14
        3986  3.41400e-14
        3987  3.34074e-14
        3988  3.45809e-14
        3989  3.41365e-14
        3990  3.35482e-14
        3991  3.35887e-14
        3992  3.36357e-14
        3993  3.26052e-14
        3994  3.19094e-14
        3995  3.19585e-14
        3996  3.23427e-14
        3997  3.13345e-14
        3998  3.03272e-14
        3999  3.01160e-14
        4000  2.95915e-14
        4001  2.90193e-14
        4002  3.05376e-14
        4003  3.07964e-14
        4004  3.14573e-14
        4005  3.25167e-14
        4006  3.29419e-14
        4007  3.22740e-14
        4008  3.10683e-14
        4009  3.01034e-14
        4010  3.24970e-14
        4011  3.23049e-14
        4012  3.19586e-14
        4013  3.17491e-14
        4014  3.12797e-14
        4015  3.01285e-14
        4016  3.07976e-14
        4017  3.11327e-14
        4018  3.16095e-14
        4019  3.08243e-14
        4020  3.01151e-14
        4021  3.13618e-14
        4022  3.15323e-14
        4023  3.19596e-14
        4024  3.40417e-14
        4025  3.44739e-14
        4026  3.32696e-14
        4027  3.24114e-14
        4028  3.18911e-14
        4029  3.28871e-14
        4030  3.26516e-14
        4031  3.22716e-14
        4032  3.36739e-14
        4033  3.34424e-14
        4034  3.26151e-14
        4035  3.42511e-14
        4036  3.49893e-14
        4037  3.45817e-14
        4038  3.47524e-14
        4039  3.48324e-14
        4040  3.48868e-14
        4041  3.53727e-14
        4042  3.68862e-14
        4043  3.53245e-14
        4044  3.47959e-14
        4045  3.53358e-14
        4046  3.43370e-14
        4047  3.43030e-14
        4048  3.55436e-14
        4049  3.56656e-14
        4050  3.53027e-14
        4051  3.61761e-14
        4052  3.57262e-14
        4053  3.55068e-14
        4054  3.65186e-14
        4055  3.61762e-14
        4056  3.43622e-14
        4057  3.45856e-14
        4058  3.50644e-14
        4059  3.64946e-14
        4060  3.56674e-14
        4061  3.23431e-14
        4062  3.41622e-14
        4063  3.48319e-14
        4064  3.59283e-14
        4065  3.59614e-14
        4066  3.47978e-14
        4067  3.54289e-14
        4068  3.61811e-14
        4069  3.54925e-14
        4070  3.52841e-14
        4071  3.61225e-14
        4072  3.62881e-14
        4073  3.60752e-14
        4074  3.51738e-14
        4075  3.32682e-14
        4076  3.24827e-14
        4077  3.44269e-14
        4078  3.41019e-14
        4079  3.36763e-14
        4080  3.47449e-14
        4081  3.38739e-14
        4082  3.36615e-14
        4083  3.41377e-14
        4084  3.44342e-14
        4085  3.51166e-14
        4086  3.31734e-14
        4087  3.19447e-14
        4088  3.28240e-14
        4089  3.39858e-14
        4090  3.34613e-14
        4091  3.25085e-14
        4092  3.26860e-14
        4093  3.20644e-14
        4094  3.26902e-14
        4095  3.20898e-14
        4096  3.24725e-14
        4097  3.21273e-14
        4098  3.18503e-14
        4099  3.27190e-14
        4100  3.36564e-14
        4101  3.35198e-14
        4102  3.40631e-14
        4103  3.40706e-14
        4104  3.43059e-14
        4105  3.43594e-14
        4106  3.44693e-14
        4107  3.50343e-14
        4108  3.50101e-14
        4109  3.47208e-14
        4110  3.42773e-14
        4111  3.30463e-14
        4112  3.29142e-14
        4113  3.33776e-14
        4114  3.42631e-14
        4115  3.44423e-14
        4116  3.49260e-14
        4117  3.48912e-14
        4118  3.52214e-14
        4119  3.54770e-14
        4120  3.53925e-14
        4121  3.50284e-14
        4122  3.44423e-14
        4123  3.43155e-14
        4124  3.48387e-14
        4125  3.44185e-14
        4126  3.46976e-14
        4127  3.62954e-14
        4128  3.62521e-14
        4129  3.62207e-14
        4130  3.66560e-14
        4131  3.61516e-14
        4132  3.57115e-14
        4133  3.51112e-14
        4134  3.48361e-14
        4135  3.54567e-14
        4136  3.48724e-14
        4137  3.43595e-14
        4138  3.43424e-14
        4139  3.44807e-14
        4140  3.54845e-14
        4141  3.66703e-14
        4142  3.77457e-14
        4143  3.67458e-14
        4144  3.57749e-14
        4145  3.51843e-14
        4146  3.43973e-14
        4147  3.47373e-14
        4148  3.43906e-14
        4149  3.33998e-14
        4150  3.47827e-14
        4151  3.54794e-14
        4152  3.55328e-14
        4153  3.55590e-14
        4154  3.53182e-14
        4155  3.53236e-14
        4156  3.54302e-14
        4157  3.58909e-14
        4158  3.54604e-14
        4159  3.58112e-14
        4160  3.55800e-14
        4161  3.44856e-14
        4162  3.37428e-14
        4163  3.47088e-14
        4164  3.45124e-14
        4165  3.39735e-14
        4166  3.42161e-14
        4167  3.38922e-14
        4168  3.45902e-14
        4169  3.46616e-14
        4170  3.52657e-14
        4171  3.60712e-14
        4172  3.59440e-14
        4173  3.55800e-14
        4174  3.56772e-14
        4175  3.63980e-14
        4176  3.60853e-14
        4177  3.47224e-14
        4178  3.61505e-14
        4179  3.74013e-14
        4180  3.75415e-14
        4181  3.74150e-14
        4182  3.71407e-14
        4183  3.86789e-14
        4184  3.86824e-14
        4185  3.92254e-14
        4186  3.88197e-14
        4187  3.78754e-14
        4188  3.87017e-14
        4189  3.84412e-14
        4190  3.74172e-14
        4191  3.71138e-14
        4192  3.70246e-14
        4193  3.71303e-14
        4194  3.75814e-14
        4195  3.68417e-14
        4196  3.74093e-14
        4197  3.79168e-14
        4198  3.87884e-14
        4199  3.88026e-14
        4200  3.72210e-14
        4201  3.77058e-14
        4202  3.82554e-14
        4203  3.89045e-14
        4204  3.82847e-14
        4205  3.73890e-14
        4206  3.64367e-14
        4207  3.61119e-14
        4208  3.54629e-14
        4209  3.60023e-14
        4210  3.69942e-14
        4211  3.56634e-14
        4212  3.55154e-14
        4213  3.60204e-14
        4214  3.58359e-14
        4215  3.59188e-14
        4216  3.49499e-14
        4217  3.44470e-14
        4218  3.53056e-14
        4219  3.58662e-14
        4220  3.70519e-14
        4221  3.65907e-14
        4222  3.67644e-14
        4223  3.70899e-14
        4224  3.71605e-14
        4225  3.76045e-14
        4226  3.64501e-14
        4227  3.63233e-14
        4228  3.71489e-14
        4229  3.70657e-14
        4230  3.70470e-14
        4231  3.71120e-14
        4232  3.69066e-14
        4233  3.60521e-14
        4234  3.57742e-14
        4235  3.55460e-14
        4236  3.61085e-14
        4237  3.62029e-14
        4238  3.66315e-14
        4239  3.61859e-14
        4240  3.60682e-14
        4241  3.52891e-14
        4242  3.48209e-14
        4243  3.50052e-14
        4244  3.53846e-14
        4245  3.54793e-14
        4246  3.47680e-14
        4247  3.45758e-14
        4248  3.60574e-14
        4249  3.63357e-14
        4250  3.68156e-14
        4251  3.60128e-14
        4252  3.59006e-14
        4253  3.88494e-14
        4254  3.88116e-14
        4255  3.88431e-14
        4256  3.82356e-14
        4257  3.77483e-14
        4258  3.61520e-14
        4259  3.64453e-14
        4260  3.68606e-14
        4261  3.68565e-14
        4262  3.66259e-14
        4263  3.57887e-14
        4264  3.56771e-14
        4265  3.55529e-14
        4266  3.48661e-14
        4267  3.45270e-14
        4268  3.60432e-14
        4269  3.55765e-14
        4270  3.47609e-14
        4271  3.48169e-14
        4272  3.47413e-14
        4273  3.36603e-14
        4274  3.39684e-14
        4275  3.47062e-14
        4276  3.43140e-14
        4277  3.40699e-14
        4278  3.37850e-14
        4279  3.36200e-14
        4280  3.31844e-14
        4281  3.36748e-14
        4282  3.39575e-14
        4283  3.21783e-14
        4284  3.17826e-14
        4285  3.10884e-14
        4286  3.21660e-14
        4287  3.29304e-14
        4288  3.20219e-14
        4289  3.19896e-14
        4290  3.24714e-14
        4291  3.25743e-14
        4292  3.26541e-14
        4293  3.26924e-14
        4294  3.23721e-14
        4295  3.08185e-14
        4296  3.10197e-14
        4297  3.12868e-14
        4298  3.06147e-14
        4299  3.02825e-14
        4300  2.93188e-14
        4301  2.91963e-14
        4302  2.90768e-14
        4303  2.94367e-14
        4304  2.95206e-14
        4305  2.97167e-14
        4306  2.97313e-14
        4307  2.99439e-14
        4308  2.94102e-14
        4309  2.90264e-14
        4310  2.88354e-14
        4311  2.85435e-14
        4312  2.79287e-14
        4313  2.76950e-14
        4314  2.74960e-14
        4315  2.78360e-14
        4316  2.79588e-14
        4317  2.82872e-14
        4318  2.75380e-14
        4319  2.68939e-14
        4320  2.62099e-14
        4321  2.62297e-14
        4322  2.68960e-14
        4323  2.70266e-14
        4324  2.72144e-14
        4325  2.80718e-14
        4326  2.82453e-14
        4327  2.79858e-14
        4328  2.82596e-14
        4329  2.89226e-14
        4330  2.83098e-14
        4331  2.79274e-14
        4332  2.81429e-14
        4333  2.81790e-14
        4334  2.80203e-14
        4335  2.79137e-14
        4336  2.81049e-14
        4337  2.92583e-14
        4338  2.92507e-14
        4339  2.94358e-14
        4340  2.97872e-14
        4341  3.02226e-14
        4342  3.05823e-14
        4343  3.07907e-14
        4344  3.07854e-14
        4345  3.08030e-14
        4346  3.09050e-14
        4347  3.13700e-14
        4348  3.14733e-14
        4349  3.08884e-14
        4350  3.08945e-14
        4351  3.08124e-14
        4352  3.17507e-14
        4353  3.20806e-14
        4354  3.21735e-14
        4355  3.22003e-14
        4356  3.24603e-14
        4357  3.31220e-14
        4358  3.40010e-14
        4359  3.40618e-14
        4360  3.41139e-14
        4361  3.43081e-14
        4362  3.49584e-14
        4363  3.58403e-14
        4364  3.56519e-14
        4365  3.57468e-14
        4366  3.60896e-14
        4367  3.62965e-14
        4368  3.73739e-14
        4369  3.72498e-14
        4370  3.71112e-14
        4371  3.82584e-14
        4372  3.85499e-14
        4373  3.93982e-14
        4374  3.97346e-14
        4375  4.02050e-14
        4376  4.08531e-14
        4377  4.09943e-14
        4378  4.13388e-14
        4379  4.10742e-14
        4380  4.11235e-14
        4381  4.19739e-14
        4382  4.25474e-14
        4383  4.35442e-14
        4384  4.36863e-14
        4385  4.37907e-14
        4386  4.40446e-14
        4387  4.45186e-14
        4388  4.52046e-14
        4389  4.52588e-14
        4390  4.48819e-14
        4391  4.48756e-14
        4392  4.42172e-14
        4393  4.42175e-14
        4394  4.39902e-14
        4395  4.53880e-14
        4396  4.58286e-14
        4397  4.70941e-14
        4398  4.67342e-14
        4399  4.62122e-14
        4400  4.67830e-14
        4401  4.70116e-14
        4402  4.82198e-14
        4403  4.83086e-14
        4404  4.87535e-14
        4405  4.87215e-14
        4406  4.85011e-14
        4407  4.89571e-14
        4408  4.83867e-14
        4409  4.77791e-14
        4410  4.82338e-14
        4411  4.89792e-14
        4412  5.02415e-14
        4413  5.06947e-14
        4414  5.02055e-14
        4415  4.99608e-14
        4416  4.98991e-14
        4417  5.02391e-14
        4418  5.07267e-14
        4419  5.04611e-14
        4420  5.00334e-14
        4421  4.82612e-14
        4422  4.84958e-14
        4423  4.90890e-14
        4424  5.07133e-14
        4425  5.11886e-14
        4426  5.15952e-14
        4427  5.10747e-14
        4428  5.15808e-14
        4429  5.18851e-14
        4430  5.14232e-14
        4431  5.23896e-14
        4432  5.24207e-14
        4433  5.18728e-14
        4434  5.16421e-14
        4435  5.23843e-14
        4436  5.29596e-14
        4437  5.31934e-14
        4438  5.29860e-14
        4439  5.26780e-14
        4440  5.24774e-14
        4441  5.32035e-14
        4442  5.40420e-14
        4443  5.44961e-14
        4444  5.50569e-14
        4445  5.64306e-14
        4446  5.70246e-14
        4447  5.72861e-14
        4448  5.75468e-14
        4449  5.83620e-14
        4450  5.81186e-14
        4451  5.82325e-14
        4452  5.91724e-14
        4453  5.95250e-14
        4454  5.98740e-14
        4455  5.96394e-14
        4456  5.90380e-14
        4457  5.85843e-14
        4458  5.86783e-14
        4459  5.93032e-14
        4460  5.97691e-14
        4461  6.04584e-14
        4462  6.10010e-14
        4463  6.09660e-14
        4464  6.19692e-14
        4465  6.21812e-14
        4466  6.17476e-14
        4467  6.22067e-14
        4468  6.27418e-14
        4469  6.29838e-14
        4470  6.32584e-14
        4471  6.49375e-14
        4472  6.54409e-14
        4473  6.66825e-14
        4474  6.60197e-14
        4475  6.55315e-14
        4476  6.65353e-14
        4477  6.71887e-14
        4478  6.61399e-14
        4479  6.69741e-14
        4480  6.81578e-14
        4481  6.80048e-14
        4482  6.85255e-14
        4483  6.95392e-14
        4484  7.01261e-14
        4485  7.09098e-14
        4486  7.08083e-14
        4487  7.18867e-14
        4488  7.16555e-14
        4489  7.11092e-14
        4490  7.02726e-14
        4491  7.05854e-14
        4492  7.16077e-14
        4493  7.22528e-14
        4494  7.24063e-14
        4495  7.32000e-14
        4496  7.38941e-14
        4497  7.41243e-14
        4498  7.42221e-14
        4499  7.29232e-14
        4500  7.30139e-14
        4501  7.32058e-14
        4502  7.34038e-14
        4503  7.29140e-14
        4504  7.25312e-14
        4505  7.26704e-14
        4506  7.27563e-14
        4507  7.40308e-14
        4508  7.48505e-14
        4509  7.46707e-14
        4510  7.48853e-14
        4511  7.59945e-14
        4512  7.71773e-14
        4513  7.72637e-14
        4514  7.79498e-14
        4515  7.83648e-14
        4516  7.67550e-14
        4517  7.68332e-14
        4518  7.73170e-14
        4519  7.71006e-14
        4520  7.74622e-14
        4521  7.75316e-14
        4522  7.70655e-14
        4523  7.77310e-14
        4524  7.84057e-14
        4525  7.79798e-14
        4526  7.77746e-14
        4527  7.86135e-14
        4528  7.87527e-14
        4529  7.83915e-14
        4530  7.84257e-14
        4531  7.92698e-14
        4532  7.84960e-14
        4533  7.82075e-14
        4534  7.78711e-14
        4535  7.77659e-14
        4536  7.81096e-14
        4537  7.82535e-14
        4538  7.89874e-14
        4539  7.98910e-14
        4540  7.99659e-14
        4541  7.98595e-14
        4542  7.99266e-14
        4543  8.05794e-14
        4544  8.12266e-14
        4545  8.10977e-14
        4546  8.16992e-14
        4547  8.24079e-14
        4548  8.22959e-14
        4549  8.20581e-14
        4550  8.24575e-14
        4551  8.30600e-14
        4552  8.29587e-14
        4553  8.35639e-14
        4554  8.34748e-14
        4555  8.45318e-14
        4556  8.35432e-14
        4557  8.26316e-14
        4558  8.18739e-14
        4559  8.12778e-14
        4560  8.12244e-14
        4561  8.13384e-14
        4562  8.17103e-14
        4563  8.14628e-14
        4564  8.10830e-14
        4565  8.09717e-14
        4566  8.04062e-14
        4567  8.02280e-14
        4568  8.03335e-14
        4569  7.99537e-14
        4570  8.04113e-14
        4571  8.02888e-14
        4572  8.13803e-14
        4573  8.06816e-14
        4574  7.96270e-14
        4575  7.99537e-14
        4576  8.03352e-14
        4577  8.03435e-14
        4578  8.01168e-14
        4579  8.02712e-14
        4580  7.93863e-14
        4581  7.82044e-14
        4582  7.77187e-14
        4583  7.81215e-14
        4584  7.83643e-14
        4585  7.77197e-14
        4586  7.81921e-14
        4587  7.89186e-14
        4588  7.88401e-14
        4589  7.82904e-14
        4590  7.81406e-14
        4591  7.76033e-14
        4592  7.75553e-14
        4593  7.80818e-14
        4594  7.80808e-14
        4595  7.74623e-14
        4596  7.68905e-14
        4597  7.70554e-14
        4598  7.72917e-14
        4599  7.74961e-14
        4600  7.66296e-14
        4601  7.78813e-14
        4602  7.88999e-14
        4603  7.83029e-14
        4604  7.79368e-14
        4605  7.83031e-14
        4606  7.90401e-14
        4607  7.84576e-14
        4608  7.87950e-14
        4609  7.94618e-14
        4610  8.05183e-14
        4611  8.07416e-14
        4612  8.04645e-14
        4613  8.00814e-14
        4614  7.98368e-14
        4615  7.99612e-14
        4616  7.88084e-14
        4617  7.80463e-14
        4618  7.80592e-14
        4619  7.76077e-14
        4620  7.79114e-14
        4621  7.77556e-14
        4622  7.81912e-14
        4623  7.76144e-14
        4624  7.74176e-14
        4625  7.79738e-14
        4626  7.88425e-14
        4627  7.93260e-14
        4628  7.89512e-14
        4629  7.99776e-14
        4630  8.07185e-14
        4631  8.16824e-14
        4632  8.15273e-14
        4633  8.23650e-14
        4634  8.18952e-14
        4635  8.00216e-14
        4636  7.92436e-14
        4637  7.93480e-14
        4638  7.81762e-14
        4639  7.82416e-14
        4640  7.81939e-14
        4641  7.84025e-14
        4642  7.89666e-14
        4643  7.98065e-14
        4644  7.87347e-14
        4645  7.80898e-14
        4646  7.84733e-14
        4647  7.81664e-14
        4648  7.70707e-14
        4649  7.69274e-14
        4650  7.76738e-14
        4651  7.84081e-14
        4652  7.89668e-14
        4653  7.91237e-14
        4654  7.99529e-14
        4655  8.06115e-14
        4656  7.93693e-14
        4657  7.80802e-14
        4658  7.63789e-14
        4659  7.51131e-14
        4660  7.45731e-14
        4661  7.32859e-14
        4662  7.26372e-14
        4663  7.28067e-14
        4664  7.31836e-14
        4665  7.35927e-14
        4666  7.31117e-14
        4667  7.24377e-14
        4668  7.20354e-14
        4669  7.04112e-14
        4670  6.96917e-14
        4671  6.98954e-14
        4672  6.87127e-14
        4673  6.79528e-14
        4674  6.77419e-14
        4675  6.76077e-14
        4676  6.78585e-14
        4677  6.83792e-14
        4678  6.70551e-14
        4679  6.57573e-14
        4680  6.52993e-14
        4681  6.53735e-14
        4682  6.48723e-14
        4683  6.42164e-14
        4684  6.44168e-14
        4685  6.39773e-14
        4686  6.34877e-14
        4687  6.37498e-14
        4688  6.44125e-14
        4689  6.43145e-14
        4690  6.44779e-14
        4691  6.49799e-14
        4692  6.46636e-14
        4693  6.40957e-14
        4694  6.37864e-14
        4695  6.38338e-14
        4696  6.44669e-14
        4697  6.38995e-14
        4698  6.38977e-14
        4699  6.47732e-14
        4700  6.52048e-14
        4701  6.52760e-14
        4702  6.60140e-14
        4703  6.69196e-14
        4704  6.75024e-14
        4705  6.74066e-14
        4706  6.69678e-14
        4707  6.73901e-14
        4708  6.77974e-14
        4709  6.79951e-14
        4710  6.79691e-14
        4711  6.70413e-14
        4712  6.72564e-14
        4713  6.69083e-14
        4714  6.69233e-14
        4715  6.67452e-14
        4716  6.71507e-14
        4717  6.68294e-14
        4718  6.66929e-14
        4719  6.75962e-14
        4720  6.84801e-14
        4721  6.89700e-14
        4722  6.86257e-14
        4723  6.87042e-14
        4724  6.92071e-14
        4725  6.95571e-14
        4726  6.92738e-14
        4727  7.02621e-14
        4728  6.99544e-14
        4729  6.96873e-14
        4730  6.93832e-14
        4731  6.89744e-14
        4732  6.94390e-14
        4733  7.06672e-14
        4734  7.10529e-14
        4735  7.18903e-14
        4736  7.20519e-14
        4737  7.24302e-14
        4738  7.09707e-14
        4739  7.11321e-14
        4740  7.21441e-14
        4741  7.18087e-14
        4742  7.09177e-14
        4743  7.07475e-14
        4744  7.06284e-14
        4745  7.01731e-14
        4746  7.05856e-14
        4747  6.97560e-14
        4748  6.92244e-14
        4749  6.78022e-14
        4750  6.70565e-14
        4751  6.67712e-14
        4752  6.68449e-14
        4753  6.65760e-14
        4754  6.69125e-14
        4755  6.67641e-14
        4756  6.73779e-14
        4757  6.75900e-14
        4758  6.68590e-14
        4759  6.61606e-14
        4760  6.59385e-14
        4761  6.58836e-14
        4762  6.70523e-14
        4763  6.54830e-14
        4764  6.42322e-14
        4765  6.30108e-14
        4766  6.22821e-14
        4767  6.18831e-14
        4768  6.17413e-14
        4769  6.25667e-14
        4770  6.18681e-14
        4771  6.08717e-14
        4772  6.07265e-14
        4773  6.11911e-14
        4774  6.08470e-14
        4775  6.01137e-14
        4776  6.01998e-14
        4777  5.98190e-14
        4778  5.98904e-14
        4779  5.97565e-14
        4780  5.94766e-14
        4781  5.91728e-14
        4782  5.95383e-14
        4783  6.02362e-14
        4784  6.04065e-14
        4785  6.04130e-14
        4786  6.04381e-14
        4787  6.07821e-14
        4788  5.97778e-14
        4789  6.01471e-14
        4790  5.88676e-14
        4791  5.85481e-14
        4792  5.76917e-14
        4793  5.73225e-14
        4794  5.70684e-14
        4795  5.73849e-14
        4796  5.78727e-14
        4797  5.92361e-14
        4798  5.97895e-14
        4799  6.01984e-14
        4800  6.04431e-14
        4801  6.12508e-14
        4802  6.16682e-14
        4803  6.16372e-14
        4804  6.29529e-14
        4805  6.47748e-14
        4806  6.55259e-14
        4807  6.58393e-14
        4808  6.62689e-14
        4809  6.61465e-14
        4810  6.57248e-14
        4811  6.51691e-14
        4812  6.38677e-14
        4813  6.33915e-14
        4814  6.32011e-14
        4815  6.37401e-14
        4816  6.44072e-14
        4817  6.40210e-14
        4818  6.51865e-14
        4819  6.60709e-14
        4820  6.65733e-14
        4821  6.64289e-14
        4822  6.67942e-14
        4823  6.73986e-14
        4824  6.86005e-14
        4825  6.91848e-14
        4826  6.86659e-14
        4827  6.85666e-14
        4828  6.79272e-14
        4829  6.65161e-14
        4830  6.53641e-14
        4831  6.50203e-14
        4832  6.42971e-14
        4833  6.38992e-14
        4834  6.37716e-14
        4835  6.27395e-14
        4836  6.23159e-14
        4837  6.19750e-14
        4838  6.20526e-14
        4839  6.09331e-14
        4840  6.08641e-14
        4841  6.07972e-14
        4842  6.00337e-14
        4843  5.86568e-14
        4844  5.87158e-14
        4845  5.82900e-14
        4846  5.77326e-14
        4847  5.72972e-14
        4848  5.66973e-14
        4849  5.62734e-14
        4850  5.63766e-14
        4851  5.60714e-14
        4852  5.53776e-14
        4853  5.45377e-14
        4854  5.35910e-14
        4855  5.26810e-14
        4856  5.21654e-14
        4857  5.15935e-14
        4858  5.11686e-14
        4859  5.04647e-14
        4860  4.99394e-14
        4861  4.94741e-14
        4862  4.79804e-14
        4863  4.79430e-14
        4864  4.68321e-14
        4865  4.65797e-14
        4866  4.64680e-14
        4867  4.62274e-14
        4868  4.58610e-14
        4869  4.59003e-14
        4870  4.58423e-14
        4871  4.56581e-14
        4872  4.53712e-14
        4873  4.53141e-14
        4874  4.46700e-14
        4875  4.43374e-14
        4876  4.40076e-14
        4877  4.41507e-14
        4878  4.42732e-14
        4879  4.38985e-14
        4880  4.28918e-14
        4881  4.34066e-14
        4882  4.34428e-14
        4883  4.37482e-14
        4884  4.41863e-14
        4885  4.41319e-14
        4886  4.33437e-14
        4887  4.29306e-14
        4888  4.34136e-14
        4889  4.36926e-14
        4890  4.34655e-14
        4891  4.33784e-14
        4892  4.32230e-14
        4893  4.38076e-14
        4894  4.40748e-14
        4895  4.39152e-14
        4896  4.35978e-14
        4897  4.35589e-14
        4898  4.37785e-14
        4899  4.43851e-14
        4900  4.45639e-14
        4901  4.59253e-14
        4902  4.65547e-14
        4903  4.65609e-14
        4904  4.65757e-14
        4905  4.67405e-14
        4906  4.67369e-14
        4907  4.69191e-14
        4908  4.73551e-14
        4909  4.73385e-14
        4910  4.78017e-14
        4911  4.85717e-14
        4912  4.92717e-14
        4913  4.94755e-14
        4914  5.00504e-14
        4915  5.05771e-14
        4916  5.08246e-14
        4917  5.14150e-14
        4918  5.22201e-14
        4919  5.27894e-14
        4920  5.35730e-14
        4921  5.49478e-14
        4922  5.49765e-14
        4923  5.56933e-14
        4924  5.59911e-14
        4925  5.57074e-14
        4926  5.60631e-14
        4927  5.60171e-14
        4928  5.62663e-14
        4929  5.63871e-14
        4930  5.68131e-14
        4931  5.68914e-14
        4932  5.77487e-14
        4933  5.72965e-14
        4934  5.68182e-14
        4935  5.72948e-14
        4936  5.73995e-14
        4937  5.66187e-14
        4938  5.74148e-14
        4939  5.89265e-14
        4940  5.92426e-14
        4941  5.90635e-14
        4942  5.95360e-14
        4943  5.95170e-14
        4944  5.92953e-14
        4945  5.91725e-14
        4946  5.94986e-14
        4947  6.01025e-14
        4948  6.07519e-14
        4949  6.06746e-14
        4950  6.01971e-14
        4951  6.03978e-14
        4952  6.04190e-14
        4953  6.06373e-14
        4954  6.03337e-14
        4955  6.09151e-14
        4956  6.11963e-14
        4957  6.09379e-14
        4958  6.09070e-14
        4959  6.09165e-14
        4960  6.06370e-14
        4961  6.12824e-14
        4962  6.17378e-14
        4963  6.17243e-14
        4964  6.19947e-14
        4965  6.23056e-14
        4966  6.26403e-14
        4967  6.24892e-14
        4968  6.25786e-14
        4969  6.25240e-14
        4970  6.25816e-14
        4971  6.29813e-14
        4972  6.32774e-14
        4973  6.37431e-14
        4974  6.34128e-14
        4975  6.30321e-14
        4976  6.30265e-14
        4977  6.38388e-14
        4978  6.36835e-14
        4979  6.36573e-14
        4980  6.40673e-14
        4981  6.51962e-14
        4982  6.44371e-14
        4983  6.39006e-14
        4984  6.46785e-14
        4985  6.40342e-14
        4986  6.33550e-14
        4987  6.31275e-14
        4988  6.34235e-14
        4989  6.30123e-14
        4990  6.26690e-14
        4991  6.19648e-14
        4992  6.13113e-14
        4993  6.18729e-14
        4994  6.30343e-14
        4995  6.38426e-14
        4996  6.33839e-14
        4997  6.28504e-14
        4998  6.16889e-14
        4999  6.12663e-14
        5000  6.14520e-14
        5001  6.13801e-14
        5002  6.13135e-14
        5003  6.20231e-14
        5004  6.25232e-14
        5005  6.31774e-14
        5006  6.36607e-14
        5007  6.40849e-14
        5008  6.39484e-14
        5009  6.38001e-14
        5010  6.42998e-14
        5011  6.47345e-14
        5012  6.57543e-14
        5013  6.70634e-14
        5014  6.77433e-14
        5015  6.73993e-14
        5016  6.66512e-14
        5017  6.65711e-14
        5018  6.62523e-14
        5019  6.59976e-14
        5020  6.60073e-14
        5021  6.62046e-14
        5022  6.63869e-14
        5023  6.67953e-14
        5024  6.69319e-14
        5025  6.68667e-14
        5026  6.63521e-14
        5027  6.63628e-14
        5028  6.72301e-14
        5029  6.72133e-14
        5030  6.60915e-14
        5031  6.57816e-14
        5032  6.62555e-14
        5033  6.57240e-14
        5034  6.48517e-14
        5035  6.50531e-14
        5036  6.60856e-14
        5037  6.71719e-14
        5038  6.73176e-14
        5039  6.74617e-14
        5040  6.74137e-14
        5041  6.72438e-14
        5042  6.76654e-14
        5043  6.90310e-14
        5044  6.96308e-14
        5045  7.00329e-14
        5046  7.03523e-14
        5047  7.03403e-14
        5048  7.09044e-14
        5049  7.16942e-14
        5050  7.14128e-14
        5051  7.18081e-14
        5052  7.14731e-14
        5053  7.13571e-14
        5054  7.08182e-14
        5055  7.03549e-14
        5056  7.05186e-14
        5057  7.04517e-14
        5058  7.07792e-14
        5059  7.20050e-14
        5060  7.20750e-14
        5061  7.28474e-14
        5062  7.26427e-14
        5063  7.33183e-14
        5064  7.35836e-14
        5065  7.35424e-14
        5066  7.30451e-14
        5067  7.30180e-14
        5068  7.28340e-14
        5069  7.23181e-14
        5070  7.18072e-14
        5071  7.20863e-14
        5072  7.25498e-14
        5073  7.25353e-14
        5074  7.23542e-14
        5075  7.33661e-14
        5076  7.38325e-14
        5077  7.38156e-14
        5078  7.39476e-14
        5079  7.48143e-14
        5080  7.54551e-14
        5081  7.52944e-14
        5082  7.46900e-14
        5083  7.47587e-14
        5084  7.47345e-14
        5085  7.51784e-14
        5086  7.55379e-14
        5087  7.58218e-14
        5088  7.57701e-14
        5089  7.67558e-14
        5090  7.76493e-14
        5091  7.82084e-14
        5092  7.88860e-14
        5093  7.94356e-14
        5094  7.97289e-14
        5095  7.96269e-14
        5096  7.98158e-14
        5097  7.97204e-14
        5098  7.98768e-14
        5099  7.98931e-14
        5100  8.00399e-14
        5101  8.06580e-14
        5102  8.07201e-14
        5103  8.06467e-14
        5104  7.98793e-14
        5105  8.08358e-14
        5106  8.10323e-14
        5107  8.13014e-14
        5108  8.13426e-14
        5109  8.14491e-14
        5110  8.17786e-14
        5111  8.19905e-14
        5112  8.17131e-14
        5113  8.24579e-14
        5114  8.31250e-14
        5115  8.33823e-14
        5116  8.32287e-14
        5117  8.31438e-14
        5118  8.40216e-14
        5119  8.39487e-14
        5120  8.42522e-14
        5121  8.42089e-14
        5122  8.48672e-14
        5123  8.54253e-14
        5124  8.56123e-14
        5125  8.53087e-14
        5126  8.70145e-14
        5127  8.78464e-14
        5128  8.77400e-14
        5129  8.79872e-14
        5130  8.87147e-14
        5131  8.91484e-14
        5132  8.94150e-14
        5133  8.94984e-14
        5134  8.92555e-14
        5135  8.95530e-14
        5136  8.99857e-14
        5137  8.98506e-14
        5138  8.96816e-14
        5139  8.99881e-14
        5140  8.99127e-14
        5141  8.88033e-14
        5142  8.77694e-14
        5143  8.85751e-14
        5144  8.86809e-14
        5145  8.87018e-14
        5146  8.79471e-14
        5147  8.74906e-14
        5148  8.78523e-14
        5149  8.91284e-14
        5150  8.98873e-14
        5151  9.02015e-14
        5152  9.02833e-14
        5153  9.09321e-14
        5154  9.04101e-14
        5155  9.00343e-14
        5156  9.00893e-14
        5157  9.00783e-14
        5158  9.05016e-14
        5159  9.12119e-14
        5160  9.08354e-14
        5161  9.14062e-14
        5162  9.03976e-14
        5163  9.09503e-14
        5164  9.15290e-14
        5165  9.17349e-14
        5166  9.23038e-14
        5167  9.26876e-14
        5168  9.34009e-14
        5169  9.30783e-14
        5170  9.18271e-14
        5171  9.13495e-14
        5172  9.20287e-14
        5173  9.18055e-14
        5174  9.12172e-14
        5175  8.96525e-14
        5176  9.02004e-14
        5177  9.11106e-14
        5178  9.07940e-14
        5179  8.94852e-14
        5180  8.93981e-14
        5181  9.01033e-14
        5182  9.06031e-14
        5183  9.06483e-14
        5184  9.16381e-14
        5185  9.21437e-14
        5186  9.32205e-14
        5187  9.32357e-14
        5188  9.36985e-14
        5189  9.36553e-14
        5190  9.35241e-14
        5191  9.34331e-14
        5192  9.33744e-14
        5193  9.32827e-14
        5194  9.38015e-14
        5195  9.37530e-14
        5196  9.37529e-14
        5197  9.31950e-14
        5198  9.27994e-14
        5199  9.27341e-14
        5200  9.21693e-14
        5201  9.20608e-14
        5202  9.20713e-14
        5203  9.22951e-14
        5204  9.33764e-14
        5205  9.37700e-14
        5206  9.38175e-14
        5207  9.41898e-14
        5208  9.33055e-14
        5209  9.38463e-14
        5210  9.44706e-14
        5211  9.51339e-14
        5212  9.55560e-14
        5213  9.76299e-14
        5214  9.89966e-14
        5215  9.90178e-14
        5216  9.89995e-14
        5217  9.94800e-14
        5218  9.97269e-14
        5219  1.00423e-13
        5220  1.00946e-13
        5221  1.00845e-13
        5222  1.00619e-13
        5223  1.00352e-13
        5224  1.00428e-13
        5225  9.98710e-14
        5226  1.00248e-13
        5227  1.00165e-13
        5228  1.00291e-13
        5229  1.00979e-13
        5230  1.01223e-13
        5231  1.01695e-13
        5232  1.01140e-13
        5233  1.01238e-13
        5234  1.02172e-13
        5235  1.02600e-13
        5236  1.01733e-13
        5237  1.01951e-13
        5238  1.02194e-13
        5239  1.01978e-13
        5240  1.01678e-13
        5241  1.01701e-13
        5242  1.01582e-13
        5243  1.02012e-13
        5244  1.02586e-13
        5245  1.03201e-13
        5246  1.03904e-13
        5247  1.04171e-13
        5248  1.03490e-13
        5249  1.02237e-13
        5250  1.01701e-13
        5251  1.00124e-13
        5252  9.96733e-14
        5253  9.91725e-14
        5254  9.86632e-14
        5255  9.88508e-14
        5256  9.88395e-14
        5257  9.87039e-14
        5258  9.92553e-14
        5259  9.80697e-14
        5260  9.77307e-14
        5261  9.66927e-14
        5262  9.58082e-14
        5263  9.52385e-14
        5264  9.46235e-14
        5265  9.34909e-14
        5266  9.20850e-14
        5267  9.03842e-14
        5268  8.91826e-14
        5269  8.87920e-14
        5270  8.76287e-14
        5271  8.80789e-14
        5272  8.78103e-14
        5273  8.70514e-14
        5274  8.64328e-14
        5275  8.60821e-14
        5276  8.52723e-14
        5277  8.46702e-14
        5278  8.49227e-14
        5279  8.52803e-14
        5280  8.51384e-14
        5281  8.56300e-14
        5282  8.66028e-14
        5283  8.65062e-14
        5284  8.64423e-14
        5285  8.50568e-14
        5286  8.43968e-14
        5287  8.37475e-14
        5288  8.30532e-14
        5289  8.19490e-14
        5290  8.12302e-14
        5291  8.08056e-14
        5292  8.11012e-14
        5293  8.03530e-14
        5294  7.99055e-14
        5295  7.92024e-14
        5296  7.92941e-14
        5297  7.91024e-14
        5298  7.90394e-14
        5299  7.86297e-14
        5300  7.83801e-14
        5301  7.88703e-14
        5302  7.88230e-14
        5303  7.94117e-14
        5304  7.93964e-14
        5305  7.90087e-14
        5306  7.84322e-14
        5307  7.76465e-14
        5308  7.78078e-14
        5309  7.72123e-14
        5310  7.71400e-14
        5311  7.76052e-14
        5312  7.77650e-14
        5313  7.74806e-14
        5314  7.79533e-14
        5315  7.86796e-14
        5316  7.81824e-14
        5317  7.81803e-14
        5318  7.76844e-14
        5319  7.79714e-14
        5320  7.75188e-14
        5321  7.64259e-14
        5322  7.57910e-14
        5323  7.53846e-14
        5324  7.61746e-14
        5325  7.64526e-14
        5326  7.67218e-14
        5327  7.71450e-14
        5328  7.73784e-14
        5329  7.79251e-14
        5330  7.90411e-14
        5331  7.94012e-14
        5332  8.00353e-14
        5333  8.06228e-14
        5334  8.06070e-14
        5335  7.99451e-14
        5336  7.94668e-14
        5337  7.89306e-14
        5338  7.83913e-14
        5339  7.83207e-14
        5340  7.85022e-14
        5341  7.87080e-14
        5342  7.85548e-14
        5343  7.89644e-14
        5344  7.94433e-14
        5345  7.95257e-14
        5346  7.86681e-14
        5347  7.88325e-14
        5348  7.92190e-14
        5349  7.93229e-14
        5350  7.90015e-14
        5351  7.89740e-14
        5352  7.89250e-14
        5353  7.88791e-14
        5354  7.82333e-14
        5355  7.82850e-14
        5356  7.83080e-14
        5357  7.84018e-14
        5358  7.87067e-14
        5359  7.85741e-14
        5360  7.94305e-14
        5361  7.95933e-14
        5362  8.07225e-14
        5363  8.15072e-14
        5364  8.19723e-14
        5365  8.17519e-14
        5366  8.06750e-14
        5367  8.10241e-14
        5368  8.16423e-14
        5369  8.05925e-14
        5370  8.03016e-14
        5371  8.08879e-14
        5372  8.11206e-14
        5373  8.12638e-14
        5374  8.16492e-14
        5375  8.23296e-14
        5376  8.28251e-14
        5377  8.33944e-14
        5378  8.33935e-14
        5379  8.33091e-14
        5380  8.38562e-14
        5381  8.44962e-14
        5382  8.48069e-14
        5383  8.51397e-14
        5384  8.48759e-14
        5385  8.45437e-14
        5386  8.37018e-14
        5387  8.37394e-14
        5388  8.42881e-14
        5389  8.39686e-14
        5390  8.35616e-14
        5391  8.35903e-14
        5392  8.40174e-14
        5393  8.39460e-14
        5394  8.36492e-14
        5395  8.44751e-14
        5396  8.38098e-14
        5397  8.45354e-14
        5398  8.49382e-14
        5399  8.52853e-14
        5400  8.58242e-14
        5401  8.62869e-14
        5402  8.61446e-14
        5403  8.55450e-14
        5404  8.51234e-14
        5405  8.48966e-14
        5406  8.58943e-14
        5407  8.53398e-14
        5408  8.37862e-14
        5409  8.37718e-14
        5410  8.34648e-14
        5411  8.34848e-14
        5412  8.28239e-14
        5413  8.23444e-14
        5414  8.21400e-14
        5415  8.22404e-14
        5416  8.21713e-14
        5417  8.28680e-14
        5418  8.36026e-14
        5419  8.34280e-14
        5420  8.31167e-14
        5421  8.29919e-14
        5422  8.27916e-14
        5423  8.20958e-14
        5424  8.23999e-14
        5425  8.21823e-14
        5426  8.18724e-14
        5427  8.17515e-14
        5428  8.19357e-14
        5429  8.18530e-14
        5430  8.09891e-14
        5431  8.01948e-14
        5432  8.07307e-14
        5433  8.04158e-14
        5434  8.01903e-14
        5435  7.96847e-14
        5436  7.89789e-14
        5437  7.80148e-14
        5438  7.77962e-14
        5439  7.76161e-14
        5440  7.73566e-14
        5441  7.72327e-14
        5442  7.77091e-14
        5443  7.73796e-14
        5444  7.72350e-14
        5445  7.74759e-14
        5446  7.72014e-14
        5447  7.70779e-14
        5448  7.70553e-14
        5449  7.75249e-14
        5450  7.73263e-14
        5451  7.80489e-14
        5452  7.80137e-14
        5453  7.74111e-14
        5454  7.68078e-14
        5455  7.60987e-14
        5456  7.61565e-14
        5457  7.56903e-14
        5458  7.46392e-14
        5459  7.32316e-14
        5460  7.32694e-14
        5461  7.35894e-14
        5462  7.28753e-14
        5463  7.25249e-14
        5464  7.20353e-14
        5465  7.23934e-14
        5466  7.18780e-14
        5467  7.18366e-14
        5468  7.19713e-14
        5469  7.09725e-14
        5470  7.01877e-14
        5471  7.02840e-14
        5472  6.99046e-14
        5473  6.90628e-14
        5474  6.83717e-14
        5475  6.76291e-14
        5476  6.75840e-14
        5477  6.85185e-14
        5478  6.77227e-14
        5479  6.68754e-14
        5480  6.73003e-14
        5481  6.69965e-14
        5482  6.61532e-14
        5483  6.53851e-14
        5484  6.48876e-14
        5485  6.53349e-14
        5486  6.50789e-14
        5487  6.61108e-14
        5488  6.56115e-14
        5489  6.56459e-14
        5490  6.53181e-14
        5491  6.48863e-14
        5492  6.45115e-14
        5493  6.48513e-14
        5494  6.53279e-14
        5495  6.56851e-14
        5496  6.60182e-14
        5497  6.66689e-14
        5498  6.67300e-14
        5499  6.56783e-14
        5500  6.55128e-14
        5501  6.56799e-14
        5502  6.62903e-14
        5503  6.72471e-14
        5504  6.74482e-14
        5505  6.72074e-14
        5506  6.75459e-14
        5507  6.81245e-14
        5508  6.78283e-14
        5509  6.76270e-14
        5510  6.76039e-14
        5511  6.76572e-14
        5512  6.74108e-14
        5513  6.88185e-14
        5514  6.87959e-14
        5515  6.95084e-14
        5516  7.00185e-14
        5517  7.08502e-14
        5518  7.22398e-14
        5519  7.31120e-14
        5520  7.50736e-14
        5521  7.68668e-14
        5522  7.76658e-14
        5523  7.77146e-14
        5524  7.84569e-14
        5525  7.93244e-14
        5526  7.82839e-14
        5527  7.78766e-14
        5528  7.81410e-14
        5529  7.87206e-14
        5530  7.93470e-14
        5531  7.97519e-14
        5532  8.03348e-14
        5533  8.08677e-14
        5534  8.12714e-14
        5535  8.11727e-14
        5536  8.17403e-14
        5537  8.31058e-14
        5538  8.38149e-14
        5539  8.29624e-14
        5540  8.30669e-14
        5541  8.45833e-14
        5542  8.53890e-14
        5543  8.59350e-14
        5544  8.63178e-14
        5545  8.67831e-14
        5546  8.67376e-14
        5547  8.68602e-14
        5548  8.75577e-14
        5549  8.85085e-14
        5550  8.96398e-14
        5551  9.10706e-14
        5552  9.09451e-14
        5553  9.15157e-14
        5554  9.22413e-14
        5555  9.32785e-14
        5556  9.37962e-14
        5557  9.45094e-14
        5558  9.49204e-14
        5559  9.56749e-14
        5560  9.65817e-14
        5561  9.71279e-14
        5562  9.68404e-14
        5563  9.78490e-14
        5564  9.84430e-14
        5565  9.72892e-14
        5566  9.74849e-14
        5567  9.94424e-14
        5568  1.00772e-13
        5569  1.02029e-13
        5570  1.02783e-13
        5571  1.02492e-13
        5572  1.03123e-13
        5573  1.03362e-13
        5574  1.03245e-13
        5575  1.02569e-13
        5576  1.01562e-13
        5577  1.02736e-13
        5578  1.01244e-13
        5579  1.01370e-13
        5580  1.03247e-13
        5581  1.04161e-13
        5582  1.05453e-13
        5583  1.05768e-13
        5584  1.05565e-13
        5585  1.05638e-13
        5586  1.05692e-13
        5587  1.05510e-13
        5588  1.05861e-13
        5589  1.05380e-13
        5590  1.06683e-13
        5591  1.06470e-13
        5592  1.06270e-13
        5593  1.05745e-13
        5594  1.05069e-13
        5595  1.05428e-13
        5596  1.05171e-13
        5597  1.04638e-13
        5598  1.04868e-13
        5599  1.05805e-13
        5600  1.06232e-13
        5601  1.06369e-13
        5602  1.06882e-13
        5603  1.07560e-13
        5604  1.07355e-13
        5605  1.07804e-13
        5606  1.07786e-13
        5607  1.07731e-13
        5608  1.08551e-13
        5609  1.08560e-13
        5610  1.07834e-13
        5611  1.08135e-13
        5612  1.08832e-13
        5613  1.07935e-13
        5614  1.07126e-13
        5615  1.06700e-13
        5616  1.06240e-13
        5617  1.06508e-13
        5618  1.06654e-13
        5619  1.06254e-13
        5620  1.06127e-13
        5621  1.06065e-13
        5622  1.06592e-13
        5623  1.07766e-13
        5624  1.07407e-13
        5625  1.07649e-13
        5626  1.07813e-13
        5627  1.07816e-13
        5628  1.07920e-13
        5629  1.06440e-13
        5630  1.06100e-13
        5631  1.06264e-13
        5632  1.05712e-13
        5633  1.05796e-13
        5634  1.06660e-13
        5635  1.06767e-13
        5636  1.06344e-13
        5637  1.06845e-13
        5638  1.07992e-13
        5639  1.07224e-13
        5640  1.06556e-13
        5641  1.06377e-13
        5642  1.08402e-13
        5643  1.07248e-13
        5644  1.06271e-13
        5645  1.07268e-13
        5646  1.08174e-13
        5647  1.08692e-13
        5648  1.08505e-13
        5649  1.08390e-13
        5650  1.07135e-13
        5651  1.05891e-13
        5652  1.04789e-13
        5653  1.04484e-13
        5654  1.03766e-13
        5655  1.03789e-13
        5656  1.04516e-13
        5657  1.04730e-13
        5658  1.04714e-13
        5659  1.04993e-13
        5660  1.04771e-13
        5661  1.04042e-13
        5662  1.04517e-13
        5663  1.05123e-13
        5664  1.05644e-13
        5665  1.06608e-13
        5666  1.07728e-13
        5667  1.07961e-13
        5668  1.07957e-13
        5669  1.08331e-13
        5670  1.07365e-13
        5671  1.07262e-13
        5672  1.06817e-13
        5673  1.06813e-13
        5674  1.06861e-13
        5675  1.05930e-13
        5676  1.05850e-13
        5677  1.05624e-13
        5678  1.05165e-13
        5679  1.05231e-13
        5680  1.04975e-13
        5681  1.05468e-13
        5682  1.05022e-13
        5683  1.05859e-13
        5684  1.05731e-13
        5685  1.05663e-13
        5686  1.05080e-13
        5687  1.04680e-13
        5688  1.05830e-13
        5689  1.06737e-13
        5690  1.07544e-13
        5691  1.08023e-13
        5692  1.06528e-13
        5693  1.05480e-13
        5694  1.04833e-13
        5695  1.05252e-13
        5696  1.04751e-13
        5697  1.05327e-13
        5698  1.05616e-13
        5699  1.06227e-13
        5700  1.06722e-13
        5701  1.07161e-13
        5702  1.07308e-13
        5703  1.06714e-13
        5704  1.07247e-13
        5705  1.07359e-13
        5706  1.06751e-13
        5707  1.06226e-13
        5708  1.05431e-13
        5709  1.04525e-13
        5710  1.04229e-13
        5711  1.04264e-13
        5712  1.03536e-13
        5713  1.02615e-13
        5714  1.02917e-13
        5715  1.03296e-13
        5716  1.02672e-13
        5717  1.02172e-13
        5718  1.01436e-13
        5719  1.01467e-13
        5720  1.01381e-13
        5721  1.00543e-13
        5722  9.99182e-14
        5723  9.90167e-14
        5724  9.88236e-14
        5725  9.86770e-14
        5726  9.90274e-14
        5727  9.91985e-14
        5728  1.00144e-13
        5729  1.00245e-13
        5730  9.89745e-14
        5731  9.86021e-14
        5732  9.77583e-14
        5733  9.72855e-14
        5734  9.80326e-14
        5735  9.76058e-14
        5736  9.54938e-14
        5737  9.41882e-14
        5738  9.39236e-14
        5739  9.32401e-14
        5740  9.24952e-14
        5741  9.20602e-14
        5742  9.09229e-14
        5743  8.91640e-14
        5744  8.74579e-14
        5745  8.64935e-14
        5746  8.48782e-14
        5747  8.41302e-14
        5748  8.42678e-14
        5749  8.34227e-14
        5750  8.23680e-14
        5751  8.13099e-14
        5752  8.15355e-14
        5753  8.07810e-14
        5754  7.98997e-14
        5755  7.92448e-14
        5756  7.89771e-14
        5757  7.86318e-14
        5758  7.84431e-14
        5759  7.80547e-14
        5760  7.76814e-14
        5761  7.69194e-14
        5762  7.58923e-14
        5763  7.58161e-14
        5764  7.60686e-14
        5765  7.57095e-14
        5766  7.44795e-14
        5767  7.39009e-14
        5768  7.32197e-14
        5769  7.38352e-14
        5770  7.38274e-14
        5771  7.36315e-14
        5772  7.34300e-14
        5773  7.20845e-14
        5774  7.15924e-14
        5775  7.03080e-14
        5776  6.94544e-14
        5777  6.93363e-14
        5778  6.93161e-14
        5779  6.91621e-14
        5780  6.88408e-14
        5781  6.80111e-14
        5782  6.68187e-14
        5783  6.64711e-14
        5784  6.68266e-14
        5785  6.73344e-14
        5786  6.76934e-14
        5787  6.86311e-14
        5788  7.05000e-14
        5789  7.14619e-14
        5790  7.12089e-14
        5791  7.16219e-14
        5792  7.26990e-14
        5793  7.39297e-14
        5794  7.46949e-14
        5795  7.43674e-14
        5796  7.40497e-14
        5797  7.38827e-14
        5798  7.34079e-14
        5799  7.36547e-14
        5800  7.39965e-14
        5801  7.51319e-14
        5802  7.61318e-14
        5803  7.71267e-14
        5804  7.70643e-14
        5805  7.77754e-14
        5806  7.83129e-14
        5807  7.84618e-14
        5808  7.90354e-14
        5809  7.97803e-14
        5810  8.02834e-14
        5811  8.06024e-14
        5812  8.07524e-14
        5813  8.11236e-14
        5814  8.13860e-14
        5815  8.16456e-14
        5816  8.16087e-14
        5817  8.19703e-14
        5818  8.21129e-14
        5819  8.22921e-14
        5820  8.26455e-14
        5821  8.31779e-14
        5822  8.36870e-14
        5823  8.44954e-14
        5824  8.49157e-14
        5825  8.61225e-14
        5826  8.73142e-14
        5827  8.80012e-14
        5828  8.88008e-14
        5829  8.94832e-14
        5830  8.95198e-14
        5831  8.95429e-14
        5832  8.99995e-14
        5833  9.19609e-14
        5834  9.23034e-14
        5835  9.23321e-14
        5836  9.39122e-14
        5837  9.44437e-14
        5838  9.33460e-14
        5839  9.33042e-14
        5840  9.34766e-14
        5841  9.41600e-14
        5842  9.49129e-14
        5843  9.48532e-14
        5844  9.49926e-14
        5845  9.60588e-14
        5846  9.61762e-14
        5847  9.63565e-14
        5848  9.64772e-14
        5849  9.65135e-14
        5850  9.61908e-14
        5851  9.57130e-14
        5852  9.58090e-14
        5853  9.77565e-14
        5854  9.85601e-14
        5855  9.92401e-14
        5856  9.92698e-14
        5857  9.92030e-14
        5858  9.95437e-14
        5859  9.89484e-14
        5860  9.99465e-14
        5861  1.01045e-13
        5862  1.01944e-13
        5863  1.03684e-13
        5864  1.05883e-13
        5865  1.06469e-13
        5866  1.06628e-13
        5867  1.06004e-13
        5868  1.06169e-13
        5869  1.06172e-13
        5870  1.06600e-13
        5871  1.07328e-13
        5872  1.08288e-13
        5873  1.07684e-13
        5874  1.08133e-13
        5875  1.07948e-13
        5876  1.08212e-13
        5877  1.09130e-13
        5878  1.09878e-13
        5879  1.10039e-13
        5880  1.11302e-13
        5881  1.10428e-13
        5882  1.07865e-13
        5883  1.06016e-13
        5884  1.03424e-13
        5885  1.03388e-13
        5886  1.03324e-13
        5887  1.02971e-13
        5888  1.01176e-13
        5889  9.99626e-14
        5890  9.76651e-14
        5891  9.58593e-14
        5892  9.20948e-14
        5893  9.01422e-14
        5894  8.84659e-14
        5895  8.60427e-14
        5896  8.52437e-14
        5897  8.39006e-14
        5898  8.38010e-14
        5899  8.53294e-14
        5900  8.57144e-14
        5901  8.66533e-14
        5902  8.88332e-14
        5903  9.24860e-14
        5904  9.49117e-14
        5905  9.85880e-14
        5906  1.02653e-13
        5907  1.05686e-13
        5908  1.09857e-13
        5909  1.12201e-13
        5910  1.15091e-13
        5911  1.16773e-13
        5912  1.18154e-13
        5913  1.19535e-13
        5914  1.19589e-13
        5915  1.18992e-13
        5916  1.18364e-13
        5917  1.17166e-13
        5918  1.16484e-13
        5919  1.16663e-13
        5920  1.15986e-13
        5921  1.15860e-13
        5922  1.15862e-13
        5923  1.16676e-13
        5924  1.17481e-13
        5925  1.19262e-13
        5926  1.19616e-13
        5927  1.19205e-13
        5928  1.20498e-13
        5929  1.20622e-13
        5930  1.18952e-13
        5931  1.18483e-13
        5932  1.18213e-13
        5933  1.18382e-13
        5934  1.19741e-13
        5935  1.20687e-13
        5936  1.20987e-13
        5937  1.20439e-13
        5938  1.19657e-13
        5939  1.19749e-13
        5940  1.18797e-13
        5941  1.19498e-13
        5942  1.20134e-13
        5943  1.21354e-13
        5944  1.22557e-13
        5945  1.22748e-13
        5946  1.22133e-13
        5947  1.21191e-13
        5948  1.20757e-13
        5949  1.19507e-13
        5950  1.19309e-13
        5951  1.19747e-13
        5952  1.19307e-13
        5953  1.18261e-13
        5954  1.20184e-13
        5955  1.21158e-13
        5956  1.22914e-13
        5957  1.23878e-13
        5958  1.23573e-13
        5959  1.22434e-13
        5960  1.20680e-13
        5961  1.20131e-13
        5962  1.19378e-13
        5963  1.18564e-13
        5964  1.18750e-13
        5965  1.19988e-13
        5966  1.19745e-13
        5967  1.18032e-13
        5968  1.17225e-13
        5969  1.16503e-13
        5970  1.16973e-13
        5971  1.17789e-13
        5972  1.18790e-13
        5973  1.18871e-13
        5974  1.18145e-13
        5975  1.17487e-13
        5976  1.18186e-13
        5977  1.18872e-13
        5978  1.16929e-13
        5979  1.16341e-13
        5980  1.16151e-13
        5981  1.16045e-13
        5982  1.16364e-13
        5983  1.16917e-13
        5984  1.18020e-13
        5985  1.18116e-13
        5986  1.17541e-13
        5987  1.16908e-13
        5988  1.17155e-13
        5989  1.17455e-13
        5990  1.17586e-13
        5991  1.16515e-13
        5992  1.15544e-13
        5993  1.14535e-13
        5994  1.13890e-13
        5995  1.11342e-13
        5996  1.10959e-13
        5997  1.11493e-13
        5998  1.11613e-13
        5999  1.12932e-13
        6000  1.13679e-13
        6001  1.13783e-13
        6002  1.14314e-13
        6003  1.13735e-13
        6004  1.12435e-13
        6005  1.12969e-13
        6006  1.13575e-13
        6007  1.13213e-13
        6008  1.12376e-13
        6009  1.11766e-13
        6010  1.11736e-13
        6011  1.09967e-13
        6012  1.09522e-13
        6013  1.09021e-13
        6014  1.08948e-13
        6015  1.09255e-13
        6016  1.09054e-13
        6017  1.07454e-13
        6018  1.06721e-13
        6019  1.06320e-13
        6020  1.05203e-13
        6021  1.04971e-13
        6022  1.05070e-13
        6023  1.04968e-13
        6024  1.05460e-13
        6025  1.05421e-13
        6026  1.04810e-13
        6027  1.05226e-13
        6028  1.04130e-13
        6029  1.02709e-13
        6030  1.01038e-13
        6031  9.99842e-14
        6032  9.93541e-14
        6033  9.80583e-14
        6034  9.74752e-14
        6035  9.72703e-14
        6036  9.71504e-14
        6037  9.58546e-14
        6038  9.51209e-14
        6039  9.44825e-14
        6040  9.31043e-14
        6041  9.11940e-14
        6042  9.14470e-14
        6043  9.10151e-14
        6044  9.05523e-14
        6045  9.02314e-14
        6046  8.81161e-14
        6047  8.63586e-14
        6048  8.45399e-14
        6049  8.44536e-14
        6050  8.51444e-14
        6051  8.40641e-14
        6052  8.18745e-14
        6053  8.08685e-14
        6054  8.01689e-14
        6055  7.84964e-14
        6056  7.81350e-14
        6057  7.83013e-14
        6058  7.84322e-14
        6059  7.87659e-14
        6060  7.87285e-14
        6061  7.84567e-14
        6062  7.73028e-14
        6063  7.61751e-14
        6064  7.46652e-14
        6065  7.44176e-14
        6066  7.28909e-14
        6067  7.13928e-14
        6068  7.14807e-14
        6069  7.12244e-14
        6070  7.03606e-14
        6071  6.98477e-14
        6072  6.83190e-14
        6073  6.79921e-14
        6074  6.63008e-14
        6075  6.57858e-14
        6076  6.57515e-14
        6077  6.41753e-14
        6078  6.34835e-14
        6079  6.23600e-14
        6080  6.24241e-14
        6081  6.23151e-14
        6082  6.22439e-14
        6083  6.01552e-14
        6084  6.02564e-14
        6085  6.00661e-14
        6086  5.96370e-14
        6087  5.95383e-14
        6088  5.80779e-14
        6089  5.77041e-14
        6090  5.80041e-14
        6091  5.74160e-14
        6092  5.59136e-14
        6093  5.55615e-14
        6094  5.49807e-14
        6095  5.45541e-14
        6096  5.35949e-14
        6097  5.28878e-14
        6098  5.26748e-14
        6099  5.21739e-14
        6100  5.17767e-14
        6101  5.12847e-14
        6102  5.03870e-14
        6103  4.93275e-14
        6104  4.93690e-14
        6105  4.88057e-14
        6106  4.85606e-14
        6107  4.86292e-14
        6108  4.87940e-14
        6109  4.91647e-14
        6110  4.85439e-14
        6111  4.80504e-14
        6112  4.68271e-14
        6113  4.60032e-14
        6114  4.57164e-14
        6115  4.64456e-14
        6116  4.62873e-14
        6117  4.55603e-14
        6118  4.53497e-14
        6119  4.43772e-14
        6120  4.43852e-14
        6121  4.38721e-14
        6122  4.38011e-14
        6123  4.36763e-14
        6124  4.37371e-14
        6125  4.28293e-14
        6126  4.21969e-14
        6127  4.22851e-14
        6128  4.19320e-14
        6129  4.17764e-14
        6130  4.10658e-14
        6131  4.05869e-14
        6132  4.09823e-14
        6133  4.10502e-14
        6134  4.14827e-14
        6135  4.18271e-14
        6136  4.18849e-14
        6137  4.22659e-14
        6138  4.24885e-14
        6139  4.16221e-14
        6140  4.13408e-14
        6141  4.19319e-14
        6142  4.20319e-14
        6143  4.15315e-14
        6144  4.13988e-14
        6145  4.08489e-14
        6146  4.10357e-14
        6147  4.13040e-14
        6148  4.26811e-14
        6149  4.27644e-14
        6150  4.25154e-14
        6151  4.28506e-14
        6152  4.31710e-14
        6153  4.34849e-14
        6154  4.35675e-14
        6155  4.34359e-14
        6156  4.40086e-14
        6157  4.40258e-14
        6158  4.38111e-14
        6159  4.40586e-14
        6160  4.49136e-14
        6161  4.41991e-14
        6162  4.42208e-14
        6163  4.48426e-14
        6164  4.55040e-14
        6165  4.70555e-14
        6166  4.76664e-14
        6167  4.85082e-14
        6168  4.80081e-14
        6169  4.79221e-14
        6170  4.82526e-14
        6171  4.81478e-14
        6172  4.82172e-14
        6173  4.84668e-14
        6174  4.95213e-14
        6175  4.98408e-14
        6176  5.10081e-14
        6177  5.11959e-14
        6178  5.08357e-14
        6179  5.19636e-14
        6180  5.24826e-14
        6181  5.27728e-14
        6182  5.32959e-14
        6183  5.49065e-14
        6184  5.46918e-14
        6185  5.51242e-14
        6186  5.53054e-14
        6187  5.59448e-14
        6188  5.78719e-14
        6189  5.93722e-14
        6190  5.94413e-14
        6191  6.00998e-14
        6192  6.07574e-14
        6193  6.04409e-14
        6194  6.02882e-14
        6195  6.13470e-14
        6196  6.20534e-14
        6197  6.22252e-14
        6198  6.28368e-14
        6199  6.48003e-14
        6200  6.51554e-14
        6201  6.47716e-14
        6202  6.49983e-14
        6203  6.48320e-14
        6204  6.51214e-14
        6205  6.64592e-14
        6206  6.71682e-14
        6207  6.79977e-14
        6208  6.87504e-14
        6209  6.98835e-14
        6210  7.05182e-14
        6211  7.09007e-14
        6212  7.19672e-14
        6213  7.23233e-14
        6214  7.27379e-14
        6215  7.36352e-14
        6216  7.55156e-14
        6217  7.64855e-14
        6218  7.74683e-14
        6219  7.82454e-14
        6220  7.85339e-14
        6221  7.87594e-14
        6222  7.89211e-14
        6223  8.00035e-14
        6224  8.02729e-14
        6225  8.04819e-14
        6226  8.10510e-14
        6227  8.15205e-14
        6228  8.29695e-14
        6229  8.34543e-14
        6230  8.37091e-14
        6231  8.41129e-14
        6232  8.40885e-14
        6233  8.44846e-14
        6234  8.56008e-14
        6235  8.67733e-14
        6236  8.84099e-14
        6237  8.92431e-14
        6238  9.01320e-14
        6239  9.11488e-14
        6240  9.24025e-14
        6241  9.35615e-14
        6242  9.38969e-14
        6243  9.48622e-14
        6244  9.54382e-14
        6245  9.56815e-14
        6246  9.57693e-14
        6247  9.56090e-14
        6248  9.60968e-14
        6249  9.66576e-14
        6250  9.81442e-14
        6251  9.85401e-14
        6252  9.98342e-14
        6253  1.01949e-13
        6254  1.03688e-13
        6255  1.04353e-13
        6256  1.04831e-13
        6257  1.05644e-13
        6258  1.06545e-13
        6259  1.07422e-13
        6260  1.07705e-13
        6261  1.07753e-13
        6262  1.08958e-13
        6263  1.08886e-13
        6264  1.09522e-13
        6265  1.10497e-13
        6266  1.10808e-13
        6267  1.10780e-13
        6268  1.10771e-13
        6269  1.10212e-13
        6270  1.10645e-13
        6271  1.11508e-13
        6272  1.12033e-13
        6273  1.11557e-13
        6274  1.12397e-13
        6275  1.12387e-13
        6276  1.11463e-13
        6277  1.09755e-13
        6278  1.10225e-13
        6279  1.10809e-13
        6280  1.10108e-13
        6281  1.10108e-13
        6282  1.11018e-13
        6283  1.12246e-13
        6284  1.13070e-13
        6285  1.13244e-13
        6286  1.12804e-13
        6287  1.13307e-13
        6288  1.14834e-13
        6289  1.16126e-13
        6290  1.17110e-13
        6291  1.15964e-13
        6292  1.15066e-13
        6293  1.15082e-13
        6294  1.15762e-13
        6295  1.18024e-13
        6296  1.19437e-13
        6297  1.19991e-13
        6298  1.22441e-13
        6299  1.23733e-13
        6300  1.25437e-13
        6301  1.27410e-13
        6302  1.27542e-13
        6303  1.28397e-13
        6304  1.29859e-13
        6305  1.30844e-13
        6306  1.30945e-13
        6307  1.31569e-13
        6308  1.31900e-13
        6309  1.29626e-13
        6310  1.28903e-13
        6311  1.27775e-13
        6312  1.27412e-13
        6313  1.29379e-13
        6314  1.30009e-13
        6315  1.29705e-13
        6316  1.30785e-13
        6317  1.32443e-13
        6318  1.33979e-13
        6319  1.33769e-13
        6320  1.33574e-13
        6321  1.32823e-13
        6322  1.32331e-13
        6323  1.31373e-13
        6324  1.31800e-13
        6325  1.33793e-13
        6326  1.35759e-13
        6327  1.37762e-13
        6328  1.39566e-13
        6329  1.40478e-13
        6330  1.40399e-13
        6331  1.40072e-13
        6332  1.38747e-13
        6333  1.37072e-13
        6334  1.39589e-13
        6335  1.40562e-13
        6336  1.41382e-13
        6337  1.43008e-13
        6338  1.43120e-13
        6339  1.42808e-13
        6340  1.41531e-13
        6341  1.40594e-13
        6342  1.40681e-13
        6343  1.40458e-13
        6344  1.39987e-13
        6345  1.39725e-13
        6346  1.38954e-13
        6347  1.40191e-13
        6348  1.39251e-13
        6349  1.37315e-13
        6350  1.38313e-13
        6351  1.40764e-13
        6352  1.40417e-13
        6353  1.40680e-13
        6354  1.40182e-13
        6355  1.39651e-13
        6356  1.38924e-13
        6357  1.37956e-13
        6358  1.38879e-13
        6359  1.38165e-13
        6360  1.38871e-13
        6361  1.39038e-13
        6362  1.39204e-13
        6363  1.38775e-13
        6364  1.38374e-13
        6365  1.37313e-13
        6366  1.39427e-13
        6367  1.39276e-13
        6368  1.40167e-13
        6369  1.41132e-13
        6370  1.39959e-13
        6371  1.41077e-13
        6372  1.41148e-13
        6373  1.40664e-13
        6374  1.39554e-13
        6375  1.40123e-13
        6376  1.40154e-13
        6377  1.39603e-13
        6378  1.39088e-13
        6379  1.40249e-13
        6380  1.41539e-13
        6381  1.41872e-13
        6382  1.42477e-13
        6383  1.41767e-13
        6384  1.40438e-13
        6385  1.40446e-13
        6386  1.40823e-13
        6387  1.40536e-13
        6388  1.39953e-13
        6389  1.39793e-13
        6390  1.39720e-13
        6391  1.39460e-13
        6392  1.41083e-13
        6393  1.39195e-13
        6394  1.39641e-13
        6395  1.41128e-13
        6396  1.41583e-13
        6397  1.42898e-13
        6398  1.43024e-13
        6399  1.43805e-13
        6400  1.43338e-13
        6401  1.43503e-13
        6402  1.43106e-13
        6403  1.42912e-13
        6404  1.42490e-13
        6405  1.42453e-13
        6406  1.41996e-13
        6407  1.43985e-13
        6408  1.43977e-13
        6409  1.43044e-13
        6410  1.42238e-13
        6411  1.42388e-13
        6412  1.41581e-13
        6413  1.41199e-13
        6414  1.40998e-13
        6415  1.40623e-13
        6416  1.37859e-13
        6417  1.36930e-13
        6418  1.38200e-13
        6419  1.39328e-13
        6420  1.40352e-13
        6421  1.41360e-13
        6422  1.40211e-13
        6423  1.40273e-13
        6424  1.39093e-13
        6425  1.37936e-13
        6426  1.37171e-13
        6427  1.36166e-13
        6428  1.36597e-13
        6429  1.37374e-13
        6430  1.36605e-13
        6431  1.37275e-13
        6432  1.38741e-13
        6433  1.39151e-13
        6434  1.39163e-13
        6435  1.37469e-13
        6436  1.36619e-13
        6437  1.37224e-13
        6438  1.37476e-13
        6439  1.37499e-13
        6440  1.37054e-13
        6441  1.36619e-13
        6442  1.36369e-13
        6443  1.35088e-13
        6444  1.34430e-13
        6445  1.35168e-13
        6446  1.35536e-13
        6447  1.36162e-13
        6448  1.34350e-13
        6449  1.33880e-13
        6450  1.32387e-13
        6451  1.31890e-13
        6452  1.31780e-13
        6453  1.31618e-13
        6454  1.31755e-13
        6455  1.30509e-13
        6456  1.29774e-13
        6457  1.30530e-13
        6458  1.29529e-13
        6459  1.29614e-13
        6460  1.29762e-13
        6461  1.29998e-13
        6462  1.30509e-13
        6463  1.29453e-13
        6464  1.28792e-13
        6465  1.28309e-13
        6466  1.27719e-13
        6467  1.27368e-13
        6468  1.26959e-13
        6469  1.25969e-13
        6470  1.26242e-13
        6471  1.24745e-13
        6472  1.25002e-13
        6473  1.25753e-13
        6474  1.25464e-13
        6475  1.25665e-13
        6476  1.25697e-13
        6477  1.25621e-13
        6478  1.26306e-13
        6479  1.26722e-13
        6480  1.26235e-13
        6481  1.25831e-13
        6482  1.24898e-13
        6483  1.24807e-13
        6484  1.23789e-13
        6485  1.22469e-13
        6486  1.21840e-13
        6487  1.21563e-13
        6488  1.21775e-13
        6489  1.21340e-13
        6490  1.21815e-13
        6491  1.23045e-13
        6492  1.22202e-13
        6493  1.20110e-13
        6494  1.20871e-13
        6495  1.21235e-13
        6496  1.21575e-13
        6497  1.21880e-13
        6498  1.21182e-13
        6499  1.20605e-13
        6500  1.20609e-13
        6501  1.20713e-13
        6502  1.21027e-13
        6503  1.21075e-13
        6504  1.20993e-13
        6505  1.21003e-13
        6506  1.20131e-13
        6507  1.20135e-13
        6508  1.20422e-13
        6509  1.19684e-13
        6510  1.17296e-13
        6511  1.18587e-13
        6512  1.18983e-13
        6513  1.20175e-13
        6514  1.19508e-13
        6515  1.16447e-13
        6516  1.14899e-13
        6517  1.15077e-13
        6518  1.15427e-13
        6519  1.16117e-13
        6520  1.15719e-13
        6521  1.16257e-13
        6522  1.16675e-13
        6523  1.16724e-13
        6524  1.16946e-13
        6525  1.16642e-13
        6526  1.16021e-13
        6527  1.16342e-13
        6528  1.17831e-13
        6529  1.18693e-13
        6530  1.18656e-13
        6531  1.17727e-13
        6532  1.16704e-13
        6533  1.14756e-13
        6534  1.10841e-13
        6535  1.09616e-13
        6536  1.11708e-13
        6537  1.13549e-13
        6538  1.13744e-13
        6539  1.12530e-13
        6540  1.11931e-13
        6541  1.13169e-13
        6542  1.13277e-13
        6543  1.12751e-13
        6544  1.12443e-13
        6545  1.11349e-13
        6546  1.10546e-13
        6547  1.10383e-13
        6548  1.10814e-13
        6549  1.10442e-13
        6550  1.10085e-13
        6551  1.10310e-13
        6552  1.09191e-13
        6553  1.10319e-13
        6554  1.11212e-13
        6555  1.11880e-13
        6556  1.12280e-13
        6557  1.13445e-13
        6558  1.11701e-13
        6559  1.11188e-13
        6560  1.10866e-13
        6561  1.09756e-13
        6562  1.10288e-13
        6563  1.11231e-13
        6564  1.12107e-13
        6565  1.12959e-13
        6566  1.13672e-13
        6567  1.13829e-13
        6568  1.13169e-13
        6569  1.12433e-13
        6570  1.11817e-13
        6571  1.10356e-13
        6572  1.10488e-13
        6573  1.11101e-13
        6574  1.10169e-13
        6575  1.09907e-13
        6576  1.11030e-13
        6577  1.11400e-13
        6578  1.11242e-13
        6579  1.11546e-13
        6580  1.10706e-13
        6581  1.10884e-13
        6582  1.10826e-13
        6583  1.11876e-13
        6584  1.11474e-13
        6585  1.10784e-13
        6586  1.10772e-13
        6587  1.10447e-13
        6588  1.09981e-13
        6589  1.10678e-13
        6590  1.10811e-13
        6591  1.09844e-13
        6592  1.09518e-13
        6593  1.10609e-13
        6594  1.09667e-13
        6595  1.08331e-13
        6596  1.08249e-13
        6597  1.07120e-13
        6598  1.05461e-13
        6599  1.06200e-13
        6600  1.06506e-13
        6601  1.06907e-13
        6602  1.06958e-13
        6603  1.07982e-13
        6604  1.09980e-13
        6605  1.10458e-13
        6606  1.09114e-13
        6607  1.06696e-13
        6608  1.06421e-13
        6609  1.06632e-13
        6610  1.07039e-13
        6611  1.08554e-13
        6612  1.08175e-13
        6613  1.08713e-13
        6614  1.07936e-13
        6615  1.05498e-13
        6616  1.05428e-13
        6617  1.05709e-13
        6618  1.04372e-13
        6619  1.03106e-13
        6620  1.01851e-13
        6621  1.01335e-13
        6622  1.00911e-13
        6623  1.01336e-13
        6624  1.01202e-13
        6625  1.01500e-13
        6626  1.02230e-13
        6627  1.02962e-13
        6628  1.03008e-13
        6629  1.03277e-13
        6630  1.03328e-13
        6631  1.03144e-13
        6632  1.04336e-13
        6633  1.03851e-13
        6634  1.03917e-13
        6635  1.05555e-13
        6636  1.06012e-13
        6637  1.05503e-13
        6638  1.05430e-13
        6639  1.05636e-13
        6640  1.05082e-13
        6641  1.04934e-13
        6642  1.04803e-13
        6643  1.02987e-13
        6644  1.02652e-13
        6645  1.01860e-13
        6646  1.01578e-13
        6647  1.01266e-13
        6648  1.01103e-13
        6649  1.00992e-13
        6650  1.00598e-13
        6651  1.00416e-13
        6652  1.00455e-13
        6653  1.00260e-13
        6654  9.92129e-14
        6655  9.97308e-14
        6656  1.01285e-13
        6657  1.00561e-13
        6658  9.85261e-14
        6659  9.78331e-14
        6660  9.83432e-14
        6661  9.73844e-14
        6662  9.68851e-14
        6663  9.63658e-14
        6664  9.54216e-14
        6665  9.52012e-14
        6666  9.61616e-14
        6667  9.64655e-14
        6668  9.63893e-14
        6669  9.71561e-14
        6670  9.74098e-14
        6671  9.77948e-14
        6672  9.93145e-14
        6673  9.93114e-14
        6674  9.92554e-14
        6675  9.90986e-14
        6676  9.85212e-14
        6677  9.89023e-14
        6678  9.94011e-14
        6679  9.86176e-14
        6680  9.77470e-14
        6681  9.75146e-14
        6682  9.86342e-14
        6683  1.00111e-13
        6684  1.00576e-13
        6685  9.90895e-14
        6686  9.77537e-14
        6687  9.72756e-14
        6688  9.67516e-14
        6689  9.67985e-14
        6690  9.72560e-14
        6691  9.76360e-14
        6692  9.78606e-14
        6693  9.68554e-14
        6694  9.59697e-14
        6695  9.67720e-14
        6696  9.76651e-14
        6697  9.78651e-14
        6698  9.87408e-14
        6699  9.83545e-14
        6700  9.67473e-14
        6701  9.67139e-14
        6702  9.67018e-14
        6703  9.71480e-14
        6704  9.70290e-14
        6705  9.63596e-14
        6706  9.56927e-14
        6707  9.53415e-14
        6708  9.58829e-14
        6709  9.48871e-14
        6710  9.52549e-14
        6711  9.51846e-14
        6712  9.45884e-14
        6713  9.52475e-14
        6714  9.56216e-14
        6715  9.60719e-14
        6716  9.64424e-14
        6717  9.57433e-14
        6718  9.53303e-14
        6719  9.71114e-14
        6720  9.82313e-14
        6721  9.78339e-14
        6722  9.83709e-14
        6723  9.84020e-14
        6724  9.74552e-14
        6725  9.70690e-14
        6726  9.67353e-14
        6727  9.72172e-14
        6728  9.82764e-14
        6729  9.75659e-14
        6730  9.63550e-14
        6731  9.69915e-14
        6732  9.67289e-14
        6733  9.63757e-14
        6734  9.70922e-14
        6735  9.75163e-14
        6736  9.76963e-14
        6737  9.67939e-14
        6738  9.48777e-14
        6739  9.46895e-14
        6740  9.43910e-14
        6741  9.51669e-14
        6742  9.59669e-14
        6743  9.70637e-14
        6744  9.79913e-14
        6745  9.63266e-14
        6746  9.49401e-14
        6747  9.47526e-14
        6748  9.56982e-14
        6749  9.59805e-14
        6750  9.47829e-14
        6751  9.47419e-14
        6752  9.55002e-14
        6753  9.51128e-14
        6754  9.55173e-14
        6755  9.68772e-14
        6756  9.57726e-14
        6757  9.52755e-14
        6758  9.52459e-14
        6759  9.44584e-14
        6760  9.28769e-14
        6761  9.23414e-14
        6762  9.07670e-14
        6763  9.03668e-14
        6764  9.01105e-14
        6765  9.00439e-14
        6766  9.03285e-14
        6767  9.11101e-14
        6768  8.98263e-14
        6769  9.03026e-14
        6770  8.98050e-14
        6771  8.85857e-14
        6772  8.78871e-14
        6773  8.72564e-14
        6774  8.67378e-14
        6775  8.60056e-14
        6776  8.50324e-14
        6777  8.64424e-14
        6778  8.60911e-14
        6779  8.57285e-14
        6780  8.58744e-14
        6781  8.60776e-14
        6782  8.59945e-14
        6783  8.56282e-14
        6784  8.44094e-14
        6785  8.49066e-14
        6786  8.56012e-14
        6787  8.48970e-14
        6788  8.49986e-14
        6789  8.49017e-14
        6790  8.38559e-14
        6791  8.31009e-14
        6792  8.25899e-14
        6793  8.30967e-14
        6794  8.37766e-14
        6795  8.31720e-14
        6796  8.24244e-14
        6797  8.30460e-14
        6798  8.36204e-14
        6799  8.28705e-14
        6800  8.27951e-14
        6801  8.28481e-14
        6802  8.26058e-14
        6803  8.09608e-14
        6804  8.01932e-14
        6805  7.96745e-14
        6806  8.01053e-14
        6807  8.01369e-14
        6808  7.93729e-14
        6809  7.86174e-14
        6810  7.77217e-14
        6811  7.81552e-14
        6812  7.83819e-14
        6813  7.71987e-14
        6814  7.72210e-14
        6815  7.74398e-14
        6816  7.75070e-14
        6817  7.73316e-14
        6818  7.82979e-14
        6819  7.85763e-14
        6820  7.78767e-14
        6821  7.81577e-14
        6822  7.86762e-14
        6823  7.69886e-14
        6824  7.70034e-14
        6825  7.73533e-14
        6826  7.77644e-14
        6827  7.80827e-14
        6828  7.90010e-14
        6829  7.84752e-14
        6830  7.74697e-14
        6831  7.78855e-14
        6832  7.76852e-14
        6833  7.75518e-14
        6834  7.74140e-14
        6835  7.83510e-14
        6836  7.85935e-14
        6837  7.82250e-14
        6838  7.84305e-14
        6839  7.91331e-14
        6840  7.86627e-14
        6841  7.74601e-14
        6842  7.67164e-14
        6843  7.79642e-14
        6844  7.80978e-14
        6845  7.62005e-14
        6846  7.69095e-14
        6847  7.68563e-14
        6848  7.68527e-14
        6849  7.76931e-14
        6850  7.84219e-14
        6851  7.83015e-14
        6852  7.82350e-14
        6853  7.78627e-14
        6854  7.81691e-14
        6855  7.87997e-14
        6856  7.89591e-14
        6857  7.85822e-14
        6858  7.86661e-14
        6859  7.92785e-14
        6860  7.94138e-14
        6861  7.70439e-14
        6862  7.55812e-14
        6863  7.49208e-14
        6864  7.39166e-14
        6865  7.27615e-14
        6866  6.87336e-14
        6867  6.71369e-14
        6868  6.39377e-14
        6869  6.40658e-14
        6870  6.43082e-14
        6871  6.21409e-14
        6872  6.14521e-14
        6873  6.14851e-14
        6874  6.30684e-14
        6875  6.33252e-14
        6876  6.43828e-14
        6877  6.59290e-14
        6878  6.79629e-14
        6879  6.89761e-14
        6880  6.87987e-14
        6881  7.04319e-14
        6882  7.05889e-14
        6883  7.10859e-14
        6884  7.12711e-14
        6885  7.12307e-14
        6886  7.14130e-14
        6887  7.10196e-14
        6888  7.09373e-14
        6889  6.97655e-14
        6890  6.99891e-14
        6891  7.08043e-14
        6892  7.06779e-14
        6893  7.09887e-14
        6894  7.13116e-14
        6895  7.07975e-14
        6896  7.03471e-14
        6897  7.15558e-14
        6898  7.18825e-14
        6899  7.31622e-14
        6900  7.34033e-14
        6901  7.39573e-14
        6902  7.49050e-14
        6903  7.51148e-14
        6904  7.41799e-14
        6905  7.37028e-14
        6906  7.37636e-14
        6907  7.36260e-14
        6908  7.38516e-14
        6909  7.43306e-14
        6910  7.47332e-14
        6911  7.46058e-14
        6912  7.31639e-14
        6913  7.45281e-14
        6914  7.53852e-14
        6915  7.59644e-14
        6916  7.69710e-14
        6917  7.77934e-14
        6918  7.76766e-14
        6919  7.83571e-14
        6920  7.77259e-14
        6921  7.75046e-14
        6922  7.75559e-14
        6923  7.68657e-14
        6924  7.71108e-14
        6925  7.79348e-14
        6926  7.88962e-14
        6927  7.97215e-14
        6928  7.92049e-14
        6929  7.95879e-14
        6930  7.99370e-14
        6931  7.86551e-14
        6932  7.81601e-14
        6933  7.99301e-14
        6934  8.06785e-14
        6935  8.06935e-14
        6936  7.96025e-14
        6937  7.98343e-14
        6938  8.12076e-14
        6939  8.04777e-14
        6940  8.05555e-14
        6941  8.13616e-14
        6942  8.08822e-14
        6943  7.99949e-14
        6944  8.04999e-14
        6945  8.13166e-14
        6946  8.16425e-14
        6947  8.09552e-14
        6948  8.07871e-14
        6949  8.16223e-14
        6950  8.20190e-14
        6951  8.24318e-14
        6952  8.13881e-14
        6953  8.11254e-14
        6954  8.10980e-14
        6955  8.06249e-14
        6956  8.09117e-14
        6957  8.18461e-14
        6958  8.25348e-14
        6959  8.34094e-14
        6960  8.17970e-14
        6961  8.14224e-14
        6962  8.24074e-14
        6963  8.29449e-14
        6964  8.32480e-14
        6965  8.27093e-14
        6966  8.38691e-14
        6967  8.54312e-14
        6968  8.63932e-14
        6969  8.60704e-14
        6970  8.50928e-14
        6971  8.45637e-14
        6972  8.45539e-14
        6973  8.43700e-14
        6974  8.42628e-14
        6975  8.41884e-14
        6976  8.66844e-14
        6977  8.70772e-14
        6978  8.62894e-14
        6979  8.59882e-14
        6980  8.62583e-14
        6981  8.64326e-14
        6982  8.57476e-14
        6983  8.50341e-14
        6984  8.38798e-14
        6985  8.44221e-14
        6986  8.54045e-14
        6987  8.52446e-14
        6988  8.51603e-14
        6989  8.49004e-14
        6990  8.54336e-14
        6991  8.59775e-14
        6992  8.55716e-14
        6993  8.65959e-14
        6994  8.78289e-14
        6995  8.70262e-14
        6996  8.69319e-14
        6997  8.73279e-14
        6998  8.77761e-14
        6999  8.81870e-14
        7000  8.86717e-14
        7001  8.85654e-14
        7002  8.84559e-14
        7003  8.81668e-14
        7004  8.82792e-14
        7005  8.85316e-14
        7006  8.67331e-14
        7007  8.64790e-14
        7008  8.83722e-14
        7009  8.76987e-14
        7010  8.72287e-14
        7011  8.78667e-14
        7012  8.72430e-14
        7013  8.63126e-14
        7014  8.80006e-14
        7015  8.89242e-14
        7016  9.03397e-14
        7017  9.05890e-14
        7018  9.09194e-14
        7019  9.19623e-14
        7020  9.23143e-14
        7021  9.26600e-14
        7022  9.08127e-14
        7023  9.03295e-14
        7024  8.95571e-14
        7025  8.94528e-14
        7026  9.01202e-14
        7027  9.15915e-14
        7028  9.15737e-14
        7029  9.19211e-14
        7030  9.29593e-14
        7031  9.32917e-14
        7032  9.35612e-14
        7033  9.17579e-14
        7034  9.22442e-14
        7035  9.29476e-14
        7036  9.10307e-14
        7037  9.06284e-14
        7038  8.98902e-14
        7039  9.01412e-14
        7040  9.06215e-14
        7041  9.09164e-14
        7042  9.18721e-14
        7043  9.25281e-14
        7044  9.04621e-14
        7045  9.05608e-14
        7046  9.06432e-14
        7047  9.15796e-14
        7048  9.19476e-14
        7049  9.24092e-14
        7050  9.30216e-14
        7051  9.31235e-14
        7052  9.30809e-14
        7053  9.23089e-14
        7054  9.30923e-14
        7055  9.76110e-14
        7056  9.53312e-14
        7057  9.41040e-14
        7058  9.30260e-14
        7059  9.32792e-14
        7060  9.36574e-14
        7061  9.65063e-14
        7062  9.67214e-14
        7063  9.60995e-14
        7064  9.46101e-14
        7065  9.49562e-14
        7066  9.58658e-14
        7067  9.68583e-14
        7068  9.65815e-14
        7069  9.58264e-14
        7070  9.57927e-14
        7071  9.52099e-14
        7072  9.49503e-14
        7073  9.56196e-14
        7074  9.62364e-14
        7075  9.28710e-14
        7076  9.11880e-14
        7077  9.01815e-14
        7078  9.25754e-14
        7079  9.24702e-14
        7080  9.16008e-14
        7081  8.97274e-14
        7082  9.15297e-14
        7083  9.61713e-14
        7084  9.22623e-14
        7085  9.17710e-14
        7086  9.34963e-14
        7087  9.40770e-14
        7088  9.45098e-14
        7089  9.16663e-14
        7090  9.22646e-14
        7091  9.21085e-14
        7092  9.22307e-14
        7093  9.40561e-14
        7094  9.38474e-14
