# #JD, Flux, Err, Zp
2.458801030694399960e+06 8.812307520354840662e+00 7.116941401187010285e+01 2.606990000000000052e+01
2.458802044236150105e+06 3.913743078934984965e+01 6.927157963719497502e+01 2.466445000000000221e+01
2.458829067962999921e+06 -2.755171022993269858e+01 5.367525781167459797e+01 2.623089999999999833e+01
2.458833979699099902e+06 2.385075574486139871e+01 9.211232484768129325e+01 2.624099999999999966e+01
2.458839046550900210e+06 -9.818354530096719657e+00 7.821319829282219871e+01 2.476439999999999841e+01
2.458850984062499832e+06 -4.036706087700289913e+01 4.408751661605300143e+01 2.624020000000000152e+01
2.458874005983800162e+06 -6.265035381591290253e+00 3.477844070446799662e+01 2.626529999999999987e+01
2.458877045208299998e+06 -1.784153990641799936e+01 3.006993340979769869e+01 2.627289999999999992e+01
2.458880026192099787e+06 -2.873623669102429901e+01 5.754869261266389913e+01 2.623710000000000164e+01
2.458884020150499884e+06 -1.198946731758660178e+01 3.963408746464256183e+01 2.622449999999999903e+01
2.458884997199099977e+06 -6.084919701044770335e+01 6.362708926637329654e+01 2.625580000000000069e+01
2.458886030104199890e+06 -4.529445093982739934e+01 3.897791764386680313e+01 2.625550000000000139e+01
2.458887037748849951e+06 6.357122505466350049e+00 3.368525087825442199e+01 2.627369999999999806e+01
2.458887984155099839e+06 9.386865964855199707e+01 5.490630997006900316e+01 2.629360000000000142e+01
2.458888961828699801e+06 -1.294795719423350135e+02 1.073408976095250011e+02 2.626719999999999899e+01
2.458894963217600249e+06 -2.583292948796909982e+01 2.556110780374526570e+01 2.626725000000000065e+01
2.458895935023100115e+06 -1.073792214505990046e+02 3.308792810475279822e+01 2.625570000000000093e+01
2.458898858055599965e+06 -9.732123580094800275e+00 2.795854871860129975e+01 2.624549999999999983e+01
2.458899940104200039e+06 7.855163757657440016e+00 3.384841732202249887e+01 2.626190000000000069e+01
2.458901881973399781e+06 -3.586059580832075255e+01 2.462391028144955030e+01 2.622094999999999843e+01
2.458904973738400266e+06 -2.218342266854364908e+01 2.990471506210932873e+01 2.622319999999999851e+01
2.458906941365700215e+06 2.074612931974530117e+00 3.673817198423520125e+01 2.620619999999999905e+01
2.458908952158549801e+06 1.151125699346675191e+00 2.206958657367076881e+01 2.626104999999999734e+01
2.458911950439800043e+06 -7.103656821207604111e+00 3.312997953587428412e+01 2.620615000000000094e+01
2.458913943935200106e+06 2.283850071967109940e+01 3.652429625322920259e+01 2.607789999999999964e+01
2.458914878084500320e+06 -6.370029516893898958e+00 3.244770061315814047e+01 2.616720000000000113e+01
2.458915901840299834e+06 -1.261896909913510001e+02 6.611519481719899716e+01 2.613009999999999877e+01
2.458936900219900068e+06 -5.142413765086040200e+01 2.428464150429590518e+01 2.621355000000000146e+01
2.458939872436299920e+06 -2.812147067524449540e+00 3.634191650479408509e+01 2.568840000000000146e+01
2.458940736134249717e+06 2.991665308614091146e+01 4.447464917679451446e+01 2.449060000000000059e+01
2.458941873668999877e+06 5.971060839989159774e+01 3.827021017331009745e+01 2.623499999999999943e+01
2.458944840567099862e+06 5.651910105372199666e+01 7.688839935247220581e+01 2.624769999999999825e+01
2.458954755347200204e+06 -1.396657169300980073e+01 2.813689721294840140e+01 2.622830000000000084e+01
2.458955760601850227e+06 -2.730306327202035277e+01 2.258119982178946472e+01 2.622334999999999994e+01
2.458956798275500070e+06 -3.621636391549730050e+00 3.504288954280470136e+01 2.612010000000000076e+01
2.458962779386600014e+06 -3.394266008833770343e+01 2.241387844130938944e+01 2.622180000000000177e+01
2.458964752881899942e+06 -5.498681543868959665e+01 3.107099419103279914e+01 2.624390000000000001e+01
2.458965788044000044e+06 -1.126427849202219811e+01 1.902752788294142050e+01 2.627430000000000021e+01
2.458966707870400045e+06 -1.904786694446439999e+00 3.706745295860760336e+01 2.503340000000000032e+01
2.458967669814799912e+06 1.758912855930070052e+01 3.409434148603420311e+01 2.622180000000000177e+01
2.458968703194399830e+06 -5.620801714357895662e+01 2.191593672679862692e+01 2.628170000000000073e+01
2.458969796689799987e+06 6.609203929641630282e+01 5.958480884958859747e+01 2.470309999999999917e+01
2.458970691435200162e+06 -1.155485971949189938e+01 4.563808735947159789e+01 2.624859999999999971e+01
2.458971711064849980e+06 4.604236319735139915e+01 3.597125074714156057e+01 2.628159999999999741e+01
2.458975702557899989e+06 1.310224318323810076e+04 1.056138401872780008e+02 2.628470000000000084e+01
2.458978748350650072e+06 5.142313356549035234e+04 8.961671829410457235e+01 2.629119999999999990e+01
2.458981749589149840e+06 5.294619023632349854e+04 8.879638508950856135e+01 2.626839999999999975e+01
2.458986755555599928e+06 5.211829151964210178e+04 1.240858277596060049e+02 2.625840000000000174e+01
2.458987797627300024e+06 5.088565080831199884e+04 1.218136663760959948e+02 2.627400000000000091e+01
2.458991727661999874e+06 5.293570856659240235e+04 1.251362317469770034e+02 2.626160000000000139e+01
2.458992733807849698e+06 5.113386887102645414e+04 8.608578868939153494e+01 2.624365000000000236e+01
2.458995720445599873e+06 5.076817808023805264e+04 8.670033123086142268e+01 2.626165000000000305e+01
2.458996755243100226e+06 4.881635143461739790e+04 1.197628956717520055e+02 2.621900000000000119e+01
2.458998725161999930e+06 5.232557022921420139e+04 1.267610759562829941e+02 2.624970000000000070e+01
2.458999786157399882e+06 4.340525627937520039e+04 1.452588358430579945e+02 2.621709999999999852e+01
2.459017735254600178e+06 4.383214418526469672e+04 1.146640761400250028e+02 2.625369999999999848e+01
2.459020736388899852e+06 4.009099119910260197e+04 1.093696033912620038e+02 2.618939999999999912e+01
2.459033676169000100e+06 3.169857211003989869e+04 1.274959650628649968e+02 2.626689999999999969e+01
2.459158035133149941e+06 2.372334110293094909e+03 6.103052223268331744e+01 2.615610000000000213e+01
2.459164034421300050e+06 2.579041312829649996e+03 4.249951099732409432e+01 2.623770000000000024e+01
2.459166036701399833e+06 2.492181965568865053e+03 3.772860780279137316e+01 2.623349999999999937e+01
2.459168036608800292e+06 2.355822639979190171e+03 4.304993672457815279e+01 2.625390000000000157e+01
2.459176002129599918e+06 2.107376412722119881e+02 5.024276252590880176e+01 2.390569999999999951e+01
2.459177061585600022e+06 2.052745375888609942e+03 8.449450400336340294e+01 2.626490000000000080e+01
2.459181061342599802e+06 1.961163875013279949e+03 9.380560657373850120e+01 2.629670000000000130e+01
2.459185006689799950e+06 1.816181880364290009e+03 7.244512172324870392e+01 2.627580000000000027e+01
2.459189010717600118e+06 1.795597843226460100e+03 5.816311589713860286e+01 2.630249999999999844e+01
2.459195016099500004e+06 1.478702105060039912e+03 4.111986587847179919e+01 2.622190000000000154e+01
2.459198984710600227e+06 1.421825730782370101e+03 6.004209267042350007e+01 2.627070000000000149e+01
2.459201025486099999e+06 7.692402785906150484e+02 4.370198568445869824e+01 2.555150000000000077e+01
2.459203999108800199e+06 1.196810569176629997e+03 5.343383851851940136e+01 2.628490000000000038e+01
2.459205005671299994e+06 1.426699596820920078e+03 3.888871185443169765e+01 2.629729999999999990e+01
2.459217015092600137e+06 1.005743825525010038e+03 8.071030137495239387e+01 2.614099999999999824e+01
2.459221943807899952e+06 1.066924363496540082e+03 5.413481120046719752e+01 2.623849999999999838e+01
2.459223967986099888e+06 9.463619716250780129e+02 5.207340251961719702e+01 2.629400000000000048e+01
2.459226003935200162e+06 3.161421351906799941e+02 8.266557285255260012e+01 2.525609999999999999e+01
2.459227878969899844e+06 8.401333781053559733e+02 4.233153518835789697e+01 2.610539999999999949e+01
2.459229933379599825e+06 8.701004833098379549e+02 6.391280375170089911e+01 2.627039999999999864e+01
2.459231982580999844e+06 9.390442494621960350e+02 3.625548105164740065e+01 2.631830000000000069e+01
2.459249912939799950e+06 6.089395791723070488e+02 5.912371047206860197e+01 2.628839999999999932e+01
2.459251961863399949e+06 6.287937792041830107e+02 3.465993060126500325e+01 2.630790000000000006e+01
2.459253987025499810e+06 6.269793704222920496e+02 3.609508987648440126e+01 2.631090000000000018e+01
2.459255916030100081e+06 5.718971231000109583e+02 2.974349739918060109e+01 2.632720000000000127e+01
2.459262861145799980e+06 4.779601911155619973e+02 3.824294365116080030e+01 2.627400000000000091e+01
2.459264873391199857e+06 5.840722137958770190e+02 3.495381585296919980e+01 2.634969999999999857e+01
2.459266860185199883e+06 4.003172879977529988e+02 6.784170600875999924e+01 2.629990000000000094e+01
2.459268851585600059e+06 4.626975502183639719e+02 4.758511076472750290e+01 2.630870000000000175e+01
2.459270854849500116e+06 3.749029673631130208e+02 7.925358342726940464e+01 2.630310000000000059e+01
2.459272941898100078e+06 4.908962551006119952e+02 1.165613939551400051e+02 2.628640000000000043e+01
2.459275882806750014e+06 4.636157900831615279e+02 5.454218961757944584e+01 2.632460000000000022e+01
2.459278924536999781e+06 4.296992077944240123e+02 4.403534555774930226e+01 2.630150000000000077e+01
2.459281787835599855e+06 3.391812209465570049e+02 3.691979774920439894e+01 2.623770000000000024e+01
2.459291850416699890e+06 3.103753921596110104e+02 2.963010195226859977e+01 2.632460000000000022e+01
2.459293753831000067e+06 2.503061599803060062e+02 3.861419385922639691e+01 2.629789999999999850e+01
2.459296857743099798e+06 2.856030434558949764e+02 5.611930807446489666e+01 2.623410000000000153e+01
2.459298878506899811e+06 2.515286913120280019e+02 7.123541067859649445e+01 2.616900000000000048e+01
2.459307753958300222e+06 2.423315475851939880e+02 3.304641545013799941e+01 2.628650000000000020e+01
2.459309777326399926e+06 2.401805857409549958e+02 3.578623180678179949e+01 2.630249999999999844e+01
2.459311812268500216e+06 2.050296181884199882e+02 3.177962086198199998e+01 2.628729999999999833e+01
2.459313798414399847e+06 1.387762542351509865e+02 3.677305714636400324e+01 2.586120000000000019e+01
2.459317830833300017e+06 2.038804108360120040e+02 3.408116191916860060e+01 2.625769999999999982e+01
2.459321798449099995e+06 1.886237603100410070e+02 2.540498604608670163e+01 2.627230000000000132e+01
2.459323816041700076e+06 1.605619711798300102e+02 3.387223737764099951e+01 2.627560000000000073e+01
2.459325777638900094e+06 2.222181725287080098e+02 4.099826305869559917e+01 2.629100000000000037e+01
2.459334772916700225e+06 1.422386128049280103e+02 4.534764150805129646e+01 2.626679999999999993e+01
2.459336810544000007e+06 1.403768037460189930e+02 3.524476468092510117e+01 2.622350000000000136e+01
2.459338754826399963e+06 9.302705844864640028e+01 3.217421943987950073e+01 2.626300000000000168e+01
2.459342775069400202e+06 9.115724050703519765e+01 3.195225035420410009e+01 2.623320000000000007e+01
2.459344746249999851e+06 1.508152318866160044e+02 3.003364540077669886e+01 2.624340000000000117e+01
2.459349676122699864e+06 9.415914100597140646e+01 2.862715042029660140e+01 2.626940000000000097e+01
2.459352738182900008e+06 1.143098729538589993e+02 5.363864068068259883e+01 2.618769999999999953e+01
2.459354711342600174e+06 4.158890055504709693e+01 4.920858017737150192e+01 2.627189999999999870e+01
2.459358810069399886e+06 1.185430628697969979e+02 1.016787499661329974e+02 2.617129999999999868e+01
2.459361713958300184e+06 1.129141951266600046e+02 5.084086231636960207e+01 2.632720000000000127e+01
2.459363706724499818e+06 1.161277432709519957e+02 3.316836028597069941e+01 2.631119999999999948e+01
2.459367692199099809e+06 9.105083778571450637e+01 3.416156073354120082e+01 2.618860000000000099e+01
2.459369707222199999e+06 3.925737095028460288e+01 2.907443951809629823e+01 2.625080000000000169e+01
2.459373711168999784e+06 5.866289131465170215e+01 3.626613016478820128e+01 2.625110000000000099e+01
2.459377711030100007e+06 8.007427068108920309e+01 3.160574717487750007e+01 2.629540000000000077e+01
2.459379712870399933e+06 3.973163572996040216e+01 3.267381126990380125e+01 2.626470000000000127e+01
2.459385737442099955e+06 1.564483994665810087e+02 7.922537745452869729e+01 2.618680000000000163e+01
