# #JD, Flux, Err, Zp
2.458805015520799905e+06 -9.694833671667089448e+01 8.524357126313779531e+01 2.594069999999999965e+01
2.458829046469899826e+06 -4.235067890634520182e+01 8.614632670228660061e+01 2.626500000000000057e+01
2.458838998599499930e+06 1.174946870944870057e+02 5.327018405347330088e+01 2.551899999999999835e+01
2.458851041597200092e+06 -8.037597590223890620e+01 3.723184494098639874e+01 2.624139999999999873e+01
2.458854002847199794e+06 -4.744800934866960063e+01 2.744406933552509997e+01 2.625230000000000175e+01
2.458857040277800057e+06 -5.561250634244649937e+00 2.751964095392339971e+01 2.625929999999999964e+01
2.458861960405100137e+06 -1.247999339715940010e+02 1.133403887113630049e+02 2.625949999999999918e+01
2.458873899826399982e+06 -2.563601879334339984e+01 2.691726674522449869e+01 2.599690000000000012e+01
2.458877006180599798e+06 -6.611658613340399882e+01 2.869590419374269885e+01 2.626300000000000168e+01
2.458880960034700111e+06 -6.219643844702900282e+01 3.219939343731059722e+01 2.624419999999999931e+01
2.458881960567099974e+06 -2.438460882546999997e+01 2.837400126054609828e+01 2.626170000000000115e+01
2.458884941400500014e+06 -7.089575528282060191e+01 6.050465015374020084e+01 2.628640000000000043e+01
2.458885942546300124e+06 -1.076287353174659955e+02 7.026207198784349828e+01 2.628569999999999851e+01
2.458886960202550050e+06 1.174216711488639930e+01 4.259655909984196853e+01 2.628674999999999784e+01
2.458888795162000228e+06 -1.604035134808690088e+02 1.332022713830089913e+02 2.613149999999999906e+01
2.458894873981500044e+06 -8.268694134329740564e+01 3.838042304708559982e+01 2.624769999999999825e+01
2.458895882719899993e+06 -5.593026192083320325e+01 2.930598498568490129e+01 2.623629999999999995e+01
2.458898897065999918e+06 -3.779331656186965205e+01 1.723169645995454857e+01 2.627045000000000030e+01
2.458899896932899952e+06 -4.598446737588609778e+00 2.765801231775990132e+01 2.623229999999999862e+01
2.458900857164400164e+06 -8.531855406031599642e+00 2.745566372424950075e+01 2.623079999999999856e+01
2.458905794085599948e+06 6.587483093332029860e+00 4.098328931087470295e+01 2.614059999999999917e+01
2.458906853171300143e+06 -4.105908727147880199e+01 3.230162203145790301e+01 2.620730000000000004e+01
2.458908836869199760e+06 -8.870184603736955609e+00 2.157351362354929591e+01 2.620649999999999835e+01
2.458909776030099951e+06 8.228526253884160369e+00 6.567625446693089941e+01 2.617439999999999856e+01
2.458911898043999914e+06 -3.167920077439779902e+01 2.587073710713835695e+01 2.620854999999999890e+01
2.458912773900500033e+06 -3.261517069433160287e+01 4.781354377066239891e+01 2.615869999999999962e+01
2.458913832245400175e+06 5.116779838268720404e+00 3.909039941538080143e+01 2.618019999999999925e+01
2.458914922453700099e+06 -3.135663874655291750e+01 3.564379951934955670e+01 2.616819999999999879e+01
2.458915942592599895e+06 1.392680146338780034e+01 7.218021422301630707e+01 2.608269999999999911e+01
2.458936812916699797e+06 -4.530162828384450080e+01 2.440956413784880041e+01 2.621930000000000049e+01
2.458939813425899949e+06 -5.409972525861660131e+01 3.240943382401729878e+01 2.557939999999999969e+01
2.458940858460649848e+06 5.898120430896829802e+00 2.779676701730849331e+01 2.380380000000000251e+01
2.458941767222200055e+06 1.873030879351360056e+01 4.372806792093030026e+01 2.623310000000000031e+01
2.458944747661999892e+06 -5.446403496558170332e+01 9.798152527966129810e+01 2.624340000000000117e+01
2.458955797644699924e+06 -7.041171449014210282e+01 2.049636646890927238e+01 2.622850000000000037e+01
2.458956746400500182e+06 -2.393114787709669855e+01 2.300574441052389929e+01 2.625349999999999895e+01
2.458962731134249829e+06 -1.685141535809235336e+01 1.798577567976959557e+01 2.620374999999999943e+01
2.458963723148100078e+06 7.633617293376239843e+00 2.511953704666959908e+01 2.622119999999999962e+01
2.458964689189800061e+06 -2.718885516633930166e+01 2.453906644664209935e+01 2.614610000000000056e+01
2.458965730931700207e+06 -1.316826599697840017e+01 1.727433744668939397e+01 2.624090000000000344e+01
2.458966753506899811e+06 -1.120436707999060033e+01 2.803893062744489839e+01 2.499279999999999902e+01
2.458967750653900206e+06 -3.166626608849224755e+00 2.111935366669681358e+01 2.621229999999999905e+01
2.458968772841449827e+06 -4.603389741739499996e+00 2.113396298405958618e+01 2.625605000000000189e+01
2.458969733124999795e+06 -4.407551320512799720e+01 3.189909415985739827e+01 2.601000000000000156e+01
2.458971774658550043e+06 5.479907207092509935e+01 3.823817283565637837e+01 2.628134999999999977e+01
2.458975750196800102e+06 2.252300614239080096e+04 1.261019668140030063e+02 2.628559999999999874e+01
2.458978692517349962e+06 5.185160335185989970e+04 8.865685591923129039e+01 2.625164999999999793e+01
2.458979752164400183e+06 4.816805098310959875e+04 1.222125383193330066e+02 2.617289999999999850e+01
2.458980689548599999e+06 5.125917205479439872e+04 1.199112712313490050e+02 2.623819999999999908e+01
2.458981699745350052e+06 5.110936510661274951e+04 8.559901975824205067e+01 2.624125000000000085e+01
2.458986691284749657e+06 4.679459453297464643e+04 8.174284445051797832e+01 2.625000000000000000e+01
2.458987731585599948e+06 4.599348903776639781e+04 1.143375251207049956e+02 2.628859999999999886e+01
2.458991670127300080e+06 4.380040022622270044e+04 1.117657970612609972e+02 2.623949999999999960e+01
2.458992692748850212e+06 4.103467294098294951e+04 7.697105932471122003e+01 2.624324999999999974e+01
2.458993749004600104e+06 3.738656895274179988e+04 1.052395699326820022e+02 2.617849999999999966e+01
2.458994721574100200e+06 3.897338505451250239e+04 1.060380938802820054e+02 2.622030000000000172e+01
2.458995701006949879e+06 3.795878782721619791e+04 7.412245692143834219e+01 2.623949999999999960e+01
2.458997686319400091e+06 3.540626984929769969e+04 1.023772755995759951e+02 2.625969999999999871e+01
2.458998693188650068e+06 3.478398818894034775e+04 7.294480789044496305e+01 2.625515000000000043e+01
2.458999727997700218e+06 9.780794817678770414e+03 9.492170586273300614e+01 2.499680000000000035e+01
2.459005686759300064e+06 2.858837843709340086e+04 1.145766495037660064e+02 2.620510000000000161e+01
2.459009731481499970e+06 2.521917256868099867e+04 1.038499930048260040e+02 2.625199999999999889e+01
2.459014699872700032e+06 2.595952630508489892e+04 8.910579773870719578e+01 2.628519999999999968e+01
2.459020697789399885e+06 2.177757199606799986e+04 8.147681114300260674e+01 2.619389999999999930e+01
2.459023714409700129e+06 1.995448615535660065e+04 7.931809978530020544e+01 2.616460000000000008e+01
2.459033697928200010e+06 1.329330682924500070e+04 1.033140490405859993e+02 2.620769999999999911e+01
2.459037712129599880e+06 7.711405401334999624e+03 1.343128026731239970e+02 2.611510000000000176e+01
2.459177016423599795e+06 7.210885535668529656e+02 4.092418677542850247e+01 2.611599999999999966e+01
2.459181003506899811e+06 5.454875260081499846e+02 8.314188375339540471e+01 2.619960000000000022e+01
2.459187042592599988e+06 7.898021375329190050e+02 1.237921385697549965e+02 2.627779999999999916e+01
2.459189041979200207e+06 9.074276325236529601e+02 5.979687591328119822e+01 2.630640000000000001e+01
2.459195049050900154e+06 7.264756286217019579e+02 3.717083261550170192e+01 2.630720000000000169e+01
2.459199025879600085e+06 7.314902398465540045e+02 3.908632498543840228e+01 2.628610000000000113e+01
2.459200948437499814e+06 2.495454899913889903e+02 3.647938980973309953e+01 2.496460000000000079e+01
2.459204040520799812e+06 6.697870420012079649e+02 4.343349046556870263e+01 2.627959999999999852e+01
2.459204966411999892e+06 7.319274939395460251e+02 3.211672587910079812e+01 2.624500000000000099e+01
2.459217035694399849e+06 4.941980733940559958e+02 7.828875445528089472e+01 2.614209999999999923e+01
2.459221973402800038e+06 4.885301911618660142e+02 5.142459188854139995e+01 2.591639999999999944e+01
2.459223899687500205e+06 5.434674784141800501e+02 4.839283567178659951e+01 2.618939999999999912e+01
2.459225965023099910e+06 5.148749331193789658e+02 3.976683580035339816e+01 2.618280000000000030e+01
2.459227962256900035e+06 5.379657258585040154e+02 3.246881122584640167e+01 2.621430000000000149e+01
2.459231958692099899e+06 5.436851571308360462e+02 2.926824815163899984e+01 2.633210000000000051e+01
2.459249936388900038e+06 3.744178947815149741e+02 7.066202035472929310e+01 2.627220000000000155e+01
2.459253879039399792e+06 2.599510391694410032e+02 2.738468372981699872e+01 2.596569999999999823e+01
2.459257879050900228e+06 2.777024131508459845e+02 3.812652203704610088e+01 2.584700000000000131e+01
2.459262916840299964e+06 1.950346429887250110e+02 3.495937890062990050e+01 2.552169999999999916e+01
2.459268936041700188e+06 3.535202265036249969e+02 4.499081903158369755e+01 2.633459999999999823e+01
2.459270900381899904e+06 2.409019693224410048e+02 7.240348060965949628e+01 2.631060000000000088e+01
2.459272906678199768e+06 4.305854462753030134e+02 1.269622049771430028e+02 2.630849999999999866e+01
2.459275943836850114e+06 4.142385949615164691e+02 6.366126264501201604e+01 2.633480000000000132e+01
2.459278816666699946e+06 2.906019618678129746e+02 3.417803787939570270e+01 2.628030000000000044e+01
2.459291789120399859e+06 1.777039521795159942e+02 3.081263711282559825e+01 2.625949999999999918e+01
2.459293794838000089e+06 2.175022052246110036e+02 3.555128831555479962e+01 2.630160000000000053e+01
2.459298833750000224e+06 1.644638789623039941e+02 6.725742755115609839e+01 2.609250000000000114e+01
2.459303858900499996e+06 2.786342247810080153e+02 1.021637358816410028e+02 2.630099999999999838e+01
2.459305777129599825e+06 1.284463349914609864e+02 5.874256045549459770e+01 2.542289999999999850e+01
2.459307797233799938e+06 1.441341251593599964e+02 3.400009362653420197e+01 2.644760000000000133e+01
2.459309809155100025e+06 1.872182950307530120e+02 3.351591054951010307e+01 2.626490000000000080e+01
2.459311733506899793e+06 6.198114264323550060e+01 2.738762964810679890e+01 2.607359999999999900e+01
2.459313755648099817e+06 1.410680741338950099e+02 2.715832870719750147e+01 2.618779999999999930e+01
2.459315776342600118e+06 5.263454073914950015e+01 3.007585607388159943e+01 2.458119999999999905e+01
2.459321770937500056e+06 1.007732220297340007e+02 2.490320579585599958e+01 2.625120000000000076e+01
2.459323778368100058e+06 1.579264280055290044e+02 3.735467012889599658e+01 2.624370000000000047e+01
2.459325825185200199e+06 1.563852873660459863e+02 5.057579849284059748e+01 2.625390000000000157e+01
2.459338812152800150e+06 7.098134171003130177e+01 3.547368878972349648e+01 2.618929999999999936e+01
2.459340728634300176e+06 1.015617368172840003e+02 2.648413602766279951e+01 2.623760000000000048e+01
2.459344754455999937e+06 1.082856973406960037e+02 2.141164041669319928e+01 2.623529999999999873e+01
2.459347678182899952e+06 9.468797863479780119e+01 2.350955846482990097e+01 2.622980000000000089e+01
2.459349710161999799e+06 6.650640968855439894e+01 2.958629113041849834e+01 2.620169999999999888e+01
2.459352708541700151e+06 2.550102012300609999e+01 4.711216740954869664e+01 2.620120000000000005e+01
2.459354679027799983e+06 1.387860439327029951e+02 5.913171339832680218e+01 2.626930000000000121e+01
2.459358753796299919e+06 -2.431703612617889831e+01 1.026284532178329982e+02 2.620429999999999993e+01
2.459361754166699946e+06 4.617796506815940205e+01 6.731813952299700077e+01 2.630140000000000100e+01
2.459363711608800106e+06 8.442223091308970595e+01 3.114617230322100028e+01 2.628500000000000014e+01
2.459365690937499981e+06 7.406954768229910258e+01 3.142645575520180046e+01 2.625199999999999889e+01
2.459369729618099984e+06 -1.111606959818699991e+01 3.291748705302840250e+01 2.618949999999999889e+01
2.459371691481499933e+06 4.893323248075780185e+01 2.992043049858499870e+01 2.625019999999999953e+01
2.459373757152799983e+06 4.806980429264090304e+01 3.488546348893900273e+01 2.613729999999999976e+01
2.459375687523100059e+06 1.252923937595950008e+02 3.843607439067900344e+01 2.625730000000000075e+01
2.459377686678200029e+06 1.179023992560039957e+01 3.001122466521080057e+01 2.628419999999999845e+01
2.459379708032399882e+06 5.692746925352680165e+01 2.860352875832489872e+01 2.626119999999999877e+01
2.459381779583299998e+06 1.468408354170439978e+01 5.225943309735610143e+01 2.443329999999999913e+01
