5157.169568 -5.644603e-17 1.883137e-17
5159.001407 -4.560099e-18 1.775489e-17
5160.833246 8.538204e-18 1.812655e-17
5162.665085 3.838543e-17 1.818962e-17
5164.496924 1.899725e-17 1.786943e-17
5166.328763 2.436231e-17 1.744224e-17
5168.160602 4.083765e-17 1.900107e-17
5169.992441 -7.390080e-17 1.916597e-17
5171.824280 -3.170004e-17 1.833064e-17
5173.656119 4.343724e-17 1.859992e-17
5175.487958 5.114719e-17 1.809723e-17
5177.319797 2.170910e-17 1.904425e-17
5179.151636 -7.790391e-17 1.918869e-17
5180.983474 -5.686479e-17 1.888020e-17
5182.815313 3.253874e-17 1.818373e-17
5184.647152 -3.978144e-17 1.899848e-17
5186.478991 3.656119e-18 1.895084e-17
5188.310830 -4.434763e-17 1.948758e-17
5190.142669 -5.476101e-17 1.924597e-17
5191.974508 -1.156891e-17 2.021556e-17
5193.806347 4.751632e-18 2.009375e-17
5195.638186 -5.417080e-17 1.967996e-17
5197.470025 -1.019324e-17 1.902867e-17
5199.301864 9.374425e-18 1.880846e-17
5201.133703 6.528052e-17 1.894717e-17
5202.965542 8.071029e-17 1.888439e-17
5204.797380 6.291844e-17 1.895491e-17
5206.629219 3.420019e-17 1.929305e-17
5208.461058 1.257983e-17 1.968784e-17
5210.292897 3.852399e-18 2.228030e-17
5212.124736 -3.958403e-17 2.207343e-17
5213.956575 -1.461982e-17 2.218512e-17
5215.788414 -1.468006e-17 1.194823e-16
5217.620253 1.113672e-17 9.791487e-17
5219.452092 1.091582e-17 9.933387e-17
5221.283931 -1.250161e-16 9.797659e-17
5223.115770 -2.193729e-16 1.005494e-16
5224.947609 -1.608838e-16 1.001886e-16
5226.779448 -2.003050e-16 9.988492e-17
5228.611287 -1.831892e-16 9.901362e-17
5230.443125 -7.041195e-17 1.000372e-16
5232.274964 -1.191474e-16 1.029414e-16
5234.106803 -3.177931e-17 1.018809e-16
5235.938642 1.137782e-16 1.012283e-16
5237.770481 7.411322e-17 1.089513e-16
5239.602320 1.373158e-16 1.036934e-16
5241.434159 7.702666e-17 1.043597e-16
5243.265998 -2.902113e-17 1.081181e-16
5245.097837 -7.387088e-17 1.081361e-16
5246.929676 1.576275e-16 1.056645e-16
5248.761515 -2.120156e-17 1.114143e-16
5250.593354 -1.716866e-16 1.119531e-16
5252.425193 -2.042777e-16 1.119478e-16
5254.257031 -2.051222e-16 1.141039e-16
5256.088870 -8.680842e-17 1.147974e-16
5257.920709 -2.657729e-17 1.171814e-16
5259.752548 1.297113e-16 1.174032e-16
5261.584387 -1.029312e-16 1.220594e-16
5263.416226 -1.277036e-16 1.220971e-16
5265.248065 -1.380663e-16 1.223956e-16
5267.079904 -1.861260e-16 1.255524e-16
5268.911743 -1.357618e-16 1.248185e-16
5270.743582 -1.889244e-16 1.271570e-16
5272.575421 -2.833116e-16 1.320371e-16
5274.407260 -7.212872e-17 1.323725e-16
5276.239099 -1.849887e-16 1.443898e-16
5278.070938 -3.325618e-16 1.533543e-16
5279.902776 -1.430329e-16 1.523335e-16
5281.734615 -9.031103e-17 1.568110e-16
5283.566454 -6.967697e-17 1.620589e-16
5285.398293 -3.777449e-16 1.707383e-16
5287.230132 -4.522779e-16 1.800671e-16
5289.061971 -2.946744e-16 1.774780e-16
5290.893810 -4.557521e-16 1.835961e-16
5292.725649 9.690129e-17 1.866712e-16
5294.557488 -1.922970e-16 1.858483e-16
5296.389327 -1.851500e-16 1.881495e-16
5298.221166 -2.205981e-16 1.974928e-16
5300.053005 -1.646025e-16 2.034909e-16
5301.884844 -1.385244e-16 2.103432e-16
5303.716682 -2.709123e-17 2.144431e-16
5305.548521 -8.251050e-17 2.205407e-16
5307.380360 -3.207690e-16 2.364251e-16
5309.212199 -7.388303e-17 2.520403e-16
5311.044038 -5.378221e-16 2.708569e-16
5312.875877 -5.391276e-16 2.837849e-16
5314.707716 -5.791017e-16 2.975021e-16
5316.539555 -3.606682e-16 3.029385e-16
5318.371394 -1.455286e-15 3.220083e-16
5320.203233 -2.514894e-16 3.279831e-16
5322.035072 -4.850874e-16 3.446440e-16
5323.866911 -7.333781e-16 3.565578e-16
5325.698750 -2.557948e-18 3.831369e-16
5327.530589 -1.236126e-15 4.270560e-16
5329.362427 -2.653991e-15 4.810096e-16
5331.194266 -5.865346e-16 5.234166e-16
5333.026105 -1.348973e-15 5.908865e-16
5334.857944 -1.849651e-15 6.875137e-16
5336.689783 -2.138179e-15 8.357993e-16
5338.521622 -1.764684e-15 1.013094e-15
5340.353461 2.000051e-16 1.280353e-15
5342.185300 -3.617480e-15 1.948499e-15
5344.017139 -1.052874e-15 3.970198e-15
5345.848978 -1.679280e-12 6.557704e-15
5347.680817 1.435240e-14 5.209832e-15
5349.512656 2.252321e-15 2.040054e-15
5351.344495 -3.603771e-16 1.299602e-15
5353.176333 2.143621e-15 9.557112e-16
5355.008172 4.675902e-16 7.472431e-16
5356.840011 8.054304e-16 6.212689e-16
5358.671850 4.391618e-17 5.339317e-16
5360.503689 -6.623470e-17 4.587524e-16
5362.335528 -1.683821e-16 4.027414e-16
5364.167367 5.727138e-16 3.592568e-16
5365.999206 3.203819e-16 3.951769e-16
5367.831045 6.328411e-16 3.613028e-16
5369.662884 5.482202e-16 3.333164e-16
5371.494723 -2.886230e-17 2.938921e-16
5373.326562 6.965889e-18 2.690785e-16
5375.158401 3.309872e-16 2.511096e-16
5376.990240 5.225443e-16 2.333760e-16
5378.822078 4.247466e-16 2.221405e-16
5380.653917 1.587939e-16 2.177903e-16
5382.485756 3.282334e-16 2.220823e-16
5384.317595 3.119801e-16 2.238283e-16
5386.149434 2.107400e-16 2.445741e-16
5387.981273 4.263177e-16 2.185908e-16
5389.813112 3.488790e-16 1.977253e-16
5391.644951 4.767197e-16 1.788717e-16
5393.476790 2.138203e-16 1.664805e-16
5395.308629 3.231096e-16 1.595708e-16
5397.140468 2.373572e-16 1.519536e-16
5398.972307 5.392563e-16 1.482398e-16
5400.804146 2.757442e-16 1.392034e-16
5402.635984 1.158180e-16 1.329175e-16
5404.467823 2.278703e-16 1.288086e-16
5406.299662 3.172168e-16 1.238517e-16
5408.131501 3.457871e-16 1.203358e-16
5409.963340 3.817691e-16 1.148777e-16
5411.795179 1.618326e-16 1.116737e-16
5413.627018 1.620531e-16 1.054836e-16
5415.458857 2.715456e-16 1.036055e-16
5417.290696 1.491598e-16 9.939284e-17
5419.122535 1.177925e-16 9.536315e-17
5420.954374 1.587472e-16 9.299984e-17
5422.786213 3.044762e-16 8.946121e-17
5424.618052 2.858815e-16 8.719303e-17
5426.449891 1.332100e-16 8.173937e-17
5428.281729 1.947249e-16 7.976647e-17
5430.113568 1.583682e-16 7.646871e-17
5431.945407 5.085259e-17 7.347189e-17
5433.777246 6.590889e-17 7.087204e-17
5435.609085 1.925606e-16 6.992097e-17
5437.440924 1.759438e-16 6.927556e-17
5439.272763 9.930044e-17 6.633342e-17
5441.104602 7.368614e-17 6.517221e-17
5442.936441 1.418585e-16 6.401604e-17
5444.768280 1.602397e-16 6.180256e-17
5446.600119 9.369750e-17 5.749368e-17
5448.431958 1.600387e-16 5.593267e-17
5450.263797 1.868886e-16 5.378686e-17
5452.095635 1.694545e-16 5.149294e-17
5453.927474 1.077655e-16 4.957394e-17
5455.759313 1.451904e-16 4.875118e-17
5457.591152 9.556674e-17 4.672593e-17
5459.422991 6.965537e-17 4.480265e-17
5461.254830 9.516099e-17 4.349477e-17
5463.086669 1.475687e-16 4.320669e-17
5464.918508 7.367039e-17 4.151271e-17
5466.750347 4.851682e-17 3.921733e-17
5468.582186 9.672958e-17 3.776952e-17
5470.414025 6.204894e-17 3.522800e-17
5472.245864 6.279019e-17 3.437829e-17
5474.077703 9.839397e-17 3.320593e-17
5475.909542 1.171257e-16 3.323745e-17
5477.741380 8.707822e-17 3.318630e-17
5479.573219 6.616146e-17 3.364497e-17
5481.405058 5.177014e-17 3.354246e-17
5483.236897 9.332075e-17 3.352188e-17
5485.068736 7.646144e-17 3.245373e-17
5486.900575 5.783614e-17 3.047069e-17
5488.732414 4.081420e-17 2.800448e-17
5490.564253 9.908901e-17 2.794054e-17
5492.396092 8.556822e-17 2.773161e-17
5494.227931 6.529651e-17 2.672338e-17
5496.059770 3.315522e-17 2.576350e-17
5497.891609 2.423049e-17 2.394232e-17
5499.723448 2.605548e-17 2.125139e-17
5501.555286 8.523389e-18 1.046872e-17
5503.387125 1.094538e-18 7.527149e-19
5505.218964 8.480567e-18 3.670744e-18
5507.050803 2.938158e-17 1.343841e-17
5508.882642 2.918950e-17 1.673079e-17
5510.714481 8.074898e-18 8.531974e-18
5512.546320 7.656206e-18 3.214965e-18
5514.378159 2.780083e-17 9.827970e-18
5516.209998 2.445522e-17 7.912454e-18
5518.041837 7.608330e-18 2.972561e-18
5519.873676 2.731290e-17 1.076944e-17
5521.705515 4.186242e-17 1.467195e-17
5523.537354 5.226482e-17 1.419793e-17
5525.369193 2.849695e-17 1.272029e-17
5527.201031 1.563367e-17 7.403265e-18
5529.032870 1.517504e-17 9.359553e-18
5530.864709 1.263484e-17 1.295584e-17
5532.696548 2.889407e-17 1.269024e-17
5534.528387 1.437961e-17 1.240735e-17
5536.360226 5.896370e-18 1.222828e-17
5538.192065 1.872362e-17 1.207732e-17
5540.023904 2.932233e-17 1.194935e-17
5541.855743 2.382522e-17 1.165410e-17
5543.687582 4.756797e-17 1.154604e-17
5545.519421 5.150536e-17 1.129429e-17
5547.351260 3.712863e-17 1.109173e-17
5549.183099 4.672031e-17 1.090507e-17
5551.014937 5.415655e-17 1.068107e-17
5552.846776 3.750572e-17 1.056896e-17
5554.678615 5.415777e-17 1.073483e-17
5556.510454 1.083391e-16 1.054875e-17
5558.342293 4.429362e-16 1.075051e-17
5560.174132 5.302496e-16 1.063614e-17
5562.005971 2.898290e-16 1.000453e-17
5563.837810 7.251085e-17 9.436969e-18
5565.669649 1.764334e-17 9.075329e-18
5567.501488 1.671740e-17 8.657578e-18
5569.333327 1.612069e-17 8.260463e-18
5571.165166 2.299385e-17 7.904522e-18
5572.997005 3.072123e-17 7.579022e-18
5574.828844 2.743692e-17 7.289534e-18
5576.660682 1.935957e-17 6.956496e-18
5578.492521 1.360276e-17 6.634610e-18
5580.324360 1.545265e-17 6.394643e-18
5582.156199 7.991553e-18 6.142750e-18
5583.988038 1.254665e-17 5.866153e-18
5585.819877 1.937462e-17 5.638763e-18
5587.651716 1.582690e-17 5.470355e-18
5589.483555 -1.198329e-18 5.339051e-18
5591.315394 -1.313283e-17 6.363352e-18
5593.147233 3.332632e-17 8.959162e-18
5594.979072 2.839360e-17 1.004701e-17
5596.810911 -3.020796e-17 9.674840e-18
5598.642750 -3.389297e-17 9.082480e-18
5600.474588 -4.316346e-17 7.307723e-18
5602.306427 -1.310301e-17 4.756789e-18
5604.138266 -9.774425e-18 3.575234e-18
5605.970105 5.761060e-18 3.388288e-18
5607.801944 9.573668e-18 3.265977e-18
5609.633783 1.029617e-17 3.128895e-18
5611.465622 8.650000e-18 3.004464e-18
5613.297461 6.240734e-18 2.929809e-18
5615.129300 5.515953e-18 2.840567e-18
5616.961139 -7.140788e-19 2.742498e-18
5618.792978 -3.263953e-18 2.690801e-18
5620.624817 -4.662852e-19 2.642195e-18
5622.456656 2.157541e-18 2.644178e-18
5624.288495 3.968025e-18 2.610417e-18
5626.120333 5.676798e-18 2.593677e-18
5627.952172 6.065774e-18 2.541137e-18
5629.784011 4.452372e-18 2.471313e-18
5631.615850 4.560328e-18 2.407399e-18
5633.447689 4.386642e-18 2.371001e-18
5635.279528 4.701055e-18 2.320719e-18
5637.111367 4.314142e-18 2.264548e-18
5638.943206 3.036057e-18 1.852800e-18
5640.775045 2.339547e-18 1.596198e-18
5642.606884 3.769326e-18 1.602443e-18
5644.438723 1.183917e-18 1.612445e-18
5646.270562 2.790843e-18 1.659754e-18
5648.102401 1.568293e-19 1.990041e-18
5649.934239 2.418463e-18 2.139447e-18
5651.766078 4.775194e-18 2.121546e-18
5653.597917 4.579716e-18 2.094711e-18
5655.429756 4.149016e-18 2.064554e-18
5657.261595 2.291450e-18 2.050305e-18
5659.093434 2.226201e-18 2.034534e-18
5660.925273 2.293037e-18 2.022383e-18
5662.757112 8.643288e-19 1.993197e-18
5664.588951 3.006276e-18 1.979884e-18
5666.420790 3.920132e-18 1.976687e-18
5668.252629 4.602662e-18 1.963143e-18
5670.084468 5.850127e-18 1.940448e-18
5671.916307 4.377291e-18 1.912247e-18
5673.748146 4.565430e-18 1.883685e-18
5675.579984 1.999126e-18 1.863726e-18
5677.411823 2.099260e-18 1.852123e-18
5679.243662 2.861247e-18 1.845831e-18
5681.075501 9.867950e-19 1.839767e-18
5682.907340 3.386847e-18 1.840757e-18
5684.739179 4.888750e-18 1.848385e-18
5686.571018 4.882615e-18 1.842812e-18
5688.402857 7.272977e-18 1.844657e-18
5690.234696 5.093968e-18 1.836076e-18
5692.066535 1.341220e-18 1.844678e-18
5693.898374 1.588114e-18 1.852124e-18
5695.730213 4.146282e-18 1.858761e-18
5697.562052 4.790078e-18 1.866177e-18
5699.393890 3.130568e-18 1.885021e-18
5701.225729 1.582288e-18 1.889133e-18
5703.057568 5.892724e-19 1.877170e-18
5704.889407 5.408644e-18 1.911697e-18
5706.721246 4.138931e-18 1.885585e-18
5708.553085 3.750116e-18 1.852513e-18
5710.384924 3.740363e-18 1.838330e-18
5712.216763 9.055072e-19 1.802896e-18
5714.048602 3.441289e-18 1.780580e-18
5715.880441 5.500498e-18 1.767493e-18
5717.712280 1.796029e-18 1.744171e-18
5719.544119 7.003221e-19 1.734509e-18
5721.375958 2.127302e-18 1.734575e-18
5723.207797 1.759858e-18 1.728131e-18
5725.039635 4.122008e-18 1.717931e-18
5726.871474 4.969449e-18 1.701122e-18
5728.703313 3.638692e-18 1.700610e-18
5730.535152 3.079505e-18 1.695693e-18
5732.366991 4.694556e-18 1.685788e-18
5734.198830 1.266208e-18 1.685287e-18
5736.030669 2.427549e-18 1.696175e-18
5737.862508 2.939913e-18 1.708773e-18
5739.694347 9.700868e-19 1.720603e-18
5741.526186 2.001450e-19 1.726460e-18
5743.358025 7.227165e-18 1.733905e-18
5745.189864 2.071411e-18 1.747686e-18
5747.021703 3.587772e-18 1.787656e-18
5748.853541 1.551100e-18 1.805695e-18
5750.685380 9.286709e-19 1.777213e-18
5752.517219 1.578214e-18 1.736803e-18
5754.349058 2.424387e-18 1.702602e-18
5756.180897 2.624875e-18 1.662570e-18
5758.012736 3.400797e-18 1.645513e-18
5759.844575 3.845634e-18 1.629051e-18
5761.676414 2.598357e-18 1.623318e-18
5763.508253 2.041766e-18 1.612003e-18
5765.340092 2.509872e-18 1.612822e-18
5767.171931 1.748359e-18 1.597160e-18
5769.003770 2.268840e-18 1.592339e-18
5770.835609 8.283910e-19 1.589257e-18
5772.667448 -5.720453e-19 1.582141e-18
5774.499286 2.781216e-18 1.583771e-18
5776.331125 2.542243e-18 1.580266e-18
5778.162964 3.219551e-19 1.566203e-18
5779.994803 2.319890e-18 1.557485e-18
5781.826642 1.740114e-18 1.554381e-18
5783.658481 2.890519e-18 1.547844e-18
5785.490320 4.111489e-18 1.547692e-18
5787.322159 2.976364e-18 1.535551e-18
5789.153998 5.075464e-18 1.533338e-18
5790.985837 5.983966e-19 1.516489e-18
5792.817676 1.716566e-18 1.504922e-18
5794.649515 2.538866e-18 1.496302e-18
5796.481354 -1.569984e-18 1.487085e-18
5798.313192 2.753876e-18 1.476373e-18
5800.145031 8.145063e-19 1.468677e-18
5801.976870 2.272804e-18 1.461544e-18
5803.808709 1.694530e-18 1.460472e-18
5805.640548 5.108052e-19 1.459092e-18
5807.472387 8.612134e-19 1.461665e-18
5809.304226 3.374058e-18 1.460396e-18
5811.136065 3.651456e-18 1.453443e-18
5812.967904 3.822565e-18 1.453714e-18
5814.799743 3.153357e-18 1.449976e-18
5816.631582 2.126054e-18 1.447922e-18
5818.463421 2.436151e-18 1.442495e-18
5820.295260 7.059616e-19 1.438956e-18
5822.127099 -1.647541e-18 1.427315e-18
5823.958937 7.941400e-19 1.425408e-18
5825.790776 1.158182e-18 1.422052e-18
5827.622615 1.427549e-18 1.420204e-18
5829.454454 3.857308e-18 1.417798e-18
5831.286293 2.353929e-18 1.408231e-18
5833.118132 2.450499e-18 1.406842e-18
5834.949971 2.766226e-18 1.409175e-18
5836.781810 3.598158e-18 1.408655e-18
5838.613649 1.392218e-18 1.407460e-18
5840.445488 2.777390e-18 1.401588e-18
5842.277327 2.359326e-18 1.402146e-18
5844.109166 9.018015e-19 1.391024e-18
5845.941005 1.430772e-19 1.392674e-18
5847.772843 1.170049e-18 1.398817e-18
5849.604682 2.566699e-18 1.408046e-18
5851.436521 4.861993e-18 1.414061e-18
5853.268360 3.362746e-18 1.423222e-18
5855.100199 3.256928e-18 1.422834e-18
5856.932038 4.176184e-18 1.413970e-18
5858.763877 5.718531e-18 1.407286e-18
5860.595716 3.127394e-18 1.389168e-18
5862.427555 1.091011e-18 1.378814e-18
5864.259394 1.283723e-18 1.372255e-18
5866.091233 1.714450e-18 1.370610e-18
5867.923072 1.335432e-18 1.379342e-18
5869.754911 2.087202e-18 1.376146e-18
5871.586750 1.138590e-18 1.375907e-18
5873.418588 2.322334e-18 1.367940e-18
5875.250427 3.053742e-18 1.361624e-18
5877.082266 4.063712e-18 1.378298e-18
5878.914105 3.071758e-18 1.399312e-18
5880.745944 3.038973e-18 1.413213e-18
5882.577783 2.421852e-18 1.419092e-18
5884.409622 3.172601e-18 1.422308e-18
5886.241461 3.083389e-18 1.405764e-18
5888.073300 3.275696e-18 1.400410e-18
5889.905139 3.300620e-18 1.398351e-18
5891.736978 1.814829e-18 1.389105e-18
5893.568817 1.169747e-18 1.372885e-18
5895.400656 2.967754e-18 1.360142e-18
5897.232494 6.817220e-20 1.351367e-18
5899.064333 1.242050e-18 1.403707e-18
5900.896172 -2.265482e-19 1.632080e-18
5902.728011 -2.865928e-19 1.863524e-18
5904.559850 3.905469e-18 1.914938e-18
5906.391689 2.558268e-18 1.986325e-18
5908.223528 1.711694e-18 2.019440e-18
5910.055367 1.040041e-18 1.804763e-18
5911.887206 1.553716e-18 1.684402e-18
5913.719045 5.816699e-18 1.648323e-18
5915.550884 7.618143e-18 1.490490e-18
5917.382723 4.878438e-18 1.358148e-18
5919.214562 9.860756e-19 1.327459e-18
5921.046401 1.355545e-18 1.315073e-18
5922.878239 -1.777419e-20 1.315783e-18
5924.710078 1.789087e-18 1.317784e-18
5926.541917 -6.941454e-19 1.323881e-18
5928.373756 5.962830e-19 1.328967e-18
5930.205595 7.479698e-19 1.328131e-18
5932.037434 1.939050e-18 1.324391e-18
5933.869273 3.697945e-18 1.315540e-18
5935.701112 3.778913e-18 1.297671e-18
5937.532951 3.555802e-18 1.299823e-18
5939.364790 2.273046e-18 1.298360e-18
5941.196629 1.588550e-18 1.293492e-18
5943.028468 8.842188e-19 1.308827e-18
5944.860307 1.765235e-18 1.324591e-18
5946.692145 1.252868e-18 1.326059e-18
5948.523984 2.308513e-18 1.324026e-18
5950.355823 2.922481e-18 1.316287e-18
5952.187662 2.898375e-18 1.277284e-18
5954.019501 3.457029e-18 1.258872e-18
5955.851340 4.130166e-18 1.266167e-18
5957.683179 2.534795e-18 1.274494e-18
5959.515018 1.350917e-18 1.278932e-18
5961.346857 3.293708e-18 1.283440e-18
5963.178696 3.978382e-18 1.292670e-18
5965.010535 2.531348e-18 1.293832e-18
5966.842374 2.275508e-18 1.285330e-18
5968.674213 1.941536e-18 1.275280e-18
5970.506052 2.708368e-18 1.257024e-18
5972.337890 2.937521e-18 1.243099e-18
5974.169729 1.584867e-18 1.226067e-18
5976.001568 2.603486e-18 1.226080e-18
5977.833407 1.687623e-18 1.224441e-18
5979.665246 1.405165e-18 1.223639e-18
5981.497085 1.811398e-19 1.224812e-18
5983.328924 2.872486e-18 1.224929e-18
5985.160763 5.926763e-19 1.216812e-18
5986.992602 1.757099e-18 1.222714e-18
5988.824441 2.647085e-18 1.226849e-18
5990.656280 3.887427e-18 1.224361e-18
5992.488119 7.211324e-19 1.217324e-18
5994.319958 2.217820e-18 1.207654e-18
5996.151796 8.911610e-19 1.191670e-18
5997.983635 -3.698734e-19 1.178876e-18
5999.815474 1.677662e-18 1.179331e-18
6001.647313 9.065891e-19 1.167498e-18
6003.479152 2.521655e-18 1.177375e-18
6005.310991 2.938655e-18 1.180569e-18
6007.142830 1.128031e-18 1.176482e-18
6008.974669 2.360694e-18 1.177107e-18
6010.806508 1.505171e-18 1.177050e-18
6012.638347 5.722299e-19 1.180160e-18
6014.470186 3.301404e-18 1.186211e-18
6016.302025 2.222423e-18 1.179982e-18
6018.133864 2.014982e-18 1.158338e-18
6019.965703 2.109636e-18 1.164302e-18
6021.797541 -4.115160e-20 1.145855e-18
6023.629380 -1.796926e-19 1.135855e-18
6025.461219 1.553287e-18 1.136374e-18
6027.293058 1.465158e-18 1.134665e-18
6029.124897 2.472913e-18 1.129720e-18
6030.956736 1.352239e-18 1.123695e-18
6032.788575 3.455542e-19 1.110917e-18
6034.620414 3.906871e-18 1.117718e-18
6036.452253 4.345310e-18 1.124478e-18
6038.284092 3.176092e-18 1.138824e-18
6040.115931 3.393031e-18 1.164197e-18
6041.947770 1.990681e-18 1.176740e-18
6043.779609 1.535725e-18 1.176655e-18
6045.611447 1.291029e-18 1.168435e-18
6047.443286 3.608195e-18 1.148752e-18
6049.275125 2.242893e-18 1.128625e-18
6051.106964 1.476404e-18 1.121313e-18
6052.938803 2.554273e-18 1.118243e-18
6054.770642 1.657136e-18 1.112167e-18
6056.602481 3.662751e-20 1.106338e-18
6058.434320 3.162303e-18 1.107943e-18
6060.266159 2.633941e-18 1.111062e-18
6062.097998 1.093707e-18 1.102411e-18
6063.929837 1.941532e-18 1.099550e-18
6065.761676 2.720877e-18 1.095541e-18
6067.593515 2.678888e-18 1.094935e-18
6069.425354 4.244312e-18 1.094201e-18
6071.257192 2.006700e-18 1.096950e-18
6073.089031 7.153062e-19 1.097650e-18
6074.920870 1.298129e-18 1.095866e-18
6076.752709 2.950454e-18 1.097811e-18
6078.584548 2.522262e-18 1.097646e-18
6080.416387 1.547793e-19 1.095498e-18
6082.248226 3.036510e-19 1.096358e-18
6084.080065 1.916424e-18 1.091721e-18
6085.911904 2.127601e-18 1.087619e-18
6087.743743 3.864055e-19 1.083504e-18
6089.575582 1.965920e-18 1.084268e-18
6091.407421 2.869981e-18 1.073690e-18
6093.239260 1.808341e-18 1.063645e-18
6095.071098 1.560133e-18 1.050611e-18
6096.902937 1.853732e-18 1.052258e-18
6098.734776 7.739030e-19 1.052515e-18
6100.566615 3.849586e-18 1.054517e-18
6102.398454 1.657998e-18 1.051785e-18
6104.230293 3.307817e-18 1.052925e-18
6106.062132 3.082982e-18 1.056208e-18
6107.893971 1.203481e-18 1.052344e-18
6109.725810 1.165262e-18 1.049383e-18
6111.557649 2.904285e-18 1.043563e-18
6113.389488 2.035961e-18 1.040673e-18
6115.221327 3.129834e-18 1.046869e-18
6117.053166 3.259248e-18 1.044789e-18
6118.885005 3.379578e-18 1.064607e-18
6120.716843 1.996061e-18 1.077478e-18
6122.548682 1.739011e-18 1.075595e-18
6124.380521 1.614595e-18 1.078277e-18
6126.212360 -5.018344e-19 1.077333e-18
6128.044199 9.698249e-19 1.074218e-18
6129.876038 2.777567e-18 1.059503e-18
6131.707877 7.690281e-19 1.046800e-18
6133.539716 3.284309e-18 1.046030e-18
6135.371555 1.601680e-18 1.033922e-18
6137.203394 1.092464e-18 1.021629e-18
6139.035233 3.759885e-18 1.017481e-18
6140.867072 2.028390e-18 1.014387e-18
6142.698911 2.093773e-18 1.028019e-18
6144.530749 2.174279e-18 1.025938e-18
6146.362588 -7.402954e-19 1.020128e-18
6148.194427 2.969537e-19 1.022180e-18
6150.026266 3.064522e-19 1.019231e-18
6151.858105 1.789446e-18 1.027969e-18
6153.689944 3.068424e-18 1.033703e-18
6155.521783 4.967547e-19 1.029390e-18
6157.353622 -1.431563e-18 1.024663e-18
6159.185461 -8.363319e-19 1.021620e-18
6161.017300 2.366779e-18 1.010771e-18
6162.849139 2.131919e-19 9.962163e-19
6164.680978 1.896779e-18 9.951912e-19
6166.512817 2.230329e-18 9.917725e-19
6168.344656 1.536855e-18 9.803834e-19
6170.176494 1.526441e-18 9.741113e-19
6172.008333 1.978420e-18 9.769911e-19
6173.840172 7.586212e-19 9.738316e-19
6175.672011 4.948788e-18 9.756165e-19
6177.503850 2.609545e-18 9.833117e-19
6179.335689 2.826278e-18 9.984381e-19
6181.167528 9.466071e-19 9.981992e-19
6182.999367 3.441029e-19 9.955533e-19
6184.831206 -1.174983e-18 9.955695e-19
6186.663045 1.156572e-18 9.847192e-19
6188.494884 1.494314e-18 9.790577e-19
6190.326723 -2.546036e-19 9.706034e-19
6192.158562 2.099862e-18 9.707895e-19
6193.990400 -3.385633e-19 9.646540e-19
6195.822239 4.452191e-19 9.611821e-19
6197.654078 1.502493e-18 9.637220e-19
6199.485917 1.579991e-18 9.574740e-19
6201.317756 7.296208e-20 9.755557e-19
6203.149595 -3.666381e-19 9.820043e-19
6204.981434 8.531043e-19 9.926302e-19
6206.813273 6.457479e-19 9.979933e-19
6208.645112 1.081721e-18 1.002700e-18
6210.476951 1.376427e-18 1.010115e-18
6212.308790 2.301176e-18 9.892112e-19
6214.140629 2.138483e-18 9.803922e-19
6215.972468 2.778257e-18 9.761721e-19
6217.804307 2.201222e-18 9.574795e-19
6219.636145 1.084808e-18 9.607924e-19
6221.467984 1.803999e-18 9.746553e-19
6223.299823 1.209652e-18 9.811295e-19
6225.131662 1.856779e-18 9.902663e-19
6226.963501 2.620264e-18 9.855479e-19
6228.795340 2.375986e-18 9.842770e-19
6230.627179 1.328589e-18 9.705431e-19
6232.459018 9.523393e-19 9.644775e-19
6234.290857 2.828792e-18 9.634345e-19
6236.122696 1.505919e-18 9.500077e-19
6237.954535 1.211924e-18 9.342863e-19
6239.786374 1.469066e-18 9.468354e-19
6241.618213 6.514156e-19 9.890391e-19
6243.450051 1.291782e-18 1.034193e-18
6245.281890 1.985872e-18 1.066541e-18
6247.113729 4.412190e-19 1.081183e-18
6248.945568 8.305698e-19 1.084022e-18
6250.777407 4.421764e-19 1.051214e-18
6252.609246 8.041898e-20 1.006995e-18
6254.441085 1.025391e-18 9.795357e-19
6256.272924 1.713774e-18 9.512291e-19
6258.104763 3.695419e-18 9.293548e-19
6259.936602 2.178948e-18 9.209954e-19
6261.768441 2.425577e-18 9.212885e-19
6263.600280 1.823499e-18 9.525584e-19
6265.432119 1.043771e-18 9.879498e-19
6267.263958 1.495210e-18 1.006071e-18
6269.095796 7.230699e-19 1.013298e-18
6270.927635 1.610696e-18 1.009205e-18
6272.759474 2.593709e-18 9.850779e-19
6274.591313 3.873233e-18 9.697603e-19
6276.423152 3.744095e-18 9.647100e-19
6278.254991 1.074277e-18 9.492231e-19
6280.086830 1.626515e-18 9.340441e-19
6281.918669 1.329637e-18 9.254843e-19
6283.750508 1.777955e-18 9.213635e-19
6285.582347 2.244692e-18 9.134606e-19
6287.414186 1.850540e-18 9.022661e-19
6289.246025 6.301261e-20 8.955704e-19
6291.077864 6.599330e-20 8.959980e-19
6292.909702 6.068815e-19 9.295483e-19
6294.741541 1.372159e-18 9.653456e-19
6296.573380 9.318586e-19 9.762570e-19
6298.405219 8.289143e-19 9.854139e-19
6300.237058 1.421019e-18 9.773990e-19
6302.068897 6.128350e-19 9.564421e-19
6303.900736 -1.698624e-18 1.089915e-18
6305.732575 2.527528e-18 1.578273e-18
6307.564414 3.710850e-18 1.867339e-18
6309.396253 -7.363829e-20 1.907105e-18
6311.228092 2.869704e-18 1.886104e-18
6313.059931 5.980728e-18 1.675106e-18
6314.891770 2.930698e-18 1.195711e-18
6316.723609 2.021591e-18 9.927392e-19
6318.555447 1.129909e-18 9.680093e-19
6320.387286 2.080670e-18 9.271317e-19
6322.219125 1.713586e-18 8.891294e-19
6324.050964 2.077465e-18 8.782850e-19
6325.882803 1.760929e-18 8.848264e-19
6327.714642 1.139410e-18 8.974179e-19
6329.546481 1.837502e-18 9.041867e-19
6331.378320 1.081095e-18 9.117246e-19
6333.210159 1.499661e-18 9.290139e-19
6335.041998 2.046283e-18 9.525600e-19
6336.873837 3.471587e-18 9.670923e-19
6338.705676 1.344282e-18 9.544385e-19
6340.537515 1.422950e-18 9.397115e-19
6342.369353 1.497247e-18 9.118001e-19
6344.201192 1.276522e-18 8.747351e-19
6346.033031 1.635610e-18 8.632828e-19
6347.864870 1.864967e-18 8.620354e-19
6349.696709 2.458921e-18 8.645430e-19
6351.528548 1.053588e-18 8.721683e-19
6353.360387 1.999840e-18 8.923650e-19
6355.192226 1.516573e-18 9.103289e-19
6357.024065 1.771855e-18 9.261553e-19
6358.855904 2.969143e-18 9.348836e-19
6360.687743 2.365985e-18 9.441254e-19
6362.519582 9.609293e-19 9.312135e-19
6364.351421 1.490387e-18 9.174208e-19
6366.183260 1.980517e-18 9.289670e-19
6368.015098 1.452618e-18 1.066794e-18
6369.846937 1.124202e-18 1.198496e-18
6371.678776 -4.994689e-19 1.220774e-18
6373.510615 2.807718e-18 1.242821e-18
6375.342454 5.269675e-18 1.174891e-18
6377.174293 8.845967e-18 9.803425e-19
6379.006132 1.613434e-18 8.664249e-19
6380.837971 1.010755e-18 8.480475e-19
6382.669810 8.092172e-20 8.502947e-19
6384.501649 1.016848e-18 8.561564e-19
6386.333488 8.717573e-19 8.570263e-19
6388.165327 8.384002e-19 8.580938e-19
6389.997166 1.739704e-18 8.633006e-19
6391.829004 2.213269e-18 8.684684e-19
6393.660843 9.805110e-19 8.673507e-19
6395.492682 -8.985075e-20 8.659905e-19
6397.324521 2.801577e-18 8.597523e-19
6399.156360 3.653115e-18 8.461460e-19
6400.988199 2.622772e-18 8.374491e-19
6402.820038 1.842315e-18 8.326788e-19
6404.651877 2.211254e-18 8.278171e-19
6406.483716 2.813395e-18 8.288387e-19
6408.315555 2.023511e-18 8.264031e-19
6410.147394 7.690690e-19 8.281204e-19
6411.979233 3.317866e-18 8.425335e-19
6413.811072 2.713668e-18 8.495241e-19
6415.642911 1.931632e-18 8.420980e-19
6417.474749 1.531452e-18 8.347021e-19
6419.306588 1.964781e-18 8.292105e-19
6421.138427 2.292398e-18 8.246093e-19
6422.970266 1.821653e-18 8.243533e-19
6424.802105 4.985548e-19 8.262854e-19
6426.633944 -5.786369e-19 8.228835e-19
6428.465783 1.267387e-18 8.215309e-19
6430.297622 1.095909e-18 8.238013e-19
6432.129461 5.886763e-19 8.215441e-19
6433.961300 9.213115e-19 8.159762e-19
6435.793139 1.686002e-18 8.119410e-19
6437.624978 1.726485e-18 8.095039e-19
6439.456817 1.575586e-18 8.055402e-19
6441.288655 1.202956e-18 8.035694e-19
6443.120494 1.426388e-18 8.009285e-19
6444.952333 1.174975e-18 8.006650e-19
6446.784172 6.457159e-19 7.983949e-19
6448.616011 1.898192e-19 7.934244e-19
6450.447850 2.198352e-18 7.984794e-19
6452.279689 -9.966227e-21 7.976472e-19
6454.111528 1.490982e-18 7.956847e-19
6455.943367 1.422318e-18 7.951443e-19
6457.775206 1.127452e-18 7.938769e-19
6459.607045 1.657141e-18 7.906031e-19
6461.438884 2.124291e-18 7.924082e-19
6463.270723 1.369395e-18 7.920098e-19
6465.102561 1.516618e-18 7.883827e-19
6466.934400 2.362017e-18 7.974620e-19
6468.766239 3.255257e-19 8.169037e-19
6470.598078 -3.555894e-18 8.290377e-19
6472.429917 -1.038572e-17 8.404217e-19
6474.261756 2.109202e-18 8.584886e-19
6476.093595 6.811723e-19 8.580146e-19
6477.925434 9.181573e-19 8.414477e-19
6479.757273 1.086208e-18 8.331590e-19
6481.589112 2.030314e-18 8.240536e-19
6483.420951 2.232909e-18 8.015189e-19
6485.252790 1.850299e-18 7.898530e-19
6487.084629 2.494278e-19 7.717878e-19
6488.916468 9.519292e-19 7.635425e-19
6490.748306 1.805368e-18 7.592639e-19
6492.580145 1.113028e-18 7.572013e-19
6494.411984 1.105108e-18 7.717845e-19
6496.243823 1.141745e-18 7.727671e-19
6498.075662 1.892627e-18 7.721264e-19
6499.907501 1.090233e-18 7.678177e-19
6501.739340 1.452786e-18 8.037572e-19
6503.571179 8.041448e-19 8.283789e-19
6505.403018 -6.199470e-19 8.305117e-19
6507.234857 1.814474e-18 8.414457e-19
6509.066696 2.619958e-18 8.311686e-19
6510.898535 1.110893e-18 7.897537e-19
6512.730374 1.686114e-18 7.773327e-19
6514.562212 2.736693e-18 7.712904e-19
6516.394051 2.704616e-18 7.581618e-19
6518.225890 2.248878e-18 7.543814e-19
6520.057729 4.213347e-19 7.523128e-19
6521.889568 2.324944e-18 7.508450e-19
6523.721407 1.689271e-18 7.549235e-19
6525.553246 5.473846e-19 7.704696e-19
6527.385085 1.004886e-18 8.001780e-19
6529.216924 5.232183e-18 8.133639e-19
6531.048763 4.859422e-18 8.120058e-19
6532.880602 8.858949e-19 7.932149e-19
6534.712441 1.969289e-18 7.742932e-19
6536.544280 2.480251e-19 8.030042e-19
6538.376119 -4.710663e-20 8.153084e-19
6540.207957 6.811798e-18 8.149057e-19
6542.039796 1.363142e-17 8.193159e-19
6543.871635 1.506348e-17 8.032326e-19
6545.703474 1.126377e-17 7.916691e-19
6547.535313 2.535190e-18 7.957428e-19
6549.367152 1.482171e-18 7.908210e-19
6551.198991 3.537071e-19 7.755099e-19
6553.030830 1.592045e-18 7.662667e-19
6554.862669 1.142494e-18 7.679499e-19
6556.694508 8.432548e-19 7.986985e-19
6558.526347 -3.388195e-19 8.058323e-19
6560.358186 1.423103e-18 8.004839e-19
6562.190025 1.858393e-18 7.857353e-19
6564.021863 1.131009e-18 7.377636e-19
6565.853702 1.621490e-18 6.919991e-19
6567.685541 1.916857e-18 6.781588e-19
6569.517380 9.208574e-19 6.812428e-19
6571.349219 9.246821e-19 6.988981e-19
6573.181058 1.569240e-18 7.094765e-19
6575.012897 1.689758e-18 7.184528e-19
6576.844736 1.857541e-18 7.252801e-19
6578.676575 7.320994e-19 7.384306e-19
6580.508414 3.562825e-19 7.600191e-19
6582.340253 1.381225e-18 7.648035e-19
6584.172092 2.267711e-18 7.676751e-19
6586.003931 1.536442e-18 7.623527e-19
6587.835770 1.689752e-18 7.313238e-19
6589.667608 1.023634e-18 7.117577e-19
6591.499447 1.032444e-18 7.086871e-19
6593.331286 5.235857e-19 7.070078e-19
6595.163125 2.443355e-18 7.049498e-19
6596.994964 1.299821e-18 7.054329e-19
6598.826803 2.230845e-18 7.131348e-19
6600.658642 1.782016e-18 7.148572e-19
6602.490481 1.224097e-18 7.164997e-19
6604.322320 2.328293e-18 7.252133e-19
6606.154159 9.623733e-19 7.365367e-19
6607.985998 1.354583e-18 7.389336e-19
6609.817837 2.113518e-18 7.380686e-19
6611.649676 2.441795e-18 7.352807e-19
6613.481514 1.382551e-18 7.228124e-19
6615.313353 1.787415e-18 7.071788e-19
6617.145192 3.316683e-19 7.022159e-19
6618.977031 1.219937e-18 7.035741e-19
6620.808870 2.014917e-18 7.064884e-19
6622.640709 3.099380e-18 7.093929e-19
6624.472548 9.710898e-19 7.091804e-19
6626.304387 -5.733195e-20 7.076696e-19
6628.136226 9.194033e-19 7.085061e-19
6629.968065 1.484900e-18 7.151402e-19
6631.799904 2.550928e-19 7.162734e-19
6633.631743 1.488592e-18 7.177468e-19
6635.463582 1.277602e-18 7.191391e-19
6637.295421 3.631254e-19 7.221922e-19
6639.127259 9.488789e-19 7.194588e-19
6640.959098 1.187498e-18 7.200505e-19
6642.790937 -1.676337e-19 7.148842e-19
6644.622776 1.418955e-18 7.123765e-19
6646.454615 -1.254827e-19 7.065456e-19
6648.286454 7.591406e-20 7.050575e-19
6650.118293 2.561067e-18 7.098230e-19
6651.950132 8.208082e-19 7.258177e-19
6653.781971 1.857080e-18 7.493803e-19
6655.613810 1.708431e-18 7.640312e-19
6657.445649 5.910797e-19 7.763430e-19
6659.277488 1.357803e-18 7.552080e-19
6661.109327 7.320641e-19 7.305634e-19
6662.941165 1.254853e-18 7.243550e-19
6664.773004 6.937861e-19 7.248020e-19
6666.604843 1.067500e-18 7.254697e-19
6668.436682 1.180625e-18 7.252229e-19
6670.268521 2.697603e-18 7.289520e-19
6672.100360 5.017800e-19 7.238353e-19
6673.932199 6.695474e-19 7.249643e-19
6675.764038 8.359170e-19 7.263084e-19
6677.595877 1.288711e-18 7.237305e-19
6679.427716 -2.479665e-19 7.147987e-19
6681.259555 5.882615e-19 7.179346e-19
6683.091394 8.616271e-21 7.152501e-19
6684.923233 2.358227e-18 7.107201e-19
6686.755072 1.675884e-18 7.072949e-19
6688.586910 1.257958e-18 7.047293e-19
6690.418749 2.652994e-18 7.046061e-19
6692.250588 1.666099e-18 7.012378e-19
6694.082427 9.238012e-19 6.998267e-19
6695.914266 1.297522e-18 7.027266e-19
6697.746105 7.183291e-19 6.958224e-19
6699.577944 1.365905e-18 6.969328e-19
6701.409783 1.660398e-18 7.047653e-19
6703.241622 1.132790e-18 7.049718e-19
6705.073461 1.232040e-19 7.009128e-19
6706.905300 4.864023e-19 7.082303e-19
6708.737139 1.122575e-18 7.071140e-19
6710.568978 4.572345e-19 7.103132e-19
6712.400816 1.298028e-18 7.159780e-19
6714.232655 2.496631e-18 7.243223e-19
6716.064494 1.736641e-18 7.591706e-19
6717.896333 -1.413567e-20 7.948364e-19
6719.728172 1.250654e-18 8.100859e-19
6721.560011 4.199600e-20 8.141411e-19
6723.391850 -1.941769e-21 7.903674e-19
6725.223689 2.141982e-18 7.543039e-19
6727.055528 7.534000e-20 7.209877e-19
6728.887367 3.665580e-19 6.997658e-19
6730.719206 2.113019e-18 6.969189e-19
6732.551045 2.069631e-18 6.899524e-19
6734.382884 1.385402e-18 6.865579e-19
6736.214723 8.327064e-19 6.855233e-19
6738.046561 -5.498574e-19 6.795090e-19
6739.878400 1.205400e-18 6.802445e-19
6741.710239 1.364560e-18 6.713718e-19
6743.542078 1.724380e-18 6.715008e-19
6745.373917 4.938145e-19 6.702072e-19
6747.205756 1.565363e-18 6.701112e-19
6749.037595 1.204447e-18 6.681690e-19
6750.869434 1.571921e-18 6.674450e-19
6752.701273 6.975902e-19 6.641465e-19
6754.533112 1.016510e-18 6.621995e-19
6756.364951 6.875376e-19 6.611366e-19
6758.196790 1.267901e-18 6.622434e-19
6760.028629 2.309372e-19 6.603661e-19
6761.860467 5.369969e-19 6.614384e-19
6763.692306 9.556683e-19 6.614255e-19
6765.524145 7.301097e-19 6.605596e-19
6767.355984 1.723219e-19 6.587523e-19
6769.187823 8.246528e-19 6.586519e-19
6771.019662 7.848182e-19 6.572108e-19
6772.851501 3.079087e-19 6.532661e-19
6774.683340 -5.497241e-19 6.526795e-19
6776.515179 1.414365e-18 6.570995e-19
6778.347018 2.831687e-19 6.549961e-19
6780.178857 2.621620e-19 6.546277e-19
6782.010696 1.012696e-18 6.548532e-19
6783.842535 7.678623e-19 6.544493e-19
6785.674374 1.112839e-18 6.529643e-19
6787.506212 7.053452e-19 6.534298e-19
6789.338051 8.330844e-19 6.533220e-19
6791.169890 6.380163e-19 6.521881e-19
6793.001729 1.354225e-18 6.529742e-19
6794.833568 5.835323e-19 6.496170e-19
6796.665407 3.422939e-19 6.477881e-19
6798.497246 1.392241e-18 6.475019e-19
6800.329085 1.854116e-18 6.475286e-19
6802.160924 9.696258e-19 6.485759e-19
6803.992763 -4.138045e-19 6.550414e-19
6805.824602 8.395383e-19 6.598126e-19
6807.656441 1.172474e-18 6.644821e-19
6809.488280 9.376861e-19 6.702700e-19
6811.320118 1.020941e-18 6.737455e-19
6813.151957 1.186760e-18 6.716842e-19
6814.983796 4.566559e-19 6.703542e-19
6816.815635 5.443598e-19 6.669166e-19
6818.647474 8.563798e-19 6.743409e-19
6820.479313 1.168516e-18 6.701163e-19
6822.311152 1.026663e-19 6.585778e-19
6824.142991 7.478300e-19 6.560237e-19
6825.974830 1.440905e-18 6.624665e-19
6827.806669 1.329749e-18 7.017284e-19
6829.638508 4.796033e-19 7.614741e-19
6831.470347 2.084071e-18 7.902905e-19
6833.302186 1.104463e-18 8.277415e-19
6835.134025 1.319582e-18 8.480547e-19
6836.965863 2.067845e-18 8.012219e-19
6838.797702 1.595404e-18 7.593382e-19
6840.629541 -2.411111e-19 7.385594e-19
6842.461380 -4.037554e-20 6.894748e-19
6844.293219 3.781945e-19 6.641075e-19
6846.125058 9.079652e-20 6.610529e-19
6847.956897 8.882869e-19 6.571905e-19
6849.788736 1.349700e-18 6.440504e-19
6851.620575 1.406036e-18 6.389680e-19
6853.452414 3.538536e-19 6.393125e-19
6855.284253 6.342432e-19 6.347512e-19
6857.116092 1.734878e-18 6.340114e-19
6858.947931 8.003624e-19 6.302287e-19
6860.779769 1.799621e-20 6.398288e-19
6862.611608 1.639156e-18 7.254657e-19
6864.443447 8.045345e-19 8.124660e-19
6866.275286 -1.301827e-18 8.169979e-19
6868.107125 -2.114989e-20 7.968280e-19
6869.938964 2.018009e-18 7.572013e-19
6871.770803 7.411635e-19 6.317118e-19
6873.602642 1.030177e-18 5.596948e-19
6875.434481 2.203529e-19 5.556429e-19
6877.266320 1.347958e-18 5.635701e-19
6879.098159 7.608372e-19 5.672609e-19
6880.929998 7.557315e-19 5.937371e-19
6882.761837 -3.908128e-19 6.113804e-19
6884.593676 4.186018e-19 6.179686e-19
6886.425514 -7.328736e-19 6.199596e-19
6888.257353 3.016364e-19 6.300590e-19
6890.089192 4.485976e-19 6.274752e-19
6891.921031 1.554497e-19 6.208344e-19
6893.752870 6.290183e-19 6.230456e-19
6895.584709 1.502245e-18 6.123223e-19
6897.416548 4.258364e-19 5.897283e-19
6899.248387 -2.180906e-19 6.061039e-19
6901.080226 4.315518e-19 6.264934e-19
6902.912065 7.464043e-19 6.330851e-19
6904.743904 1.791260e-18 6.344100e-19
6906.575743 1.385237e-18 6.290444e-19
6908.407582 5.971771e-19 6.022752e-19
6910.239420 1.616805e-18 6.077818e-19
6912.071259 5.873919e-19 6.464825e-19
6913.903098 1.958985e-19 6.548024e-19
6915.734937 5.323875e-19 6.581296e-19
6917.566776 8.131793e-19 6.531661e-19
6919.398615 4.111330e-19 6.291471e-19
6921.230454 1.516913e-18 6.460126e-19
6923.062293 2.690419e-19 7.021751e-19
6924.894132 1.271746e-18 7.163073e-19
6926.725971 8.228675e-19 7.186266e-19
6928.557810 1.535653e-18 7.153270e-19
6930.389649 1.032000e-18 6.638407e-19
6932.221488 2.701493e-19 6.391469e-19
6934.053327 1.290001e-18 6.404081e-19
6935.885165 1.209104e-18 6.342710e-19
6937.717004 5.956563e-19 6.485203e-19
6939.548843 3.052872e-19 6.645045e-19
6941.380682 1.267021e-18 6.638635e-19
6943.212521 6.938795e-19 6.581939e-19
6945.044360 2.708813e-18 6.526257e-19
6946.876199 1.093490e-18 6.661917e-19
6948.708038 4.291166e-20 7.220700e-19
6950.539877 1.012267e-18 7.337244e-19
6952.371716 8.845940e-19 7.347350e-19
6954.203555 2.383921e-18 7.243162e-19
6956.035394 5.953661e-19 6.520856e-19
6957.867233 1.271736e-18 6.121858e-19
6959.699071 1.998412e-18 6.107727e-19
6961.530910 9.663007e-19 6.080446e-19
6963.362749 -8.452413e-19 6.065065e-19
6965.194588 4.922122e-19 6.099351e-19
6967.026427 4.924348e-19 6.161103e-19
6968.858266 1.295268e-18 6.405603e-19
6970.690105 -1.711824e-19 6.445585e-19
6972.521944 5.071884e-19 6.441349e-19
6974.353783 1.165526e-18 6.429028e-19
6976.185622 8.281705e-19 6.581428e-19
6978.017461 2.203690e-18 6.792190e-19
6979.849300 1.623192e-18 6.821340e-19
6981.681139 -4.898679e-19 6.814545e-19
6983.512978 -2.208626e-19 6.697127e-19
6985.344816 3.439760e-20 6.245234e-19
6987.176655 -3.519964e-19 6.041840e-19
6989.008494 8.205870e-19 6.042074e-19
6990.840333 1.375316e-18 6.021437e-19
6992.672172 2.444149e-19 5.977814e-19
6994.504011 7.877780e-20 5.963134e-19
6996.335850 4.048711e-19 6.005799e-19
6998.167689 -3.284232e-19 5.970980e-19
6999.999528 1.569040e-18 6.027099e-19
7001.831367 1.773686e-18 6.097683e-19
7003.663206 2.557252e-18 6.140239e-19
7005.495045 1.270635e-18 6.099716e-19
7007.326884 -3.043927e-19 6.078765e-19
7009.158722 9.601574e-19 6.254002e-19
7010.990561 1.212379e-19 6.320778e-19
7012.822400 1.457807e-18 6.329463e-19
7014.654239 7.071090e-18 6.356239e-19
7016.486078 9.907232e-20 6.192873e-19
7018.317917 1.531331e-19 5.935065e-19
7020.149756 1.070227e-18 5.870628e-19
7021.981595 -3.484959e-20 5.843538e-19
7023.813434 1.189014e-18 5.827310e-19
7025.645273 -4.846803e-20 5.767048e-19
7027.477112 1.537246e-18 5.792851e-19
7029.308951 9.437771e-19 5.807731e-19
7031.140790 -2.213135e-19 5.816044e-19
7032.972629 9.465081e-19 5.827353e-19
7034.804467 3.643532e-20 5.812374e-19
7036.636306 1.013403e-18 5.791816e-19
7038.468145 1.108139e-18 5.788298e-19
7040.299984 2.858479e-19 5.877748e-19
7042.131823 -2.627559e-20 5.894245e-19
7043.963662 5.294576e-19 5.972299e-19
7045.795501 3.330989e-19 6.161549e-19
7047.627340 -5.175012e-19 6.228169e-19
7049.459179 1.618207e-18 6.281919e-19
7051.291018 2.203598e-19 6.277532e-19
7053.122857 9.345809e-19 6.170055e-19
7054.954696 1.339727e-18 6.004329e-19
7056.786535 1.277675e-18 5.891809e-19
7058.618373 1.530541e-18 5.881544e-19
7060.450212 1.136949e-18 5.849761e-19
7062.282051 1.130653e-18 5.868670e-19
7064.113890 4.377702e-20 5.898058e-19
7065.945729 1.826557e-18 5.925451e-19
7067.777568 1.322274e-19 5.957282e-19
7069.609407 7.821844e-19 5.969861e-19
7071.441246 6.655268e-19 5.991682e-19
7073.273085 2.859484e-19 5.977269e-19
7075.104924 1.145237e-18 5.988347e-19
7076.936763 5.378158e-19 5.980033e-19
7078.768602 4.179430e-19 5.989901e-19
7080.600441 6.564613e-19 5.939968e-19
7082.432280 1.788350e-18 5.936961e-19
7084.264118 -2.216077e-20 5.908440e-19
7086.095957 6.243295e-19 6.003929e-19
7087.927796 -3.337627e-19 6.001679e-19
7089.759635 -4.558557e-19 5.984139e-19
7091.591474 1.181546e-18 5.948316e-19
7093.423313 1.255655e-18 5.891828e-19
7095.255152 5.670157e-19 5.807135e-19
7097.086991 2.657639e-19 5.767223e-19
7098.918830 1.505501e-19 5.787875e-19
7100.750669 1.595509e-18 5.770892e-19
7102.582508 7.206022e-19 5.762476e-19
7104.414347 -1.432032e-19 5.742684e-19
7106.246186 1.131088e-19 5.752990e-19
7108.078024 5.270495e-19 5.753675e-19
7109.909863 6.653456e-19 5.765659e-19
7111.741702 9.878409e-19 5.758923e-19
7113.573541 6.652142e-19 5.776458e-19
7115.405380 6.935286e-18 5.847116e-19
7117.237219 5.368851e-17 6.197172e-19
7119.069058 1.042643e-17 5.832932e-19
7120.900897 -1.244730e-18 5.688197e-19
7122.732736 -4.776054e-19 5.676261e-19
7124.564575 2.895537e-19 5.714889e-19
7126.396414 6.870570e-19 5.759339e-19
7128.228253 1.589893e-18 5.795622e-19
7130.060092 1.266306e-18 5.822259e-19
7131.891931 8.846204e-19 5.839957e-19
7133.723769 7.211829e-19 5.794095e-19
7135.555608 9.392571e-19 5.727775e-19
7137.387447 5.431955e-19 5.717343e-19
7139.219286 3.515197e-19 5.708917e-19
7141.051125 9.417520e-19 5.777720e-19
7142.882964 8.579661e-19 5.857945e-19
7144.714803 1.063983e-18 5.910168e-19
7146.546642 9.087090e-19 5.918850e-19
7148.378481 1.419822e-18 5.900664e-19
7150.210320 1.193321e-18 5.796522e-19
7152.042159 7.472193e-20 5.681012e-19
7153.873998 5.458757e-19 5.641618e-19
7155.705837 2.746281e-19 5.632599e-19
7157.537675 1.506348e-19 5.649558e-19
7159.369514 6.801037e-19 5.673294e-19
7161.201353 6.135091e-19 5.687869e-19
7163.033192 1.279528e-18 5.671107e-19
7164.865031 5.761514e-19 5.605214e-19
7166.696870 3.849237e-19 5.578567e-19
7168.528709 6.533027e-19 5.552461e-19
7170.360548 3.814486e-19 5.520475e-19
7172.192387 1.045362e-18 5.542198e-19
7174.024226 1.266055e-18 5.534000e-19
7175.856065 7.824300e-19 5.506500e-19
7177.687904 8.312499e-19 5.553189e-19
7179.519743 5.870193e-19 5.483292e-19
7181.351582 2.070655e-19 5.446179e-19
7183.183420 6.825108e-19 5.407941e-19
7185.015259 1.531905e-18 5.349297e-19
7186.847098 1.100872e-18 5.309300e-19
7188.678937 9.392687e-19 5.284569e-19
7190.510776 2.255468e-19 5.257662e-19
7192.342615 3.567407e-20 5.321372e-19
7194.174454 -1.580595e-19 5.277436e-19
7196.006293 -2.903045e-19 5.255431e-19
7197.838132 2.816212e-19 5.266365e-19
7199.669971 4.512333e-19 5.274000e-19
7201.501810 9.249412e-20 5.267838e-19
7203.333649 -2.577419e-19 5.233572e-19
7205.165488 -6.996379e-20 5.224657e-19
7206.997326 7.331403e-19 5.282623e-19
7208.829165 -5.778290e-20 5.286227e-19
7210.661004 -3.981776e-19 5.307835e-19
7212.492843 6.507344e-20 5.332473e-19
7214.324682 5.101881e-19 5.361275e-19
7216.156521 2.770437e-19 5.353757e-19
7217.988360 -2.261325e-20 5.367852e-19
7219.820199 -5.305874e-20 5.428224e-19
7221.652038 2.605255e-19 5.413878e-19
7223.483877 7.251989e-19 5.455347e-19
7225.315716 1.085708e-18 5.454807e-19
7227.147555 1.183619e-18 5.459761e-19
7228.979394 5.010853e-19 5.442762e-19
7230.811233 4.350373e-19 5.442525e-19
7232.643071 2.414395e-19 5.475429e-19
7234.474910 5.300448e-19 5.759039e-19
7236.306749 9.447921e-19 6.879197e-19
7238.138588 1.079763e-18 8.091710e-19
7239.970427 -8.783898e-20 8.815620e-19
7241.802266 1.389590e-19 9.682302e-19
7243.634105 2.567432e-19 9.893447e-19
7245.465944 1.566230e-19 9.057985e-19
7247.297783 -7.274859e-19 8.216542e-19
7249.129622 2.748705e-19 7.488008e-19
7250.961461 1.146029e-19 6.578832e-19
7252.793300 1.443519e-18 6.199364e-19
7254.625139 1.386832e-18 6.182399e-19
7256.456977 6.659824e-19 6.084871e-19
7258.288816 1.347013e-19 5.865314e-19
7260.120655 4.075311e-19 5.567171e-19
7261.952494 1.472420e-18 5.456737e-19
7263.784333 9.347534e-19 5.445474e-19
7265.616172 1.104942e-18 5.517997e-19
7267.448011 8.582154e-19 5.567019e-19
7269.279850 1.136703e-18 5.641171e-19
7271.111689 2.162264e-18 6.267638e-19
7272.943528 2.366429e-18 7.979015e-19
7274.775367 1.561177e-18 9.143232e-19
7276.607206 3.378400e-18 9.490507e-19
7278.439045 4.353195e-18 9.571052e-19
7280.270884 9.180568e-18 8.984593e-19
7282.102722 3.564602e-18 7.835501e-19
7283.934561 2.963237e-19 7.283960e-19
7285.766400 -8.973673e-19 7.165224e-19
7287.598239 -3.300563e-19 7.015826e-19
7289.430078 6.692456e-18 6.356462e-19
7291.261917 3.047681e-18 5.760050e-19
7293.093756 5.015335e-19 5.810139e-19
7294.925595 3.551883e-19 5.885541e-19
7296.757434 9.691906e-19 5.905330e-19
7298.589273 1.100580e-18 5.993364e-19
7300.421112 2.451277e-18 6.249980e-19
7302.252951 1.061923e-18 6.300957e-19
7304.084790 3.471991e-19 6.288723e-19
7305.916628 6.307106e-19 6.316746e-19
7307.748467 1.219048e-18 6.052802e-19
7309.580306 4.034687e-19 5.640658e-19
7311.412145 1.622532e-18 6.172138e-19
7313.243984 1.112221e-18 7.596568e-19
7315.075823 -1.661972e-18 8.265408e-19
7316.907662 -9.066389e-19 8.324861e-19
7318.739501 7.404232e-19 8.196800e-19
7320.571340 -9.754897e-20 7.156971e-19
7322.403179 3.988577e-19 5.692332e-19
7324.235018 1.351696e-18 5.667169e-19
7326.066857 1.519529e-18 6.395569e-19
7327.898696 5.160926e-19 6.752775e-19
7329.730535 5.608550e-19 6.723998e-19
7331.562373 7.138248e-19 6.644012e-19
7333.394212 1.049539e-18 6.192704e-19
7335.226051 2.011654e-18 5.902971e-19
7337.057890 4.012176e-18 7.331946e-19
7338.889729 1.741279e-18 8.734894e-19
7340.721568 1.627381e-18 8.837055e-19
7342.553407 1.455741e-17 8.926122e-19
7344.385246 1.158572e-17 8.238728e-19
7346.217085 1.701137e-18 6.395304e-19
7348.048924 9.896043e-19 5.547010e-19
7349.880763 8.805999e-19 5.605951e-19
7351.712602 8.157842e-19 5.663495e-19
7353.544441 1.198284e-18 5.971414e-19
7355.376279 1.098726e-18 6.723358e-19
7357.208118 5.113645e-19 7.084530e-19
7359.039957 4.186453e-19 7.043229e-19
7360.871796 9.286013e-19 6.927443e-19
7362.703635 8.276076e-19 6.472740e-19
7364.535474 2.513910e-18 6.412961e-19
7366.367313 2.785236e-18 7.610768e-19
7368.199152 5.311467e-19 8.047921e-19
7370.030991 1.489655e-19 8.047358e-19
7371.862830 2.095056e-19 7.915089e-19
7373.694669 -3.148109e-19 6.873051e-19
7375.526508 3.382225e-19 5.539082e-19
7377.358347 -3.540943e-20 5.335107e-19
7379.190186 1.241344e-18 5.291055e-19
7381.022024 1.002886e-18 5.253563e-19
7382.853863 1.168087e-18 5.236819e-19
7384.685702 4.619671e-19 5.187790e-19
7386.517541 1.412753e-18 5.299906e-19
7388.349380 7.520739e-19 5.691716e-19
7390.181219 2.450883e-19 6.060361e-19
7392.013058 6.109359e-19 6.107098e-19
7393.844897 1.248029e-18 6.101039e-19
7395.676736 5.445706e-20 5.983777e-19
7397.508575 1.912190e-18 6.146862e-19
7399.340414 8.679033e-19 6.946801e-19
7401.172253 1.288159e-18 7.170616e-19
7403.004092 5.865654e-19 7.121895e-19
7404.835930 3.133104e-19 6.812449e-19
7406.667769 7.760758e-20 5.810300e-19
7408.499608 6.024183e-19 5.160927e-19
7410.331447 8.993506e-19 5.137121e-19
7412.163286 -3.186950e-21 5.195141e-19
7413.995125 9.618741e-19 5.260246e-19
7415.826964 9.976108e-19 5.246427e-19
7417.658803 5.846301e-19 5.185272e-19
7419.490642 9.885584e-19 5.173135e-19
7421.322481 7.357281e-19 5.143373e-19
7423.154320 -3.915976e-19 5.099097e-19
7424.986159 7.686696e-19 5.274317e-19
7426.817998 9.818504e-19 5.605683e-19
7428.649837 5.523157e-19 5.675774e-19
7430.481675 8.254708e-19 5.693970e-19
7432.313514 6.865224e-19 5.726955e-19
7434.145353 -2.648504e-21 5.873390e-19
7435.977192 2.006156e-19 6.163027e-19
7437.809031 -7.334268e-19 6.219591e-19
7439.640870 4.621295e-19 6.225095e-19
7441.472709 1.244305e-18 6.096585e-19
7443.304548 4.839384e-19 5.429310e-19
7445.136387 6.160646e-19 5.121283e-19
7446.968226 -5.517581e-21 5.117371e-19
7448.800065 1.201862e-19 5.125686e-19
7450.631904 7.660650e-19 5.160401e-19
7452.463743 1.571256e-18 5.171453e-19
7454.295581 1.113090e-18 5.150874e-19
7456.127420 8.200838e-19 5.158092e-19
7457.959259 9.629595e-19 5.220634e-19
7459.791098 6.675543e-19 5.316624e-19
7461.622937 3.543956e-19 5.508738e-19
7463.454776 1.510399e-18 5.703319e-19
7465.286615 -1.035219e-19 5.762976e-19
7467.118454 1.078511e-18 5.970155e-19
7468.950293 4.520454e-19 6.266361e-19
7470.782132 -7.346391e-19 6.470273e-19
7472.613971 9.912153e-19 6.468691e-19
7474.445810 1.759934e-18 6.471198e-19
7476.277649 1.619499e-18 6.528089e-19
7478.109488 1.208166e-18 6.344001e-19
7479.941326 7.154200e-19 6.604475e-19
7481.773165 9.520533e-19 6.821127e-19
7483.605004 5.599552e-19 6.560661e-19
7485.436843 -6.127825e-19 6.202735e-19
7487.268682 -5.144153e-19 5.878093e-19
7489.100521 1.126559e-18 5.542867e-19
7490.932360 1.189235e-18 5.596996e-19
7492.764199 1.003161e-18 5.544359e-19
7494.596038 4.849482e-19 5.413646e-19
7496.427877 1.277619e-18 5.317245e-19
7498.259716 8.736717e-19 5.119600e-19
7500.091555 1.005043e-18 5.080377e-19
7501.923394 8.333976e-19 5.038671e-19
7503.755232 2.655031e-19 5.007827e-19
7505.587071 3.265316e-19 4.973807e-19
7507.418910 5.223141e-19 4.956530e-19
7509.250749 3.884637e-19 4.936581e-19
7511.082588 4.973985e-19 4.954303e-19
7512.914427 6.152378e-19 5.048878e-19
7514.746266 3.073765e-19 5.140255e-19
7516.578105 6.006363e-19 5.217052e-19
7518.409944 1.625910e-18 5.562375e-19
7520.241783 9.778632e-19 6.782612e-19
7522.073622 9.053247e-19 7.258883e-19
7523.905461 9.381284e-19 7.332486e-19
7525.737300 9.442945e-19 7.425233e-19
7527.569139 1.896924e-19 7.073377e-19
7529.400977 3.127890e-19 6.027094e-19
7531.232816 9.639062e-19 5.727176e-19
7533.064655 -2.694544e-19 5.658663e-19
7534.896494 7.817730e-19 5.379394e-19
7536.728333 1.122216e-18 5.333082e-19
7538.560172 5.208628e-19 5.328649e-19
7540.392011 3.451523e-19 5.304399e-19
7542.223850 1.079043e-19 5.271968e-19
7544.055689 6.773002e-19 5.150395e-19
7545.887528 4.697864e-19 5.042764e-19
7547.719367 9.790773e-19 5.044673e-19
7549.551206 1.371402e-18 5.110739e-19
7551.383045 1.827842e-18 5.218254e-19
7553.214883 1.767551e-18 5.523225e-19
7555.046722 4.135640e-20 5.774332e-19
7556.878561 -6.129777e-19 5.806790e-19
7558.710400 1.305317e-19 5.723045e-19
7560.542239 -3.025402e-19 5.548836e-19
7562.374078 2.113610e-19 5.255642e-19
7564.205917 6.308224e-19 5.167767e-19
7566.037756 8.086707e-19 5.318200e-19
7567.869595 1.930777e-18 6.159368e-19
7569.701434 9.853131e-19 6.664361e-19
7571.533273 -1.086507e-19 6.743353e-19
7573.365112 5.058547e-20 6.719193e-19
7575.196951 -5.723458e-19 6.233323e-19
7577.028790 6.685277e-20 5.397242e-19
7578.860628 7.292874e-20 5.014216e-19
7580.692467 -2.050341e-19 5.057699e-19
7582.524306 1.741510e-19 5.396023e-19
7584.356145 3.727620e-19 5.534615e-19
7586.187984 -2.542929e-19 5.565010e-19
7588.019823 2.427465e-19 5.535700e-19
7589.851662 -3.501575e-19 5.196637e-19
7591.683501 2.710670e-19 4.698921e-19
7593.515340 1.958079e-19 4.510702e-19
7595.347179 4.448661e-19 4.560690e-19
7597.179018 5.536680e-19 4.356517e-19
7599.010857 3.429604e-19 4.088455e-19
7600.842696 3.125896e-19 3.862126e-19
7602.674534 4.292184e-19 3.252737e-19
7604.506373 4.300557e-19 2.747312e-19
7606.338212 6.079725e-19 2.713950e-19
7608.170051 1.694881e-19 2.829805e-19
7610.001890 7.883230e-19 3.039642e-19
7611.833729 1.272704e-18 3.292967e-19
7613.665568 9.966128e-19 3.879221e-19
7615.497407 3.661396e-19 4.447736e-19
7617.329246 6.693095e-19 4.738164e-19
7619.161085 5.422635e-19 4.839017e-19
7620.992924 5.982860e-19 4.683034e-19
7622.824763 4.808900e-19 4.332796e-19
7624.656602 4.469749e-19 4.366898e-19
7626.488441 5.188515e-19 4.595343e-19
7628.320279 7.039280e-19 4.619900e-19
7630.152118 1.295343e-19 4.577952e-19
7631.983957 5.909826e-19 4.303467e-19
7633.815796 1.038147e-19 3.867590e-19
7635.647635 2.722287e-19 3.715948e-19
7637.479474 7.371137e-19 3.753673e-19
7639.311313 4.926050e-19 3.814335e-19
7641.143152 2.766073e-19 3.869081e-19
7642.974991 5.223923e-19 3.924388e-19
7644.806830 -5.530977e-20 4.034616e-19
7646.638669 3.999642e-20 4.071382e-19
7648.470508 1.784442e-19 4.224583e-19
7650.302347 5.955323e-19 4.450668e-19
7652.134185 5.762539e-19 4.499205e-19
7653.966024 5.251028e-19 4.594567e-19
7655.797863 7.962566e-19 4.599284e-19
7657.629702 1.555703e-18 4.690790e-19
7659.461541 9.356457e-19 4.967314e-19
7661.293380 8.067903e-20 5.053782e-19
7663.125219 -5.935461e-20 5.067962e-19
7664.957058 1.334748e-18 5.116823e-19
7666.788897 6.768310e-18 4.911505e-19
7668.620736 1.108017e-18 4.613110e-19
7670.452575 3.299001e-19 4.673899e-19
7672.284414 1.599839e-19 4.712088e-19
7674.116253 3.105651e-19 4.684117e-19
7675.948092 3.449054e-19 4.755980e-19
7677.779930 8.530590e-19 4.825998e-19
7679.611769 3.918050e-19 4.872598e-19
7681.443608 2.520702e-19 5.015566e-19
7683.275447 9.108757e-20 5.182145e-19
7685.107286 -6.374055e-20 5.231957e-19
7686.939125 1.099680e-19 5.239339e-19
7688.770964 1.831245e-19 5.296905e-19
7690.602803 8.162367e-19 5.296949e-19
7692.434642 1.097835e-18 5.214935e-19
7694.266481 1.268092e-18 5.257834e-19
7696.098320 1.080173e-18 5.415238e-19
7697.930159 7.462015e-19 5.435339e-19
7699.761998 7.240409e-19 5.466741e-19
7701.593836 5.083119e-19 5.385423e-19
7703.425675 1.070636e-18 5.235237e-19
7705.257514 1.455340e-18 5.092651e-19
7707.089353 3.106905e-18 5.689804e-19
7708.921192 2.105779e-18 7.287517e-19
7710.753031 1.531358e-19 8.497073e-19
7712.584870 1.772439e-18 9.768621e-19
7714.416709 -1.988417e-18 1.087664e-18
7716.248548 -4.977342e-19 1.042812e-18
7718.080387 8.146221e-19 9.172924e-19
7719.912226 4.184347e-19 8.314309e-19
7721.744065 1.155863e-18 7.001100e-19
7723.575904 1.551415e-19 6.280134e-19
7725.407743 -1.002651e-19 6.171250e-19
7727.239581 -8.398981e-19 6.105429e-19
7729.071420 1.681773e-19 5.733017e-19
7730.903259 -1.882447e-19 5.356654e-19
7732.735098 3.860899e-19 5.250853e-19
7734.566937 1.893430e-18 5.242572e-19
7736.398776 1.602987e-18 5.281506e-19
7738.230615 1.311925e-18 5.241474e-19
7740.062454 8.681048e-19 5.061614e-19
7741.894293 7.965267e-19 5.023135e-19
7743.726132 1.114145e-18 5.138343e-19
7745.557971 3.303206e-18 6.284346e-19
7747.389810 2.895540e-18 8.681089e-19
7749.221649 1.270565e-18 9.546872e-19
7751.053487 5.326080e-19 9.527734e-19
7752.885326 2.689022e-18 9.331787e-19
7754.717165 -1.230869e-18 8.034481e-19
7756.549004 -3.887172e-19 6.672209e-19
7758.380843 -5.939644e-19 6.774865e-19
7760.212682 1.487989e-19 6.742090e-19
7762.044521 3.487628e-19 6.621788e-19
7763.876360 1.013277e-18 6.126383e-19
7765.708199 2.223673e-20 5.108376e-19
7767.540038 1.318465e-18 4.972775e-19
7769.371877 1.609745e-18 5.332775e-19
7771.203716 1.098927e-19 5.620484e-19
7773.035555 5.239442e-19 5.672362e-19
7774.867394 3.970856e-19 5.676953e-19
7776.699232 1.193387e-18 6.104582e-19
7778.531071 -3.017545e-20 6.126431e-19
7780.362910 -5.300339e-19 6.003822e-19
7782.194749 9.882269e-20 6.090703e-19
7784.026588 2.474140e-19 5.819630e-19
7785.858427 3.074668e-19 5.208588e-19
7787.690266 1.104874e-18 5.271480e-19
7789.522105 2.449599e-18 6.385654e-19
7791.353944 8.448145e-19 8.188016e-19
7793.185783 1.197361e-18 8.586049e-19
7795.017622 1.572136e-18 8.474016e-19
7796.849461 1.070344e-18 8.090723e-19
7798.681300 6.854818e-19 6.406147e-19
7800.513138 7.075609e-19 4.936010e-19
7802.344977 1.580236e-18 4.877280e-19
7804.176816 1.631183e-18 5.496288e-19
7806.008655 -3.825573e-19 6.265689e-19
7807.840494 -6.537485e-19 6.435680e-19
7809.672333 5.447123e-19 6.431706e-19
7811.504172 8.802370e-19 6.339366e-19
7813.336011 -4.839823e-20 5.465601e-19
7815.167850 1.621161e-18 5.157307e-19
7816.999689 1.996874e-18 6.549867e-19
7818.831528 1.499649e-18 8.582965e-19
7820.663367 8.154251e-19 9.004915e-19
7822.495206 3.133475e-18 8.939774e-19
7824.327045 1.012920e-18 8.588032e-19
7826.158883 1.491667e-19 6.614929e-19
7827.990722 4.710372e-19 5.043789e-19
7829.822561 9.725476e-19 4.862629e-19
7831.654400 -2.292794e-19 4.893991e-19
7833.486239 5.171047e-19 4.785634e-19
7835.318078 1.782979e-19 4.811882e-19
7837.149917 3.049925e-19 5.505147e-19
7838.981756 8.213125e-19 6.251490e-19
7840.813595 2.364072e-18 6.392481e-19
7842.645434 8.756017e-19 6.312003e-19
7844.477273 1.549496e-18 6.173477e-19
7846.309112 1.582359e-18 5.630909e-19
7848.140951 3.449763e-18 6.246757e-19
7849.972789 4.639174e-18 8.735295e-19
7851.804628 9.031012e-19 9.701599e-19
7853.636467 1.861966e-18 9.624672e-19
7855.468306 -3.233021e-19 9.514144e-19
7857.300145 -3.919631e-19 9.018746e-19
7859.131984 5.265543e-21 7.447067e-19
7860.963823 2.755280e-19 6.988345e-19
7862.795662 2.054206e-18 6.802675e-19
7864.627501 1.986544e-18 6.556819e-19
7866.459340 2.194722e-18 6.644352e-19
7868.291179 -4.251536e-19 7.448999e-19
7870.123018 4.986717e-19 7.638756e-19
7871.954857 1.373108e-19 7.440370e-19
7873.786696 1.471737e-18 7.049662e-19
7875.618534 4.633580e-20 6.460230e-19
7877.450373 9.548334e-19 6.406383e-19
7879.282212 -3.396975e-19 6.732797e-19
7881.114051 -1.205903e-18 6.827296e-19
7882.945890 4.312409e-19 6.474659e-19
7884.777729 1.280814e-18 6.361594e-19
7886.609568 1.410656e-18 7.062210e-19
7888.441407 3.640477e-19 7.377787e-19
7890.273246 1.841181e-19 7.420190e-19
7892.105085 5.043893e-19 7.394300e-19
7893.936924 2.441339e-19 6.519106e-19
7895.768763 8.565106e-19 5.330826e-19
7897.600602 9.257004e-19 4.925569e-19
7899.432440 1.062894e-18 4.850616e-19
7901.264279 8.666313e-19 4.829373e-19
7903.096118 7.408953e-19 4.844996e-19
7904.927957 -1.239403e-19 4.841599e-19
7906.759796 1.312219e-18 4.953658e-19
7908.591635 3.703433e-18 6.136237e-19
7910.423474 3.156312e-18 8.801438e-19
7912.255313 1.059279e-18 1.010633e-18
7914.087152 -1.342027e-19 1.042850e-18
7915.918991 -3.736317e-19 1.053266e-18
7917.750830 4.753071e-20 1.001735e-18
7919.582669 -2.232144e-18 8.627496e-19
7921.414508 -2.104196e-18 8.091228e-19
7923.246347 -1.101019e-19 7.889475e-19
7925.078185 -1.106156e-19 7.065845e-19
7926.910024 1.302912e-18 6.378763e-19
7928.741863 1.522186e-18 6.854764e-19
7930.573702 7.946022e-19 7.163558e-19
7932.405541 5.484225e-19 7.036042e-19
7934.237380 6.480843e-19 6.582692e-19
7936.069219 6.041450e-19 5.612124e-19
7937.901058 7.021550e-19 4.880152e-19
7939.732897 4.198175e-19 4.720331e-19
7941.564736 5.797861e-19 4.821011e-19
7943.396575 1.964893e-18 4.979304e-19
7945.228414 1.408224e-18 5.571181e-19
7947.060253 7.695778e-19 6.162443e-19
7948.892091 1.196550e-18 6.281436e-19
7950.723930 1.077208e-18 6.228454e-19
7952.555769 9.509758e-19 5.937551e-19
7954.387608 2.610753e-19 5.201901e-19
7956.219447 5.842711e-19 4.742163e-19
7958.051286 7.504771e-19 4.658226e-19
7959.883125 2.319437e-18 5.707998e-19
7961.714964 1.658021e-18 7.730435e-19
7963.546803 1.906359e-18 8.700115e-19
7965.378642 1.993884e-18 8.848621e-19
7967.210481 5.419385e-19 8.709119e-19
7969.042320 5.015234e-19 7.286213e-19
7970.874159 5.982415e-19 5.542975e-19
7972.705998 1.444913e-18 5.013040e-19
7974.537836 1.460347e-18 5.369183e-19
7976.369675 1.572107e-18 6.243666e-19
7978.201514 7.997838e-19 6.804366e-19
7980.033353 7.496154e-19 6.881285e-19
7981.865192 5.646284e-19 6.690739e-19
7983.697031 4.478688e-19 6.051617e-19
7985.528870 -4.661278e-20 5.164245e-19
7987.360709 9.616895e-19 5.013719e-19
7989.192548 1.753632e-18 6.705927e-19
7991.024387 7.498525e-19 8.563715e-19
7992.856226 -9.156079e-19 9.119192e-19
7994.688065 -1.254582e-18 9.136340e-19
7996.519904 -1.057224e-18 8.658327e-19
7998.351742 -6.620450e-19 6.842149e-19
8000.183581 4.375504e-20 5.144443e-19
8002.015420 4.224497e-19 4.776550e-19
8003.847259 6.768488e-19 4.718022e-19
8005.679098 8.520280e-19 4.668826e-19
8007.510937 1.025612e-18 4.663538e-19
8009.342776 1.165084e-18 5.029796e-19
8011.174615 1.315591e-18 5.792930e-19
8013.006454 1.961247e-19 6.177695e-19
8014.838293 2.916532e-19 6.286035e-19
8016.670132 3.248391e-19 6.261165e-19
8018.501971 9.390925e-19 5.868896e-19
8020.333810 1.156505e-18 5.572654e-19
8022.165649 1.187811e-18 6.779456e-19
8023.997487 -6.361781e-19 7.984353e-19
8025.829326 -9.006932e-19 8.281323e-19
8027.661165 4.716553e-19 8.304981e-19
8029.493004 2.617972e-19 7.714177e-19
8031.324843 6.934570e-19 6.212582e-19
8033.156682 1.103993e-18 5.087128e-19
8034.988521 1.402187e-18 4.804411e-19
8036.820360 1.021778e-18 4.718788e-19
8038.652199 1.176340e-18 4.709954e-19
8040.484038 7.774665e-19 4.746461e-19
8042.315877 5.085543e-19 4.771597e-19
8044.147716 9.868540e-19 4.806517e-19
8045.979555 8.006768e-19 4.867583e-19
8047.811393 4.145523e-19 5.128605e-19
8049.643232 7.193895e-20 5.543275e-19
8051.475071 -3.468867e-19 5.670739e-19
8053.306910 1.079325e-19 5.622344e-19
8055.138749 1.102319e-18 5.456063e-19
8056.970588 1.996344e-18 5.219549e-19
8058.802427 1.875473e-18 5.629345e-19
8060.634266 1.131035e-18 6.257087e-19
8062.466105 4.336081e-19 6.377042e-19
8064.297944 4.798050e-19 6.326654e-19
8066.129783 6.013372e-19 5.933860e-19
8067.961622 1.027526e-18 5.019757e-19
8069.793461 1.295615e-18 4.507261e-19
8071.625300 1.041865e-18 4.488550e-19
8073.457138 8.629452e-19 4.528945e-19
8075.288977 6.871663e-19 4.588651e-19
8077.120816 -1.010264e-20 4.611789e-19
8078.952655 8.807679e-19 4.607887e-19
8080.784494 1.168026e-18 4.593913e-19
8082.616333 6.588024e-19 4.586559e-19
8084.448172 -4.431387e-20 4.546275e-19
8086.280011 2.429553e-19 4.536393e-19
8088.111850 7.478822e-19 4.537604e-19
8089.943689 4.128326e-19 4.622737e-19
8091.775528 3.582188e-19 4.790798e-19
8093.607367 -3.054821e-19 4.812739e-19
8095.439206 8.609408e-19 4.841751e-19
8097.271044 4.632126e-19 4.944477e-19
8099.102883 2.924485e-19 5.183485e-19
8100.934722 -8.979494e-20 5.461118e-19
8102.766561 7.615185e-21 5.544259e-19
8104.598400 3.861932e-19 5.483296e-19
8106.430239 1.483163e-20 5.216207e-19
8108.262078 5.378764e-19 4.782042e-19
8110.093917 8.570250e-19 4.529996e-19
8111.925756 3.903026e-19 4.465549e-19
8113.757595 3.523935e-19 4.452520e-19
8115.589434 1.225654e-18 4.434386e-19
8117.421273 2.092552e-19 4.393643e-19
8119.253112 -2.528122e-20 4.386231e-19
8121.084951 5.332443e-19 4.431025e-19
8122.916789 5.019761e-19 4.449047e-19
8124.748628 6.734824e-19 4.476237e-19
8126.580467 5.303886e-19 4.485214e-19
8128.412306 1.014203e-19 4.497597e-19
8130.244145 3.714494e-19 4.513604e-19
8132.075984 3.830728e-19 4.505374e-19
8133.907823 -3.665950e-19 4.526775e-19
8135.739662 -6.888583e-19 4.630788e-19
8137.571501 -5.702540e-20 4.748563e-19
8139.403340 2.736700e-19 4.778041e-19
8141.235179 5.108191e-19 4.765840e-19
8143.067018 6.617402e-19 4.821897e-19
8144.898857 2.522034e-19 4.887019e-19
8146.730695 5.687115e-19 4.834736e-19
8148.562534 9.175333e-20 4.831488e-19
8150.394373 7.322372e-19 4.794333e-19
8152.226212 4.433098e-19 4.553314e-19
8154.058051 -1.811945e-19 4.378620e-19
8155.889890 -1.406442e-19 4.366410e-19
8157.721729 2.162648e-19 4.383758e-19
8159.553568 3.066126e-19 4.346922e-19
8161.385407 1.118854e-18 4.343632e-19
8163.217246 9.070220e-19 4.323594e-19
8165.049085 4.887669e-19 4.319797e-19
8166.880924 8.257797e-19 4.283625e-19
8168.712763 7.665892e-19 4.311314e-19
8170.544602 3.362918e-19 4.331721e-19
8172.376440 -1.397319e-20 4.344903e-19
8174.208279 -2.718799e-20 4.337048e-19
8176.040118 2.567041e-19 4.335176e-19
8177.871957 1.986877e-19 4.301260e-19
8179.703796 1.663349e-19 4.269817e-19
8181.535635 5.744415e-19 4.282223e-19
8183.367474 9.417862e-19 4.351753e-19
8185.199313 6.435246e-19 4.415937e-19
8187.031152 1.169657e-19 4.462874e-19
8188.862991 4.969259e-19 4.489094e-19
8190.694830 6.459224e-19 4.498064e-19
8192.526669 5.329428e-19 4.425317e-19
8194.358508 1.375921e-19 4.344054e-19
8196.190346 3.529854e-19 4.291609e-19
8198.022185 1.461580e-18 4.300771e-19
8199.854024 1.616422e-18 4.271400e-19
8201.685863 4.033432e-19 4.207763e-19
8203.517702 1.706432e-19 4.246917e-19
8205.349541 3.555508e-19 4.318139e-19
8207.181380 -1.684161e-19 4.377379e-19
8209.013219 -6.328010e-19 4.380555e-19
8210.845058 -2.441105e-19 4.344844e-19
8212.676897 4.882892e-19 4.322058e-19
8214.508736 9.595454e-19 4.304203e-19
8216.340575 1.812096e-19 4.277702e-19
8218.172414 -6.730744e-19 4.258247e-19
8220.004253 5.256261e-20 4.252815e-19
8221.836091 3.072682e-20 4.231390e-19
8223.667930 5.580413e-19 4.200123e-19
8225.499769 1.110746e-20 4.125718e-19
8227.331608 -2.345424e-19 4.061000e-19
8229.163447 2.653361e-19 3.991193e-19
8230.995286 7.789191e-19 3.960148e-19
8232.827125 1.508787e-19 3.972299e-19
8234.658964 1.859852e-19 4.039681e-19
8236.490803 7.692076e-19 4.109671e-19
8238.322642 1.131581e-18 4.188414e-19
8240.154481 1.233590e-18 4.238597e-19
8241.986320 8.736280e-19 4.324394e-19
8243.818159 8.930537e-19 4.377475e-19
8245.649997 8.194740e-19 4.460064e-19
8247.481836 1.201307e-18 4.531184e-19
8249.313675 -1.854322e-20 4.572103e-19
8251.145514 8.342429e-19 4.569561e-19
8252.977353 8.665770e-19 4.529455e-19
8254.809192 1.136880e-19 4.374026e-19
8256.641031 4.033930e-19 4.276479e-19
8258.472870 5.000675e-20 4.252697e-19
8260.304709 -3.354862e-19 4.211968e-19
8262.136548 7.550137e-19 4.203538e-19
8263.968387 6.338279e-19 4.216818e-19
8265.800226 1.059842e-18 4.241549e-19
8267.632065 1.831475e-19 4.238671e-19
8269.463904 6.224176e-19 4.249453e-19
8271.295742 2.628320e-19 4.225189e-19
8273.127581 3.683591e-19 4.247647e-19
8274.959420 3.726679e-19 4.727108e-19
8276.791259 3.734151e-19 5.628906e-19
8278.623098 -4.725648e-19 6.821998e-19
8280.454937 1.267276e-18 7.795040e-19
8282.286776 2.052968e-18 7.987210e-19
8284.118615 1.489315e-18 8.183507e-19
8285.950454 2.548425e-18 8.946993e-19
8287.782293 -1.037078e-18 8.867209e-19
8289.614132 -6.785730e-19 8.498798e-19
8291.445971 -3.170868e-19 8.212262e-19
8293.277810 1.657522e-18 7.688907e-19
8295.109648 3.257538e-18 7.476976e-19
8296.941487 1.394363e-18 8.853029e-19
8298.773326 -4.575477e-19 9.474386e-19
8300.605165 1.156614e-18 9.433666e-19
8302.437004 1.916744e-18 8.658917e-19
8304.268843 2.021185e-18 6.861793e-19
8306.100682 2.583914e-19 5.135709e-19
8307.932521 5.888198e-19 5.512225e-19
8309.764360 6.798800e-19 6.025715e-19
8311.596199 -1.338552e-20 6.116238e-19
8313.428038 -4.905947e-19 6.062758e-19
8315.259877 9.473057e-19 5.723640e-19
8317.091716 6.991104e-19 4.881116e-19
8318.923555 5.746564e-19 4.470582e-19
8320.755393 5.535792e-19 4.349482e-19
8322.587232 1.228193e-18 4.320700e-19
8324.419071 1.384060e-18 4.243747e-19
8326.250910 4.993941e-19 4.173803e-19
8328.082749 1.143319e-18 4.156954e-19
8329.914588 1.282494e-18 4.129097e-19
8331.746427 7.740299e-19 4.095257e-19
8333.578266 9.041845e-19 4.128970e-19
8335.410105 8.953939e-19 4.216628e-19
8337.241944 1.002057e-18 4.323288e-19
8339.073783 9.873750e-19 4.791292e-19
8340.905622 1.651546e-18 7.841897e-19
8342.737461 -1.784300e-18 1.189387e-18
8344.569299 -2.535672e-18 1.312830e-18
8346.401138 -1.796811e-18 1.320790e-18
8348.232977 -2.816539e-19 1.277811e-18
8350.064816 2.359210e-18 1.069762e-18
8351.896655 1.500291e-18 8.595502e-19
8353.728494 2.768418e-19 8.169934e-19
8355.560333 1.324001e-19 7.986304e-19
8357.392172 9.074085e-19 7.215749e-19
8359.224011 2.781871e-19 5.445937e-19
8361.055850 1.027005e-18 5.010191e-19
8362.887689 7.262756e-19 5.679319e-19
8364.719528 5.737241e-19 5.959595e-19
8366.551367 4.959206e-19 5.873806e-19
8368.383206 2.915302e-19 5.651063e-19
8370.215044 3.842690e-19 4.999195e-19
8372.046883 3.728129e-19 4.305425e-19
8373.878722 6.059087e-19 4.174891e-19
8375.710561 2.878851e-19 4.200130e-19
8377.542400 1.030464e-18 4.537151e-19
8379.374239 6.455359e-19 5.746815e-19
8381.206078 2.030545e-19 6.783255e-19
8383.037917 2.885022e-19 6.969586e-19
8384.869756 8.949863e-19 6.898358e-19
8386.701595 1.664237e-18 6.395029e-19
8388.533434 1.621465e-18 5.060103e-19
8390.365273 6.028514e-19 4.311148e-19
8392.197112 -1.176821e-19 4.237245e-19
8394.028950 1.126374e-18 4.512488e-19
8395.860789 2.228954e-18 7.313051e-19
8397.692628 -9.123505e-19 1.029793e-18
8399.524467 5.305804e-19 1.097828e-18
8401.356306 1.285609e-18 1.094043e-18
8403.188145 2.530148e-18 1.021108e-18
8405.019984 3.772649e-18 7.174694e-19
8406.851823 6.292721e-19 4.455542e-19
8408.683662 1.394684e-18 4.054982e-19
8410.515501 7.784041e-19 4.232914e-19
8412.347340 -2.113564e-19 5.727673e-19
8414.179179 3.090118e-19 6.952093e-19
8416.011018 3.001676e-19 7.167908e-19
8417.842857 9.732506e-21 7.199504e-19
8419.674695 2.103684e-18 6.764199e-19
8421.506534 1.146641e-18 5.164298e-19
8423.338373 -4.261129e-19 4.347656e-19
8425.170212 4.838236e-19 4.729739e-19
8427.002051 1.416385e-18 7.977432e-19
8428.833890 2.231720e-19 1.117030e-18
8430.665729 1.504531e-18 1.188462e-18
8432.497568 -1.944188e-18 1.178934e-18
8434.329407 1.177261e-18 1.095765e-18
8436.161246 2.527170e-18 7.451452e-19
8437.993085 8.555589e-19 4.623907e-19
8439.824924 4.304520e-19 4.109900e-19
8441.656763 2.468602e-19 4.012454e-19
8443.488601 1.994609e-19 4.006536e-19
8445.320440 3.963064e-19 4.029276e-19
8447.152279 5.545964e-19 4.126285e-19
8448.984118 1.723174e-18 5.188546e-19
8450.815957 9.312218e-19 6.472816e-19
8452.647796 -8.407788e-19 6.751734e-19
8454.479635 -5.179659e-19 6.774910e-19
8456.311474 -3.614403e-19 6.521377e-19
8458.143313 8.736041e-19 5.203644e-19
8459.975152 5.234502e-19 4.345373e-19
8461.806991 7.067164e-19 6.132054e-19
8463.638830 2.026497e-19 9.005666e-19
8465.470669 1.018984e-19 9.859964e-19
8467.302508 -2.163016e-19 9.895643e-19
8469.134346 1.587384e-18 9.705046e-19
8470.966185 1.445072e-18 7.252567e-19
8472.798024 9.399036e-19 4.793728e-19
8474.629863 7.782170e-19 4.280390e-19
8476.461702 1.396782e-18 4.226446e-19
8478.293541 9.648848e-19 4.192872e-19
8480.125380 4.897613e-19 4.093865e-19
8481.957219 7.646606e-20 3.997956e-19
8483.789058 3.670919e-19 4.011468e-19
8485.620897 1.313440e-18 4.056979e-19
8487.452736 5.930692e-19 4.058311e-19
8489.284575 8.888368e-19 4.370357e-19
8491.116414 1.229997e-18 5.479908e-19
8492.948252 2.925122e-19 6.032009e-19
8494.780091 -8.872857e-19 6.067060e-19
8496.611930 -9.621518e-19 6.029578e-19
8498.443769 1.844080e-18 5.508785e-19
8500.275608 8.588739e-19 4.764387e-19
8502.107447 8.729216e-19 6.400084e-19
8503.939286 1.807129e-19 7.714049e-19
8505.771125 -1.086488e-18 7.913012e-19
8507.602964 1.447491e-19 7.898442e-19
8509.434803 7.637460e-19 7.189828e-19
8511.266642 4.767907e-20 5.071213e-19
8513.098481 5.575901e-22 4.147789e-19
8514.930320 -1.532018e-19 4.053492e-19
8516.762159 1.539819e-19 4.011167e-19
8518.593997 -2.861382e-19 4.041084e-19
8520.425836 4.045210e-19 4.071449e-19
8522.257675 2.552000e-19 4.084352e-19
8524.089514 1.407856e-18 4.093986e-19
8525.921353 1.263939e-18 4.037493e-19
8527.753192 1.038651e-18 3.968605e-19
8529.585031 7.468233e-19 3.956827e-19
8531.416870 6.789694e-19 3.936480e-19
8533.248709 1.059841e-18 3.939764e-19
8535.080548 4.847437e-19 4.159906e-19
8536.912387 4.625650e-19 4.710629e-19
8538.744226 8.561538e-19 4.784369e-19
8540.576065 7.029446e-19 4.738683e-19
8542.407903 5.797205e-19 4.660074e-19
8544.239742 5.269607e-19 4.344352e-19
8546.071581 6.704129e-19 4.964397e-19
8547.903420 7.149270e-19 5.651635e-19
8549.735259 -8.858966e-19 5.766093e-19
8551.567098 1.094001e-18 5.809772e-19
8553.398937 3.275002e-19 5.391779e-19
8555.230776 4.040751e-19 4.337671e-19
8557.062615 1.310207e-18 3.968632e-19
8558.894454 4.889705e-19 3.911457e-19
8560.726293 3.277415e-19 3.899010e-19
8562.558132 2.134951e-19 3.905769e-19
8564.389971 8.369966e-19 3.922129e-19
8566.221810 2.942907e-19 3.907434e-19
8568.053648 7.535457e-19 3.945590e-19
8569.885487 -3.460318e-19 3.949732e-19
8571.717326 5.310193e-18 4.041725e-19
8573.549165 4.106649e-18 4.090005e-19
8575.381004 8.874701e-19 4.114438e-19
8577.212843 1.184677e-18 4.114479e-19
8579.044682 1.045753e-18 4.074320e-19
8580.876521 4.511962e-19 3.994852e-19
8582.708360 3.083406e-19 3.956422e-19
8584.540199 -3.234474e-21 4.028119e-19
8586.372038 6.590812e-19 4.349159e-19
8588.203877 3.626916e-19 4.454268e-19
8590.035716 1.680024e-19 4.494060e-19
8591.867554 5.148388e-19 4.543385e-19
8593.699393 9.036003e-19 4.554230e-19
8595.531232 1.850229e-19 4.707505e-19
8597.363071 4.982280e-20 4.758237e-19
8599.194910 4.858969e-19 4.783025e-19
8601.026749 -3.940782e-19 4.709203e-19
8602.858588 -6.112145e-19 4.319508e-19
8604.690427 2.055834e-19 4.088637e-19
8606.522266 -5.337355e-20 4.104457e-19
8608.354105 9.975328e-19 4.163343e-19
8610.185944 8.591321e-19 4.320828e-19
8612.017783 6.358856e-19 4.577074e-19
8613.849622 2.987356e-19 4.946748e-19
8615.681461 1.477998e-19 5.389600e-19
8617.513299 1.799746e-20 5.928869e-19
8619.345138 7.570369e-19 6.519941e-19
8621.176977 4.427630e-19 6.954467e-19
8623.008816 2.641729e-19 7.421105e-19
8624.840655 6.929477e-20 7.789481e-19
8626.672494 1.873416e-18 8.223843e-19
8628.504333 9.530172e-19 8.395035e-19
8630.336172 7.634277e-19 8.563376e-19
8632.168011 3.075001e-18 8.410206e-19
8633.999850 1.330334e-18 8.206454e-19
8635.831689 -4.466105e-19 7.772010e-19
8637.663528 7.845726e-19 7.311927e-19
8639.495367 3.123178e-19 6.745673e-19
8641.327205 8.529279e-19 6.055306e-19
8643.159044 8.206733e-19 5.514229e-19
8644.990883 8.278741e-19 5.400284e-19
8646.822722 1.080136e-18 5.661098e-19
8648.654561 2.833933e-19 6.394080e-19
8650.486400 -1.258123e-18 6.985663e-19
8652.318239 2.763171e-19 7.671231e-19
8654.150078 1.188661e-19 8.208151e-19
8655.981917 4.372629e-19 8.262300e-19
8657.813756 8.514679e-22 8.612310e-19
8659.645595 1.416910e-18 8.596426e-19
8661.477434 9.235362e-19 8.283771e-19
8663.309273 7.267883e-19 8.486141e-19
8665.141112 8.956070e-19 8.001581e-19
8666.972950 9.601579e-19 7.802124e-19
8668.804789 1.301311e-18 7.841538e-19
8670.636628 1.122769e-18 7.207882e-19
8672.468467 2.153749e-19 6.971041e-19
8674.300306 9.813577e-19 6.919835e-19
8676.132145 -3.909172e-19 6.206396e-19
8677.963984 9.539897e-19 6.105303e-19
8679.795823 1.423662e-18 6.003720e-19
8681.627662 1.469139e-18 5.487437e-19
8683.459501 5.199769e-19 5.353253e-19
8685.291340 3.331837e-19 5.277970e-19
8687.123179 8.231909e-19 4.844339e-19
8688.955018 8.511474e-19 4.707335e-19
8690.786856 -1.341340e-20 4.724608e-19
8692.618695 -1.319373e-18 4.447286e-19
8694.450534 -3.692538e-19 4.403381e-19
8696.282373 1.217965e-18 4.489563e-19
8698.114212 1.452134e-18 4.496678e-19
8699.946051 1.209340e-19 4.385686e-19
8701.777890 3.245868e-19 4.412036e-19
8703.609729 4.611495e-19 4.565262e-19
8705.441568 9.575473e-19 4.531554e-19
8707.273407 1.310222e-18 4.507630e-19
8709.105246 5.498451e-19 4.399155e-19
8710.937085 7.597612e-19 4.292573e-19
8712.768924 6.495207e-19 4.068769e-19
8714.600763 1.066984e-18 3.932875e-19
8716.432601 4.393917e-19 3.902069e-19
8718.264440 6.540162e-19 3.879215e-19
8720.096279 7.265439e-19 3.878015e-19
8721.928118 6.424748e-19 3.910826e-19
8723.759957 8.292249e-19 4.008437e-19
8725.591796 5.530242e-19 4.114868e-19
8727.423635 5.132754e-19 4.132349e-19
8729.255474 3.254019e-19 4.129673e-19
8731.087313 5.861001e-19 4.098891e-19
8732.919152 6.204491e-19 3.984828e-19
8734.750991 3.249205e-19 3.939721e-19
8736.582830 5.038748e-19 3.971145e-19
8738.414669 5.603767e-19 3.962559e-19
8740.246507 7.808356e-20 3.997269e-19
8742.078346 -2.103118e-19 4.039888e-19
8743.910185 -7.490854e-20 4.047707e-19
8745.742024 -1.325774e-19 4.034462e-19
8747.573863 -3.174702e-20 4.022956e-19
8749.405702 6.546015e-20 4.003664e-19
8751.237541 1.218691e-19 4.025710e-19
8753.069380 -1.089555e-19 4.212277e-19
8754.901219 3.899801e-19 5.082072e-19
8756.733058 1.320650e-18 7.046875e-19
8758.564897 1.422269e-18 9.093831e-19
8760.396736 -1.402373e-19 1.017640e-18
8762.228575 -5.120504e-19 1.090461e-18
8764.060414 2.532741e-18 1.197520e-18
8765.892252 1.787610e-18 1.219141e-18
8767.724091 2.896416e-19 1.151043e-18
8769.555930 3.742550e-19 1.072721e-18
8771.387769 1.934959e-18 9.664161e-19
8773.219608 1.613014e-18 9.137936e-19
8775.051447 1.876299e-18 1.021622e-18
8776.883286 1.682493e-18 1.149093e-18
8778.715125 1.760835e-18 1.164292e-18
8780.546964 1.312366e-18 1.069747e-18
8782.378803 1.099598e-18 8.361309e-19
8784.210642 7.429922e-19 5.783594e-19
8786.042481 1.129071e-18 4.882183e-19
8787.874320 1.823957e-18 5.857701e-19
8789.706158 5.852551e-19 6.625771e-19
8791.537997 -3.531222e-19 6.802652e-19
8793.369836 1.803125e-18 6.671745e-19
8795.201675 8.387378e-19 5.695082e-19
8797.033514 9.283732e-19 4.638449e-19
8798.865353 2.698560e-19 4.003256e-19
8800.697192 3.142017e-19 3.894873e-19
8802.529031 -4.334550e-19 3.854789e-19
8804.360870 8.812110e-19 3.926995e-19
8806.192709 8.332345e-19 4.082825e-19
8808.024548 8.647655e-19 4.226209e-19
8809.856387 9.664499e-19 4.313568e-19
8811.688226 9.173239e-19 4.313494e-19
8813.520065 3.540348e-19 4.188814e-19
8815.351903 6.172763e-19 4.062396e-19
8817.183742 5.491481e-19 3.993004e-19
8819.015581 -2.481357e-19 4.262696e-19
8820.847420 -6.284508e-19 6.583109e-19
8822.679259 3.436843e-19 1.104378e-18
8824.511098 7.242001e-19 1.530739e-18
8826.342937 4.361164e-19 1.727108e-18
8828.174776 -9.283375e-19 1.735706e-18
8830.006615 1.331784e-18 1.565007e-18
8831.838454 1.981259e-18 1.303440e-18
8833.670293 4.242167e-18 1.105126e-18
8835.502132 3.125272e-19 1.036456e-18
8837.333971 -8.903578e-20 1.005231e-18
8839.165809 1.052342e-18 8.819456e-19
8840.997648 4.341517e-19 6.977007e-19
8842.829487 6.136384e-19 5.452346e-19
8844.661326 9.258138e-19 5.204799e-19
8846.493165 1.192471e-18 5.831173e-19
8848.325004 6.968484e-19 6.360666e-19
8850.156843 6.327359e-19 6.467851e-19
8851.988682 1.332391e-19 6.035035e-19
8853.820521 4.594097e-19 5.286981e-19
8855.652360 4.871666e-19 4.601482e-19
8857.484199 6.798309e-19 4.262609e-19
8859.316038 7.225208e-19 4.319892e-19
8861.147877 3.139551e-19 5.171656e-19
8862.979716 1.608753e-18 6.548843e-19
8864.811554 1.106597e-18 7.714647e-19
8866.643393 -2.356706e-19 8.456006e-19
8868.475232 -9.655222e-19 8.409971e-19
8870.307071 4.049897e-19 7.201998e-19
8872.138910 6.132378e-19 5.848959e-19
8873.970749 6.085862e-19 4.646188e-19
8875.802588 1.034698e-18 4.009521e-19
8877.634427 1.210883e-20 4.171028e-19
8879.466266 1.163763e-18 6.688535e-19
8881.298105 -5.844259e-19 9.650328e-19
8883.129944 -1.179657e-18 1.212787e-18
8884.961783 -1.820993e-18 1.382177e-18
8886.793622 -1.463480e-18 1.354844e-18
8888.625460 -2.461930e-18 1.122836e-18
8890.457299 -3.813668e-19 8.874500e-19
8892.289138 8.322249e-19 6.041583e-19
8894.120977 -5.201648e-19 4.519341e-19
8895.952816 1.580317e-19 5.212301e-19
8897.784655 8.104706e-19 6.718339e-19
8899.616494 1.053510e-18 7.770900e-19
8901.448333 5.652356e-19 9.044972e-19
8903.280172 6.868719e-19 9.128559e-19
8905.112011 -3.381496e-19 8.105388e-19
8906.943850 6.540977e-19 6.764058e-19
8908.775689 2.282377e-18 5.695092e-19
8910.607528 1.263114e-18 4.812552e-19
8912.439367 2.958441e-18 7.387699e-19
8914.271205 4.219584e-18 1.029177e-18
8916.103044 -9.752814e-19 1.202103e-18
8917.934883 -3.463994e-20 1.453584e-18
8919.766722 8.153973e-19 1.454029e-18
8921.598561 -1.821432e-18 1.189495e-18
8923.430400 -3.917127e-19 9.822839e-19
8925.262239 2.216811e-18 7.428535e-19
8927.094078 2.260871e-19 4.745170e-19
8928.925917 1.008238e-18 4.251022e-19
8930.757756 7.888219e-19 4.434649e-19
8932.589595 -3.058204e-19 5.171500e-19
8934.421434 -9.831397e-19 5.186261e-19
8936.253273 1.605698e-18 6.243288e-19
8938.085111 1.056350e-18 6.921709e-19
8939.916950 3.441571e-19 7.839312e-19
8941.748789 1.273608e-18 9.743785e-19
8943.580628 4.999238e-19 9.792398e-19
8945.412467 9.452930e-19 8.752527e-19
8947.244306 5.844861e-20 8.345967e-19
8949.076145 2.349421e-18 7.756749e-19
8950.907984 4.958124e-18 8.028088e-19
8952.739823 2.711247e-18 9.079228e-19
8954.571662 -3.560222e-19 1.101931e-18
8956.403501 2.538159e-18 1.571177e-18
8958.235340 -4.024912e-18 1.598496e-18
8960.067179 -4.685128e-18 1.389454e-18
8961.899018 1.265784e-19 1.272561e-18
8963.730856 7.663665e-18 9.853918e-19
8965.562695 6.722857e-18 5.689256e-19
8967.394534 -1.686743e-20 4.813288e-19
8969.226373 3.795427e-20 4.918826e-19
8971.058212 3.553396e-19 4.916164e-19
8972.890051 -3.302437e-19 4.972102e-19
8974.721890 1.511749e-19 5.050214e-19
8976.553729 7.520179e-19 5.208806e-19
8978.385568 1.182903e-18 5.742870e-19
8980.217407 4.621314e-19 6.519263e-19
8982.049246 -1.647835e-19 6.652067e-19
8983.881085 2.770994e-18 6.999939e-19
8985.712924 4.393665e-18 9.935700e-19
8987.544762 -5.295561e-19 7.728837e-19
8989.376601 -1.275086e-18 7.865213e-19
8991.208440 -1.501932e-18 7.768996e-19
8993.040279 -1.250140e-18 7.217061e-19
8994.872118 3.946665e-19 5.500298e-19
8996.703957 5.963732e-19 5.059435e-19
8998.535796 1.409130e-18 7.644793e-19
9000.367635 6.535535e-19 1.040877e-18
9002.199474 -1.400426e-20 1.140424e-18
9004.031313 1.679396e-18 1.137953e-18
9005.863152 9.736268e-19 1.029032e-18
9007.694991 -1.138260e-18 6.757403e-19
9009.526830 -1.030787e-19 4.450747e-19
9011.358669 5.864861e-19 4.524451e-19
9013.190507 1.845183e-19 4.514685e-19
9015.022346 1.120079e-19 4.284743e-19
9016.854185 -2.442904e-19 4.209605e-19
9018.686024 4.347412e-20 4.412568e-19
9020.517863 2.836009e-19 4.582673e-19
9022.349702 1.634080e-19 4.708125e-19
9024.181541 4.092228e-19 4.774076e-19
9026.013380 3.669127e-19 4.598565e-19
9027.845219 -1.463316e-19 4.534538e-19
9029.677058 3.754113e-19 4.531739e-19
9031.508897 2.284959e-19 4.687374e-19
9033.340736 6.237469e-19 4.780196e-19
9035.172575 1.322402e-18 5.458463e-19
9037.004413 1.158905e-18 6.382970e-19
9038.836252 -8.220950e-19 6.469158e-19
9040.668091 2.152909e-19 6.738778e-19
9042.499930 -2.631001e-19 6.297093e-19
9044.331769 -1.031262e-18 5.271359e-19
9046.163608 1.928320e-18 6.232519e-19
9047.995447 5.953047e-19 7.915297e-19
9049.827286 -1.050497e-18 8.249024e-19
9051.659125 9.941882e-20 8.188112e-19
9053.490964 5.144239e-19 7.871517e-19
9055.322803 -1.484642e-19 6.175879e-19
9057.154642 -5.545786e-19 4.734010e-19
9058.986481 -8.344204e-21 4.388198e-19
9060.818320 2.366906e-19 4.420764e-19
9062.650158 -1.067362e-18 4.438960e-19
9064.481997 -5.218325e-20 4.496338e-19
9066.313836 5.261094e-19 4.632926e-19
9068.145675 5.436212e-19 4.718067e-19
9069.977514 2.315044e-19 4.687577e-19
9071.809353 -4.915966e-19 4.578217e-19
9073.641192 1.282367e-18 4.552279e-19
9075.473031 3.321937e-19 4.368768e-19
9077.304870 5.855761e-19 4.255767e-19
9079.136709 1.537201e-19 4.254202e-19
9080.968548 1.239378e-19 4.304085e-19
9082.800387 2.331963e-19 4.308275e-19
9084.632226 -6.600967e-21 4.258152e-19
9086.464064 -1.132707e-18 4.250025e-19
9088.295903 1.198356e-18 4.503770e-19
9090.127742 1.076334e-18 5.204100e-19
9091.959581 1.086248e-19 5.477471e-19
9093.791420 2.511813e-19 5.479520e-19
9095.623259 8.130448e-19 5.653943e-19
9097.455098 4.245232e-19 5.224245e-19
9099.286937 1.329884e-18 5.272557e-19
9101.118776 1.002272e-18 6.180181e-19
9102.950615 -2.857439e-19 6.346250e-19
9104.782454 5.968774e-19 6.331266e-19
9106.614293 -2.185017e-19 6.069953e-19
9108.446132 -4.442362e-19 5.097636e-19
9110.277971 -3.647304e-20 4.286220e-19
9112.109809 2.455585e-19 4.287405e-19
9113.941648 4.141575e-19 4.308932e-19
9115.773487 5.883456e-21 4.257060e-19
9117.605326 3.279957e-19 4.279525e-19
9119.437165 5.170409e-19 4.137961e-19
9121.269004 3.675972e-19 4.292930e-19
9123.100843 6.062325e-19 4.305241e-19
9124.932682 9.527910e-19 4.420059e-19
9126.764521 -1.748167e-19 4.360888e-19
9128.596360 -5.309547e-19 4.322140e-19
9130.428199 -2.482571e-19 4.368747e-19
9132.260038 -9.719004e-20 4.439790e-19
9134.091877 4.017626e-20 4.608725e-19
9135.923715 3.364898e-19 4.777164e-19
9137.755554 -1.401885e-19 4.822459e-19
9139.587393 -5.023412e-19 5.685433e-19
9141.419232 2.007370e-19 2.301955e-19
9143.251071 8.552998e-20 2.344164e-19
9145.082910 -1.147874e-19 2.332898e-19
9146.914749 -6.306699e-19 2.503852e-19
9148.746588 -1.001715e-18 2.732700e-19
9150.578427 -4.708352e-19 3.054354e-19
9152.410266 -1.244741e-19 3.153977e-19
9154.242105 -7.473943e-19 3.082202e-19
9156.073944 -8.648369e-19 2.960509e-19
9157.905783 -7.915610e-19 3.739080e-19
9159.737622 -3.551088e-19 3.063848e-19
9161.569460 0.000000e+00 0.000000e+00
9163.401299 0.000000e+00 0.000000e+00
9165.233138 0.000000e+00 0.000000e+00
9167.064977 0.000000e+00 0.000000e+00
9168.896816 0.000000e+00 0.000000e+00
9170.728655 0.000000e+00 0.000000e+00
9172.560494 0.000000e+00 0.000000e+00
9174.392333 0.000000e+00 0.000000e+00
9176.224172 0.000000e+00 0.000000e+00
9178.056011 0.000000e+00 0.000000e+00
9179.887850 0.000000e+00 0.000000e+00
9181.719689 0.000000e+00 0.000000e+00
9183.551528 0.000000e+00 0.000000e+00
9185.383366 0.000000e+00 0.000000e+00
9187.215205 0.000000e+00 0.000000e+00
9189.047044 0.000000e+00 0.000000e+00
9190.878883 0.000000e+00 0.000000e+00
9192.710722 0.000000e+00 0.000000e+00
9194.542561 0.000000e+00 0.000000e+00
9196.374400 0.000000e+00 0.000000e+00
9198.206239 0.000000e+00 0.000000e+00
9200.038078 0.000000e+00 0.000000e+00
9201.869917 0.000000e+00 0.000000e+00
9203.701756 0.000000e+00 0.000000e+00
9205.533595 0.000000e+00 0.000000e+00
9207.365434 0.000000e+00 0.000000e+00
9209.197273 0.000000e+00 0.000000e+00
9211.029111 0.000000e+00 0.000000e+00
9212.860950 0.000000e+00 0.000000e+00
9214.692789 0.000000e+00 0.000000e+00
9216.524628 0.000000e+00 0.000000e+00
9218.356467 0.000000e+00 0.000000e+00
9220.188306 0.000000e+00 0.000000e+00
9222.020145 0.000000e+00 0.000000e+00
9223.851984 0.000000e+00 0.000000e+00
9225.683823 0.000000e+00 0.000000e+00
9227.515662 0.000000e+00 0.000000e+00
9229.347501 0.000000e+00 0.000000e+00
9231.179340 0.000000e+00 0.000000e+00
9233.011179 0.000000e+00 0.000000e+00
9234.843017 0.000000e+00 0.000000e+00
9236.674856 0.000000e+00 0.000000e+00
9238.506695 0.000000e+00 0.000000e+00
9240.338534 0.000000e+00 0.000000e+00
9242.170373 0.000000e+00 0.000000e+00
9244.002212 0.000000e+00 0.000000e+00
9245.834051 0.000000e+00 0.000000e+00
9247.665890 0.000000e+00 0.000000e+00
9249.497729 0.000000e+00 0.000000e+00
9251.329568 0.000000e+00 0.000000e+00
9253.161407 0.000000e+00 0.000000e+00
9254.993246 0.000000e+00 0.000000e+00
9256.825085 0.000000e+00 0.000000e+00
9258.656924 0.000000e+00 0.000000e+00
9260.488762 0.000000e+00 0.000000e+00
9262.320601 0.000000e+00 0.000000e+00
9264.152440 0.000000e+00 0.000000e+00
9265.984279 0.000000e+00 0.000000e+00
9267.816118 0.000000e+00 0.000000e+00
9269.647957 0.000000e+00 0.000000e+00
9271.479796 0.000000e+00 0.000000e+00
9273.311635 0.000000e+00 0.000000e+00
9275.143474 0.000000e+00 0.000000e+00
9276.975313 0.000000e+00 0.000000e+00
9278.807152 0.000000e+00 0.000000e+00
9280.638991 0.000000e+00 0.000000e+00
9282.470830 0.000000e+00 0.000000e+00
9284.302668 0.000000e+00 0.000000e+00
9286.134507 0.000000e+00 0.000000e+00
9287.966346 0.000000e+00 0.000000e+00
9289.798185 0.000000e+00 0.000000e+00
9291.630024 0.000000e+00 0.000000e+00
9293.461863 0.000000e+00 0.000000e+00
9295.293702 0.000000e+00 0.000000e+00
9297.125541 0.000000e+00 0.000000e+00
9298.957380 0.000000e+00 0.000000e+00
9300.789219 0.000000e+00 0.000000e+00
9302.621058 0.000000e+00 0.000000e+00
9304.452897 0.000000e+00 0.000000e+00
9306.284736 0.000000e+00 0.000000e+00
9308.116575 0.000000e+00 0.000000e+00
9309.948413 0.000000e+00 0.000000e+00
9311.780252 0.000000e+00 0.000000e+00
9313.612091 0.000000e+00 0.000000e+00
9315.443930 0.000000e+00 0.000000e+00
9317.275769 0.000000e+00 0.000000e+00
9319.107608 0.000000e+00 0.000000e+00
9320.939447 0.000000e+00 0.000000e+00
9322.771286 0.000000e+00 0.000000e+00
9324.603125 0.000000e+00 0.000000e+00
9326.434964 0.000000e+00 0.000000e+00
9328.266803 0.000000e+00 0.000000e+00
9330.098642 0.000000e+00 0.000000e+00
9331.930481 0.000000e+00 0.000000e+00
9333.762319 0.000000e+00 0.000000e+00
9335.594158 0.000000e+00 0.000000e+00
9337.425997 0.000000e+00 0.000000e+00
9339.257836 0.000000e+00 0.000000e+00
9341.089675 0.000000e+00 0.000000e+00
9342.921514 0.000000e+00 0.000000e+00
9344.753353 0.000000e+00 0.000000e+00
9346.585192 0.000000e+00 0.000000e+00
9348.417031 0.000000e+00 0.000000e+00
