3281.094382 -3.206545e-20 1.621115e-20
3282.216186 1.323043e-19 1.937034e-20
3283.337990 8.286852e-20 1.919673e-20
3284.459794 6.411305e-20 1.915970e-20
3285.581599 5.231033e-20 1.824769e-20
3286.703403 2.255393e-20 1.725809e-20
3287.825207 -1.668686e-20 1.684849e-20
3288.947011 1.366539e-19 1.857443e-20
3290.068815 1.109766e-19 1.722398e-20
3291.190619 4.569079e-20 1.584696e-20
3292.312423 5.870790e-20 1.653992e-20
3293.434227 1.199630e-19 1.742915e-20
3294.556031 1.129276e-19 1.682134e-20
3295.677835 9.940287e-20 1.743040e-20
3296.799640 -4.741504e-21 1.473270e-20
3297.921444 3.693526e-20 1.734745e-20
3299.043248 6.788131e-20 1.696022e-20
3300.165052 1.301202e-19 1.813808e-20
3301.286856 2.878541e-20 1.584611e-20
3302.408660 -1.559949e-20 1.569764e-20
3303.530464 7.788552e-22 1.519521e-20
3304.652268 2.620184e-21 1.502526e-20
3305.774072 1.061650e-21 1.482391e-20
3306.895876 -1.074669e-20 1.601181e-20
3308.017681 1.400883e-19 1.878598e-20
3309.139485 5.671756e-20 1.723283e-20
3310.261289 1.193746e-19 1.939501e-20
3311.383093 1.197604e-19 1.940233e-20
3312.504897 2.843071e-20 1.736714e-20
3313.626701 7.169922e-20 1.862937e-20
3314.748505 9.180861e-18 5.897947e-18
3315.870309 6.198169e-18 4.959406e-18
3316.992113 6.688595e-18 4.830040e-18
3318.113917 1.199364e-17 4.746282e-18
3319.235722 2.961805e-17 1.303341e-17
3320.357526 2.155301e-17 8.990710e-18
3321.479330 2.266577e-17 8.741371e-18
3322.601134 1.691333e-17 1.390702e-17
3323.722938 2.808445e-17 1.309460e-17
3324.844742 2.678680e-17 1.200782e-17
3325.966546 1.776487e-17 1.182748e-17
3327.088350 3.084885e-18 1.139159e-17
3328.210154 3.221920e-17 1.243482e-17
3329.331958 3.414539e-17 1.295314e-17
3330.453763 1.433652e-17 1.073768e-17
3331.575567 4.303555e-18 1.071929e-17
3332.697371 2.211765e-17 1.128058e-17
3333.819175 2.713801e-17 1.156392e-17
3334.940979 2.373456e-17 1.151372e-17
3336.062783 2.372606e-17 1.145044e-17
3337.184587 3.025224e-17 1.227408e-17
3338.306391 3.424393e-17 1.342458e-17
3339.428195 2.673422e-17 1.334287e-17
3340.549999 3.535514e-17 1.345510e-17
3341.671803 2.753793e-17 1.323267e-17
3342.793608 1.494339e-17 1.236863e-17
3343.915412 6.107438e-18 1.222887e-17
3345.037216 2.463668e-17 1.333476e-17
3346.159020 1.918545e-17 1.354838e-17
3347.280824 5.421995e-18 1.245822e-17
3348.402628 1.639698e-17 1.237136e-17
3349.524432 2.594717e-17 1.316884e-17
3350.646236 4.296993e-17 1.353860e-17
3351.768040 5.791453e-17 1.414246e-17
3352.889844 3.115457e-17 1.426335e-17
3354.011649 5.157556e-18 1.349797e-17
3355.133453 2.557581e-17 1.367861e-17
3356.255257 1.671127e-18 1.352782e-17
3357.377061 -1.012346e-17 1.230548e-17
3358.498865 -2.400188e-18 1.259583e-17
3359.620669 4.417194e-18 1.424111e-17
3360.742473 2.964646e-17 1.370403e-17
3361.864277 3.568755e-17 1.389820e-17
3362.986081 2.388975e-17 1.436623e-17
3364.107885 3.352587e-17 1.461452e-17
3365.229690 4.849786e-17 1.464712e-17
3366.351494 2.306536e-17 1.510546e-17
3367.473298 2.629494e-17 1.462220e-17
3368.595102 2.994457e-17 1.445966e-17
3369.716906 1.959286e-17 1.458275e-17
3370.838710 4.424351e-17 1.509278e-17
3371.960514 2.558780e-17 1.493933e-17
3373.082318 1.949634e-18 1.501002e-17
3374.204122 5.558205e-17 1.725748e-17
3375.325926 6.047825e-17 2.019442e-17
3376.447731 5.274867e-18 1.174712e-17
3377.569535 -1.310523e-17 1.091245e-17
3378.691339 -1.590425e-17 1.112602e-17
3379.813143 9.685586e-18 1.102482e-17
3380.934947 5.094866e-17 1.173067e-17
3382.056751 2.955249e-17 1.127428e-17
3383.178555 6.738699e-17 1.237504e-17
3384.300359 2.868635e-17 1.156379e-17
3385.422163 7.954001e-17 1.337435e-17
3386.543967 2.338326e-17 1.166028e-17
3387.665772 -1.412462e-17 1.084815e-17
3388.787576 -3.325777e-17 1.310654e-17
3389.909380 9.104174e-19 6.956315e-18
3391.031184 1.260399e-17 6.834039e-18
3392.152988 1.081560e-17 6.754862e-18
3393.274792 7.055437e-18 6.743541e-18
3394.396596 4.238257e-17 7.121853e-18
3395.518400 2.998158e-17 7.181915e-18
3396.640204 3.249509e-17 7.369702e-18
3397.762008 3.496619e-17 7.484590e-18
3398.883813 1.930146e-17 7.513983e-18
3400.005617 -5.747091e-18 7.464247e-18
3401.127421 -4.229786e-18 7.147996e-18
3402.249225 -3.104398e-18 7.115024e-18
3403.371029 -1.302810e-17 6.818734e-18
3404.492833 -1.270905e-17 8.518409e-18
3405.614637 3.997155e-18 7.736609e-18
3406.736441 8.640209e-18 7.591773e-18
3407.858245 2.372102e-18 7.474850e-18
3408.980049 2.533985e-17 7.701328e-18
3410.101853 1.376723e-17 7.608164e-18
3411.223658 -1.846177e-17 7.166718e-18
3412.345462 -1.958180e-17 7.156061e-18
3413.467266 -1.168836e-17 7.212714e-18
3414.589070 1.060730e-17 7.242202e-18
3415.710874 3.262374e-17 7.509243e-18
3416.832678 3.520130e-17 7.685662e-18
3417.954482 1.747653e-17 7.796531e-18
3419.076286 6.807615e-18 9.118965e-18
3420.198090 1.427243e-17 8.025231e-18
3421.319894 1.688939e-18 7.898991e-18
3422.441699 -3.385296e-19 7.743963e-18
3423.563503 2.058629e-18 7.682872e-18
3424.685307 5.697445e-18 7.690592e-18
3425.807111 1.011139e-17 7.843207e-18
3426.928915 3.326354e-17 7.947852e-18
3428.050719 5.579353e-17 8.088226e-18
3429.172523 3.922470e-17 7.997354e-18
3430.294327 1.369672e-17 7.878297e-18
3431.416131 6.376272e-18 7.820746e-18
3432.537935 -3.127775e-18 7.656372e-18
3433.659740 -3.712962e-18 7.622092e-18
3434.781544 -1.652876e-18 7.671504e-18
3435.903348 1.501264e-18 7.637566e-18
3437.025152 -1.418201e-17 7.434471e-18
3438.146956 -6.014018e-17 6.937349e-18
3439.268760 -4.873308e-17 6.615497e-18
3440.390564 -1.202072e-17 6.734366e-18
3441.512368 -1.006342e-17 6.504033e-18
3442.634172 1.684145e-17 6.626857e-18
3443.755976 2.676779e-17 6.757916e-18
3444.877781 4.041677e-17 6.925564e-18
3445.999585 4.964736e-17 7.161305e-18
3447.121389 4.545725e-17 7.400863e-18
3448.243193 6.193626e-17 7.667225e-18
3449.364997 3.707596e-17 7.670657e-18
3450.486801 1.423357e-17 7.588106e-18
3451.608605 2.553649e-17 7.612744e-18
3452.730409 7.871591e-18 7.584741e-18
3453.852213 -1.061637e-19 7.507085e-18
3454.974017 2.840027e-18 7.456213e-18
3456.095822 -1.266795e-17 7.249800e-18
3457.217626 -2.156875e-17 7.058603e-18
3458.339430 -1.494336e-17 6.837042e-18
3459.461234 -1.023261e-17 6.675644e-18
3460.583038 1.739502e-17 6.681487e-18
3461.704842 2.837451e-17 6.683555e-18
3462.826646 1.990748e-17 6.712295e-18
3463.948450 2.186060e-17 6.784073e-18
3465.070254 2.655296e-17 6.808287e-18
3466.192058 1.248873e-17 6.728914e-18
3467.313862 1.240437e-17 6.676440e-18
3468.435667 2.444138e-17 6.708899e-18
3469.557471 2.963469e-18 6.636311e-18
3470.679275 -3.387013e-18 6.480851e-18
3471.801079 -2.011176e-17 6.224146e-18
3472.922883 -3.380237e-17 5.945526e-18
3474.044687 -1.446206e-17 5.769931e-18
3475.166491 2.421614e-17 5.828999e-18
3476.288295 3.766847e-17 5.914735e-18
3477.410099 3.920636e-17 6.103030e-18
3478.531903 5.519457e-17 6.457671e-18
3479.653708 5.012522e-17 6.618851e-18
3480.775512 3.213518e-18 6.423517e-18
3481.897316 -6.425452e-19 6.287734e-18
3483.019120 -4.422362e-18 6.178953e-18
3484.140924 1.009614e-17 6.201201e-18
3485.262728 2.930179e-17 6.326978e-18
3486.384532 8.145353e-18 6.250763e-18
3487.506336 -1.484305e-17 6.086504e-18
3488.628140 2.896654e-18 5.991666e-18
3489.749944 -1.457670e-17 5.727781e-18
3490.871749 -1.131379e-17 5.608070e-18
3491.993553 3.517954e-17 5.726180e-18
3493.115357 1.894925e-17 5.763833e-18
3494.237161 -1.320097e-18 5.618937e-18
3495.358965 1.374706e-17 5.539712e-18
3496.480769 3.220289e-17 5.619096e-18
3497.602573 4.401100e-18 5.648118e-18
3498.724377 3.221209e-17 5.832368e-18
3499.846181 5.553073e-17 6.110585e-18
3500.967985 2.695903e-17 6.185487e-18
3502.089790 -1.703283e-18 6.088178e-18
3503.211594 4.858872e-18 6.019335e-18
3504.333398 2.486706e-18 6.021336e-18
3505.455202 1.430764e-17 6.020901e-18
3506.577006 6.595647e-18 5.952199e-18
3507.698810 -3.719944e-18 5.874597e-18
3508.820614 1.667609e-17 5.893888e-18
3509.942418 4.008943e-18 5.805390e-18
3511.064222 -2.089797e-17 5.678026e-18
3512.186026 -8.410722e-18 5.549122e-18
3513.307831 1.527601e-17 5.550735e-18
3514.429635 2.513625e-17 5.655743e-18
3515.551439 3.667227e-17 5.742002e-18
3516.673243 4.206697e-17 5.864698e-18
3517.795047 1.236480e-17 5.878340e-18
3518.916851 -1.265769e-17 5.717354e-18
3520.038655 -1.998449e-17 5.610469e-18
3521.160459 -2.047607e-17 5.375817e-18
3522.282263 -2.070838e-17 5.202960e-18
3523.404067 -2.324709e-17 5.028868e-18
3524.525872 -8.830607e-18 4.923637e-18
3525.647676 1.777601e-17 5.047378e-18
3526.769480 3.819966e-17 5.227418e-18
3527.891284 3.328497e-17 5.395224e-18
3529.013088 3.103930e-17 5.517408e-18
3530.134892 7.586094e-18 5.564736e-18
3531.256696 4.197751e-18 5.476741e-18
3532.378500 8.032588e-18 5.502488e-18
3533.500304 3.183742e-18 5.498053e-18
3534.622108 8.864463e-18 5.569038e-18
3535.743912 1.807227e-17 5.603011e-18
3536.865717 2.398022e-17 5.676369e-18
3537.987521 1.368782e-17 5.697362e-18
3539.109325 9.381137e-18 5.662110e-18
3540.231129 2.500053e-17 5.730248e-18
3541.352933 1.518954e-17 5.727671e-18
3542.474737 -3.555145e-18 5.611277e-18
3543.596541 1.619730e-17 5.675300e-18
3544.718345 4.600252e-18 5.762525e-18
3545.840149 -1.679715e-17 5.666166e-18
3546.961953 -1.156422e-17 5.669387e-18
3548.083758 -7.519067e-18 5.630336e-18
3549.205562 -7.343960e-18 5.504531e-18
3550.327366 -3.007609e-18 5.439687e-18
3551.449170 -1.055528e-17 5.358416e-18
3552.570974 -1.934353e-17 5.273199e-18
3553.692778 -9.800940e-19 5.290933e-18
3554.814582 -1.002016e-17 5.184481e-18
3555.936386 -1.275871e-17 5.142494e-18
3557.058190 -9.306821e-18 5.173757e-18
3558.179994 -7.676647e-18 5.105118e-18
3559.301799 -6.295176e-18 5.118823e-18
3560.423603 4.292998e-18 5.132538e-18
3561.545407 2.807066e-18 5.157108e-18
3562.667211 -4.165078e-17 4.990988e-18
3563.789015 -3.707769e-17 4.772504e-18
3564.910819 -2.140438e-17 4.641110e-18
3566.032623 -2.790155e-17 4.462029e-18
3567.154427 -2.536005e-17 4.281140e-18
3568.276231 -1.542943e-18 4.264921e-18
3569.398035 -1.415688e-18 4.252822e-18
3570.519840 -9.298479e-18 4.265577e-18
3571.641644 4.021714e-18 4.295873e-18
3572.763448 1.380883e-17 4.419117e-18
3573.885252 9.658363e-18 4.581337e-18
3575.007056 2.717441e-18 4.655895e-18
3576.128860 -1.280453e-17 4.582237e-18
3577.250664 -7.778595e-18 4.480141e-18
3578.372468 -2.598891e-17 4.290161e-18
3579.494272 -3.724197e-17 4.002319e-18
3580.616076 -1.398888e-17 3.844575e-18
3581.737881 -1.032497e-17 3.858152e-18
3582.859685 -1.974160e-17 3.731817e-18
3583.981489 2.457038e-19 3.786798e-18
3585.103293 2.351077e-19 3.816827e-18
3586.225097 -2.647428e-18 3.730157e-18
3587.346901 1.042001e-17 3.802421e-18
3588.468705 3.128429e-17 4.089078e-18
3589.590509 3.097639e-17 4.390784e-18
3590.712313 1.161143e-17 4.488758e-18
3591.834117 1.121143e-17 4.611486e-18
3592.955922 7.899073e-18 4.696559e-18
3594.077726 -7.720335e-18 4.688420e-18
3595.199530 -9.018948e-19 4.767350e-18
3596.321334 1.129724e-17 4.821434e-18
3597.443138 1.920065e-18 4.861510e-18
3598.564942 1.093561e-18 4.930950e-18
3599.686746 -8.192077e-18 4.857204e-18
3600.808550 -1.611008e-17 4.760074e-18
3601.930354 -1.800959e-17 4.651819e-18
3603.052158 -2.661258e-17 4.444192e-18
3604.173962 -1.619299e-17 4.313887e-18
3605.295767 -4.406793e-18 4.300127e-18
3606.417571 -1.180517e-17 4.196949e-18
3607.539375 -8.267621e-18 4.089739e-18
3608.661179 4.251161e-18 4.061217e-18
3609.782983 7.909871e-19 4.084801e-18
3610.904787 4.340572e-18 4.105859e-18
3612.026591 1.665454e-17 4.219636e-18
3613.148395 3.394433e-17 4.410918e-18
3614.270199 8.863532e-18 4.446087e-18
3615.392003 -1.572445e-18 4.426378e-18
3616.513808 -5.946157e-18 4.265581e-18
3617.635612 -4.493395e-18 4.117533e-18
3618.757416 -6.590752e-18 3.997479e-18
3619.879220 1.094169e-17 4.039691e-18
3621.001024 2.362353e-17 4.181874e-18
3622.122828 2.176071e-17 4.367292e-18
3623.244632 2.230321e-17 4.510896e-18
3624.366436 2.489653e-17 4.637520e-18
3625.488240 9.479319e-18 4.726930e-18
3626.610044 2.148750e-17 4.847442e-18
3627.731849 1.685357e-17 4.853804e-18
3628.853653 -1.755353e-17 4.587030e-18
3629.975457 -1.621263e-17 4.332205e-18
3631.097261 -1.885878e-19 4.249001e-18
3632.219065 -3.305525e-18 4.071383e-18
3633.340869 1.617624e-17 4.108706e-18
3634.462673 2.640456e-17 4.277394e-18
3635.584477 1.411823e-17 4.328670e-18
3636.706281 2.234022e-17 4.393965e-18
3637.828085 2.592657e-17 4.515377e-18
3638.949890 1.284401e-17 4.558805e-18
3640.071694 6.562918e-18 4.550927e-18
3641.193498 -7.017061e-18 4.495031e-18
3642.315302 3.322246e-18 4.369802e-18
3643.437106 4.947923e-18 4.238645e-18
3644.558910 1.807635e-18 4.116641e-18
3645.680714 -1.305007e-17 4.009488e-18
3646.802518 1.023168e-17 3.981740e-18
3647.924322 1.096779e-17 3.994395e-18
3649.046126 1.213643e-17 4.000124e-18
3650.167931 2.678190e-17 4.083694e-18
3651.289735 2.393251e-17 4.223957e-18
3652.411539 1.988712e-17 4.337730e-18
3653.533343 1.770080e-17 4.391140e-18
3654.655147 1.560859e-17 4.410270e-18
3655.776951 6.012219e-18 4.360197e-18
3656.898755 7.551008e-18 4.384891e-18
3658.020559 1.614220e-17 4.390776e-18
3659.142363 1.259133e-17 4.452367e-18
3660.264167 7.385486e-18 4.413694e-18
3661.385971 -2.382120e-18 4.381783e-18
3662.507776 -7.570854e-19 4.290850e-18
3663.629580 2.826150e-18 4.293031e-18
3664.751384 6.110811e-18 4.244097e-18
3665.873188 -2.237447e-18 4.182235e-18
3666.994992 -1.779871e-19 4.122939e-18
3668.116796 -5.098163e-18 3.999263e-18
3669.238600 3.674354e-18 4.025299e-18
3670.360404 4.197780e-18 4.024069e-18
3671.482208 4.553424e-18 4.069566e-18
3672.604012 1.478874e-17 4.101385e-18
3673.725817 1.142327e-17 4.157976e-18
3674.847621 2.187055e-18 4.069413e-18
3675.969425 -3.012179e-18 3.953532e-18
3677.091229 2.473649e-19 3.896608e-18
3678.213033 -8.055626e-18 3.750037e-18
3679.334837 -4.752243e-18 3.700670e-18
3680.456641 2.189429e-18 3.699339e-18
3681.578445 1.118782e-18 3.722377e-18
3682.700249 -6.604358e-18 3.758735e-18
3683.822053 -3.229922e-18 3.803317e-18
3684.943858 -3.234954e-18 3.713162e-18
3686.065662 -4.778753e-18 3.625695e-18
3687.187466 1.613677e-18 3.571272e-18
3688.309270 6.302713e-18 3.638117e-18
3689.431074 6.177228e-18 3.751731e-18
3690.552878 6.974463e-18 3.881497e-18
3691.674682 1.968153e-18 3.915433e-18
3692.796486 -1.680764e-18 3.930778e-18
3693.918290 -1.039957e-17 3.885581e-18
3695.040094 -1.045047e-17 3.814797e-18
3696.161899 -1.507268e-18 3.814289e-18
3697.283703 1.225655e-18 3.939522e-18
3698.405507 2.014343e-18 3.998233e-18
3699.527311 -3.911219e-19 4.067693e-18
3700.649115 -4.502382e-18 4.163705e-18
3701.770919 -1.441738e-17 4.088659e-18
3702.892723 -2.405895e-17 3.830702e-18
3704.014527 -1.819723e-17 3.609880e-18
3705.136331 -1.243883e-17 3.487858e-18
3706.258135 -1.007955e-17 3.395470e-18
3707.379940 -2.186023e-18 3.348201e-18
3708.501744 5.699497e-18 3.473208e-18
3709.623548 2.836516e-18 3.566574e-18
3710.745352 1.082185e-18 3.643433e-18
3711.867156 -3.901692e-19 3.795352e-18
3712.988960 -1.381213e-18 3.943981e-18
3714.110764 -9.294747e-18 3.929321e-18
3715.232568 -7.986764e-18 3.950522e-18
3716.354372 -1.687697e-17 3.858476e-18
3717.476176 -2.355413e-17 3.619205e-18
3718.597981 -7.169445e-18 3.400048e-18
3719.719785 -1.457381e-17 3.169101e-18
3720.841589 -1.363827e-17 3.000408e-18
3721.963393 -7.773911e-19 3.033329e-18
3723.085197 5.482513e-18 3.225643e-18
3724.207001 4.632362e-18 3.457717e-18
3725.328805 -1.604274e-18 3.502523e-18
3726.450609 -8.116012e-18 3.512020e-18
3727.572413 -6.991398e-18 3.544158e-18
3728.694217 -9.481148e-18 3.499962e-18
3729.816021 -1.723511e-18 3.474909e-18
3730.937826 3.411048e-18 3.458755e-18
3732.059630 -1.001078e-17 3.295912e-18
3733.181434 -7.450400e-18 3.067414e-18
3734.303238 -7.461707e-18 2.908194e-18
3735.425042 -2.453758e-18 2.798353e-18
3736.546846 6.216197e-18 2.871341e-18
3737.668650 9.081116e-18 3.055391e-18
3738.790454 9.748639e-18 3.293312e-18
3739.912258 1.136969e-17 3.494724e-18
3741.034062 6.422733e-18 3.667274e-18
3742.155867 1.367144e-18 3.639003e-18
3743.277671 -2.826786e-18 3.509198e-18
3744.399475 -1.115493e-17 3.316726e-18
3745.521279 -2.719011e-18 3.130753e-18
3746.643083 1.557844e-20 2.969940e-18
3747.764887 -2.282383e-18 2.829137e-18
3748.886691 4.220869e-18 2.843717e-18
3750.008495 5.965090e-18 2.951577e-18
3751.130299 9.556575e-18 3.095875e-18
3752.252103 1.821662e-17 3.355628e-18
3753.373908 1.035980e-17 3.537057e-18
3754.495712 7.078092e-18 3.615109e-18
3755.617516 3.515901e-18 3.528832e-18
3756.739320 -2.322795e-18 3.331448e-18
3757.861124 2.858526e-18 3.188775e-18
3758.982928 3.477921e-18 3.062563e-18
3760.104732 3.991233e-18 3.040793e-18
3761.226536 7.903418e-18 3.096818e-18
3762.348340 7.040216e-18 3.131422e-18
3763.470144 5.820988e-18 3.143263e-18
3764.591949 5.903872e-18 3.108521e-18
3765.713753 5.272222e-18 3.045855e-18
3766.835557 1.334186e-17 3.094690e-18
3767.957361 2.854780e-18 3.075049e-18
3769.079165 4.763673e-18 3.029397e-18
3770.200969 1.077655e-17 3.120925e-18
3771.322773 4.552502e-18 3.182041e-18
3772.444577 3.359957e-20 3.230791e-18
3773.566381 8.566165e-18 3.317555e-18
3774.688185 1.243106e-17 3.339529e-18
3775.809990 4.293553e-18 3.330940e-18
3776.931794 7.455851e-18 3.307048e-18
3778.053598 3.910338e-18 3.329361e-18
3779.175402 9.083455e-18 3.390736e-18
3780.297206 1.001962e-17 3.388684e-18
3781.419010 8.930380e-18 3.385353e-18
3782.540814 1.194470e-17 3.480106e-18
3783.662618 7.035976e-18 3.455008e-18
3784.784422 1.299055e-18 3.396862e-18
3785.906226 5.669762e-18 3.274871e-18
3787.028030 3.430096e-18 3.136552e-18
3788.149835 -1.251186e-18 2.924775e-18
3789.271639 7.661594e-18 2.908199e-18
3790.393443 9.787983e-18 2.953828e-18
3791.515247 1.188738e-17 2.970098e-18
3792.637051 5.979282e-18 2.923313e-18
3793.758855 2.944440e-18 2.892656e-18
3794.880659 1.591357e-19 2.816566e-18
3796.002463 -1.318349e-19 2.708723e-18
3797.124267 1.006207e-17 2.673329e-18
3798.246071 6.595163e-18 2.668341e-18
3799.367876 5.025049e-18 2.686217e-18
3800.489680 9.200690e-18 2.770419e-18
3801.611484 9.569058e-18 2.950597e-18
3802.733288 8.081832e-18 3.091636e-18
3803.855092 8.365941e-18 3.147941e-18
3804.976896 8.168518e-18 3.031007e-18
3806.098700 8.335669e-18 2.989333e-18
3807.220504 4.761631e-18 2.954740e-18
3808.342308 4.490633e-18 2.980658e-18
3809.464112 -3.777668e-20 3.049011e-18
3810.585917 8.887981e-18 3.082204e-18
3811.707721 3.049269e-19 3.013161e-18
3812.829525 5.934834e-19 2.896859e-18
3813.951329 1.578173e-18 2.769749e-18
3815.073133 8.154490e-19 2.665851e-18
3816.194937 5.161479e-18 2.693077e-18
3817.316741 4.177841e-18 2.654347e-18
3818.438545 1.895019e-18 2.595441e-18
3819.560349 5.161414e-18 2.576509e-18
3820.682153 1.563365e-18 2.559445e-18
3821.803958 3.690480e-19 2.516318e-18
3822.925762 1.696400e-18 2.475501e-18
3824.047566 4.181399e-18 2.468892e-18
3825.169370 2.452306e-19 2.380766e-18
3826.291174 2.836351e-18 2.283967e-18
3827.412978 -9.662187e-19 2.278404e-18
3828.534782 2.475240e-18 2.358523e-18
3829.656586 3.192881e-18 2.413796e-18
3830.778390 1.174601e-18 2.402808e-18
3831.900194 2.850540e-18 2.377635e-18
3833.021999 1.262399e-18 2.331565e-18
3834.143803 1.309980e-19 2.314373e-18
3835.265607 1.815981e-18 2.323347e-18
3836.387411 2.570623e-18 2.319460e-18
3837.509215 3.249252e-18 2.303951e-18
3838.631019 -1.674154e-18 2.257469e-18
3839.752823 -1.336308e-18 2.275134e-18
3840.874627 -2.302542e-19 2.403463e-18
3841.996431 -1.560381e-19 2.551193e-18
3843.118235 -1.077986e-18 2.689182e-18
3844.240040 -2.210059e-18 2.788324e-18
3845.361844 1.940050e-18 2.824862e-18
3846.483648 -1.740181e-19 2.854941e-18
3847.605452 3.122811e-18 2.816318e-18
3848.727256 -2.450488e-18 2.766134e-18
3849.849060 4.591429e-19 2.772026e-18
3850.970864 1.096870e-18 2.764619e-18
3852.092668 1.925138e-18 2.745738e-18
3853.214472 2.415951e-18 2.754254e-18
3854.336276 -7.778597e-19 2.717460e-18
3855.458080 7.327052e-19 2.666887e-18
3856.579885 -1.449120e-18 2.588440e-18
3857.701689 5.105314e-19 2.482955e-18
3858.823493 8.748934e-19 2.404784e-18
3859.945297 3.320555e-18 2.441571e-18
3861.067101 7.075074e-19 2.491190e-18
3862.188905 -8.692537e-20 2.629627e-18
3863.310709 1.288700e-18 2.750468e-18
3864.432513 3.728307e-18 2.830701e-18
3865.554317 -8.530599e-19 2.817099e-18
3866.676121 -1.109499e-18 2.760888e-18
3867.797926 7.864389e-19 2.704824e-18
3868.919730 -2.219197e-19 2.626146e-18
3870.041534 -5.277288e-18 2.512371e-18
3871.163338 -1.227421e-18 2.434094e-18
3872.285142 1.136897e-18 2.449864e-18
3873.406946 -5.221698e-19 2.534165e-18
3874.528750 -7.588939e-19 2.664268e-18
3875.650554 3.800100e-18 2.731167e-18
3876.772358 5.020488e-19 2.719060e-18
3877.894162 4.285716e-18 2.632711e-18
3879.015967 4.057007e-18 2.562263e-18
3880.137771 4.851112e-19 2.473826e-18
3881.259575 -5.875662e-18 2.476084e-18
3882.381379 -1.124589e-18 2.541196e-18
3883.503183 2.070440e-19 2.543337e-18
3884.624987 2.375484e-19 2.489205e-18
3885.746791 1.201061e-18 2.519896e-18
3886.868595 3.222666e-18 2.459000e-18
3887.990399 -1.168584e-18 2.387277e-18
3889.112203 -3.495697e-18 2.447204e-18
3890.234008 -5.374195e-19 2.562755e-18
3891.355812 -2.424723e-18 2.640705e-18
3892.477616 1.469655e-18 2.744221e-18
3893.599420 4.750829e-18 2.785182e-18
3894.721224 4.802521e-18 2.783323e-18
3895.843028 -1.609702e-19 2.793591e-18
3896.964832 3.919496e-18 2.794119e-18
3898.086636 3.003712e-18 2.797936e-18
3899.208440 6.385140e-18 2.825800e-18
3900.330244 7.217568e-18 2.817425e-18
3901.452049 2.646533e-18 2.762438e-18
3902.573853 2.962019e-18 2.766448e-18
3903.695657 1.237618e-17 2.717862e-18
3904.817461 4.762383e-18 2.652691e-18
3905.939265 1.241376e-17 2.698742e-18
3907.061069 6.999907e-18 2.770393e-18
3908.182873 1.061398e-17 2.821028e-18
3909.304677 1.292068e-17 2.910659e-18
3910.426481 6.109420e-18 2.958101e-18
3911.548285 4.015606e-18 2.971927e-18
3912.670089 7.324538e-18 2.941244e-18
3913.791894 6.350686e-18 2.935424e-18
3914.913698 7.571582e-18 2.918179e-18
3916.035502 1.081911e-17 2.885470e-18
3917.157306 9.440431e-18 2.836343e-18
3918.279110 1.794608e-18 2.753092e-18
3919.400914 7.143871e-18 2.693050e-18
3920.522718 6.023937e-18 2.610873e-18
3921.644522 6.026007e-18 2.566963e-18
3922.766326 5.872114e-18 2.558662e-18
3923.888130 3.185043e-18 2.554579e-18
3925.009935 7.800086e-18 2.537438e-18
3926.131739 1.506903e-17 2.474224e-18
3927.253543 5.976847e-18 2.313923e-18
3928.375347 1.860470e-18 2.158499e-18
3929.497151 5.484827e-18 2.006875e-18
3930.618955 5.131487e-18 1.855873e-18
3931.740759 6.158169e-18 1.717549e-18
3932.862563 5.071023e-18 1.612601e-18
3933.984367 3.191552e-18 1.577358e-18
3935.106171 -1.982452e-18 1.606691e-18
3936.227976 -1.207587e-18 1.717000e-18
3937.349780 5.572361e-19 1.895479e-18
3938.471584 1.109232e-18 2.081862e-18
3939.593388 2.141742e-18 2.213706e-18
3940.715192 6.652374e-18 2.405465e-18
3941.836996 9.821894e-18 2.487456e-18
3942.958800 5.261855e-18 2.474650e-18
3944.080604 4.985259e-18 2.576888e-18
3945.202408 8.187936e-18 2.734920e-18
3946.324212 2.617797e-18 2.764114e-18
3947.446017 1.182407e-17 2.854991e-18
3948.567821 7.797837e-18 2.773851e-18
3949.689625 6.834322e-18 2.696496e-18
3950.811429 8.087270e-18 2.671589e-18
3951.933233 7.022449e-18 2.685393e-18
3953.055037 1.194910e-17 2.716855e-18
3954.176841 8.142557e-18 2.674477e-18
3955.298645 3.156921e-18 2.638061e-18
3956.420449 1.780532e-18 2.643166e-18
3957.542253 4.233850e-18 2.660949e-18
3958.664058 -1.027164e-18 2.584444e-18
3959.785862 -4.513227e-18 2.507001e-18
3960.907666 -1.529440e-18 2.411778e-18
3962.029470 1.523903e-18 2.291849e-18
3963.151274 1.103642e-19 2.147040e-18
3964.273078 -1.082123e-18 2.027966e-18
3965.394882 3.438293e-18 1.941520e-18
3966.516686 4.166210e-18 1.777305e-18
3967.638490 1.851535e-18 1.628712e-18
3968.760294 -8.179667e-19 1.559566e-18
3969.882099 -2.051197e-18 1.596812e-18
3971.003903 -3.117928e-18 1.716555e-18
3972.125707 -5.034594e-18 1.871169e-18
3973.247511 -5.067747e-18 2.053449e-18
3974.369315 -3.903174e-18 2.193921e-18
3975.491119 -1.869363e-19 2.319754e-18
3976.612923 -4.997779e-18 2.430939e-18
3977.734727 -2.033478e-18 2.535485e-18
3978.856531 -5.604227e-18 2.617882e-18
3979.978335 -7.149311e-18 2.675162e-18
3981.100139 -4.953889e-18 2.706614e-18
3982.221944 2.725908e-18 2.713741e-18
3983.343748 4.980661e-20 2.702804e-18
3984.465552 3.186259e-18 2.703540e-18
3985.587356 1.258204e-18 2.687516e-18
3986.709160 1.832975e-18 2.729116e-18
3987.830964 6.501635e-18 2.758376e-18
3988.952768 -4.316286e-19 2.775999e-18
3990.074572 6.646366e-19 2.819826e-18
3991.196376 1.770328e-19 2.849431e-18
3992.318180 -2.829062e-18 2.899393e-18
3993.439985 -1.862052e-18 2.913978e-18
3994.561789 4.564491e-18 2.903626e-18
3995.683593 1.622035e-18 2.819210e-18
3996.805397 -1.449713e-18 2.740511e-18
3997.927201 -2.144119e-18 2.757141e-18
3999.049005 -3.390763e-18 2.791703e-18
4000.170809 -5.272854e-18 2.842784e-18
4001.292613 1.697147e-18 2.903393e-18
4002.414417 6.129733e-18 2.912466e-18
4003.536221 6.959734e-18 2.825713e-18
4004.658026 2.077329e-18 2.780598e-18
4005.779830 2.954745e-18 2.753596e-18
4006.901634 -2.382373e-18 2.737240e-18
4008.023438 -1.175260e-18 2.778559e-18
4009.145242 3.088956e-18 2.873849e-18
4010.267046 2.367300e-18 2.922482e-18
4011.388850 5.698986e-18 2.923160e-18
4012.510654 4.478020e-18 2.929908e-18
4013.632458 2.865950e-18 2.935849e-18
4014.754262 5.450706e-18 2.918933e-18
4015.876067 3.310917e-18 2.875587e-18
4016.997871 7.417460e-19 2.888364e-18
4018.119675 4.191983e-18 2.899907e-18
4019.241479 3.094768e-18 2.871744e-18
4020.363283 -1.785256e-18 2.888370e-18
4021.485087 2.166071e-18 2.919942e-18
4022.606891 2.828283e-18 2.891816e-18
4023.728695 2.495881e-18 2.876929e-18
4024.850499 1.614738e-18 2.894774e-18
4025.972303 -1.309989e-18 2.888224e-18
4027.094108 1.522770e-19 2.908708e-18
4028.215912 2.249832e-18 2.894653e-18
4029.337716 3.763103e-18 2.835903e-18
4030.459520 7.222866e-18 2.780953e-18
4031.581324 4.426155e-18 2.682671e-18
4032.703128 2.362282e-18 2.637865e-18
4033.824932 -3.588457e-18 2.639142e-18
4034.946736 -2.793977e-18 2.691063e-18
4036.068540 -2.946234e-18 2.775792e-18
4037.190344 -3.238685e-18 2.858652e-18
4038.312148 4.544339e-18 2.911030e-18
4039.433953 1.672764e-18 2.906516e-18
4040.555757 -5.828007e-19 2.907358e-18
4041.677561 6.420490e-18 2.904619e-18
4042.799365 1.048202e-17 2.823556e-18
4043.921169 8.503574e-18 2.712146e-18
4045.042973 5.038805e-18 2.613673e-18
4046.164777 1.213710e-18 2.584275e-18
4047.286581 -3.663168e-18 2.594381e-18
4048.408385 -5.969217e-18 2.696520e-18
4049.530189 1.809056e-18 2.838071e-18
4050.651994 3.964677e-18 2.869974e-18
4051.773798 4.318975e-19 2.833736e-18
4052.895602 5.947123e-18 2.808437e-18
4054.017406 6.972464e-18 2.757912e-18
4055.139210 2.577310e-18 2.711335e-18
4056.261014 3.372546e-18 2.703384e-18
4057.382818 -4.862499e-19 2.679350e-18
4058.504622 1.814484e-18 2.716312e-18
4059.626426 3.227411e-18 2.757065e-18
4060.748230 7.360842e-18 2.746661e-18
4061.870035 6.857643e-18 2.675312e-18
4062.991839 1.628106e-18 2.640344e-18
4064.113643 8.684937e-18 2.622943e-18
4065.235447 3.429729e-18 2.584074e-18
4066.357251 -6.866716e-18 2.631311e-18
4067.479055 1.185194e-17 2.760870e-18
4068.600859 1.208550e-17 2.782836e-18
4069.722663 1.260655e-17 2.737732e-18
4070.844467 1.094793e-17 2.723676e-18
4071.966271 9.201443e-18 2.729579e-18
4073.088076 9.633408e-18 2.688880e-18
4074.209880 8.655665e-18 2.692269e-18
4075.331684 3.394615e-18 2.696090e-18
4076.453488 7.376485e-18 2.663440e-18
4077.575292 7.401605e-18 2.631200e-18
4078.697096 4.546857e-18 2.637538e-18
4079.818900 7.798931e-18 2.700989e-18
4080.940704 8.484133e-18 2.780937e-18
4082.062508 9.885157e-18 2.799115e-18
4083.184312 7.793609e-18 2.787074e-18
4084.306117 5.518313e-18 2.742639e-18
4085.427921 5.492076e-18 2.746673e-18
4086.549725 3.523191e-18 2.782055e-18
4087.671529 7.843504e-18 2.833434e-18
4088.793333 3.807658e-18 2.862934e-18
4089.915137 8.370582e-18 2.887470e-18
4091.036941 1.050517e-17 2.838261e-18
4092.158745 8.651298e-18 2.817743e-18
4093.280549 6.794533e-18 2.793110e-18
4094.402353 8.197797e-18 2.750603e-18
4095.524158 3.600695e-18 2.717871e-18
4096.645962 1.519311e-18 2.668537e-18
4097.767766 3.735974e-18 2.630169e-18
4098.889570 2.471410e-18 2.576769e-18
4100.011374 5.475302e-18 2.469852e-18
4101.133178 8.698042e-19 2.407919e-18
4102.254982 2.031506e-18 2.383162e-18
4103.376786 -1.555386e-18 2.400303e-18
4104.498590 -5.006162e-18 2.489076e-18
4105.620394 3.051981e-18 2.596018e-18
4106.742198 2.854418e-19 2.649336e-18
4107.864003 3.051168e-18 2.702404e-18
4108.985807 1.035154e-18 2.695001e-18
4110.107611 3.601613e-18 2.680904e-18
4111.229415 -5.729561e-18 2.680209e-18
4112.351219 5.296180e-18 2.726961e-18
4113.473023 1.568346e-18 2.750236e-18
4114.594827 2.803595e-18 2.774291e-18
4115.716631 6.413820e-18 2.812006e-18
4116.838435 3.457165e-18 2.788974e-18
4117.960239 -1.748651e-18 2.746330e-18
4119.082044 -1.571751e-20 2.735291e-18
4120.203848 -1.117661e-18 2.712975e-18
4121.325652 -2.665926e-18 2.710913e-18
4122.447456 4.024264e-19 2.744678e-18
4123.569260 -1.030282e-18 2.749364e-18
4124.691064 -3.170755e-18 2.747090e-18
4125.812868 9.177611e-19 2.738461e-18
4126.934672 4.693979e-19 2.744362e-18
4128.056476 -3.316801e-19 2.723034e-18
4129.178280 1.159463e-18 2.721616e-18
4130.300085 -2.428361e-18 2.664570e-18
4131.421889 1.625035e-18 2.641730e-18
4132.543693 -4.399865e-18 2.583698e-18
4133.665497 -7.233519e-18 2.573820e-18
4134.787301 -8.505426e-18 2.605625e-18
4135.909105 -1.314597e-18 2.679383e-18
4137.030909 -1.501696e-18 2.738832e-18
4138.152713 -2.927544e-18 2.793993e-18
4139.274517 -1.719959e-18 2.812127e-18
4140.396321 8.763534e-19 2.808695e-18
4141.518126 3.670780e-18 2.716848e-18
4142.639930 2.106472e-18 2.620795e-18
4143.761734 8.261161e-19 2.577253e-18
4144.883538 -4.861510e-18 2.558731e-18
4146.005342 -3.300599e-18 2.600401e-18
4147.127146 -1.278096e-18 2.666451e-18
4148.248950 6.879874e-19 2.673656e-18
4149.370754 -9.900338e-19 2.671990e-18
4150.492558 1.839745e-18 2.652238e-18
4151.614362 -7.781405e-19 2.622795e-18
4152.736167 -4.218820e-18 2.591543e-18
4153.857971 2.603545e-18 2.606292e-18
4154.979775 1.316377e-18 2.591688e-18
4156.101579 -6.762495e-19 2.569884e-18
4157.223383 -3.869714e-18 2.588262e-18
4158.345187 1.580777e-18 2.628595e-18
4159.466991 -5.364879e-18 2.640908e-18
4160.588795 -4.386079e-18 2.672435e-18
4161.710599 -5.125010e-18 2.698141e-18
4162.832403 -6.019392e-18 2.715113e-18
4163.954208 -3.565081e-18 2.738613e-18
4165.076012 1.781041e-18 2.719456e-18
4166.197816 -1.503344e-18 2.674637e-18
4167.319620 9.267837e-19 2.656770e-18
4168.441424 -9.256814e-19 2.658790e-18
4169.563228 -2.590414e-19 2.644757e-18
4170.685032 6.679875e-18 2.610237e-18
4171.806836 6.507658e-19 2.553450e-18
4172.928640 -4.239880e-18 2.507463e-18
4174.050444 6.719040e-19 2.493103e-18
4175.172248 1.542650e-19 2.487502e-18
4176.294053 -1.484619e-19 2.514010e-18
4177.415857 4.847530e-18 2.546385e-18
4178.537661 4.384925e-18 2.556704e-18
4179.659465 2.989036e-18 2.558789e-18
4180.781269 2.417941e-18 2.551704e-18
4181.903073 2.447314e-18 2.537263e-18
4183.024877 -2.701018e-18 2.525336e-18
4184.146681 -1.146776e-18 2.529980e-18
4185.268485 3.801255e-19 2.498331e-18
4186.390289 2.193289e-18 2.470447e-18
4187.512094 2.433831e-18 2.473189e-18
4188.633898 5.380361e-18 2.476276e-18
4189.755702 -1.529693e-18 2.473971e-18
4190.877506 9.982395e-19 2.534985e-18
4191.999310 8.069709e-18 2.590225e-18
4193.121114 6.489541e-18 2.580956e-18
4194.242918 1.946832e-18 2.559990e-18
4195.364722 5.358799e-18 2.552985e-18
4196.486526 9.442126e-18 2.477050e-18
4197.608330 1.750274e-18 2.398790e-18
4198.730135 4.628788e-18 2.399951e-18
4199.851939 6.830208e-18 2.388105e-18
4200.973743 3.384752e-18 2.374808e-18
4202.095547 1.715592e-18 2.423133e-18
4203.217351 6.056079e-18 2.454552e-18
4204.339155 5.052416e-18 2.486358e-18
4205.460959 3.137158e-18 2.553172e-18
4206.582763 2.532845e-18 2.578692e-18
4207.704567 4.869880e-18 2.601768e-18
4208.826371 5.749124e-18 2.596980e-18
4209.948176 4.781090e-18 2.616480e-18
4211.069980 7.067782e-18 2.608373e-18
4212.191784 5.118864e-18 2.606503e-18
4213.313588 6.239004e-18 2.591399e-18
4214.435392 2.597710e-18 2.554265e-18
4215.557196 3.486359e-18 2.544106e-18
4216.679000 8.268438e-18 2.521355e-18
4217.800804 6.858481e-18 2.518638e-18
4218.922608 6.593934e-18 2.571085e-18
4220.044412 6.799182e-18 2.609598e-18
4221.166217 7.141730e-18 2.608759e-18
4222.288021 1.287138e-17 2.580853e-18
4223.409825 1.812300e-17 2.519418e-18
4224.531629 1.839340e-17 2.401473e-18
4225.653433 1.014070e-17 2.264377e-18
4226.775237 5.584146e-18 2.232036e-18
4227.897041 4.067571e-18 2.264300e-18
4229.018845 4.805283e-19 2.334699e-18
4230.140649 5.627728e-18 2.477520e-18
4231.262453 2.908957e-18 2.545324e-18
4232.384257 1.966079e-18 2.538067e-18
4233.506062 -2.582455e-19 2.522732e-18
4234.627866 -2.439790e-18 2.456750e-18
4235.749670 -6.686712e-18 2.417884e-18
4236.871474 -2.940854e-18 2.396652e-18
4237.993278 -4.900621e-18 2.359602e-18
4239.115082 -8.020471e-18 2.382925e-18
4240.236886 -1.360268e-18 2.445583e-18
4241.358690 -2.511267e-18 2.439273e-18
4242.480494 -2.334301e-18 2.494317e-18
4243.602298 -1.217598e-18 2.583438e-18
4244.724103 -2.203964e-18 2.593120e-18
4245.845907 -1.821997e-18 2.596997e-18
4246.967711 1.677617e-18 2.564339e-18
4248.089515 2.026934e-18 2.496778e-18
4249.211319 -4.364917e-18 2.378034e-18
4250.333123 -4.261128e-18 2.357074e-18
4251.454927 -5.155407e-19 2.395734e-18
4252.576731 3.827192e-18 2.396426e-18
4253.698535 1.398107e-18 2.410990e-18
4254.820339 4.314051e-18 2.442016e-18
4255.942144 1.807625e-18 2.435879e-18
4257.063948 2.281360e-18 2.417314e-18
4258.185752 6.544640e-18 2.397753e-18
4259.307556 7.075209e-18 2.358616e-18
4260.429360 6.057433e-19 2.293463e-18
4261.551164 3.873283e-18 2.306584e-18
4262.672968 4.345197e-18 2.350770e-18
4263.794772 5.653996e-19 2.416704e-18
4264.916576 3.759964e-18 2.476855e-18
4266.038380 2.205285e-18 2.467215e-18
4267.160185 4.421970e-19 2.429709e-18
4268.281989 4.040258e-18 2.401104e-18
4269.403793 7.498320e-18 2.302475e-18
4270.525597 1.576533e-18 2.214910e-18
4271.647401 1.993460e-18 2.170627e-18
4272.769205 8.049515e-19 2.119128e-18
4273.891009 -1.514358e-18 2.117831e-18
4275.012813 -3.743092e-19 2.206744e-18
4276.134617 -1.726759e-18 2.274510e-18
4277.256421 -9.272127e-19 2.315378e-18
4278.378226 2.482414e-18 2.339122e-18
4279.500030 -1.586207e-18 2.316205e-18
4280.621834 2.823999e-19 2.292737e-18
4281.743638 -7.141846e-19 2.278923e-18
4282.865442 2.084899e-18 2.268651e-18
4283.987246 2.885846e-18 2.265653e-18
4285.109050 -2.883694e-18 2.242219e-18
4286.230854 -1.238186e-19 2.224675e-18
4287.352658 -8.343215e-19 2.176625e-18
4288.474462 -1.548148e-18 2.118584e-18
4289.596267 -2.180316e-18 2.113849e-18
4290.718071 -4.933147e-18 2.112796e-18
4291.839875 -3.979422e-18 2.130309e-18
4292.961679 -3.088503e-18 2.158615e-18
4294.083483 -6.712934e-18 2.191874e-18
4295.205287 -1.538788e-18 2.190120e-18
4296.327091 -9.609870e-19 2.131152e-18
4297.448895 6.414957e-19 2.066225e-18
4298.570699 8.718231e-19 1.978063e-18
4299.692503 -1.117579e-18 1.913905e-18
4300.814307 2.079981e-18 1.889723e-18
4301.936112 -2.892320e-18 1.884581e-18
4303.057916 2.103437e-18 1.926793e-18
4304.179720 4.156499e-18 1.946094e-18
4305.301524 2.059169e-18 1.937284e-18
4306.423328 3.323268e-18 1.915928e-18
4307.545132 -2.445825e-18 1.872179e-18
4308.666936 -1.358782e-18 1.861083e-18
4309.788740 -9.174357e-19 1.859146e-18
4310.910544 -2.039132e-18 1.883637e-18
4312.032348 -1.668180e-18 1.979069e-18
4313.154153 -2.210358e-18 2.071896e-18
4314.275957 -5.661904e-18 2.184253e-18
4315.397761 3.403024e-18 2.328023e-18
4316.519565 3.976723e-18 2.420510e-18
4317.641369 1.228141e-19 2.486427e-18
4318.763173 -7.481632e-20 2.527007e-18
4319.884977 5.130759e-18 2.505072e-18
4321.006781 8.031523e-18 2.466622e-18
4322.128585 4.754868e-18 2.383380e-18
4323.250389 5.866594e-18 2.264075e-18
4324.372194 4.745267e-18 2.151309e-18
4325.493998 -2.866280e-18 2.096088e-18
4326.615802 -3.484548e-18 2.151941e-18
4327.737606 -5.086340e-19 2.245712e-18
4328.859410 -1.801432e-18 2.340519e-18
4329.981214 2.669519e-18 2.428888e-18
4331.103018 3.385377e-19 2.438312e-18
4332.224822 -2.104956e-18 2.436136e-18
4333.346626 4.756476e-19 2.437676e-18
4334.468430 2.791799e-18 2.449668e-18
4335.590235 4.198940e-18 2.412431e-18
4336.712039 4.301755e-18 2.328284e-18
4337.833843 1.051159e-17 2.236438e-18
4338.955647 2.226363e-18 2.106068e-18
4340.077451 -2.179841e-18 2.015180e-18
4341.199255 3.878149e-18 2.045447e-18
4342.321059 -2.080946e-18 2.076895e-18
4343.442863 -2.421767e-18 2.173885e-18
4344.564667 4.315811e-18 2.285846e-18
4345.686471 2.056795e-18 2.325275e-18
4346.808276 2.643135e-18 2.357519e-18
4347.930080 -2.195173e-18 2.398896e-18
4349.051884 6.311812e-18 2.396562e-18
4350.173688 3.502916e-18 2.333546e-18
4351.295492 5.124277e-18 2.296426e-18
4352.417296 1.530811e-19 2.267013e-18
4353.539100 6.120518e-18 2.236478e-18
4354.660904 3.488923e-18 2.251842e-18
4355.782708 2.226994e-18 2.326460e-18
4356.904512 2.902500e-18 2.335327e-18
4358.026316 6.324803e-18 2.331411e-18
4359.148121 8.264219e-18 2.340889e-18
4360.269925 3.624263e-18 2.352780e-18
4361.391729 1.276727e-18 2.345319e-18
4362.513533 2.096755e-18 2.367187e-18
4363.635337 2.840076e-18 2.405742e-18
4364.757141 1.086233e-17 2.406219e-18
4365.878945 8.384000e-18 2.382867e-18
4367.000749 7.361257e-18 2.365849e-18
4368.122553 5.771740e-18 2.334695e-18
4369.244357 1.684549e-18 2.293244e-18
4370.366162 -2.082949e-19 2.288037e-18
4371.487966 5.952417e-18 2.287679e-18
4372.609770 3.335857e-18 2.253905e-18
4373.731574 3.449356e-18 2.214532e-18
4374.853378 4.966013e-18 2.207501e-18
4375.975182 -1.809954e-18 2.210635e-18
4377.096986 -3.640051e-19 2.229293e-18
4378.218790 5.214893e-18 2.270143e-18
4379.340594 4.013807e-18 2.299818e-18
4380.462398 2.082298e-18 2.282974e-18
4381.584203 6.893990e-18 2.187344e-18
4382.706007 3.418996e-19 2.061879e-18
4383.827811 -9.054955e-19 2.002748e-18
4384.949615 -2.950619e-18 1.994607e-18
4386.071419 -2.192395e-19 2.024016e-18
4387.193223 -2.165067e-18 2.124146e-18
4388.315027 1.145544e-18 2.185017e-18
4389.436831 -2.523108e-18 2.201985e-18
4390.558635 -5.122596e-18 2.182375e-18
4391.680439 -1.586560e-18 2.197028e-18
4392.802244 -6.932657e-19 2.209331e-18
4393.924048 -2.981108e-18 2.212781e-18
4395.045852 -3.941322e-21 2.239906e-18
4396.167656 -1.354036e-18 2.259854e-18
4397.289460 -7.294696e-19 2.270799e-18
4398.411264 -8.290309e-19 2.283894e-18
4399.533068 -1.685133e-18 2.269994e-18
4400.654872 1.973953e-18 2.263955e-18
4401.776676 -5.955475e-19 2.249921e-18
4402.898480 -4.824201e-18 2.176120e-18
4404.020285 -4.419108e-20 2.171182e-18
4405.142089 3.977622e-18 2.204976e-18
4406.263893 1.062762e-18 2.172811e-18
4407.385697 1.414931e-18 2.191231e-18
4408.507501 9.971819e-19 2.267639e-18
4409.629305 -1.827725e-18 2.295669e-18
4410.751109 -1.332849e-18 2.335387e-18
4411.872913 1.522718e-18 2.385934e-18
4412.994717 4.813934e-18 2.362294e-18
4414.116521 1.265941e-18 2.324378e-18
4415.238326 -1.659366e-18 2.293886e-18
4416.360130 -2.206726e-18 2.253144e-18
4417.481934 9.860576e-20 2.267043e-18
4418.603738 -1.387846e-18 2.331644e-18
4419.725542 2.770819e-18 2.379405e-18
4420.847346 9.562946e-19 2.359460e-18
4421.969150 1.406971e-18 2.348061e-18
4423.090954 -4.259642e-19 2.321951e-18
4424.212758 -1.284847e-18 2.288962e-18
4425.334562 5.951206e-19 2.287403e-18
4426.456366 5.056693e-19 2.304889e-18
4427.578171 2.206907e-18 2.323332e-18
4428.699975 7.134253e-19 2.300729e-18
4429.821779 -2.393947e-18 2.290695e-18
4430.943583 -2.817415e-18 2.299377e-18
4432.065387 1.703282e-18 2.282291e-18
4433.187191 -7.996562e-19 2.234878e-18
4434.308995 2.442372e-18 2.212027e-18
4435.430799 -3.944651e-18 2.193169e-18
4436.552603 -8.714412e-19 2.215748e-18
4437.674407 -3.046614e-18 2.251690e-18
4438.796212 -3.708098e-18 2.290572e-18
4439.918016 -6.535981e-18 2.291592e-18
4441.039820 -5.299398e-18 2.254865e-18
4442.161624 -2.667934e-18 2.210372e-18
4443.283428 -7.193774e-18 2.196481e-18
4444.405232 -3.524054e-18 2.222005e-18
4445.527036 -2.340156e-18 2.235895e-18
4446.648840 -1.658605e-18 2.267987e-18
4447.770644 -3.902917e-18 2.303693e-18
4448.892448 -3.969768e-18 2.298209e-18
4450.014253 -6.809356e-18 2.278691e-18
4451.136057 -2.732844e-18 2.285028e-18
4452.257861 -4.318215e-18 2.223955e-18
4453.379665 -5.121879e-18 2.175321e-18
4454.501469 -3.021565e-18 2.137830e-18
4455.623273 -2.796086e-18 2.105813e-18
4456.745077 -1.278956e-18 2.079004e-18
4457.866881 -4.376336e-18 2.074768e-18
4458.988685 -1.457439e-18 2.102284e-18
4460.110489 -2.962707e-18 2.106208e-18
4461.232294 -1.083333e-19 2.117052e-18
4462.354098 4.851212e-19 2.151269e-18
4463.475902 4.409800e-18 2.164516e-18
4464.597706 -7.282897e-19 2.175718e-18
4465.719510 -4.303371e-18 2.207950e-18
4466.841314 -1.090387e-18 2.215370e-18
4467.963118 -1.254638e-18 2.199691e-18
4469.084922 -3.979916e-21 2.190176e-18
4470.206726 7.045592e-19 2.200667e-18
4471.328530 -5.806341e-19 2.207608e-18
4472.450335 -1.492954e-18 2.232768e-18
4473.572139 -2.875467e-19 2.267160e-18
4474.693943 -6.540548e-19 2.276628e-18
4475.815747 9.287787e-19 2.291482e-18
4476.937551 5.900157e-18 2.310031e-18
4478.059355 4.034772e-18 2.284157e-18
4479.181159 4.066360e-18 2.254500e-18
4480.302963 5.066582e-18 2.214671e-18
4481.424767 7.241845e-19 2.171423e-18
4482.546571 1.494059e-18 2.165580e-18
4483.668375 4.195827e-18 2.209191e-18
4484.790180 3.203945e-18 2.251687e-18
4485.911984 6.454185e-18 2.296402e-18
4487.033788 1.358732e-18 2.294705e-18
4488.155592 1.423797e-18 2.271987e-18
4489.277396 2.020931e-18 2.234999e-18
4490.399200 -6.426701e-19 2.212436e-18
4491.521004 -1.772755e-19 2.221957e-18
4492.642808 4.464166e-18 2.229986e-18
4493.764612 2.462658e-18 2.233408e-18
4494.886416 1.157511e-18 2.238634e-18
4496.008221 3.614075e-18 2.227978e-18
4497.130025 4.349270e-18 2.235618e-18
4498.251829 1.284130e-18 2.257141e-18
4499.373633 2.463480e-18 2.264602e-18
4500.495437 6.590782e-19 2.259181e-18
4501.617241 2.574385e-18 2.265040e-18
4502.739045 2.163750e-18 2.275851e-18
4503.860849 -1.327015e-18 2.285328e-18
4504.982653 1.505370e-18 2.315652e-18
4506.104457 4.852516e-20 2.321777e-18
4507.226262 -1.649369e-18 2.306244e-18
4508.348066 1.091522e-18 2.303565e-18
4509.469870 7.440174e-19 2.319393e-18
4510.591674 -2.922356e-19 2.292133e-18
4511.713478 7.132307e-19 2.281374e-18
4512.835282 9.529412e-19 2.264453e-18
4513.957086 6.525407e-18 2.252995e-18
4515.078890 3.234978e-18 2.235551e-18
4516.200694 8.809140e-19 2.220520e-18
4517.322498 1.816274e-18 2.215605e-18
4518.444303 1.586253e-18 2.222885e-18
4519.566107 1.628773e-18 2.232798e-18
4520.687911 1.995404e-18 2.236463e-18
4521.809715 2.072953e-18 2.236082e-18
4522.931519 -8.734781e-20 2.224566e-18
4524.053323 1.107522e-19 2.241878e-18
4525.175127 1.274706e-19 2.211871e-18
4526.296931 -3.190952e-19 2.187897e-18
4527.418735 1.480283e-18 2.112601e-18
4528.540539 1.236849e-18 2.090302e-18
4529.662344 6.068107e-18 2.090606e-18
4530.784148 1.968976e-19 2.104487e-18
4531.905952 2.317771e-19 2.121819e-18
4533.027756 -2.192143e-18 2.129508e-18
4534.149560 9.467064e-19 2.135925e-18
4535.271364 1.268776e-18 2.159264e-18
4536.393168 -1.455629e-18 2.178053e-18
4537.514972 8.010292e-19 2.198711e-18
4538.636776 3.175721e-18 2.230237e-18
4539.758580 1.288479e-18 2.240580e-18
4540.880385 1.011798e-18 2.233108e-18
4542.002189 -1.553882e-18 2.222996e-18
4543.123993 -7.370684e-19 2.218064e-18
4544.245797 1.133782e-19 2.220342e-18
4545.367601 -6.645453e-19 2.219366e-18
4546.489405 2.249168e-18 2.208690e-18
4547.611209 1.973559e-18 2.180922e-18
4548.733013 1.815339e-19 2.163537e-18
4549.854817 2.351159e-18 2.166480e-18
4550.976621 3.176118e-18 2.167692e-18
4552.098425 1.234382e-18 2.167421e-18
4553.220230 1.358587e-18 2.186013e-18
4554.342034 2.098181e-18 2.178994e-18
4555.463838 -2.299483e-19 2.177205e-18
4556.585642 -4.971222e-19 2.194366e-18
4557.707446 -1.345032e-18 2.212747e-18
4558.829250 -9.614390e-19 2.238335e-18
4559.951054 -2.336026e-19 2.266567e-18
4561.072858 -2.005260e-19 2.274062e-18
4562.194662 2.887379e-18 2.265453e-18
4563.316466 1.239063e-18 2.230811e-18
4564.438271 -1.357511e-18 2.207128e-18
4565.560075 -6.477158e-19 2.199999e-18
4566.681879 2.686507e-18 2.198050e-18
4567.803683 2.186188e-18 2.215447e-18
4568.925487 4.816061e-19 2.240466e-18
4570.047291 -1.092469e-18 2.235456e-18
4571.169095 -1.106502e-18 2.218033e-18
4572.290899 -1.285533e-18 2.221571e-18
4573.412703 -2.007012e-18 2.214762e-18
4574.534507 -1.689187e-18 2.222468e-18
4575.656312 1.938611e-18 2.248837e-18
4576.778116 1.426751e-18 2.247466e-18
4577.899920 -3.986261e-20 2.231785e-18
4579.021724 5.399023e-18 2.214506e-18
4580.143528 5.335635e-19 2.181073e-18
4581.265332 -1.042501e-18 2.160378e-18
4582.387136 -3.441912e-18 2.137799e-18
4583.508940 -2.777044e-18 2.131289e-18
4584.630744 -4.977321e-19 2.136625e-18
4585.752548 6.439610e-21 2.145418e-18
4586.874353 -1.723820e-18 2.157101e-18
4587.996157 -2.453979e-18 2.176755e-18
4589.117961 -8.895152e-19 2.192569e-18
4590.239765 -4.373745e-18 2.184856e-18
4591.361569 -7.218412e-18 2.166934e-18
4592.483373 -4.843471e-18 2.157032e-18
4593.605177 -4.117774e-18 2.138920e-18
4594.726981 -2.513795e-18 2.132150e-18
4595.848785 -7.405009e-19 2.134123e-18
4596.970589 8.045561e-19 2.138004e-18
4598.092394 7.954166e-19 2.132673e-18
4599.214198 -1.978497e-18 2.127195e-18
4600.336002 -1.991429e-18 2.128474e-18
4601.457806 1.057297e-18 2.130577e-18
4602.579610 7.375303e-19 2.135339e-18
4603.701414 3.400451e-18 2.148973e-18
4604.823218 3.314607e-19 2.158325e-18
4605.945022 -2.117510e-18 2.151737e-18
4607.066826 -1.749363e-19 2.161802e-18
4608.188630 4.635097e-19 2.166812e-18
4609.310435 -6.027928e-19 2.176145e-18
4610.432239 1.891849e-18 2.179221e-18
4611.554043 -8.230872e-19 2.161811e-18
4612.675847 1.466763e-18 2.146250e-18
4613.797651 3.251730e-18 2.143244e-18
4614.919455 -2.178950e-19 2.140880e-18
4616.041259 -1.174923e-18 2.139983e-18
4617.163063 -6.938102e-20 2.139822e-18
4618.284867 1.964338e-19 2.130376e-18
4619.406671 4.084043e-18 2.132946e-18
4620.528475 2.719556e-18 2.137165e-18
4621.650280 1.792045e-18 2.133793e-18
4622.772084 5.892296e-19 2.146865e-18
4623.893888 4.091479e-18 2.147671e-18
4625.015692 4.502850e-18 2.137803e-18
4626.137496 2.091507e-18 2.135340e-18
4627.259300 2.894829e-18 2.135076e-18
4628.381104 1.178382e-18 2.123662e-18
4629.502908 3.278834e-18 2.133872e-18
4630.624712 5.584464e-18 2.135260e-18
4631.746516 3.510900e-18 2.116783e-18
4632.868321 -1.491304e-19 2.110597e-18
4633.990125 2.078354e-18 2.113047e-18
4635.111929 7.227392e-18 2.104433e-18
4636.233733 7.499842e-18 2.089216e-18
4637.355537 3.446458e-18 2.080943e-18
4638.477341 1.625541e-19 2.057355e-18
4639.599145 4.995378e-18 2.061498e-18
4640.720949 3.006188e-18 2.070516e-18
4641.842753 3.073365e-19 2.076852e-18
4642.964557 7.862916e-19 2.079778e-18
4644.086362 1.938767e-18 2.075375e-18
4645.208166 1.309278e-18 2.040559e-18
4646.329970 -3.082205e-19 2.009712e-18
4647.451774 1.928932e-18 1.996446e-18
4648.573578 2.244418e-18 1.991791e-18
4649.695382 4.822770e-18 2.007461e-18
4650.817186 4.114951e-18 2.029270e-18
4651.938990 4.238241e-18 2.049492e-18
4653.060794 1.661178e-18 2.040649e-18
4654.182598 -1.121447e-18 2.025492e-18
4655.304403 2.057239e-19 2.014878e-18
4656.426207 -2.942806e-19 2.013645e-18
4657.548011 2.665276e-18 2.032950e-18
4658.669815 6.468353e-18 2.068636e-18
4659.791619 1.646717e-18 2.076557e-18
4660.913423 -2.242061e-18 2.070440e-18
4662.035227 1.296579e-18 2.049385e-18
4663.157031 2.645812e-18 2.026481e-18
4664.278835 -6.708949e-20 2.000644e-18
4665.400639 6.047170e-19 1.957774e-18
4666.522444 7.003317e-19 1.911674e-18
4667.644248 2.653645e-18 1.897535e-18
4668.766052 2.942597e-18 1.890971e-18
4669.887856 1.853263e-18 1.908836e-18
4671.009660 3.921882e-18 1.947853e-18
4672.131464 -1.833476e-19 1.966416e-18
4673.253268 4.637739e-18 1.980611e-18
4674.375072 3.116992e-18 1.983517e-18
4675.496876 4.844239e-18 1.991037e-18
4676.618680 9.010589e-19 1.984485e-18
4677.740484 -1.606594e-19 1.973506e-18
4678.862289 2.810801e-20 1.957258e-18
4679.984093 1.119617e-19 1.937520e-18
4681.105897 4.368965e-18 1.924719e-18
4682.227701 4.357947e-18 1.939450e-18
4683.349505 2.642371e-18 1.950698e-18
4684.471309 -2.439495e-19 1.962675e-18
4685.593113 -1.780527e-18 1.971961e-18
4686.714917 1.068571e-18 1.976145e-18
4687.836721 -4.884750e-19 1.968009e-18
4688.958525 1.877814e-19 1.961253e-18
4690.080330 -3.497186e-20 1.952617e-18
4691.202134 -7.859279e-19 1.947698e-18
4692.323938 -4.056885e-19 1.952476e-18
4693.445742 2.316678e-18 1.970746e-18
4694.567546 5.164301e-18 1.990695e-18
4695.689350 1.999569e-18 1.998671e-18
4696.811154 -3.456278e-18 1.985720e-18
4697.932958 -1.748767e-18 1.961207e-18
4699.054762 -3.871178e-18 1.944024e-18
4700.176566 -3.736832e-18 1.928744e-18
4701.298371 -2.679711e-18 1.907094e-18
4702.420175 -1.787710e-18 1.897219e-18
4703.541979 -1.862620e-18 1.903784e-18
4704.663783 -1.724800e-18 1.919708e-18
4705.785587 2.554883e-18 1.932536e-18
4706.907391 2.095989e-18 1.948550e-18
4708.029195 -2.028504e-19 1.946192e-18
4709.150999 6.260060e-19 1.942598e-18
4710.272803 8.285994e-19 1.957719e-18
4711.394607 6.712040e-19 1.975923e-18
4712.516412 1.705707e-18 1.986217e-18
4713.638216 -2.129328e-19 1.983803e-18
4714.760020 7.026991e-19 1.983991e-18
4715.881824 -1.944262e-18 1.990174e-18
4717.003628 -1.824917e-18 2.002902e-18
4718.125432 2.619583e-19 2.030406e-18
4719.247236 2.089198e-18 2.053773e-18
4720.369040 1.952681e-18 2.051738e-18
4721.490844 -2.511037e-18 2.052411e-18
4722.612648 -3.532488e-18 2.049728e-18
4723.734453 1.621667e-18 2.060521e-18
4724.856257 1.726767e-18 2.058272e-18
4725.978061 2.336030e-18 2.045816e-18
4727.099865 1.993211e-18 2.024967e-18
4728.221669 2.049698e-18 1.996988e-18
4729.343473 5.347762e-19 1.967627e-18
4730.465277 1.947771e-18 1.959457e-18
4731.587081 2.110070e-18 1.971674e-18
4732.708885 1.663312e-19 1.974726e-18
4733.830689 -2.063579e-19 1.997342e-18
4734.952494 1.587185e-18 1.985599e-18
4736.074298 2.115170e-18 1.978845e-18
4737.196102 1.490546e-18 1.986337e-18
4738.317906 1.816551e-18 1.990553e-18
4739.439710 5.268117e-18 1.990228e-18
4740.561514 5.322484e-18 2.006342e-18
4741.683318 4.529255e-18 2.012033e-18
4742.805122 3.759837e-18 2.007748e-18
4743.926926 -8.328229e-20 2.000417e-18
4745.048730 -4.501492e-18 2.001106e-18
4746.170534 -3.093948e-18 2.004831e-18
4747.292339 -9.272666e-19 1.998332e-18
4748.414143 -1.860782e-19 2.006055e-18
4749.535947 1.932858e-18 2.005253e-18
4750.657751 -1.022177e-18 1.990419e-18
4751.779555 -1.305793e-18 1.978400e-18
4752.901359 -4.572548e-18 1.962888e-18
4754.023163 -2.197181e-18 1.949794e-18
4755.144967 -3.318109e-18 1.937968e-18
4756.266771 -3.979501e-18 1.940960e-18
4757.388575 2.731705e-19 1.950375e-18
4758.510380 6.296370e-19 1.966086e-18
4759.632184 5.123432e-19 1.988470e-18
4760.753988 2.275348e-18 1.983292e-18
4761.875792 -2.118440e-18 1.967062e-18
4762.997596 -3.502584e-19 1.943892e-18
4764.119400 -3.365438e-18 1.913625e-18
4765.241204 -1.159713e-18 1.900548e-18
4766.363008 -5.905966e-19 1.910168e-18
4767.484812 5.127928e-18 1.925704e-18
4768.606616 3.231960e-18 1.944669e-18
4769.728421 1.951515e-18 1.959157e-18
4770.850225 1.628834e-18 1.956463e-18
4771.972029 2.199065e-18 1.962899e-18
4773.093833 1.948583e-18 1.968122e-18
4774.215637 -1.283299e-19 1.966799e-18
4775.337441 4.970505e-19 1.975248e-18
4776.459245 1.768271e-18 1.991802e-18
4777.581049 2.007533e-18 1.992040e-18
4778.702853 2.687183e-18 1.985428e-18
4779.824657 1.684019e-18 1.986997e-18
4780.946462 1.540982e-18 1.971951e-18
4782.068266 1.807179e-18 1.956076e-18
4783.190070 2.378707e-18 1.955593e-18
4784.311874 1.914093e-18 1.953702e-18
4785.433678 1.291990e-18 1.934188e-18
4786.555482 2.716308e-18 1.933766e-18
4787.677286 2.534845e-18 1.933165e-18
4788.799090 2.392260e-18 1.915065e-18
4789.920894 4.190814e-18 1.924365e-18
4791.042698 2.418539e-18 1.925374e-18
4792.164503 6.235295e-18 1.939929e-18
4793.286307 5.259683e-18 1.961198e-18
4794.408111 2.656170e-19 1.966709e-18
4795.529915 2.546806e-18 1.977897e-18
4796.651719 -5.407991e-19 1.974316e-18
4797.773523 -3.112865e-18 1.956872e-18
4798.895327 -9.678922e-19 1.931125e-18
4800.017131 -1.155010e-18 1.919703e-18
4801.138935 1.097486e-18 1.919222e-18
4802.260739 3.671187e-18 1.934592e-18
4803.382543 3.919032e-18 1.939301e-18
4804.504348 5.862512e-18 1.943770e-18
4805.626152 4.107938e-18 1.932313e-18
4806.747956 6.039880e-18 1.923459e-18
4807.869760 2.128812e-18 1.910792e-18
4808.991564 2.363373e-18 1.918647e-18
4810.113368 2.040676e-18 1.911904e-18
4811.235172 5.779821e-18 1.929101e-18
4812.356976 6.847790e-18 1.938950e-18
4813.478780 4.327609e-18 1.942295e-18
4814.600584 3.812368e-18 1.959132e-18
4815.722389 5.494579e-18 1.966948e-18
4816.844193 3.371580e-18 1.968895e-18
4817.965997 2.403448e-18 1.982748e-18
4819.087801 6.046834e-18 1.994312e-18
4820.209605 4.865747e-18 1.984808e-18
4821.331409 4.279735e-18 1.977113e-18
4822.453213 2.019644e-18 1.960433e-18
4823.575017 -1.315365e-18 1.944219e-18
4824.696821 3.857032e-21 1.943395e-18
4825.818625 2.648586e-18 1.946389e-18
4826.940430 2.012829e-19 1.954176e-18
4828.062234 -1.252530e-18 1.969269e-18
4829.184038 1.199634e-18 1.967339e-18
4830.305842 2.249608e-18 1.965548e-18
4831.427646 8.175127e-19 1.952111e-18
4832.549450 -1.240214e-18 1.953624e-18
4833.671254 -2.239096e-18 1.965106e-18
4834.793058 -2.451978e-18 1.974869e-18
4835.914862 2.446829e-18 1.989723e-18
4837.036666 -4.444765e-18 1.979485e-18
4838.158471 -5.386308e-19 1.968523e-18
4839.280275 1.737140e-18 1.961596e-18
4840.402079 1.301187e-18 1.958764e-18
4841.523883 -2.047542e-18 1.943276e-18
4842.645687 -3.012673e-18 1.943837e-18
4843.767491 -4.441028e-18 1.954247e-18
4844.889295 2.354961e-18 1.971090e-18
4846.011099 9.546317e-19 1.977764e-18
4847.132903 6.612136e-19 1.971193e-18
4848.254707 -2.151179e-18 1.964963e-18
4849.376512 -8.649791e-20 1.953620e-18
4850.498316 1.109114e-18 1.956284e-18
4851.620120 3.941448e-18 1.961659e-18
4852.741924 2.795674e-18 1.955635e-18
4853.863728 2.035640e-18 1.933452e-18
4854.985532 9.839127e-19 1.894830e-18
4856.107336 -2.272148e-18 1.872278e-18
4857.229140 -1.981493e-18 1.841232e-18
4858.350944 -1.675038e-18 1.810812e-18
4859.472748 -2.447542e-18 1.797453e-18
4860.594553 -3.130076e-18 1.733963e-18
4861.716357 4.776765e-19 1.718122e-18
4862.838161 1.424867e-18 1.716405e-18
4863.959965 4.879406e-18 1.720646e-18
4865.081769 1.917016e-18 1.782665e-18
4866.203573 -1.009263e-18 1.836689e-18
4867.325377 7.577030e-20 1.875646e-18
4868.447181 3.904371e-19 1.897509e-18
4869.568985 1.565150e-18 1.878677e-18
4870.690789 2.484970e-18 1.850101e-18
4871.812593 2.266399e-18 1.840384e-18
4872.934398 3.599683e-18 1.840144e-18
4874.056202 4.832113e-18 1.844542e-18
4875.178006 2.117101e-18 1.880007e-18
4876.299810 -1.888916e-19 1.893360e-18
4877.421614 3.433309e-18 1.912927e-18
4878.543418 5.309849e-18 1.933668e-18
4879.665222 3.171916e-18 1.938149e-18
4880.787026 4.168098e-18 1.942054e-18
4881.908830 4.606090e-19 1.950044e-18
4883.030634 -1.560163e-18 1.939971e-18
4884.152439 4.273139e-18 1.925840e-18
4885.274243 5.689733e-19 1.907879e-18
4886.396047 5.861844e-19 1.894053e-18
4887.517851 -2.178892e-18 1.871594e-18
4888.639655 1.047471e-19 1.865486e-18
4889.761459 -1.740443e-18 1.826394e-18
4890.883263 -1.504618e-18 1.827639e-18
4892.005067 3.144503e-18 1.844863e-18
4893.126871 2.870952e-18 1.858068e-18
4894.248675 6.251083e-18 1.908688e-18
4895.370480 4.983429e-18 1.947528e-18
4896.492284 -5.781570e-19 1.951404e-18
4897.614088 1.061261e-18 1.954366e-18
4898.735892 7.028268e-19 1.939772e-18
4899.857696 2.562670e-18 1.930600e-18
4900.979500 1.900009e-18 1.923495e-18
4902.101304 2.591234e-18 1.890861e-18
4903.223108 3.575070e-18 1.891195e-18
4904.344912 4.261294e-18 1.888796e-18
4905.466716 1.766605e-18 1.888702e-18
4906.588521 2.250708e-18 1.891826e-18
4907.710325 4.294268e-18 1.895485e-18
4908.832129 3.308939e-18 1.858692e-18
4909.953933 6.301153e-19 1.834939e-18
4911.075737 1.940927e-18 1.817533e-18
4912.197541 1.015984e-18 1.811685e-18
4913.319345 -3.180725e-19 1.826854e-18
4914.441149 3.111683e-18 1.859268e-18
4915.562953 2.508617e-18 1.866569e-18
4916.684757 1.205025e-18 1.849908e-18
4917.806562 2.039398e-18 1.799212e-18
4918.928366 2.333208e-18 1.739640e-18
4920.050170 2.588074e-18 1.702073e-18
4921.171974 -2.469375e-19 1.693083e-18
4922.293778 5.962125e-18 1.719310e-18
4923.415582 5.567280e-18 1.744893e-18
4924.537386 6.908547e-18 1.783208e-18
4925.659190 7.719691e-19 1.790886e-18
4926.780994 5.427014e-18 1.806986e-18
4927.902798 1.747404e-18 1.828620e-18
4929.024602 2.485166e-18 1.832757e-18
4930.146407 9.560630e-19 1.842745e-18
4931.268211 3.390581e-18 1.837452e-18
4932.390015 1.746014e-18 1.815433e-18
4933.511819 4.355373e-18 1.810212e-18
4934.633623 -2.230714e-19 1.797844e-18
4935.755427 7.178026e-19 1.781920e-18
4936.877231 5.293065e-19 1.772688e-18
4937.999035 1.712991e-18 1.782142e-18
4939.120839 2.954194e-18 1.775344e-18
4940.242643 -1.789480e-18 1.786239e-18
4941.364448 6.429743e-19 1.802166e-18
4942.486252 -1.081822e-18 1.828908e-18
4943.608056 1.234750e-19 1.859636e-18
4944.729860 -2.886930e-18 1.834133e-18
4945.851664 -4.416854e-19 1.850406e-18
4946.973468 2.698423e-19 1.853950e-18
4948.095272 1.098697e-19 1.854455e-18
4949.217076 7.171350e-19 1.862241e-18
4950.338880 2.279674e-18 1.875595e-18
4951.460684 7.098603e-19 1.872479e-18
4952.582489 -8.237450e-19 1.869016e-18
4953.704293 -5.778201e-19 1.874462e-18
4954.826097 -1.444293e-18 1.855818e-18
4955.947901 2.427842e-21 1.812028e-18
4957.069705 1.212937e-18 1.770596e-18
4958.191509 9.893384e-19 1.776762e-18
4959.313313 2.339066e-18 1.781880e-18
4960.435117 4.774609e-18 1.817016e-18
4961.556921 6.343123e-19 1.873017e-18
4962.678725 -3.039751e-19 1.885483e-18
4963.800530 1.663415e-18 1.884604e-18
4964.922334 1.917750e-18 1.869796e-18
4966.044138 1.230103e-18 1.863982e-18
4967.165942 -2.032288e-18 1.849489e-18
4968.287746 -2.696630e-19 1.839624e-18
4969.409550 -4.555337e-19 1.833543e-18
4970.531354 -5.452500e-19 1.850964e-18
4971.653158 3.398322e-18 1.851253e-18
4972.774962 3.040377e-18 1.867926e-18
4973.896766 1.364490e-18 1.870467e-18
4975.018571 3.046374e-18 1.878512e-18
4976.140375 4.375656e-18 1.883924e-18
4977.262179 3.464379e-19 1.874209e-18
4978.383983 1.735437e-18 1.852065e-18
4979.505787 -5.545609e-20 1.837502e-18
4980.627591 2.747344e-18 1.810993e-18
4981.749395 3.799732e-18 1.783787e-18
4982.871199 4.379069e-19 1.749522e-18
4983.993003 2.740734e-18 1.737345e-18
4985.114807 2.196830e-18 1.739044e-18
4986.236612 4.286101e-18 1.775188e-18
4987.358416 1.940601e-21 1.805019e-18
4988.480220 1.486969e-18 1.832662e-18
4989.602024 4.137471e-18 1.837970e-18
4990.723828 2.518193e-18 1.831415e-18
4991.845632 -3.424176e-19 1.822086e-18
4992.967436 -6.605229e-19 1.819427e-18
4994.089240 -1.001920e-18 1.825607e-18
4995.211044 1.728692e-18 1.835421e-18
4996.332848 9.423918e-19 1.828110e-18
4997.454652 -1.018046e-18 1.827984e-18
4998.576457 7.532678e-19 1.822160e-18
4999.698261 6.868223e-19 1.801529e-18
5000.820065 1.686972e-19 1.780004e-18
5001.941869 -3.904604e-19 1.763404e-18
5003.063673 -9.283501e-20 1.768965e-18
5004.185477 1.543690e-18 1.758048e-18
5005.307281 2.446651e-18 1.740287e-18
5006.429085 2.919184e-18 1.732948e-18
5007.550889 1.712299e-18 1.744406e-18
5008.672693 1.250901e-18 1.757500e-18
5009.794498 1.195858e-18 1.774631e-18
5010.916302 2.090423e-18 1.783836e-18
5012.038106 1.520266e-18 1.755002e-18
5013.159910 -5.167019e-19 1.728808e-18
5014.281714 -6.119599e-19 1.709835e-18
5015.403518 1.003589e-18 1.712099e-18
5016.525322 -2.287917e-19 1.706734e-18
5017.647126 1.474910e-18 1.708704e-18
5018.768930 7.716935e-19 1.726106e-18
5019.890734 6.693563e-19 1.724623e-18
5021.012539 1.191396e-18 1.730729e-18
5022.134343 5.994059e-19 1.735145e-18
5023.256147 -4.677889e-19 1.746464e-18
5024.377951 -1.163029e-18 1.747288e-18
5025.499755 5.232188e-20 1.741521e-18
5026.621559 1.432891e-18 1.742372e-18
5027.743363 1.519897e-18 1.743952e-18
5028.865167 2.063142e-18 1.748112e-18
5029.986971 -2.699436e-18 1.734219e-18
5031.108775 -1.128081e-18 1.755612e-18
5032.230580 -6.333445e-19 1.774908e-18
5033.352384 -6.390151e-19 1.781541e-18
5034.474188 -4.106418e-19 1.767017e-18
5035.595992 -2.152035e-19 1.751256e-18
5036.717796 -8.907989e-19 1.729830e-18
5037.839600 9.193062e-19 1.714312e-18
5038.961404 1.717262e-19 1.689464e-18
5040.083208 -4.733205e-19 1.663735e-18
5041.205012 -1.001811e-18 1.642098e-18
5042.326816 1.569199e-18 1.682756e-18
5043.448621 -2.824724e-19 1.705214e-18
5044.570425 2.794651e-18 1.753866e-18
5045.692229 4.637036e-19 1.794707e-18
5046.814033 1.141253e-18 1.777628e-18
5047.935837 -2.386837e-18 1.752801e-18
5049.057641 -2.487608e-18 1.731325e-18
5050.179445 1.438221e-18 1.709887e-18
5051.301249 1.179221e-18 1.693437e-18
5052.423053 -2.103586e-19 1.708846e-18
5053.544857 4.766628e-19 1.726297e-18
5054.666662 3.051187e-18 1.741301e-18
5055.788466 2.035881e-18 1.745047e-18
5056.910270 6.736610e-19 1.765152e-18
5058.032074 1.119464e-18 1.768044e-18
5059.153878 2.825969e-18 1.768135e-18
5060.275682 1.087593e-18 1.772476e-18
5061.397486 5.526337e-19 1.780799e-18
5062.519290 4.333391e-18 1.781527e-18
5063.641094 2.525362e-18 1.760494e-18
5064.762898 4.671966e-18 1.751832e-18
5065.884702 2.070492e-18 1.740357e-18
5067.006507 7.938812e-19 1.720445e-18
5068.128311 1.243139e-18 1.715330e-18
5069.250115 -9.828032e-19 1.729225e-18
5070.371919 2.580451e-18 1.744791e-18
5071.493723 3.702204e-18 1.744472e-18
5072.615527 2.442030e-18 1.747121e-18
5073.737331 2.363829e-18 1.733132e-18
5074.859135 3.659098e-18 1.729468e-18
5075.980939 2.625924e-18 1.737593e-18
5077.102743 1.386361e-18 1.742868e-18
5078.224548 -2.012040e-18 1.719584e-18
5079.346352 1.640828e-18 1.702495e-18
5080.468156 3.079164e-18 1.695667e-18
5081.589960 2.680978e-18 1.675489e-18
5082.711764 4.539597e-19 1.676913e-18
5083.833568 1.192864e-18 1.717879e-18
5084.955372 -5.157660e-19 1.734276e-18
5086.077176 6.391300e-19 1.739275e-18
5087.198980 4.005600e-18 1.756164e-18
5088.320784 3.913519e-18 1.759408e-18
5089.442589 5.451773e-20 1.752778e-18
5090.564393 1.192868e-18 1.760992e-18
5091.686197 -3.511925e-18 1.763041e-18
5092.808001 1.725745e-18 1.773845e-18
5093.929805 -2.104427e-18 1.768367e-18
5095.051609 2.196880e-18 1.770534e-18
5096.173413 1.383881e-18 1.762098e-18
5097.295217 1.439168e-18 1.723634e-18
5098.417021 2.221441e-19 1.689191e-18
5099.538825 -2.456346e-18 1.681562e-18
5100.660630 -3.374336e-18 1.690985e-18
5101.782434 -1.572558e-18 1.705846e-18
5102.904238 3.272157e-18 1.742342e-18
5104.026042 2.425556e-18 1.787024e-18
5105.147846 2.973549e-18 1.792054e-18
5106.269650 -2.921584e-19 1.766395e-18
5107.391454 2.670629e-19 1.726658e-18
5108.513258 5.344043e-19 1.715621e-18
5109.635062 6.240231e-19 1.694451e-18
5110.756866 1.696308e-18 1.703839e-18
5111.878671 1.410034e-18 1.726354e-18
5113.000475 -1.841247e-18 1.729275e-18
5114.122279 3.818773e-19 1.732370e-18
5115.244083 5.108192e-18 1.752615e-18
5116.365887 1.384948e-18 1.749785e-18
5117.487691 -1.875808e-18 1.748154e-18
5118.609495 -2.837740e-19 1.743818e-18
5119.731299 2.377057e-18 1.743273e-18
5120.853103 1.075358e-18 1.734395e-18
5121.974907 6.392381e-19 1.714928e-18
5123.096711 9.543768e-19 1.701846e-18
5124.218516 2.238652e-19 1.669991e-18
5125.340320 1.630755e-18 1.651003e-18
5126.462124 1.998889e-18 1.654961e-18
5127.583928 1.727768e-18 1.664962e-18
5128.705732 2.225171e-18 1.664526e-18
5129.827536 -4.397381e-19 1.666536e-18
5130.949340 1.084577e-18 1.664816e-18
5132.071144 2.561051e-18 1.677822e-18
5133.192948 2.398070e-18 1.690048e-18
5134.314752 1.792812e-18 1.698248e-18
5135.436557 2.787490e-18 1.694768e-18
5136.558361 4.075295e-18 1.681704e-18
5137.680165 -5.420287e-19 1.660672e-18
5138.801969 -7.368099e-19 1.652953e-18
5139.923773 1.670260e-18 1.647963e-18
5141.045577 2.165523e-18 1.632681e-18
5142.167381 3.118298e-19 1.620539e-18
5143.289185 2.052401e-18 1.653313e-18
5144.410989 8.369768e-20 1.653946e-18
5145.532793 -3.260045e-18 1.643382e-18
5146.654598 -3.462661e-19 1.653473e-18
5147.776402 -5.975540e-20 1.640495e-18
5148.898206 -1.915266e-18 1.654740e-18
5150.020010 -3.269881e-18 1.646154e-18
5151.141814 5.530884e-19 1.658624e-18
5152.263618 1.266133e-18 1.687052e-18
5153.385422 2.243169e-19 1.669153e-18
5154.507226 -9.085602e-19 1.674427e-18
5155.629030 3.763899e-18 1.655931e-18
5156.750834 1.730317e-19 1.659063e-18
5157.872639 -2.722933e-18 1.662109e-18
5158.994443 1.386491e-18 1.667341e-18
5160.116247 4.332710e-19 1.682937e-18
5161.238051 -1.577531e-18 1.661409e-18
5162.359855 -1.853733e-18 1.650432e-18
5163.481659 1.577953e-18 1.642321e-18
5164.603463 -5.394642e-19 1.602001e-18
5165.725267 5.406307e-19 1.558948e-18
5166.847071 4.300606e-20 1.507779e-18
5167.968875 9.979664e-20 1.483720e-18
5169.090680 1.081247e-18 1.474006e-18
5170.212484 1.885032e-18 1.484090e-18
5171.334288 8.689087e-19 1.470504e-18
5172.456092 -1.310743e-19 1.466846e-18
5173.577896 -1.239417e-18 1.479837e-18
5174.699700 7.049609e-20 1.490982e-18
5175.821504 -7.762456e-19 1.554027e-18
5176.943308 -2.311973e-18 1.631233e-18
5178.065112 -2.686711e-18 1.707102e-18
5179.186916 -3.744600e-18 1.697606e-18
5180.308721 1.496149e-19 1.684294e-18
5181.430525 2.514564e-19 1.610405e-18
5182.552329 -3.109454e-19 1.526866e-18
5183.674133 9.151349e-18 1.484267e-18
5184.795937 7.555308e-19 1.447039e-18
5185.917741 9.163787e-19 1.493719e-18
5187.039545 2.679297e-19 1.558676e-18
5188.161349 1.677926e-18 1.639191e-18
5189.283153 2.362362e-18 1.655449e-18
5190.404957 9.139742e-19 1.645163e-18
5191.526761 6.749213e-19 1.629416e-18
5192.648566 -2.195967e-19 1.632873e-18
5193.770370 2.775435e-18 1.612258e-18
5194.892174 2.251526e-18 1.600236e-18
5196.013978 1.102386e-18 1.666607e-18
5197.135782 -9.378099e-20 1.717909e-18
5198.257586 3.564567e-19 1.748848e-18
5199.379390 9.682494e-19 1.776705e-18
5200.501194 -2.358527e-19 1.806903e-18
5201.622998 -3.690595e-19 1.786163e-18
5202.744802 3.560974e-18 1.759176e-18
5203.866607 3.187660e-18 1.699039e-18
5204.988411 2.085922e-18 1.656881e-18
5206.110215 3.707167e-18 1.634839e-18
5207.232019 1.038681e-18 1.607509e-18
5208.353823 8.827257e-19 1.595118e-18
5209.475627 2.331166e-18 1.616429e-18
5210.597431 1.243584e-18 1.643120e-18
5211.719235 2.518059e-18 1.659108e-18
5212.841039 2.234189e-18 1.672467e-18
5213.962843 2.337420e-18 1.665455e-18
5215.084648 2.469554e-18 1.658897e-18
5216.206452 5.075693e-18 1.643948e-18
5217.328256 3.117362e-18 1.624373e-18
5218.450060 2.629043e-18 1.631088e-18
5219.571864 5.271041e-19 1.656470e-18
5220.693668 -2.115680e-18 1.661833e-18
5221.815472 1.530844e-18 1.675552e-18
5222.937276 5.515323e-18 1.676150e-18
5224.059080 3.582799e-18 1.669755e-18
5225.180884 1.427454e-18 1.618684e-18
5226.302689 1.078372e-18 1.585625e-18
5227.424493 2.821460e-18 1.558248e-18
5228.546297 1.580314e-19 1.563195e-18
5229.668101 -9.705564e-19 1.573729e-18
5230.789905 3.653441e-18 1.617087e-18
5231.911709 2.204689e-18 1.610689e-18
5233.033513 -1.292531e-18 1.612474e-18
5234.155317 -1.631510e-18 1.623624e-18
5235.277121 2.381113e-18 1.645558e-18
5236.398925 5.985897e-20 1.654516e-18
5237.520730 -2.061325e-18 1.686592e-18
5238.642534 2.411508e-18 1.671887e-18
5239.764338 -3.675940e-19 1.679156e-18
5240.886142 -5.402049e-19 1.674843e-18
5242.007946 2.163125e-18 1.668074e-18
5243.129750 1.592939e-19 1.650120e-18
5244.251554 7.172185e-19 1.658384e-18
5245.373358 -2.981588e-18 1.642019e-18
5246.495162 -2.081323e-19 1.638334e-18
5247.616966 4.002866e-19 1.657875e-18
5248.738770 1.194555e-18 1.637474e-18
5249.860575 1.609855e-18 1.630593e-18
5250.982379 8.273345e-19 1.633157e-18
5252.104183 -2.118601e-19 1.636116e-18
5253.225987 1.109095e-18 1.632762e-18
5254.347791 -1.099500e-18 1.637343e-18
5255.469595 -9.010277e-19 1.653958e-18
5256.591399 2.341986e-18 1.671985e-18
5257.713203 4.139785e-19 1.670030e-18
5258.835007 -2.774179e-18 1.685655e-18
5259.956811 2.160148e-18 1.686606e-18
5261.078616 -3.497926e-19 1.653028e-18
5262.200420 2.485844e-19 1.619753e-18
5263.322224 1.086673e-18 1.584755e-18
5264.444028 2.401994e-18 1.559238e-18
5265.565832 8.427295e-19 1.525321e-18
5266.687636 8.641099e-19 1.527601e-18
5267.809440 3.926255e-19 1.534912e-18
5268.931244 -1.092639e-18 1.512786e-18
5270.053048 -2.906436e-18 1.521265e-18
5271.174852 -1.257377e-19 1.546191e-18
5272.296657 1.384689e-18 1.566005e-18
5273.418461 -2.163138e-18 1.597732e-18
5274.540265 -9.692088e-19 1.605822e-18
5275.662069 1.362302e-18 1.638510e-18
5276.783873 3.224360e-19 1.654841e-18
5277.905677 -3.232731e-18 1.658961e-18
5279.027481 -6.638604e-19 1.668748e-18
5280.149285 1.221640e-18 1.683031e-18
5281.271089 1.065334e-18 1.662284e-18
5282.392893 1.255243e-18 1.622683e-18
5283.514698 1.789511e-18 1.626950e-18
5284.636502 3.102049e-19 1.636187e-18
5285.758306 6.449987e-21 1.636780e-18
5286.880110 4.063413e-19 1.666237e-18
5288.001914 7.288971e-19 1.693911e-18
5289.123718 1.942828e-18 1.707110e-18
5290.245522 3.961870e-18 1.693390e-18
5291.367326 2.704939e-18 1.704645e-18
5292.489130 -1.458854e-18 1.700809e-18
5293.610934 -1.692346e-18 1.683359e-18
5294.732739 1.628427e-18 1.688278e-18
5295.854543 2.823686e-18 1.674489e-18
5296.976347 2.865900e-18 1.649940e-18
5298.098151 2.746559e-18 1.622480e-18
5299.219955 1.735525e-18 1.641762e-18
5300.341759 1.536457e-18 1.636617e-18
5301.463563 1.383641e-18 1.632172e-18
5302.585367 1.966121e-19 1.668425e-18
5303.707171 8.334443e-19 1.682043e-18
5304.828975 2.716165e-18 1.683508e-18
5305.950780 6.834385e-19 1.697182e-18
5307.072584 1.616959e-18 1.707435e-18
5308.194388 -6.629531e-21 1.680987e-18
5309.316192 -1.526508e-18 1.664132e-18
5310.437996 -5.015293e-19 1.689494e-18
5311.559800 -1.353460e-18 1.688625e-18
5312.681604 -6.853320e-19 1.672505e-18
5313.803408 -7.580351e-19 1.686792e-18
5314.925212 -2.885233e-19 1.677817e-18
5316.047016 -1.127121e-18 1.645750e-18
5317.168820 -1.392953e-18 1.643648e-18
5318.290625 -1.457338e-18 1.652785e-18
5319.412429 9.057261e-19 1.647616e-18
5320.534233 -1.987411e-18 1.649974e-18
5321.656037 5.847941e-19 1.662447e-18
5322.777841 -1.095277e-18 1.635000e-18
5323.899645 2.264087e-19 1.607429e-18
5325.021449 -6.514946e-21 1.617008e-18
5326.143253 1.790903e-18 1.600877e-18
5327.265057 1.032468e-18 1.534348e-18
5328.386861 -7.409258e-19 1.549056e-18
5329.508666 3.531113e-19 1.555729e-18
5330.630470 2.576665e-18 1.555223e-18
5331.752274 1.593203e-19 1.584487e-18
5332.874078 1.757196e-18 1.635409e-18
5333.995882 1.089900e-18 1.625219e-18
5335.117686 2.420240e-19 1.627494e-18
5336.239490 5.884786e-19 1.643849e-18
5337.361294 1.596572e-18 1.636035e-18
5338.483098 5.246886e-18 1.616277e-18
5339.604902 2.437034e-18 1.597034e-18
5340.726707 3.680274e-18 1.581836e-18
5341.848511 1.708556e-18 1.573812e-18
5342.970315 1.035061e-18 1.587252e-18
5344.092119 3.532096e-19 1.590570e-18
5345.213923 2.022527e-18 1.588375e-18
5346.335727 -3.901076e-19 1.602589e-18
5347.457531 4.722023e-18 1.597272e-18
5348.579335 2.974303e-18 1.567271e-18
5349.701139 9.802443e-19 1.591539e-18
5350.822943 1.937800e-18 1.593447e-18
5351.944748 2.274819e-18 1.578831e-18
5353.066552 -1.702827e-18 1.603975e-18
5354.188356 1.419976e-18 1.613878e-18
5355.310160 1.921408e-18 1.606642e-18
5356.431964 2.042028e-18 1.628840e-18
5357.553768 3.645755e-18 1.640718e-18
5358.675572 -2.906528e-19 1.614146e-18
5359.797376 3.056992e-18 1.638241e-18
5360.919180 2.089162e-18 1.626427e-18
5362.040984 2.865274e-18 1.596633e-18
5363.162789 5.952811e-18 1.607168e-18
5364.284593 2.050027e-18 1.589267e-18
5365.406397 1.248495e-18 1.557436e-18
5366.528201 4.573742e-18 1.583214e-18
5367.650005 2.259384e-18 1.577485e-18
5368.771809 2.728680e-18 1.555396e-18
5369.893613 1.308802e-18 1.558769e-18
5371.015417 2.339443e-19 1.545366e-18
5372.137221 -3.962378e-19 1.531846e-18
5373.259025 1.189110e-18 1.564393e-18
5374.380829 1.940003e-18 1.583181e-18
5375.502634 1.359399e-18 1.597287e-18
5376.624438 -3.219533e-19 1.618739e-18
5377.746242 7.751922e-20 1.609985e-18
5378.868046 2.443094e-18 1.610622e-18
5379.989850 3.700802e-18 1.615976e-18
5381.111654 1.110726e-18 1.603670e-18
5382.233458 1.074469e-18 1.578474e-18
5383.355262 1.163718e-18 1.582232e-18
5384.477066 2.123243e-19 1.577541e-18
5385.598870 2.738537e-19 1.582987e-18
5386.720675 1.820228e-18 1.604875e-18
5387.842479 8.088295e-19 1.599768e-18
5388.964283 2.903174e-18 1.599976e-18
5390.086087 1.398511e-18 1.597186e-18
5391.207891 3.729675e-18 1.570068e-18
5392.329695 2.849730e-18 1.570387e-18
5393.451499 1.225367e-18 1.567627e-18
5394.573303 2.743741e-19 1.548160e-18
5395.695107 2.537443e-18 1.558109e-18
5396.816911 6.017226e-19 1.555764e-18
5397.938716 3.412432e-19 1.539174e-18
5399.060520 1.126392e-18 1.556915e-18
5400.182324 7.609024e-19 1.555017e-18
5401.304128 2.833847e-18 1.562072e-18
5402.425932 -1.459799e-19 1.575602e-18
5403.547736 3.121729e-18 1.546657e-18
5404.669540 2.604787e-18 1.537297e-18
5405.791344 4.133680e-18 1.534361e-18
5406.913148 2.280360e-18 1.520098e-18
5408.034952 2.431280e-18 1.546268e-18
5409.156757 2.159806e-18 1.550701e-18
5410.278561 2.084343e-18 1.546865e-18
5411.400365 1.677983e-18 1.556021e-18
5412.522169 2.697206e-18 1.558722e-18
5413.643973 1.273498e-18 1.544081e-18
5414.765777 -9.020182e-19 1.566869e-18
5415.887581 3.919562e-19 1.565594e-18
5417.009385 7.175385e-19 1.565135e-18
5418.131189 1.758498e-18 1.580106e-18
5419.252993 2.110702e-18 1.572493e-18
5420.374798 -1.876543e-18 1.583100e-18
5421.496602 1.070672e-19 1.577233e-18
5422.618406 6.773475e-18 1.564669e-18
5423.740210 1.765045e-18 1.557556e-18
5424.862014 8.139715e-19 1.552879e-18
5425.983818 2.058369e-18 1.565145e-18
5427.105622 2.931071e-18 1.597572e-18
5428.227426 2.341128e-18 1.576503e-18
5429.349230 2.367357e-18 1.575953e-18
5430.471034 3.271310e-18 1.567957e-18
5431.592839 3.906892e-18 1.551646e-18
5432.714643 2.801831e-18 1.555956e-18
5433.836447 4.035415e-18 1.563938e-18
5434.958251 6.533098e-18 1.600450e-18
5436.080055 2.050475e-18 1.655451e-18
5437.201859 3.186869e-18 1.676429e-18
5438.323663 2.207972e-18 1.697853e-18
5439.445467 4.099952e-18 1.676143e-18
5440.567271 3.146718e-18 1.616200e-18
5441.689075 1.344982e-18 1.623895e-18
5442.810879 3.691974e-18 1.649838e-18
5443.932684 2.624518e-18 1.662737e-18
5445.054488 4.102040e-18 1.641829e-18
5446.176292 2.636825e-18 1.593900e-18
5447.298096 3.265900e-18 1.549998e-18
5448.419900 1.817139e-18 1.551154e-18
5449.541704 3.612753e-18 1.568710e-18
5450.663508 2.236654e-18 1.596421e-18
5451.785312 3.367492e-18 1.603696e-18
5452.907116 4.506696e-18 1.606517e-18
5454.028920 5.152308e-18 1.579962e-18
5455.150725 5.947015e-18 1.561250e-18
5456.272529 4.906361e-18 1.558236e-18
5457.394333 3.489716e-18 1.558480e-18
5458.516137 3.081690e-18 1.564089e-18
5459.637941 4.190859e-18 1.587738e-18
5460.759745 4.585376e-18 1.597892e-18
5461.881549 5.936623e-18 1.575284e-18
5463.003353 3.128938e-18 1.559599e-18
5464.125157 5.522421e-18 1.550183e-18
5465.246961 3.391129e-18 1.549335e-18
5466.368766 6.223123e-18 1.561220e-18
5467.490570 4.387136e-18 1.572349e-18
5468.612374 2.587263e-18 1.580302e-18
5469.734178 5.151119e-18 1.579651e-18
5470.855982 4.574274e-18 1.567893e-18
5471.977786 2.922317e-18 1.568304e-18
5473.099590 6.023335e-19 1.556747e-18
5474.221394 4.528834e-18 1.572515e-18
5475.343198 3.697732e-18 1.537859e-18
5476.465002 5.464248e-18 1.531396e-18
5477.586807 5.112272e-18 1.532575e-18
5478.708611 4.433549e-18 1.535838e-18
5479.830415 2.173281e-18 1.543129e-18
5480.952219 3.467485e-18 1.550488e-18
5482.074023 5.750558e-18 1.568995e-18
5483.195827 5.458328e-18 1.569983e-18
5484.317631 4.601330e-18 1.569061e-18
5485.439435 4.281951e-18 1.594200e-18
5486.561239 5.691479e-18 1.578428e-18
5487.683043 4.926428e-18 1.596083e-18
5488.804848 6.220962e-18 1.583107e-18
5489.926652 5.816177e-18 1.584260e-18
5491.048456 5.643873e-18 1.596080e-18
5492.170260 6.477803e-18 1.591449e-18
5493.292064 3.905309e-18 1.597677e-18
5494.413868 4.003025e-18 1.584008e-18
5495.535672 5.574300e-18 1.593969e-18
5496.657476 3.823056e-18 1.579523e-18
5497.779280 6.984648e-18 1.587574e-18
5498.901084 6.530346e-18 1.619136e-18
5500.022888 5.077447e-18 1.598004e-18
5501.144693 7.326903e-18 1.604877e-18
5502.266497 3.357203e-18 1.584588e-18
5503.388301 2.836765e-18 1.571379e-18
5504.510105 9.907675e-20 1.552803e-18
5505.631909 2.348764e-18 1.552620e-18
5506.753713 -1.059081e-18 1.550201e-18
5507.875517 1.875629e-18 1.546172e-18
5508.997321 2.243261e-19 1.560541e-18
5510.119125 -2.760998e-18 1.543366e-18
5511.240929 -2.015639e-18 1.526830e-18
5512.362734 -9.391726e-19 1.502304e-18
5513.484538 -3.394002e-18 1.483385e-18
5514.606342 -4.037558e-18 1.473004e-18
5515.728146 -1.072942e-18 1.493798e-18
5516.849950 -1.723799e-18 1.536839e-18
5517.971754 -1.444688e-18 1.545390e-18
5519.093558 -4.032646e-18 1.536474e-18
5520.215362 -4.619057e-18 1.515900e-18
5521.337166 -2.952782e-18 1.481642e-18
5522.458970 -3.900085e-18 1.445610e-18
5523.580775 -2.139716e-18 1.442927e-18
5524.702579 -6.317903e-18 1.419423e-18
5525.824383 -5.822606e-18 1.405973e-18
5526.946187 -5.669811e-18 1.386157e-18
5528.067991 -6.226022e-18 1.356495e-18
5529.189795 -5.911573e-18 1.351355e-18
5530.311599 -8.060331e-18 1.349131e-18
5531.433403 -8.630933e-18 1.352427e-18
5532.555207 -6.725501e-18 1.357130e-18
5533.677011 -7.906070e-18 1.361007e-18
5534.798816 -8.453753e-18 1.341735e-18
5535.920620 -6.291913e-18 1.344874e-18
5537.042424 -6.898968e-18 1.325980e-18
5538.164228 -6.733353e-18 1.339449e-18
5539.286032 -6.332332e-18 1.344803e-18
5540.407836 -4.313626e-18 1.368381e-18
5541.529640 -4.154203e-18 1.365511e-18
5542.651444 -5.659008e-18 1.377941e-18
5543.773248 -5.988781e-18 1.388591e-18
5544.895052 -6.005632e-18 1.397147e-18
5546.016857 -4.037359e-18 1.399180e-18
5547.138661 -4.924160e-18 1.398222e-18
5548.260465 -3.579917e-18 1.415519e-18
5549.382269 -3.101658e-18 1.440068e-18
5550.504073 -2.152900e-18 1.470588e-18
5551.625877 -1.599449e-18 1.480317e-18
5552.747681 -5.645323e-19 1.484757e-18
5553.869485 -3.915675e-18 1.478637e-18
5554.991289 4.149810e-19 1.510120e-18
5556.113093 4.579553e-19 1.522558e-18
5557.234898 5.569186e-19 1.546201e-18
5558.356702 3.318407e-18 1.574137e-18
5559.478506 2.891694e-18 1.607143e-18
5560.600310 7.613472e-19 1.624057e-18
5561.722114 3.909807e-18 1.651233e-18
5562.843918 4.312574e-18 1.693346e-18
5563.965722 5.513970e-19 1.728750e-18
5565.087526 5.467436e-18 1.771059e-18
5566.209330 4.979246e-18 1.802330e-18
5567.331134 7.506810e-18 1.824316e-18
5568.452938 7.369867e-18 1.831141e-18
5569.574743 6.889738e-18 1.845860e-18
5570.696547 6.263206e-18 1.881511e-18
5571.818351 5.649340e-18 1.899514e-18
5572.940155 1.026381e-17 1.932493e-18
5574.061959 3.330132e-18 1.995054e-18
5575.183763 -3.371451e-17 3.459622e-18
5576.305567 5.425672e-17 6.495776e-18
5577.427371 9.330858e-17 7.626956e-18
5578.549175 9.461396e-17 7.752377e-18
5579.670979 1.189468e-16 7.781899e-18
5580.792784 9.344666e-17 6.083217e-18
5581.914588 -1.033341e-17 2.925926e-18
5583.036392 3.447393e-18 2.266680e-18
5584.158196 8.628250e-18 2.213411e-18
5585.280000 9.414806e-18 2.215533e-18
5586.401804 9.383345e-18 2.209817e-18
5587.523608 8.169167e-18 2.224071e-18
5588.645412 7.730332e-18 2.251549e-18
5589.767216 4.827905e-18 2.267617e-18
5590.889020 7.745387e-18 2.314144e-18
5592.010825 4.174620e-18 2.344425e-18
5593.132629 7.360795e-19 2.313259e-18
5594.254433 -2.398686e-18 2.329121e-18
5595.376237 -5.395149e-18 2.330067e-18
5596.498041 -4.493471e-18 2.347157e-18
5597.619845 -4.691529e-18 2.367284e-18
5598.741649 -4.426944e-18 2.377527e-18
5599.863453 -3.530352e-18 2.375696e-18
5600.985257 -5.191039e-18 2.335971e-18
5602.107061 -5.385617e-18 2.323623e-18
5603.228866 -3.761703e-18 2.319924e-18
5604.350670 -6.961347e-18 2.363438e-18
5605.472474 -5.780798e-18 2.347950e-18
5606.594278 -6.946849e-18 2.373762e-18
5607.716082 -6.953918e-18 2.340477e-18
5608.837886 -4.605102e-18 2.334018e-18
5609.959690 -2.671137e-18 2.269123e-18
5611.081494 -6.864761e-18 2.238732e-18
5612.203298 -1.028055e-17 2.183434e-18
5613.325102 -1.038779e-17 2.161279e-18
5614.446907 -1.058091e-17 2.158660e-18
5615.568711 -6.833038e-18 1.764826e-18
5616.690515 -3.310230e-18 1.743089e-18
5617.812319 -3.089758e-18 2.005592e-18
5618.934123 4.759117e-19 1.627443e-18
5620.055927 -5.452819e-18 1.591436e-18
5621.177731 -5.053705e-18 1.565713e-18
5622.299535 -3.621415e-18 1.544535e-18
5623.421339 -4.929158e-18 1.530192e-18
5624.543143 -4.797706e-18 1.511590e-18
5625.664948 -2.711464e-18 1.524530e-18
5626.786752 -4.009943e-18 1.486827e-18
5627.908556 -1.298470e-18 1.487160e-18
5629.030360 2.351730e-18 1.475254e-18
5630.152164 2.456396e-18 1.468278e-18
5631.273968 2.156521e-18 1.463099e-18
5632.395772 8.301064e-19 1.454449e-18
5633.517576 1.373618e-18 1.442882e-18
5634.639380 3.245325e-18 1.458974e-18
5635.761184 2.340841e-18 1.436867e-18
5636.882988 1.279818e-18 1.431196e-18
5638.004793 1.317987e-18 1.466150e-18
5639.126597 6.630408e-19 1.440831e-18
5640.248401 3.306972e-18 1.466692e-18
5641.370205 4.011997e-18 1.470303e-18
5642.492009 3.941790e-18 1.490492e-18
5643.613813 1.967918e-18 1.469235e-18
5644.735617 -5.118579e-19 1.475353e-18
5645.857421 3.026011e-18 1.497071e-18
5646.979225 2.266851e-18 1.512341e-18
5648.101029 4.038360e-18 1.532948e-18
5649.222834 4.430274e-18 1.521768e-18
5650.344638 5.374407e-18 1.553290e-18
5651.466442 6.217064e-18 1.553141e-18
5652.588246 4.338934e-18 1.559567e-18
5653.710050 5.865083e-18 1.553290e-18
5654.831854 6.054109e-18 1.576873e-18
5655.953658 3.716301e-18 1.558485e-18
5657.075462 1.971630e-18 1.558761e-18
5658.197266 2.935905e-18 1.592546e-18
5659.319070 3.220984e-18 1.574661e-18
5660.440875 6.122251e-18 1.615782e-18
5661.562679 6.182541e-18 1.592352e-18
5662.684483 3.705137e-18 1.610719e-18
5663.806287 1.413661e-18 1.582993e-18
5664.928091 3.661408e-18 1.645154e-18
5666.049895 2.995285e-18 1.662163e-18
5667.171699 3.580689e-18 1.657864e-18
5668.293503 4.931800e-18 1.692813e-18
5669.415307 4.514419e-18 1.720134e-18
5670.537111 4.267082e-18 1.703648e-18
5671.658916 6.830115e-18 1.737531e-18
5672.780720 6.711485e-18 1.731896e-18
5673.902524 2.486094e-18 1.736130e-18
5675.024328 5.085430e-18 1.755792e-18
5676.146132 6.555560e-18 1.776967e-18
5677.267936 6.243003e-18 1.795824e-18
5678.389740 6.676645e-18 1.804657e-18
5679.511544 5.541190e-18 1.822869e-18
5680.633348 4.204402e-18 1.826002e-18
5681.755152 4.186113e-18 1.862915e-18
5682.876957 7.045756e-18 1.848081e-18
5683.998761 9.650469e-18 1.883426e-18
5685.120565 7.548729e-18 1.881214e-18
5686.242369 6.427802e-18 1.895326e-18
5687.364173 7.740286e-18 1.891087e-18
5688.485977 8.199498e-18 1.919581e-18
5689.607781 9.023097e-18 1.955792e-18
5690.729585 3.974846e-18 1.913072e-18
5691.851389 2.151555e-18 1.943012e-18
5692.973193 5.130204e-18 1.985758e-18
5694.094997 1.020515e-17 2.033484e-18
5695.216802 5.835954e-18 2.028691e-18
5696.338606 1.063599e-17 2.057488e-18
5697.460410 7.308167e-18 2.055936e-18
5698.582214 5.291217e-18 2.038524e-18
5699.704018 7.902186e-18 2.045249e-18
5700.825822 9.047042e-18 2.084126e-18
5701.947626 1.118895e-17 2.108388e-18
5703.069430 9.851582e-18 2.122828e-18
5704.191234 1.088417e-17 2.103504e-18
5705.313038 8.831978e-18 2.347008e-18
5706.434843 6.230813e-18 1.957450e-18
5707.556647 8.113516e-18 1.971736e-18
5708.678451 8.633492e-18 1.970162e-18
5709.800255 1.050727e-17 1.994795e-18
5710.922059 1.056053e-17 1.984524e-18
5712.043863 5.328816e-18 1.970946e-18
5713.165667 1.035692e-17 2.028654e-18
5714.287471 6.819438e-18 1.979485e-18
5715.409275 9.901229e-18 2.057863e-18
5716.531079 6.818086e-18 2.026321e-18
5717.652884 6.186858e-18 2.173548e-18
5718.774688 1.761018e-18 1.445295e-18
5719.896492 1.837181e-18 2.786916e-19
5721.018296 7.944906e-19 2.811839e-19
5722.140100 -1.042628e-18 2.574603e-19
5723.261904 6.614091e-19 2.674114e-19
5724.383708 2.000409e-18 2.751111e-19
5725.505512 2.003164e-18 2.839656e-19
5726.627316 2.601109e-18 2.865477e-19
5727.749120 1.399085e-18 2.854090e-19
5728.870925 2.117178e-18 2.882885e-19
5729.992729 9.560558e-19 2.882724e-19
5731.114533 1.396050e-18 2.864780e-19
5732.236337 1.199718e-18 2.930730e-19
5733.358141 1.566832e-18 2.947562e-19
5734.479945 1.533617e-18 3.014948e-19
5735.601749 6.720856e-19 2.886460e-19
5736.723553 -4.687655e-19 3.838046e-19
5737.845357 0.000000e+00 0.000000e+00
5738.967161 0.000000e+00 0.000000e+00
5740.088966 0.000000e+00 0.000000e+00
5741.210770 0.000000e+00 0.000000e+00
5742.332574 0.000000e+00 0.000000e+00
5743.454378 0.000000e+00 0.000000e+00
5744.576182 0.000000e+00 0.000000e+00
5745.697986 0.000000e+00 0.000000e+00
5746.819790 0.000000e+00 0.000000e+00
5747.941594 0.000000e+00 0.000000e+00
5749.063398 0.000000e+00 0.000000e+00
5750.185202 0.000000e+00 0.000000e+00
5751.307007 0.000000e+00 0.000000e+00
5752.428811 0.000000e+00 0.000000e+00
5753.550615 0.000000e+00 0.000000e+00
5754.672419 0.000000e+00 0.000000e+00
5755.794223 0.000000e+00 0.000000e+00
5756.916027 0.000000e+00 0.000000e+00
5758.037831 0.000000e+00 0.000000e+00
5759.159635 0.000000e+00 0.000000e+00
5760.281439 0.000000e+00 0.000000e+00
5761.403243 0.000000e+00 0.000000e+00
5762.525047 0.000000e+00 0.000000e+00
5763.646852 0.000000e+00 0.000000e+00
5764.768656 0.000000e+00 0.000000e+00
5765.890460 0.000000e+00 0.000000e+00
5767.012264 0.000000e+00 0.000000e+00
5768.134068 0.000000e+00 0.000000e+00
5769.255872 0.000000e+00 0.000000e+00
5770.377676 0.000000e+00 0.000000e+00
5771.499480 0.000000e+00 0.000000e+00
5772.621284 0.000000e+00 0.000000e+00
5773.743088 0.000000e+00 0.000000e+00
5774.864893 0.000000e+00 0.000000e+00
5775.986697 0.000000e+00 0.000000e+00
5777.108501 0.000000e+00 0.000000e+00
5778.230305 0.000000e+00 0.000000e+00
5779.352109 0.000000e+00 0.000000e+00
5780.473913 0.000000e+00 0.000000e+00
5781.595717 0.000000e+00 0.000000e+00
5782.717521 0.000000e+00 0.000000e+00
5783.839325 0.000000e+00 0.000000e+00
5784.961129 0.000000e+00 0.000000e+00
5786.082934 0.000000e+00 0.000000e+00
5787.204738 0.000000e+00 0.000000e+00
5788.326542 0.000000e+00 0.000000e+00
5789.448346 0.000000e+00 0.000000e+00
5790.570150 0.000000e+00 0.000000e+00
5791.691954 0.000000e+00 0.000000e+00
5792.813758 0.000000e+00 0.000000e+00
5793.935562 0.000000e+00 0.000000e+00
5795.057366 0.000000e+00 0.000000e+00
5796.179170 0.000000e+00 0.000000e+00
5797.300975 0.000000e+00 0.000000e+00
5798.422779 0.000000e+00 0.000000e+00
5799.544583 0.000000e+00 0.000000e+00
5800.666387 0.000000e+00 0.000000e+00
5801.788191 0.000000e+00 0.000000e+00
5802.909995 0.000000e+00 0.000000e+00
5804.031799 0.000000e+00 0.000000e+00
5805.153603 0.000000e+00 0.000000e+00
5806.275407 0.000000e+00 0.000000e+00
5807.397211 0.000000e+00 0.000000e+00
5808.519016 0.000000e+00 0.000000e+00
5809.640820 0.000000e+00 0.000000e+00
5810.762624 0.000000e+00 0.000000e+00
5811.884428 0.000000e+00 0.000000e+00
5813.006232 0.000000e+00 0.000000e+00
5814.128036 0.000000e+00 0.000000e+00
5815.249840 0.000000e+00 0.000000e+00
5816.371644 0.000000e+00 0.000000e+00
5817.493448 0.000000e+00 0.000000e+00
5818.615252 0.000000e+00 0.000000e+00
5819.737056 0.000000e+00 0.000000e+00
5820.858861 0.000000e+00 0.000000e+00
5821.980665 0.000000e+00 0.000000e+00
5823.102469 0.000000e+00 0.000000e+00
5824.224273 0.000000e+00 0.000000e+00
5825.346077 0.000000e+00 0.000000e+00
5826.467881 0.000000e+00 0.000000e+00
5827.589685 0.000000e+00 0.000000e+00
5828.711489 0.000000e+00 0.000000e+00
5829.833293 0.000000e+00 0.000000e+00
5830.955097 0.000000e+00 0.000000e+00
5832.076902 0.000000e+00 0.000000e+00
5833.198706 0.000000e+00 0.000000e+00
5834.320510 0.000000e+00 0.000000e+00
5835.442314 0.000000e+00 0.000000e+00
5836.564118 0.000000e+00 0.000000e+00
