3751.000000 -8.831032e-19 2.111442e-18
3753.000000 -2.624061e-19 1.891980e-18
3755.000000 -2.574427e-19 2.953142e-18
3757.000000 4.379498e-19 1.326936e-18
3759.000000 6.271091e-19 1.306836e-18
3761.000000 1.623385e-18 2.242784e-18
3763.000000 1.773288e-18 1.720654e-18
3765.000000 1.638010e-19 1.204204e-18
3767.000000 -4.435758e-19 1.184492e-18
3769.000000 -2.221029e-19 1.178567e-18
3771.000000 -1.308085e-18 1.628662e-18
3773.000000 -1.979620e-18 1.714980e-17
3775.000000 -1.705164e-18 1.013793e-17
3777.000000 -5.689073e-19 1.237291e-18
3779.000000 -5.941612e-19 1.205207e-18
3781.000000 -1.190387e-19 1.596479e-18
3783.000000 -1.098637e-19 2.039667e-18
3785.000000 -8.346479e-21 2.302796e-18
3787.000000 -2.090406e-19 1.405002e-18
3789.000000 -9.760355e-19 3.901088e-17
3791.000000 -7.624662e-19 1.175126e-18
3793.000000 -4.204194e-19 1.045319e-15
3795.000000 -5.388546e-19 2.551571e-18
3797.000000 2.082487e-19 1.212228e-18
3799.000000 -2.602200e-19 1.551970e-18
3801.000000 -1.076378e-18 2.009461e-18
3803.000000 -5.102118e-19 9.290654e-19
3805.000000 7.463563e-19 1.417319e-18
3807.000000 2.222259e-19 9.031388e-19
3809.000000 -3.196095e-20 8.874102e-19
3811.000000 6.789612e-20 1.887446e-18
3813.000000 2.272700e-19 7.118669e-18
3815.000000 -9.868183e-20 5.215199e-16
3817.000000 7.334081e-19 1.841998e-18
3819.000000 1.631389e-18 2.962607e-18
3821.000000 2.220679e-18 1.019999e-18
3823.000000 1.623817e-18 9.425950e-19
3825.000000 6.270814e-19 1.015359e-18
3827.000000 3.987740e-19 7.801787e-19
3829.000000 6.530455e-19 7.954323e-19
3831.000000 8.336728e-19 9.251119e-19
3833.000000 7.913646e-19 1.052922e-18
3835.000000 3.170638e-19 1.621921e-18
3837.000000 3.051315e-19 3.637503e-18
3839.000000 9.522291e-19 1.841772e-18
3841.000000 8.080024e-19 3.392267e-18
3843.000000 2.675097e-19 7.382790e-19
3845.000000 -5.609736e-19 1.425790e-18
3847.000000 -5.316951e-20 6.769648e-19
3849.000000 2.218195e-19 7.004684e-19
3851.000000 -3.976822e-19 7.752846e-19
3853.000000 5.122129e-20 1.909475e-18
3855.000000 4.466392e-19 7.551271e-17
3857.000000 5.033351e-19 1.023288e-17
3859.000000 7.131711e-19 9.571809e-19
3861.000000 9.883189e-20 2.468345e-18
3863.000000 -1.169482e-19 7.194123e-19
3865.000000 2.816512e-19 1.485204e-17
3867.000000 4.099285e-19 9.218738e-19
3869.000000 1.879460e-19 4.314183e-15
3871.000000 3.593744e-19 1.324508e-18
3873.000000 2.999823e-19 1.323282e-18
3875.000000 2.627152e-19 7.595219e-19
3877.000000 5.139443e-19 6.818713e-19
3879.000000 4.890755e-19 3.728434e-18
3881.000000 1.095524e-19 6.232435e-19
3883.000000 4.426989e-19 5.525008e-19
3885.000000 -2.163191e-19 5.186720e-18
3887.000000 -3.966380e-19 3.631308e-18
3889.000000 -1.758851e-19 5.840809e-19
3891.000000 -7.392408e-20 5.009187e-19
3893.000000 1.409655e-20 4.916099e-19
3895.000000 9.823026e-20 5.097757e-19
3897.000000 -2.611199e-20 3.148144e-17
3899.000000 -3.455844e-19 1.393248e-17
3901.000000 -5.628054e-19 1.340603e-18
3903.000000 2.202106e-19 4.805068e-19
3905.000000 5.130210e-19 5.218243e-19
3907.000000 1.386994e-19 8.113861e-19
3909.000000 2.571861e-19 1.629113e-17
3911.000000 3.230356e-19 1.386511e-18
3913.000000 3.148186e-19 5.200905e-19
3915.000000 -2.645984e-20 4.894299e-19
3917.000000 2.484512e-19 5.075365e-19
3919.000000 7.188512e-19 1.021380e-18
3921.000000 6.165923e-19 5.222554e-19
3923.000000 4.209607e-19 4.795736e-19
3925.000000 3.520291e-19 6.703144e-19
3927.000000 2.937328e-19 8.637334e-18
3929.000000 -2.834423e-20 2.179070e-18
3931.000000 1.115663e-20 4.216757e-19
3933.000000 3.644865e-20 4.153851e-19
3935.000000 3.102299e-19 5.078225e-19
3937.000000 3.763287e-19 3.765181e-19
3939.000000 -1.047948e-19 3.826974e-19
3941.000000 -4.171508e-19 5.270666e-19
3943.000000 -4.643198e-20 1.005005e-18
3945.000000 1.524774e-19 4.257045e-19
3947.000000 3.686398e-20 2.651880e-18
3949.000000 7.145736e-20 5.294604e-19
3951.000000 -5.784921e-20 2.008216e-18
3953.000000 -1.073327e-19 3.914559e-19
3955.000000 1.017724e-19 3.765387e-19
3957.000000 3.576661e-19 4.199010e-19
3959.000000 2.034575e-19 4.133500e-19
3961.000000 4.024563e-19 3.898239e-19
3963.000000 4.745314e-19 1.356731e-18
3965.000000 1.075392e-19 4.812257e-19
3967.000000 1.389963e-19 3.587346e-19
3969.000000 3.434187e-19 4.397266e-19
3971.000000 2.179881e-19 3.802812e-19
3973.000000 4.125816e-20 3.629975e-19
3975.000000 -3.813983e-19 7.452646e-19
3977.000000 -4.015490e-20 4.155272e-19
3979.000000 7.264470e-19 4.256430e-19
3981.000000 8.926770e-19 5.214259e-19
3983.000000 3.087798e-19 3.486505e-19
3985.000000 7.944539e-20 3.545525e-19
3987.000000 2.627863e-19 3.672390e-19
3989.000000 2.739801e-19 3.180412e-19
3991.000000 9.480068e-20 3.227926e-19
3993.000000 3.332425e-20 3.128108e-19
3995.000000 -8.149786e-20 3.192289e-19
3997.000000 9.486756e-20 3.119485e-19
3999.000000 4.940731e-19 3.391642e-19
4001.000000 4.526609e-19 3.517658e-19
4003.000000 3.293692e-19 3.366056e-19
4005.000000 7.213781e-19 4.064944e-19
4007.000000 5.227876e-19 3.997449e-19
4009.000000 1.691297e-19 3.372871e-19
4011.000000 -1.294047e-19 3.288414e-19
4013.000000 -1.062938e-19 3.093091e-19
4015.000000 2.699029e-19 3.223424e-19
4017.000000 5.172041e-19 3.769732e-19
4019.000000 3.494867e-19 3.250896e-19
4021.000000 2.884223e-19 3.394729e-19
4023.000000 4.856068e-19 3.283224e-19
4025.000000 4.634377e-19 3.208133e-19
4027.000000 -3.144970e-20 2.997094e-19
4029.000000 -4.009988e-19 2.911951e-19
4031.000000 -1.866537e-19 2.939696e-19
4033.000000 1.035964e-19 2.838174e-19
4035.000000 2.433301e-19 3.113005e-19
4037.000000 2.767751e-19 4.498716e-19
4039.000000 3.525639e-19 3.167695e-18
4041.000000 1.091148e-19 3.360127e-19
4043.000000 -2.985067e-19 3.534065e-19
4045.000000 -1.987276e-19 4.649535e-19
4047.000000 -1.010096e-19 4.674534e-19
4049.000000 -1.662367e-19 3.905326e-19
4051.000000 -3.855506e-20 3.319532e-19
4053.000000 2.001054e-19 3.192690e-19
4055.000000 4.509197e-19 3.209960e-19
4057.000000 6.056651e-19 3.619465e-19
4059.000000 6.414518e-19 3.598696e-19
4061.000000 5.338335e-19 5.264800e-19
4063.000000 3.440149e-19 3.338770e-19
4065.000000 8.601323e-20 3.092342e-19
4067.000000 -1.941366e-19 2.984624e-19
4069.000000 -5.443040e-20 3.038032e-19
4071.000000 1.231107e-19 3.044873e-19
4073.000000 2.585063e-19 3.222438e-19
4075.000000 6.013260e-19 3.603905e-19
4077.000000 5.622695e-19 3.322872e-19
4079.000000 2.381769e-19 3.181753e-19
4081.000000 -7.959032e-21 3.010267e-19
4083.000000 4.583980e-20 2.885813e-19
4085.000000 2.760131e-19 3.400466e-19
4087.000000 5.069945e-19 3.002377e-19
4089.000000 5.404874e-19 2.906690e-19
4091.000000 4.204549e-19 2.876370e-19
4093.000000 4.542590e-19 2.954352e-19
4095.000000 1.751131e-19 2.822675e-19
4097.000000 4.745787e-20 2.662155e-19
4099.000000 8.701066e-20 2.724791e-19
4101.000000 8.738257e-20 2.878041e-19
4103.000000 1.473609e-19 2.893046e-19
4105.000000 1.776935e-19 2.908281e-19
4107.000000 3.175424e-19 3.010752e-19
4109.000000 4.549823e-19 3.518404e-19
4111.000000 1.341754e-19 2.685528e-19
4113.000000 5.859486e-20 2.681220e-19
4115.000000 7.358316e-20 2.652360e-19
4117.000000 7.348398e-20 2.570644e-19
4119.000000 1.468583e-19 2.575623e-19
4121.000000 3.691023e-19 2.734472e-19
4123.000000 3.830604e-19 2.779266e-19
4125.000000 2.594968e-19 2.745428e-19
4127.000000 1.110521e-19 2.717390e-19
4129.000000 1.585782e-19 2.794452e-19
4131.000000 2.892338e-19 3.054495e-19
4133.000000 3.910503e-19 2.766834e-19
4135.000000 2.631175e-19 2.843641e-19
4137.000000 1.242248e-19 6.046700e-19
4139.000000 2.191565e-20 2.763620e-19
4141.000000 -2.826894e-19 2.722107e-19
4143.000000 -1.241514e-19 2.557196e-19
4145.000000 1.026614e-19 2.538037e-19
4147.000000 7.434602e-20 2.622776e-19
4149.000000 1.568860e-20 2.515149e-19
4151.000000 -3.175998e-20 2.572229e-19
4153.000000 2.678077e-20 2.587998e-19
4155.000000 -2.410465e-20 2.669192e-19
4157.000000 6.389172e-20 2.534517e-19
4159.000000 3.857029e-19 2.809354e-19
4161.000000 3.079115e-19 2.738593e-19
4163.000000 1.403847e-19 3.260451e-19
4165.000000 1.590660e-19 2.852548e-19
4167.000000 6.319117e-20 2.784127e-19
4169.000000 2.661524e-20 2.628220e-19
4171.000000 4.279418e-19 2.667047e-19
4173.000000 5.992978e-19 2.752510e-19
4175.000000 3.261243e-19 2.717411e-19
4177.000000 5.058946e-20 2.510599e-19
4179.000000 -2.389976e-19 2.492320e-19
4181.000000 -2.780761e-19 2.411555e-19
4183.000000 9.086886e-20 2.499925e-19
4185.000000 2.764823e-19 2.596624e-19
4187.000000 -2.852687e-20 2.440226e-19
4189.000000 -6.907108e-20 2.582453e-19
4191.000000 1.619623e-19 2.471010e-19
4193.000000 1.891386e-19 2.535681e-19
4195.000000 -5.617078e-20 2.492241e-19
4197.000000 8.516536e-20 2.475660e-19
4199.000000 2.020391e-19 2.534790e-19
4201.000000 -1.391701e-19 2.610072e-19
4203.000000 -8.559389e-20 2.309627e-19
4205.000000 9.853559e-20 2.398397e-19
4207.000000 7.137513e-20 2.636758e-19
4209.000000 1.323712e-19 2.433410e-19
4211.000000 4.328255e-19 2.623615e-19
4213.000000 3.549232e-19 2.510979e-19
4215.000000 1.635690e-19 2.345970e-19
4217.000000 -2.846595e-21 2.726087e-19
4219.000000 1.938027e-20 2.541591e-19
4221.000000 1.356626e-19 2.615685e-19
4223.000000 -1.353987e-21 2.279135e-19
4225.000000 -3.402892e-20 2.266004e-19
4227.000000 2.478696e-20 2.170799e-19
4229.000000 1.115337e-19 2.163978e-19
4231.000000 -3.868379e-20 2.194376e-19
4233.000000 1.152142e-20 2.262854e-19
4235.000000 4.380677e-20 2.329731e-19
4237.000000 8.356481e-20 2.308798e-19
4239.000000 2.488099e-19 2.247350e-19
4241.000000 3.868024e-19 2.551757e-19
4243.000000 1.627588e-19 2.172228e-19
4245.000000 -6.514420e-21 2.165671e-19
4247.000000 -2.669979e-20 2.120588e-19
4249.000000 3.485595e-20 2.640335e-19
4251.000000 -7.578285e-22 3.409381e-19
4253.000000 -1.279753e-19 2.449983e-19
4255.000000 -3.546822e-20 2.318073e-19
4257.000000 6.352764e-20 2.551693e-19
4259.000000 -5.595624e-21 2.700112e-19
4261.000000 -1.117127e-19 2.495801e-19
4263.000000 -2.719770e-20 2.225253e-19
4265.000000 1.126085e-20 2.177986e-19
4267.000000 2.379140e-19 2.226513e-19
4269.000000 3.917534e-19 2.320668e-19
4271.000000 1.914772e-19 2.233218e-19
4273.000000 6.735415e-20 2.229786e-19
4275.000000 5.816417e-20 3.772236e-17
4277.000000 -4.765804e-20 8.072782e-19
4279.000000 -6.759434e-20 2.270986e-19
4281.000000 -5.902167e-20 2.216708e-19
4283.000000 1.108078e-19 2.375082e-19
4285.000000 4.294140e-20 2.271128e-19
4287.000000 2.179188e-20 2.180212e-19
4289.000000 1.946803e-19 2.283381e-19
4291.000000 -4.486219e-20 2.243926e-19
4293.000000 -1.001187e-19 2.255103e-19
4295.000000 1.068776e-19 2.272701e-19
4297.000000 1.937975e-19 2.486582e-19
4299.000000 9.218024e-20 2.162531e-19
4301.000000 1.301208e-19 2.152749e-19
4303.000000 7.388198e-20 2.063488e-19
4305.000000 7.205452e-20 2.255255e-19
4307.000000 2.115925e-20 2.224310e-19
4309.000000 -7.440511e-20 2.140139e-19
4311.000000 -1.064490e-19 2.131705e-19
4313.000000 1.473839e-19 2.159944e-19
4315.000000 8.895030e-20 2.137496e-19
4317.000000 -9.373368e-21 2.320732e-19
4319.000000 -5.365354e-20 2.157256e-19
4321.000000 4.474763e-20 2.120086e-19
4323.000000 1.198093e-19 1.960614e-19
4325.000000 1.765820e-20 1.973992e-19
4327.000000 -1.308650e-20 1.910798e-19
4329.000000 5.227413e-20 1.999472e-19
4331.000000 8.500052e-20 1.942295e-19
4333.000000 1.341955e-19 1.992373e-19
4335.000000 1.714939e-19 1.989903e-19
4337.000000 1.321910e-20 1.890117e-19
4339.000000 1.923341e-20 1.882669e-19
4341.000000 6.442516e-20 1.927209e-19
4343.000000 -7.612833e-20 1.982020e-19
4345.000000 -7.638284e-20 2.025790e-19
4347.000000 1.229730e-19 2.095440e-19
4349.000000 3.153584e-19 2.088104e-19
4351.000000 4.076366e-19 2.249602e-19
4353.000000 4.429020e-19 2.209354e-19
4355.000000 8.648484e-19 3.005861e-19
4357.000000 1.152142e-18 4.093947e-19
4359.000000 1.001747e-18 3.956016e-19
4361.000000 7.254025e-19 3.183687e-19
4363.000000 3.607507e-19 2.473966e-19
4365.000000 1.601359e-19 2.066223e-19
4367.000000 2.311150e-19 2.191393e-19
4369.000000 2.750269e-19 2.065017e-19
4371.000000 2.625712e-19 2.076141e-19
4373.000000 1.856433e-19 2.114653e-19
4375.000000 2.218262e-19 2.170442e-19
4377.000000 1.628013e-19 2.250418e-19
4379.000000 2.376122e-20 1.956498e-19
4381.000000 8.931814e-20 2.052104e-19
4383.000000 3.608807e-19 2.245492e-19
4385.000000 3.485313e-19 2.209445e-19
4387.000000 2.889983e-19 2.088421e-19
4389.000000 3.400387e-20 2.089626e-19
4391.000000 -8.125656e-20 2.004418e-19
4393.000000 -5.912985e-20 2.037390e-19
4395.000000 -6.292043e-20 1.991688e-19
4397.000000 -3.450344e-20 2.031455e-19
4399.000000 2.473640e-20 2.081037e-19
4401.000000 -1.474508e-19 2.033369e-19
4403.000000 -9.320327e-20 2.166125e-19
4405.000000 -8.091891e-20 2.268031e-19
4407.000000 -1.094165e-19 2.140156e-19
4409.000000 1.161310e-19 2.249804e-19
4411.000000 8.352744e-20 2.376334e-19
4413.000000 -1.188550e-19 2.149793e-19
4415.000000 -1.726822e-19 2.155257e-19
4417.000000 -6.152607e-20 2.146158e-19
4419.000000 1.225403e-19 2.278323e-19
4421.000000 5.962169e-20 2.231047e-19
4423.000000 1.834713e-19 2.209014e-19
4425.000000 2.602514e-19 2.383547e-19
4427.000000 8.437905e-20 4.135305e-19
4429.000000 2.885315e-20 1.983856e-19
4431.000000 -2.475458e-20 2.058782e-19
4433.000000 -3.860919e-20 2.242610e-19
4435.000000 4.606946e-20 2.129628e-19
4437.000000 2.420909e-19 2.148228e-19
4439.000000 3.096867e-19 2.105045e-19
4441.000000 1.325701e-19 1.962448e-19
4443.000000 8.968515e-20 1.981540e-19
4445.000000 7.749784e-20 1.888423e-19
4447.000000 -2.039252e-20 1.913294e-19
4449.000000 1.853525e-19 1.973067e-19
4451.000000 3.077917e-19 1.977395e-19
4453.000000 1.654417e-19 1.857856e-19
4455.000000 7.195180e-20 1.870486e-19
4457.000000 2.395138e-19 1.842657e-19
4459.000000 3.208292e-19 1.881316e-19
4461.000000 1.877103e-19 1.835060e-19
4463.000000 1.292229e-19 1.855705e-19
4465.000000 1.988458e-19 1.886934e-19
4467.000000 6.838581e-20 1.718823e-19
4469.000000 6.762210e-20 1.722707e-19
4471.000000 9.068943e-20 1.758302e-19
4473.000000 -7.054973e-21 1.695402e-19
4475.000000 -2.241300e-20 1.678852e-19
4477.000000 -9.281558e-21 1.770210e-19
4479.000000 6.545127e-20 1.696527e-19
4481.000000 4.957545e-20 1.688526e-19
4483.000000 -1.433849e-20 1.700731e-19
4485.000000 1.451064e-19 1.680003e-19
4487.000000 2.699053e-19 1.819511e-19
4489.000000 1.759865e-19 1.858864e-19
4491.000000 3.547780e-20 1.694775e-19
4493.000000 2.576958e-20 1.763617e-19
4495.000000 1.288337e-19 1.708278e-19
4497.000000 2.109567e-19 1.747246e-19
4499.000000 2.466339e-19 1.747676e-19
4501.000000 1.268755e-19 1.659365e-19
4503.000000 4.623081e-20 1.687171e-19
4505.000000 1.977170e-20 1.742300e-19
4507.000000 -3.703751e-20 1.778855e-19
4509.000000 -2.804946e-20 1.819751e-19
4511.000000 4.998746e-20 1.894409e-19
4513.000000 3.629264e-20 1.892721e-19
4515.000000 -3.361831e-21 1.827503e-19
4517.000000 6.003036e-20 1.899868e-19
4519.000000 2.814248e-20 1.723944e-19
4521.000000 4.749750e-20 1.800890e-19
4523.000000 -1.800485e-21 1.803755e-19
4525.000000 -2.447409e-19 1.779688e-19
4527.000000 -1.206825e-19 1.748783e-19
4529.000000 2.460510e-19 1.907144e-19
4531.000000 2.167079e-19 1.778646e-19
4533.000000 5.082193e-20 1.829931e-19
4535.000000 1.309825e-19 1.738816e-19
4537.000000 2.373007e-19 1.778126e-19
4539.000000 7.873069e-20 1.802396e-19
4541.000000 8.475798e-20 1.692775e-19
4543.000000 2.568860e-19 1.759984e-19
4545.000000 3.814079e-19 1.803432e-19
4547.000000 3.360938e-19 1.831942e-19
4549.000000 1.300544e-19 1.860699e-19
4551.000000 1.811992e-19 1.782299e-19
4553.000000 2.368264e-19 1.682413e-19
4555.000000 2.756379e-19 1.664989e-19
4557.000000 2.110401e-19 1.681346e-19
4559.000000 6.913673e-20 1.603173e-19
4561.000000 1.787606e-19 1.657305e-19
4563.000000 1.810012e-19 1.677984e-19
4565.000000 8.159605e-20 1.547655e-19
4567.000000 8.744018e-20 1.655550e-19
4569.000000 9.012931e-20 1.611622e-19
4571.000000 2.611382e-20 1.561293e-19
4573.000000 -4.855991e-20 1.495906e-19
4575.000000 5.295635e-20 1.537325e-19
4577.000000 2.399059e-19 1.576353e-19
4579.000000 3.219628e-19 1.670815e-19
4581.000000 1.681577e-19 1.565858e-19
4583.000000 1.262102e-19 1.604061e-19
4585.000000 1.122741e-19 1.614918e-19
4587.000000 1.336486e-19 1.618249e-19
4589.000000 1.491081e-19 1.588925e-19
4591.000000 8.090114e-20 1.451423e-19
4593.000000 1.505475e-19 1.512155e-19
4595.000000 8.329446e-20 1.495461e-19
4597.000000 -7.823349e-20 1.544662e-19
4599.000000 -1.175956e-20 1.518336e-19
4601.000000 1.477613e-19 1.544456e-19
4603.000000 2.320353e-20 1.494357e-19
4605.000000 1.630457e-21 1.466042e-19
4607.000000 9.075566e-20 1.506017e-19
4609.000000 -2.404818e-20 1.450222e-19
4611.000000 -8.248102e-20 1.526867e-19
4613.000000 1.150548e-19 1.468510e-19
4615.000000 3.044834e-19 1.590714e-19
4617.000000 1.476961e-19 1.517306e-19
4619.000000 6.773672e-20 1.507572e-19
4621.000000 8.443918e-20 1.535222e-19
4623.000000 1.313075e-19 1.529213e-19
4625.000000 1.361180e-19 1.521687e-19
4627.000000 -4.627962e-20 1.573707e-19
4629.000000 -8.246898e-20 1.407773e-19
4631.000000 1.007957e-19 1.507583e-19
4633.000000 1.280410e-19 1.466632e-19
4635.000000 1.616435e-19 1.452936e-19
4637.000000 1.935955e-19 1.552185e-19
4639.000000 1.313688e-19 1.409884e-19
4641.000000 1.853095e-19 1.459958e-19
4643.000000 1.889925e-19 1.557337e-19
4645.000000 1.062199e-19 1.424490e-19
4647.000000 5.954221e-20 1.379685e-19
4649.000000 -2.857048e-20 1.411057e-19
4651.000000 2.536921e-20 1.416769e-19
4653.000000 1.121190e-19 1.431870e-19
4655.000000 6.188843e-20 1.439617e-19
4657.000000 -1.314952e-20 1.458131e-19
4659.000000 5.029474e-20 1.527961e-19
4661.000000 2.901627e-21 1.619925e-19
4663.000000 -1.776134e-20 1.601125e-19
4665.000000 6.037819e-20 1.565643e-19
4667.000000 1.560171e-19 1.515041e-19
4669.000000 2.799351e-19 1.537859e-19
4671.000000 3.967671e-19 1.659184e-19
4673.000000 2.163610e-19 1.534862e-19
4675.000000 6.047526e-20 1.556398e-19
4677.000000 3.046081e-20 1.523956e-19
4679.000000 3.718361e-20 1.451483e-19
4681.000000 6.118754e-20 1.467747e-19
4683.000000 1.383034e-20 1.482204e-19
4685.000000 1.472125e-19 1.491922e-19
4687.000000 1.694580e-19 1.459308e-19
4689.000000 8.223250e-20 1.427770e-19
4691.000000 1.198705e-19 1.394858e-19
4693.000000 1.800711e-19 1.416007e-19
4695.000000 1.813818e-19 1.435115e-19
4697.000000 1.213752e-19 1.350636e-19
4699.000000 8.380188e-20 1.331679e-19
4701.000000 6.639144e-20 1.335699e-19
4703.000000 1.100250e-19 1.371436e-19
4705.000000 1.413304e-19 1.384528e-19
4707.000000 2.006606e-19 1.342026e-19
4709.000000 2.011920e-19 1.384793e-19
4711.000000 1.803060e-20 1.315131e-19
4713.000000 -1.697863e-20 1.297186e-19
4715.000000 7.791938e-20 1.339252e-19
4717.000000 2.971434e-20 1.362270e-19
4719.000000 -5.582295e-20 1.332194e-19
4721.000000 -6.118355e-20 1.363545e-19
4723.000000 -7.098301e-20 1.362625e-19
4725.000000 -1.371276e-19 1.319437e-19
4727.000000 -1.308283e-19 1.288868e-19
4729.000000 -1.060136e-19 1.310897e-19
4731.000000 -9.126996e-20 1.299894e-19
4733.000000 -8.423497e-20 1.284773e-19
4735.000000 -9.638525e-20 1.273603e-19
4737.000000 -5.975386e-20 1.297682e-19
4739.000000 2.300284e-20 1.261473e-19
4741.000000 -1.694639e-20 1.322319e-19
4743.000000 -7.857568e-21 1.286170e-19
4745.000000 7.275662e-20 1.348434e-19
4747.000000 3.971482e-20 1.276053e-19
4749.000000 2.755665e-20 1.218892e-19
4751.000000 -2.947303e-20 1.257610e-19
4753.000000 -6.860297e-20 1.217351e-19
4755.000000 -2.557339e-20 1.223319e-19
4757.000000 -1.812696e-20 1.291020e-19
4759.000000 8.702764e-20 1.263674e-19
4761.000000 1.715170e-19 1.249611e-19
4763.000000 1.122035e-19 1.269420e-19
4765.000000 8.027268e-20 1.245352e-19
4767.000000 1.069072e-19 1.250083e-19
4769.000000 1.732391e-19 1.291139e-19
4771.000000 1.634452e-19 1.242662e-19
4773.000000 1.048992e-19 1.280046e-19
4775.000000 1.697822e-19 1.292691e-19
4777.000000 1.718863e-19 1.241296e-19
4779.000000 1.819824e-19 1.233306e-19
4781.000000 2.066147e-19 1.291426e-19
4783.000000 1.581928e-19 1.257618e-19
4785.000000 8.746026e-20 1.236268e-19
4787.000000 -2.553255e-20 1.183564e-19
4789.000000 -5.871963e-20 1.200713e-19
4791.000000 -2.655365e-20 1.223161e-19
4793.000000 2.950331e-20 1.199952e-19
4795.000000 3.022434e-20 1.243382e-19
4797.000000 1.986493e-20 1.274637e-19
4799.000000 -3.180652e-20 1.208126e-19
4801.000000 -9.918515e-20 1.197173e-19
4803.000000 -8.851454e-20 1.190485e-19
4805.000000 6.191831e-20 1.257852e-19
4807.000000 1.741346e-19 1.264646e-19
4809.000000 4.606013e-20 1.267044e-19
4811.000000 -5.801001e-20 1.225246e-19
4813.000000 -2.228607e-20 1.278365e-19
4815.000000 4.300906e-20 1.318528e-19
4817.000000 1.742841e-19 1.325575e-19
4819.000000 2.505313e-19 1.367727e-19
4821.000000 1.019273e-19 1.353982e-19
4823.000000 -2.102143e-20 1.356354e-19
4825.000000 6.828241e-21 1.338688e-19
4827.000000 1.150053e-20 1.310629e-19
4829.000000 -1.083356e-19 1.307284e-19
4831.000000 -2.398147e-20 1.331315e-19
4833.000000 4.410127e-20 1.350129e-19
4835.000000 -5.063730e-20 1.318899e-19
4837.000000 3.770505e-20 1.373824e-19
4839.000000 1.483946e-19 1.392583e-19
4841.000000 8.354659e-20 1.313109e-19
4843.000000 6.855209e-20 1.336159e-19
4845.000000 1.381919e-19 1.382258e-19
4847.000000 9.107762e-20 1.327753e-19
4849.000000 7.547532e-20 1.358146e-19
4851.000000 4.503375e-20 1.327870e-19
4853.000000 3.453789e-20 1.362166e-19
4855.000000 4.053978e-20 1.307331e-19
4857.000000 -2.157388e-20 1.263118e-19
4859.000000 6.462638e-20 1.351409e-19
4861.000000 1.492167e-19 1.411962e-19
4863.000000 1.166038e-19 1.366307e-19
4865.000000 3.212993e-20 1.278519e-19
4867.000000 -3.835976e-20 1.317561e-19
4869.000000 -2.587784e-20 1.320121e-19
4871.000000 -1.055273e-20 1.308826e-19
4873.000000 -5.941589e-21 1.287968e-19
4875.000000 1.769526e-20 1.336732e-19
4877.000000 3.843914e-20 1.346794e-19
4879.000000 1.452300e-19 1.409807e-19
4881.000000 1.451357e-19 1.342200e-19
4883.000000 4.300236e-20 1.362633e-19
4885.000000 -3.767753e-20 1.339882e-19
4887.000000 -2.462644e-20 1.366557e-19
4889.000000 8.342091e-20 1.345040e-19
4891.000000 1.279804e-19 3.582346e-15
4893.000000 -8.714474e-21 3.582345e-15
4895.000000 -2.533293e-20 3.582346e-15
4897.000000 8.820001e-20 3.582345e-15
4899.000000 6.708749e-20 3.582346e-15
4901.000000 -3.201093e-20 3.582344e-15
4903.000000 1.360644e-19 1.309784e-19
4905.000000 1.865243e-19 1.323694e-19
4907.000000 1.966529e-19 1.286117e-19
4909.000000 2.251397e-19 1.300306e-19
4911.000000 1.649710e-19 1.262117e-19
4913.000000 5.398638e-20 1.197852e-19
4915.000000 -4.748774e-21 1.232143e-19
4917.000000 -5.593993e-20 1.235859e-19
4919.000000 -1.663452e-19 1.191514e-19
4921.000000 -9.250062e-20 1.194683e-19
4923.000000 4.151290e-20 1.217223e-19
4925.000000 -2.649633e-20 1.229395e-19
4927.000000 -4.733623e-20 1.227751e-19
4929.000000 -1.561073e-20 1.192333e-19
4931.000000 2.164747e-21 1.217028e-19
4933.000000 1.336345e-20 1.197010e-19
4935.000000 1.684697e-20 1.188111e-19
4937.000000 3.775872e-20 1.191560e-19
4939.000000 7.225911e-20 1.222122e-19
4941.000000 1.908717e-19 1.209363e-19
4943.000000 3.328105e-19 1.255910e-19
4945.000000 2.053773e-19 1.263701e-19
4947.000000 -1.193559e-20 1.161448e-19
4949.000000 -1.526185e-20 1.147558e-19
4951.000000 -5.199240e-21 1.175009e-19
4953.000000 -7.624016e-21 1.179301e-19
4955.000000 -1.392589e-20 1.178859e-19
4957.000000 4.925218e-21 1.182616e-19
4959.000000 9.884381e-20 1.209802e-19
4961.000000 9.029880e-20 1.226508e-19
4963.000000 1.672536e-20 1.221877e-19
4965.000000 5.336434e-20 1.277514e-19
4967.000000 9.965626e-20 1.247764e-19
4969.000000 8.039081e-20 1.258754e-19
4971.000000 1.535993e-19 1.357623e-19
4973.000000 1.619443e-19 1.299636e-19
4975.000000 1.241589e-19 1.357514e-19
4977.000000 2.462725e-20 1.365880e-19
4979.000000 -1.246096e-19 1.391538e-19
4981.000000 -1.085049e-19 1.472248e-19
4983.000000 8.756501e-20 1.435359e-19
4985.000000 9.792745e-20 1.456506e-19
4987.000000 1.172583e-19 1.352544e-19
4989.000000 1.290016e-19 1.392271e-19
4991.000000 6.617295e-20 1.390144e-19
4993.000000 5.924881e-20 1.360937e-19
4995.000000 8.345108e-20 1.388018e-19
4997.000000 8.353746e-20 1.261137e-19
4999.000000 1.159107e-19 1.288161e-19
5001.000000 6.366158e-20 1.311259e-19
5003.000000 1.374367e-20 1.278123e-19
5005.000000 9.780674e-20 1.288942e-19
5007.000000 2.074896e-19 1.283611e-19
5009.000000 2.383916e-19 1.340925e-19
5011.000000 1.247741e-19 1.259233e-19
5013.000000 5.161766e-20 1.215952e-19
5015.000000 5.193719e-20 1.200059e-19
5017.000000 9.405449e-20 1.180385e-19
5019.000000 2.019621e-19 1.195316e-19
5021.000000 2.221950e-19 1.272684e-19
5023.000000 1.768098e-19 1.223678e-19
5025.000000 1.192751e-19 1.186856e-19
5027.000000 5.621517e-20 1.184091e-19
5029.000000 4.773348e-20 1.201433e-19
5031.000000 8.494601e-20 1.187791e-19
5033.000000 6.933400e-20 1.190474e-19
5035.000000 2.523993e-20 1.132689e-19
5037.000000 4.775131e-20 1.131947e-19
5039.000000 9.146667e-20 1.143121e-19
5041.000000 9.321747e-20 1.143793e-19
5043.000000 9.347201e-20 1.134250e-19
5045.000000 8.456746e-20 1.062106e-19
5047.000000 6.675775e-20 1.095567e-19
5049.000000 6.898968e-20 1.077782e-19
5051.000000 6.650078e-20 1.115178e-19
5053.000000 3.756200e-20 1.112595e-19
5055.000000 -5.880863e-21 1.074298e-19
5057.000000 -2.692560e-20 1.163768e-19
5059.000000 -6.605703e-20 1.134413e-19
5061.000000 -6.717670e-20 1.138411e-19
5063.000000 1.442491e-20 1.153368e-19
5065.000000 4.031682e-20 1.156520e-19
5067.000000 6.411259e-20 1.123032e-19
5069.000000 8.429173e-20 1.094426e-19
5071.000000 9.374318e-20 1.191922e-19
5073.000000 1.553966e-19 1.119964e-19
5075.000000 2.092428e-19 1.163189e-19
5077.000000 2.213908e-19 1.190850e-19
5079.000000 2.652808e-19 1.174360e-19
5081.000000 2.457725e-19 1.205641e-19
5083.000000 9.000593e-20 1.130943e-19
5085.000000 1.479060e-20 1.236967e-19
5087.000000 -5.365056e-20 1.172067e-19
5089.000000 -1.003195e-20 1.195275e-19
5091.000000 2.234997e-20 1.159793e-19
5093.000000 3.365428e-21 1.179378e-19
5095.000000 9.759826e-20 1.196889e-19
5097.000000 1.303310e-19 1.169015e-19
5099.000000 1.200104e-19 1.178998e-19
5101.000000 1.019158e-19 1.180270e-19
5103.000000 7.289617e-20 1.133672e-19
5105.000000 1.011141e-19 1.143018e-19
5107.000000 8.292558e-20 1.142933e-19
5109.000000 3.350550e-20 1.086752e-19
5111.000000 -3.452186e-20 1.141862e-19
5113.000000 -8.574294e-20 1.072754e-19
5115.000000 -4.218431e-20 1.162053e-19
5117.000000 -4.086031e-20 1.096207e-19
5119.000000 2.627263e-20 1.084960e-19
5121.000000 1.971473e-19 1.181866e-19
5123.000000 1.641489e-19 1.113592e-19
5125.000000 2.737438e-20 1.070930e-19
5127.000000 -4.248369e-20 1.082910e-19
5129.000000 -5.293389e-20 1.064098e-19
5131.000000 -1.427163e-20 1.127372e-19
5133.000000 4.111459e-20 1.104125e-19
5135.000000 6.290202e-20 1.121705e-19
5137.000000 5.301753e-20 1.091584e-19
5139.000000 6.172540e-20 1.125143e-19
5141.000000 8.287513e-20 1.102742e-19
5143.000000 1.209214e-19 1.124514e-19
5145.000000 1.674342e-19 1.114320e-19
5147.000000 1.483976e-19 1.163253e-19
5149.000000 9.080204e-20 1.124627e-19
5151.000000 -2.252435e-20 1.159879e-19
5153.000000 -1.995138e-20 1.235882e-19
5155.000000 1.052447e-19 1.247062e-19
5157.000000 1.262178e-19 1.209033e-19
5159.000000 7.885291e-20 1.174605e-19
5161.000000 7.962610e-20 1.148093e-19
5163.000000 4.588231e-20 1.160139e-19
5165.000000 7.800928e-20 1.135046e-19
5167.000000 1.153388e-19 1.120199e-19
5169.000000 1.197190e-19 1.117769e-19
5171.000000 8.487028e-20 1.123140e-19
5173.000000 3.018421e-20 1.099157e-19
5175.000000 4.053136e-20 1.126147e-19
5177.000000 1.887571e-20 1.138205e-19
5179.000000 -1.415987e-20 1.104871e-19
5181.000000 4.211058e-20 1.132992e-19
5183.000000 6.750101e-20 1.074224e-19
5185.000000 -3.209797e-21 1.083716e-19
5187.000000 4.309739e-21 1.135071e-19
5189.000000 5.245091e-20 1.134947e-19
5191.000000 7.624655e-20 1.108692e-19
5193.000000 8.865898e-20 1.134867e-19
5195.000000 6.474838e-20 1.114739e-19
5197.000000 8.256068e-20 1.161037e-19
5199.000000 5.283340e-20 1.189933e-19
5201.000000 2.020550e-20 1.168684e-19
5203.000000 4.495362e-20 1.159731e-19
5205.000000 6.903336e-20 1.127748e-19
5207.000000 8.764940e-20 1.110092e-19
5209.000000 1.335522e-19 1.069210e-19
5211.000000 1.521767e-19 1.125393e-19
5213.000000 5.994507e-20 1.086173e-19
5215.000000 2.136377e-20 1.097281e-19
5217.000000 8.204161e-20 1.123750e-19
5219.000000 9.781756e-20 1.169714e-19
5221.000000 1.627618e-19 1.203445e-19
5223.000000 1.927273e-19 1.211826e-19
5225.000000 1.620983e-19 1.142079e-19
5227.000000 1.941928e-19 1.159079e-19
5229.000000 9.791223e-20 1.088318e-19
5231.000000 2.788813e-20 1.101023e-19
5233.000000 2.163705e-20 1.130575e-19
5235.000000 -4.714089e-20 1.164082e-19
5237.000000 7.214330e-20 1.231674e-19
5239.000000 2.502080e-19 1.250188e-19
5241.000000 2.534696e-19 1.172576e-19
5243.000000 2.035658e-19 1.133811e-19
5245.000000 2.087825e-19 1.085574e-19
5247.000000 2.096765e-19 1.146077e-19
5249.000000 2.242284e-19 1.131465e-19
5251.000000 2.396611e-19 1.190670e-19
5253.000000 1.514034e-19 1.112261e-19
5255.000000 1.101778e-19 1.201848e-19
5257.000000 1.008764e-19 1.137169e-19
5259.000000 3.623704e-20 1.076033e-19
5261.000000 -4.449899e-20 1.059850e-19
5263.000000 -2.060737e-20 1.029908e-19
5265.000000 1.003118e-19 1.055536e-19
5267.000000 1.389625e-19 1.088563e-19
5269.000000 5.422096e-20 1.052922e-19
5271.000000 6.740548e-20 1.043639e-19
5273.000000 1.608877e-19 1.117378e-19
5275.000000 1.585073e-19 1.100121e-19
5277.000000 1.901073e-19 1.111986e-19
5279.000000 1.769686e-19 1.090998e-19
5281.000000 1.246078e-19 1.054600e-19
5283.000000 1.321550e-19 1.030648e-19
5285.000000 1.686038e-19 1.097667e-19
5287.000000 1.289849e-19 1.075533e-19
5289.000000 2.089400e-20 1.076823e-19
5291.000000 -4.893429e-20 1.068001e-19
5293.000000 -2.355367e-20 1.072165e-19
5295.000000 9.503436e-20 1.130993e-19
5297.000000 1.059355e-19 1.130329e-19
5299.000000 8.065380e-20 1.122718e-19
5301.000000 4.735431e-20 1.136976e-19
5303.000000 -1.147472e-19 1.065814e-19
5305.000000 -1.683125e-19 1.087434e-19
5307.000000 -1.128063e-19 1.090788e-19
5309.000000 -3.978527e-20 1.095631e-19
5311.000000 4.085027e-20 1.086772e-19
5313.000000 1.325590e-19 1.210449e-19
5315.000000 1.073991e-19 1.106012e-19
5317.000000 4.077672e-20 1.102048e-19
5319.000000 1.045456e-20 1.107019e-19
5321.000000 -1.409909e-20 1.106126e-19
5323.000000 -4.000506e-20 1.103657e-19
5325.000000 3.495564e-20 1.088844e-19
5327.000000 1.482458e-19 1.092672e-19
5329.000000 1.530168e-19 1.115313e-19
5331.000000 7.269697e-20 1.109751e-19
5333.000000 8.861910e-20 1.128797e-19
5335.000000 1.880070e-19 1.129819e-19
5337.000000 2.152551e-19 1.107301e-19
5339.000000 1.498776e-19 1.102120e-19
5341.000000 1.528224e-19 1.128924e-19
5343.000000 1.226627e-19 1.155327e-19
5345.000000 6.706655e-21 1.201655e-19
5347.000000 -8.200885e-21 1.247389e-19
5349.000000 6.928762e-20 1.292420e-19
5351.000000 1.097157e-19 1.339504e-19
5353.000000 8.567216e-20 1.362728e-19
5355.000000 4.914509e-21 1.427575e-19
5357.000000 -4.815559e-20 1.369787e-19
5359.000000 -2.246572e-20 1.352567e-19
5361.000000 4.730304e-20 1.377195e-19
5363.000000 2.356336e-19 4.314183e-15
5365.000000 2.758190e-19 4.314183e-15
5367.000000 2.134087e-19 4.314183e-15
5369.000000 1.574227e-19 4.314183e-15
5371.000000 6.804933e-20 4.314183e-15
5373.000000 -3.334803e-20 4.314183e-15
5375.000000 1.295920e-20 4.314183e-15
5377.000000 7.888518e-20 1.201090e-19
5379.000000 9.057264e-20 1.226927e-19
5381.000000 1.093088e-19 1.160630e-19
5383.000000 1.522857e-19 1.273400e-19
5385.000000 1.516632e-19 1.216287e-19
5387.000000 1.642281e-19 1.198735e-19
5389.000000 1.491233e-19 1.194551e-19
5391.000000 6.764947e-20 1.123084e-19
5393.000000 8.156231e-20 1.159113e-19
5395.000000 2.068310e-19 1.118804e-19
5397.000000 1.796232e-19 1.142914e-19
5399.000000 3.841527e-20 1.410367e-19
5401.000000 3.788637e-20 1.486688e-19
5403.000000 4.470306e-20 1.423312e-19
5405.000000 -3.377624e-20 1.441915e-19
5407.000000 1.674023e-20 1.108156e-19
5409.000000 7.067172e-20 1.103288e-19
5411.000000 2.641872e-20 1.153393e-19
5413.000000 -1.028996e-19 1.168496e-19
5415.000000 -1.207209e-19 1.162216e-19
5417.000000 -3.469747e-20 1.209285e-19
5419.000000 1.141230e-20 1.212660e-19
5421.000000 -1.439660e-20 1.147759e-19
5423.000000 4.285892e-20 1.158825e-19
5425.000000 1.323736e-19 1.197145e-19
5427.000000 7.640974e-20 1.126028e-19
5429.000000 2.278806e-21 1.130104e-19
5431.000000 1.422628e-20 1.066158e-19
5433.000000 1.706691e-19 1.158473e-19
5435.000000 2.137953e-19 1.176641e-19
5437.000000 8.548008e-20 1.110635e-19
5439.000000 3.843190e-20 1.114603e-19
5441.000000 3.294503e-20 1.102863e-19
5443.000000 4.685116e-20 1.078007e-19
5445.000000 4.637251e-20 1.060628e-19
5447.000000 9.204016e-20 1.177982e-19
5449.000000 1.748312e-19 1.177778e-19
5451.000000 1.669490e-19 1.179471e-19
5453.000000 6.307294e-20 1.088074e-19
5455.000000 5.409461e-20 1.160345e-19
5457.000000 1.990055e-19 1.504893e-19
5459.000000 3.896379e-19 1.958783e-19
5461.000000 3.915116e-19 1.985282e-19
5463.000000 2.616017e-19 1.809475e-19
5465.000000 1.342739e-19 1.370321e-19
5467.000000 5.644852e-20 1.226521e-19
5469.000000 5.853604e-20 1.202337e-19
5471.000000 8.555736e-21 1.132631e-19
5473.000000 9.287743e-21 1.140066e-19
5475.000000 2.665977e-20 1.111362e-19
5477.000000 -2.490898e-21 1.128384e-19
5479.000000 1.487209e-21 1.125422e-19
5481.000000 2.229472e-20 1.178714e-19
5483.000000 4.417094e-20 1.098736e-19
5485.000000 2.724652e-20 1.087281e-19
5487.000000 -2.066663e-20 1.101388e-19
5489.000000 -5.277701e-20 1.065051e-19
5491.000000 -3.552863e-20 1.032215e-19
5493.000000 -6.155052e-20 1.017588e-19
5495.000000 -7.077726e-20 1.072343e-19
5497.000000 4.245955e-20 1.055820e-19
5499.000000 1.148004e-19 1.070414e-19
5501.000000 7.926893e-20 1.098229e-19
5503.000000 3.737833e-20 1.038162e-19
5505.000000 8.058980e-20 1.057610e-19
5507.000000 7.663337e-20 1.089178e-19
5509.000000 1.064149e-20 1.045024e-19
5511.000000 1.338170e-20 1.048471e-19
5513.000000 3.499465e-20 1.104771e-19
5515.000000 5.291838e-20 1.072339e-19
5517.000000 9.011129e-20 1.127004e-19
5519.000000 9.604078e-20 1.061329e-19
5521.000000 3.382196e-20 1.097301e-19
5523.000000 5.745691e-21 1.076228e-19
5525.000000 8.453372e-20 1.056264e-19
5527.000000 1.311912e-19 1.093581e-19
5529.000000 5.566710e-20 1.040415e-19
5531.000000 6.858391e-20 1.049975e-19
5533.000000 1.504831e-19 1.104904e-19
5535.000000 1.702681e-19 1.087215e-19
5537.000000 1.958589e-19 1.080625e-19
5539.000000 1.230136e-19 1.080430e-19
5541.000000 5.011225e-20 1.100215e-19
5543.000000 8.142495e-20 1.095619e-19
5545.000000 9.542778e-20 1.105384e-19
5547.000000 7.987617e-20 1.066769e-19
5549.000000 7.940926e-21 1.020246e-19
5551.000000 -9.563136e-20 1.068557e-19
5553.000000 -1.212095e-19 1.018033e-19
5555.000000 -2.727443e-20 1.036687e-19
5557.000000 2.220563e-20 1.066246e-19
5559.000000 1.302378e-20 1.083102e-19
5561.000000 9.037008e-20 1.192928e-19
5563.000000 4.990957e-20 1.204848e-19
5565.000000 -6.911906e-20 1.173897e-19
5567.000000 -1.707957e-19 1.180721e-19
5569.000000 -1.923697e-19 1.107842e-19
5571.000000 -1.889329e-19 1.589305e-19
5573.000000 5.161082e-19 4.270210e-19
5575.000000 2.034613e-18 8.405979e-19
5577.000000 2.534997e-18 6.642761e-18
5579.000000 1.383170e-18 5.555034e-19
5581.000000 6.319507e-20 2.751091e-19
5583.000000 -1.282772e-19 1.259497e-19
5585.000000 -2.877716e-20 1.110852e-19
5587.000000 2.127477e-20 1.160195e-19
5589.000000 5.128367e-20 1.137750e-19
5591.000000 8.680683e-20 1.101607e-19
5593.000000 1.248589e-19 1.081600e-19
5595.000000 3.592318e-20 1.041421e-19
5597.000000 -7.082781e-21 4.314183e-15
5599.000000 7.904249e-20 4.314183e-15
5601.000000 1.244406e-19 4.314183e-15
5603.000000 8.658302e-20 4.314183e-15
5605.000000 5.431167e-20 1.216793e-19
5607.000000 -1.176508e-20 1.170834e-19
5609.000000 -6.316331e-20 3.582340e-15
5611.000000 -6.849314e-21 3.582340e-15
5613.000000 5.066702e-20 3.582340e-15
5615.000000 3.466609e-20 4.314183e-15
5617.000000 5.477512e-21 7.319595e-16
5619.000000 3.896308e-20 7.319483e-16
5621.000000 1.094591e-19 7.319507e-16
5623.000000 1.561314e-19 1.167174e-19
5625.000000 1.694906e-19 1.100411e-19
5627.000000 1.518398e-19 1.100525e-19
5629.000000 1.181406e-19 1.032635e-19
5631.000000 6.925492e-20 9.983783e-20
5633.000000 9.093587e-20 1.075805e-19
5635.000000 1.376602e-19 1.072957e-19
5637.000000 1.813795e-19 1.054643e-19
5639.000000 2.154002e-19 1.121684e-19
5641.000000 1.868920e-19 1.120153e-19
5643.000000 8.715784e-20 1.044731e-19
5645.000000 6.337561e-20 1.112324e-19
5647.000000 3.943839e-20 1.095249e-19
5649.000000 -9.932884e-21 1.064089e-19
5651.000000 -3.151725e-20 1.132800e-19
5653.000000 2.762737e-20 1.100300e-19
5655.000000 9.144952e-20 1.132396e-19
5657.000000 5.598797e-20 1.107220e-19
5659.000000 2.619531e-20 1.078356e-19
5661.000000 3.595872e-20 1.109964e-19
5663.000000 -1.591325e-20 1.087504e-19
5665.000000 -1.063551e-19 1.049106e-19
5667.000000 -1.246441e-19 1.067255e-19
5669.000000 -1.070291e-19 1.144599e-19
5671.000000 -7.998139e-20 1.160530e-19
5673.000000 1.492886e-20 1.142268e-19
5675.000000 8.941842e-20 1.144780e-19
5677.000000 2.791675e-20 1.122784e-19
5679.000000 -2.898340e-20 1.168118e-19
5681.000000 7.289368e-20 1.265350e-19
5683.000000 1.664318e-19 1.346739e-19
5685.000000 1.708084e-19 1.442590e-19
5687.000000 1.787266e-19 1.427678e-19
5689.000000 4.249897e-21 1.443482e-19
5691.000000 -9.831664e-20 1.393167e-19
5693.000000 -1.555585e-20 1.410906e-19
5695.000000 2.078487e-21 1.295873e-19
5697.000000 2.300496e-20 1.272884e-19
5699.000000 7.529067e-20 1.181952e-19
5701.000000 5.461022e-20 1.124537e-19
5703.000000 -4.766023e-20 1.186046e-19
5705.000000 -1.911577e-20 1.035475e-19
5707.000000 1.512889e-19 1.155277e-19
5709.000000 1.997957e-19 1.110570e-19
5711.000000 2.040077e-19 1.096823e-19
5713.000000 1.743195e-19 1.086914e-19
5715.000000 1.497086e-19 1.080270e-19
5717.000000 9.145356e-20 1.075972e-19
5719.000000 -7.012352e-20 1.064542e-19
5721.000000 -8.800770e-20 1.062668e-19
5723.000000 4.201610e-20 1.100955e-19
5725.000000 1.492704e-19 1.167735e-19
5727.000000 1.357143e-19 1.126706e-19
5729.000000 1.028863e-19 1.081719e-19
5731.000000 8.892085e-20 1.045397e-19
5733.000000 1.132341e-19 1.092872e-19
5735.000000 1.462955e-19 1.118869e-19
5737.000000 2.181973e-19 1.085906e-19
5739.000000 1.897205e-19 1.151903e-19
5741.000000 8.899919e-20 1.065840e-19
5743.000000 8.114268e-21 1.072155e-19
5745.000000 -5.254736e-20 1.064324e-19
5747.000000 1.051091e-20 1.097724e-19
5749.000000 6.707200e-20 1.090781e-19
5751.000000 2.514541e-20 1.048126e-19
5753.000000 1.431465e-20 1.061143e-19
5755.000000 4.099371e-20 1.054730e-19
5757.000000 8.776659e-21 1.054577e-19
5759.000000 -7.018923e-20 1.048137e-19
5761.000000 -4.692371e-20 1.091145e-19
5763.000000 3.582562e-20 1.078255e-19
5765.000000 1.226600e-19 1.215854e-19
5767.000000 1.716922e-19 1.306825e-19
5769.000000 1.301016e-19 1.359645e-19
5771.000000 1.264600e-19 1.367289e-19
5773.000000 1.114066e-19 1.233024e-19
5775.000000 1.418714e-19 1.182851e-19
5777.000000 1.991187e-19 1.152605e-19
5779.000000 1.737799e-19 1.155184e-19
5781.000000 1.066212e-19 1.108188e-19
5783.000000 1.223034e-19 1.170257e-19
5785.000000 1.198190e-19 1.134265e-19
5787.000000 1.065728e-19 1.223004e-19
5789.000000 9.443258e-20 1.294067e-19
5791.000000 1.174223e-19 1.323448e-19
5793.000000 1.251731e-19 1.282061e-19
5795.000000 1.245760e-19 1.164553e-19
5797.000000 2.868082e-20 1.175511e-19
5799.000000 -5.739809e-20 1.084689e-19
5801.000000 -5.800867e-20 1.134605e-19
5803.000000 -3.391126e-20 1.110170e-19
5805.000000 5.560473e-20 1.151289e-19
5807.000000 1.447984e-19 1.184831e-19
5809.000000 1.091707e-19 1.160766e-19
5811.000000 7.396325e-20 1.158064e-19
5813.000000 1.694627e-20 1.179063e-19
5815.000000 -4.615189e-20 1.140138e-19
5817.000000 -3.729225e-20 1.198078e-19
5819.000000 -1.731700e-20 1.153596e-19
5821.000000 4.014664e-20 1.235461e-19
5823.000000 -9.345004e-20 1.125277e-19
5825.000000 -2.148062e-19 1.141116e-19
5827.000000 -1.357631e-19 1.113336e-19
5829.000000 -3.610847e-20 1.130193e-19
5831.000000 3.365073e-20 1.160970e-19
5833.000000 3.173793e-20 1.164887e-19
5835.000000 -5.474955e-20 1.168803e-19
5837.000000 -6.095275e-20 1.159876e-19
5839.000000 2.819833e-20 1.144378e-19
5841.000000 8.686594e-20 1.184318e-19
5843.000000 5.790313e-20 1.201147e-19
5845.000000 -2.748970e-20 1.195870e-19
5847.000000 -5.675348e-20 1.194492e-19
5849.000000 6.967024e-20 1.232996e-19
5851.000000 1.431332e-19 1.217575e-19
5853.000000 1.412476e-19 1.230542e-19
5855.000000 1.319642e-19 1.238668e-19
5857.000000 5.677171e-20 1.224630e-19
5859.000000 -2.372616e-20 1.185990e-19
5861.000000 -6.127259e-20 1.189724e-19
5863.000000 -4.678252e-20 1.269438e-19
5865.000000 4.336388e-20 1.412249e-19
5867.000000 5.214878e-20 1.481538e-19
5869.000000 7.564690e-20 1.419879e-19
5871.000000 1.668557e-19 1.350847e-19
5873.000000 2.085471e-19 1.303731e-19
5875.000000 1.719775e-19 1.240088e-19
5877.000000 3.584016e-20 1.190322e-19
5879.000000 -4.476305e-20 1.180102e-19
5881.000000 -1.672969e-20 1.186137e-19
5883.000000 -5.206776e-21 1.250509e-19
5885.000000 -9.358861e-21 1.355348e-19
5887.000000 8.111244e-20 1.854996e-19
5889.000000 3.869547e-20 2.036154e-19
5891.000000 -9.816994e-20 1.955583e-19
5893.000000 -1.619288e-19 1.708652e-19
5895.000000 -1.225592e-19 1.673110e-19
5897.000000 -9.418312e-20 1.588397e-19
5899.000000 -5.838190e-20 1.325569e-19
5901.000000 -8.668158e-20 1.187289e-19
5903.000000 -8.934606e-20 1.174573e-19
5905.000000 -2.445259e-20 1.243533e-19
5907.000000 6.838604e-20 1.251322e-19
5909.000000 1.021194e-19 1.183042e-19
5911.000000 8.702123e-20 1.249177e-19
5913.000000 7.807338e-20 1.448913e-19
5915.000000 6.353393e-20 1.450708e-19
5917.000000 1.851135e-20 1.420630e-19
5919.000000 -2.787771e-20 1.253826e-19
5921.000000 2.125091e-20 1.227855e-19
5923.000000 1.002258e-20 1.320552e-19
5925.000000 -1.426471e-19 1.322852e-19
5927.000000 -2.334037e-19 1.275900e-19
5929.000000 -1.102858e-19 1.312300e-19
5931.000000 8.699407e-21 1.424652e-19
5933.000000 -1.939493e-19 1.441210e-19
5935.000000 -3.372807e-19 1.401194e-19
5937.000000 -1.338568e-19 1.240173e-19
5939.000000 1.077787e-19 1.220638e-19
5941.000000 1.453531e-19 1.246504e-19
5943.000000 8.009858e-20 1.248910e-19
5945.000000 3.697895e-20 1.268732e-19
5947.000000 5.051558e-22 1.309517e-19
5949.000000 -5.768826e-20 1.260694e-19
5951.000000 -6.184800e-20 1.346504e-19
5953.000000 -2.737320e-20 1.464853e-19
5955.000000 2.724962e-20 1.459415e-19
5957.000000 -3.740964e-20 1.297003e-19
5959.000000 -7.930468e-20 1.196755e-19
5961.000000 2.493933e-20 1.251668e-19
5963.000000 1.045237e-19 1.258029e-19
5965.000000 1.009769e-19 1.232060e-19
5967.000000 5.146646e-20 1.266055e-19
5969.000000 3.574176e-21 1.245980e-19
5971.000000 3.238259e-20 1.220378e-19
5973.000000 1.783807e-19 1.252102e-19
5975.000000 2.731860e-19 1.302081e-19
5977.000000 2.430977e-19 1.294845e-19
5979.000000 1.241325e-19 1.294700e-19
5981.000000 1.155945e-20 1.212418e-19
5983.000000 7.548914e-21 1.159749e-19
5985.000000 8.811817e-20 1.192654e-19
5987.000000 9.616910e-20 1.233925e-19
5989.000000 1.054379e-20 1.242389e-19
5991.000000 -1.351226e-19 1.154673e-19
5993.000000 -2.017117e-19 1.174362e-19
5995.000000 -9.357830e-20 1.186119e-19
5997.000000 6.514436e-20 1.195343e-19
5999.000000 8.293987e-20 1.225026e-19
6001.000000 7.440028e-20 1.192374e-19
6003.000000 6.432993e-20 1.201235e-19
6005.000000 -5.328581e-20 1.169122e-19
6007.000000 -7.948423e-20 1.113477e-19
6009.000000 2.041394e-20 1.162209e-19
6011.000000 8.715900e-21 1.120730e-19
6013.000000 -4.833568e-20 1.143760e-19
6015.000000 3.597530e-20 1.145622e-19
6017.000000 1.365223e-19 1.155696e-19
6019.000000 1.491395e-19 1.135781e-19
6021.000000 1.709233e-19 1.152194e-19
6023.000000 2.313699e-19 1.157102e-19
6025.000000 2.396145e-19 1.135804e-19
6027.000000 1.620573e-19 1.206331e-19
6029.000000 6.727741e-20 1.105672e-19
6031.000000 4.012750e-20 1.114781e-19
6033.000000 1.469085e-20 1.140451e-19
6035.000000 6.970990e-20 1.145546e-19
6037.000000 1.683151e-19 1.076311e-19
6039.000000 1.664695e-19 1.119319e-19
6041.000000 1.277216e-19 1.094980e-19
6043.000000 1.328577e-19 1.073861e-19
6045.000000 1.865757e-19 1.097873e-19
6047.000000 1.193480e-19 1.048492e-19
6049.000000 -2.747227e-20 1.107908e-19
6051.000000 -4.220897e-20 1.099798e-19
6053.000000 2.684732e-20 1.092454e-19
6055.000000 1.099769e-19 1.103703e-19
6057.000000 1.873096e-19 1.094371e-19
6059.000000 1.852701e-19 1.134532e-19
6061.000000 1.266809e-19 1.109590e-19
6063.000000 4.796230e-20 1.062724e-19
6065.000000 6.126824e-20 1.082205e-19
6067.000000 6.302930e-20 1.104395e-19
6069.000000 -1.932824e-21 1.091993e-19
6071.000000 -5.190878e-20 1.077974e-19
6073.000000 -6.217749e-20 9.951523e-20
6075.000000 5.988648e-20 1.091521e-19
6077.000000 1.168875e-19 1.063625e-19
6079.000000 1.267465e-19 1.059113e-19
6081.000000 1.485494e-19 1.113942e-19
6083.000000 1.236347e-19 1.071097e-19
6085.000000 1.772399e-19 1.098864e-19
6087.000000 2.596240e-19 1.091443e-19
6089.000000 1.929375e-19 1.140273e-19
6091.000000 1.144803e-19 1.109686e-19
6093.000000 1.305233e-19 1.110731e-19
6095.000000 1.555404e-19 1.078022e-19
6097.000000 1.637114e-19 1.078279e-19
6099.000000 1.248548e-19 1.058946e-19
6101.000000 1.419356e-19 1.092518e-19
6103.000000 1.624770e-19 1.152047e-19
6105.000000 1.986916e-19 1.153036e-19
6107.000000 1.875280e-19 1.162454e-19
6109.000000 1.033436e-19 1.199968e-19
6111.000000 1.214864e-19 1.244437e-19
6113.000000 1.410068e-19 1.310043e-19
6115.000000 9.054521e-20 1.194723e-19
6117.000000 9.020034e-20 1.191235e-19
6119.000000 9.622282e-20 1.160198e-19
6121.000000 1.333950e-19 1.152563e-19
6123.000000 1.491098e-19 1.163659e-19
6125.000000 6.150238e-20 1.079146e-19
6127.000000 6.603853e-20 1.090539e-19
6129.000000 1.634103e-19 1.090403e-19
6131.000000 2.248976e-19 1.074079e-19
6133.000000 2.057271e-19 1.068644e-19
6135.000000 2.019902e-19 1.112064e-19
6137.000000 2.456764e-19 1.195059e-19
6139.000000 2.703443e-19 1.222726e-19
6141.000000 2.803144e-19 1.252366e-19
6143.000000 2.220027e-19 1.247900e-19
6145.000000 1.494580e-19 1.218177e-19
6147.000000 1.388537e-19 1.177580e-19
6149.000000 1.063638e-19 1.131283e-19
6151.000000 7.512462e-20 1.098660e-19
6153.000000 4.998212e-20 1.133977e-19
6155.000000 8.179054e-20 1.158274e-19
6157.000000 5.982297e-20 1.091155e-19
6159.000000 2.843231e-20 1.136048e-19
6161.000000 1.051911e-19 1.174572e-19
6163.000000 8.283737e-20 1.192306e-19
6165.000000 -4.533245e-20 1.042728e-19
6167.000000 -2.816470e-20 1.105302e-19
6169.000000 6.323325e-20 1.258914e-19
6171.000000 3.404044e-20 1.278047e-19
6173.000000 -6.487251e-20 1.184092e-19
6175.000000 -2.989002e-20 1.106686e-19
6177.000000 6.804858e-20 1.078119e-19
6179.000000 7.516061e-20 1.068808e-19
6181.000000 5.593606e-20 1.022276e-19
6183.000000 5.955241e-20 1.038123e-19
6185.000000 8.136710e-20 1.073125e-19
6187.000000 9.936066e-20 1.045684e-19
6189.000000 1.698104e-21 1.038771e-19
6191.000000 -1.462445e-19 1.031147e-19
6193.000000 -1.001273e-19 1.098399e-19
6195.000000 5.597732e-20 1.080948e-19
6197.000000 7.018669e-20 1.061721e-19
6199.000000 -6.373809e-21 1.064764e-19
6201.000000 -4.566362e-20 1.182331e-19
6203.000000 -4.576788e-20 1.198753e-19
6205.000000 -2.326944e-20 1.142481e-19
6207.000000 8.257725e-22 1.074804e-19
6209.000000 1.648085e-20 1.031015e-19
6211.000000 7.058298e-20 1.094398e-19
6213.000000 1.829773e-19 1.101509e-19
6215.000000 2.362364e-19 1.061672e-19
6217.000000 1.826594e-19 1.046995e-19
6219.000000 1.108948e-19 1.088979e-19
6221.000000 1.560200e-19 1.185008e-19
6223.000000 1.703691e-19 1.138255e-19
6225.000000 7.705809e-20 1.033751e-19
6227.000000 6.493964e-20 1.006176e-19
6229.000000 5.932586e-20 1.010218e-19
6231.000000 1.161164e-19 1.126035e-19
6233.000000 2.558420e-19 1.497665e-19
6235.000000 2.530948e-19 1.671777e-19
6237.000000 1.693580e-19 1.534578e-19
6239.000000 1.432468e-19 1.361349e-19
6241.000000 4.687826e-20 1.260663e-19
6243.000000 -5.080363e-20 1.202587e-19
6245.000000 -4.594558e-21 1.116701e-19
6247.000000 8.474929e-20 1.045168e-19
6249.000000 1.398910e-19 1.029575e-19
6251.000000 1.578419e-19 1.007357e-19
6253.000000 1.504670e-19 1.118612e-19
6255.000000 1.016937e-19 1.420784e-19
6257.000000 6.637204e-20 1.571780e-19
6259.000000 5.379540e-20 1.580268e-19
6261.000000 6.905115e-20 1.309227e-19
6263.000000 1.052579e-19 1.221119e-19
6265.000000 9.752886e-20 1.239100e-19
6267.000000 6.772055e-20 1.203493e-19
6269.000000 6.708234e-20 1.085263e-19
6271.000000 6.152035e-20 1.023064e-19
6273.000000 -4.620760e-22 1.072438e-19
6275.000000 -3.343021e-20 1.084717e-19
6277.000000 -6.660476e-20 1.114013e-19
6279.000000 -6.998416e-20 1.037906e-19
6281.000000 1.548287e-20 1.017369e-19
6283.000000 6.037016e-20 1.094233e-19
6285.000000 8.412387e-20 1.380693e-19
6287.000000 8.977480e-20 1.537189e-19
6289.000000 -1.038852e-20 1.394634e-19
6291.000000 -5.484634e-20 1.167693e-19
6293.000000 -2.480844e-20 1.032045e-19
6295.000000 1.072536e-19 1.163621e-19
6297.000000 3.534938e-19 1.936816e-19
6299.000000 4.984394e-19 2.637869e-19
6301.000000 3.126898e-19 2.311261e-19
6303.000000 -2.123775e-20 1.739463e-19
6305.000000 -8.028768e-20 1.513222e-19
6307.000000 -6.858783e-20 1.535860e-19
6309.000000 -5.854055e-21 1.406173e-19
6311.000000 6.689614e-20 1.044623e-19
6313.000000 3.219903e-20 9.928733e-20
6315.000000 -4.261945e-20 9.495940e-20
6317.000000 -3.756592e-20 9.989778e-20
6319.000000 6.994675e-20 1.158274e-19
6321.000000 5.567049e-20 1.204482e-19
6323.000000 -4.309682e-20 1.123053e-19
6325.000000 -2.634404e-20 1.030710e-19
6327.000000 -3.916508e-21 1.234608e-19
6329.000000 -1.542582e-20 1.376634e-19
6331.000000 4.635033e-20 1.372032e-19
6333.000000 1.563961e-21 1.122693e-19
6335.000000 -1.484056e-19 9.221877e-20
6337.000000 -1.223606e-19 9.662506e-20
6339.000000 2.026098e-20 1.000094e-19
6341.000000 1.338266e-19 1.009084e-19
6343.000000 1.573666e-19 1.021454e-19
6345.000000 1.417816e-19 1.042830e-19
6347.000000 1.492584e-19 1.091609e-19
6349.000000 1.571743e-19 1.143765e-19
6351.000000 1.401820e-19 1.052692e-19
6353.000000 1.309672e-19 1.122107e-19
6355.000000 1.203311e-19 1.239878e-19
6357.000000 1.214386e-19 1.223139e-19
6359.000000 1.717721e-19 1.154517e-19
6361.000000 2.258500e-19 1.423715e-19
6363.000000 1.618951e-19 1.519217e-19
6365.000000 -1.150012e-20 1.461942e-19
6367.000000 -9.998893e-20 1.203482e-19
6369.000000 -1.362805e-19 9.716902e-20
6371.000000 -1.503859e-19 9.827733e-20
6373.000000 -7.002824e-20 9.720834e-20
6375.000000 1.070727e-20 9.995685e-20
6377.000000 3.702219e-20 9.930913e-20
6379.000000 6.393054e-20 1.090028e-19
6381.000000 7.761107e-20 9.831845e-20
6383.000000 1.007807e-19 1.006505e-19
6385.000000 7.846827e-20 1.072442e-19
6387.000000 5.141092e-20 1.097861e-19
6389.000000 9.732496e-20 1.050059e-19
6391.000000 9.586550e-20 1.028524e-19
6393.000000 4.114918e-20 9.985790e-20
6395.000000 7.770019e-20 9.858395e-20
6397.000000 1.112427e-19 9.707217e-20
6399.000000 7.086375e-20 9.864398e-20
6401.000000 2.721523e-20 9.530230e-20
6403.000000 2.983095e-20 9.463992e-20
6405.000000 7.797586e-20 9.770058e-20
6407.000000 1.333849e-19 9.599923e-20
6409.000000 1.570650e-19 1.096316e-19
6411.000000 8.235802e-20 1.224343e-19
6413.000000 4.346969e-20 1.239770e-19
6415.000000 1.218008e-19 1.000038e-19
6417.000000 2.102187e-19 1.010207e-19
6419.000000 2.012641e-19 1.009368e-19
6421.000000 1.170152e-19 1.066598e-19
6423.000000 2.987950e-20 9.901115e-20
6425.000000 -6.020709e-20 9.428356e-20
6427.000000 -1.120990e-19 9.203016e-20
6429.000000 -3.913323e-20 9.231757e-20
6431.000000 1.082837e-19 9.464889e-20
6433.000000 1.816529e-19 9.929511e-20
6435.000000 1.152569e-19 9.388081e-20
6437.000000 2.322861e-20 9.532174e-20
6439.000000 -1.702689e-20 9.616300e-20
6441.000000 -1.897812e-21 9.116205e-20
6443.000000 4.715098e-21 9.519900e-20
6445.000000 -5.363227e-20 9.255390e-20
6447.000000 -5.103254e-20 9.702676e-20
6449.000000 1.615154e-20 9.352979e-20
6451.000000 1.624389e-20 9.800787e-20
6453.000000 4.981026e-20 9.970406e-20
6455.000000 1.027570e-19 9.885823e-20
6457.000000 1.003784e-19 9.633602e-20
6459.000000 6.642393e-20 1.002053e-19
6461.000000 -1.011543e-20 1.032291e-19
6463.000000 -5.997698e-20 1.175513e-19
6465.000000 2.283493e-21 1.337190e-19
6467.000000 1.341712e-19 1.332287e-19
6469.000000 2.044034e-19 1.310728e-19
6471.000000 1.187319e-19 1.264021e-19
6473.000000 -2.356269e-20 1.138882e-19
6475.000000 -5.690423e-20 9.985828e-20
6477.000000 -2.369682e-20 1.001252e-19
6479.000000 1.296696e-20 1.042406e-19
6481.000000 2.208025e-20 9.408187e-20
6483.000000 2.213191e-20 9.449801e-20
6485.000000 4.952156e-22 9.113543e-20
6487.000000 1.044687e-19 9.562576e-20
6489.000000 1.867492e-19 9.540992e-20
6491.000000 9.890074e-20 9.477350e-20
6493.000000 4.956619e-20 9.480099e-20
6495.000000 1.349330e-19 1.193894e-19
6497.000000 1.956585e-19 1.539504e-19
6499.000000 6.324443e-20 1.522965e-19
6501.000000 -3.685509e-20 1.440399e-19
6503.000000 5.039596e-20 1.202971e-19
6505.000000 7.412112e-20 1.143695e-19
6507.000000 3.768539e-20 1.056410e-19
6509.000000 5.858875e-20 9.737302e-20
6511.000000 7.882447e-20 1.008115e-19
6513.000000 2.675753e-20 9.516143e-20
6515.000000 1.062775e-20 9.909473e-20
6517.000000 7.551317e-20 9.592151e-20
6519.000000 1.386930e-19 1.022136e-19
6521.000000 1.369548e-19 1.044102e-19
6523.000000 1.721897e-19 1.107221e-19
6525.000000 1.907297e-19 1.048110e-19
6527.000000 1.543687e-19 9.763486e-20
6529.000000 1.326313e-19 1.109591e-19
6531.000000 1.167233e-19 1.497986e-19
6533.000000 4.692714e-20 1.460479e-19
6535.000000 -3.855372e-20 1.265976e-19
6537.000000 -4.920682e-20 9.950617e-20
6539.000000 8.836307e-21 9.704233e-20
6541.000000 9.244389e-20 1.142753e-19
6543.000000 1.497648e-19 1.220374e-19
6545.000000 1.402001e-19 1.143818e-19
6547.000000 8.158574e-20 1.080219e-19
6549.000000 5.748616e-20 1.044377e-19
6551.000000 1.686893e-19 1.368446e-19
6553.000000 3.117785e-19 1.521432e-19
6555.000000 1.797723e-19 1.396677e-19
6557.000000 3.788662e-20 1.110696e-19
6559.000000 -3.956777e-21 1.061021e-19
6561.000000 -1.149779e-20 1.239032e-19
6563.000000 -4.575477e-20 1.251273e-19
6565.000000 -9.151873e-20 1.183954e-19
6567.000000 -1.258433e-19 1.100630e-19
6569.000000 -1.498698e-19 1.114665e-19
6571.000000 -1.353203e-19 1.039533e-19
6573.000000 -3.241048e-20 9.949887e-20
6575.000000 5.960842e-20 1.305316e-19
6577.000000 3.557931e-20 1.341572e-19
6579.000000 5.434046e-20 1.247828e-19
6581.000000 2.381901e-20 1.014210e-19
6583.000000 -3.977648e-20 9.900492e-20
6585.000000 -1.578772e-21 9.558676e-20
6587.000000 6.795836e-20 9.788838e-20
6589.000000 7.419455e-20 9.410332e-20
6591.000000 6.004226e-20 9.412865e-20
6593.000000 1.022113e-19 9.649739e-20
6595.000000 1.598864e-19 1.024840e-19
6597.000000 1.377951e-19 1.062710e-19
6599.000000 6.287735e-20 9.912373e-20
6601.000000 7.670353e-20 1.061794e-19
6603.000000 6.603450e-20 1.132590e-19
6605.000000 -5.344977e-20 1.139330e-19
6607.000000 -9.155335e-20 9.949347e-20
6609.000000 -3.090205e-20 9.374857e-20
6611.000000 -1.189348e-20 9.251064e-20
6613.000000 1.930118e-20 9.334171e-20
6615.000000 5.368758e-20 8.561907e-20
6617.000000 1.040902e-19 9.051220e-20
6619.000000 1.461702e-19 9.116524e-20
6621.000000 1.512518e-19 9.413827e-20
6623.000000 1.296248e-19 9.031054e-20
6625.000000 8.871916e-20 9.583883e-20
6627.000000 3.003094e-20 9.745030e-20
6629.000000 1.031137e-19 1.004263e-19
6631.000000 8.971713e-20 9.969302e-20
6633.000000 -3.999095e-20 1.050298e-19
6635.000000 -3.098984e-20 1.021331e-19
6637.000000 1.233350e-19 9.944741e-20
6639.000000 2.121562e-19 9.894376e-20
6641.000000 1.616143e-19 9.484494e-20
6643.000000 6.516595e-20 8.727057e-20
6645.000000 5.513564e-21 8.589285e-20
6647.000000 -7.132432e-20 9.374669e-20
6649.000000 -9.598476e-20 9.143770e-20
6651.000000 -1.622134e-20 9.493087e-20
6653.000000 4.628514e-20 9.653836e-20
6655.000000 1.930228e-20 9.215248e-20
6657.000000 -2.158085e-20 9.271694e-20
6659.000000 -3.140684e-20 9.199609e-20
6661.000000 -2.220370e-21 9.244374e-20
6663.000000 2.957087e-20 9.725848e-20
6665.000000 6.687208e-20 9.519934e-20
6667.000000 9.545714e-20 9.700920e-20
6669.000000 9.615760e-20 9.577567e-20
6671.000000 7.284913e-20 8.956031e-20
6673.000000 4.397742e-20 9.235925e-20
6675.000000 6.510472e-20 9.167105e-20
6677.000000 1.257022e-19 9.696046e-20
6679.000000 1.578661e-19 9.128985e-20
6681.000000 1.453147e-19 9.786791e-20
6683.000000 1.081498e-19 9.363226e-20
6685.000000 1.019758e-19 9.530276e-20
6687.000000 7.829175e-20 9.205751e-20
6689.000000 8.139467e-20 9.301405e-20
6691.000000 9.917505e-20 9.341234e-20
6693.000000 6.255382e-21 8.570294e-20
6695.000000 -9.080783e-20 8.819794e-20
6697.000000 -2.983562e-20 9.889159e-20
6699.000000 4.332516e-20 9.765247e-20
6701.000000 9.993011e-20 9.981898e-20
6703.000000 8.749344e-20 9.690473e-20
6705.000000 5.624860e-20 9.951031e-20
6707.000000 1.406146e-19 1.046521e-19
6709.000000 1.273183e-19 9.842654e-20
6711.000000 4.992273e-20 9.177394e-20
6713.000000 9.179722e-20 9.393715e-20
6715.000000 1.721397e-19 9.553998e-20
6717.000000 1.671356e-19 9.723213e-20
6719.000000 7.568009e-20 9.355799e-20
6721.000000 4.370611e-20 9.604895e-20
6723.000000 1.059205e-19 9.836585e-20
6725.000000 1.567049e-19 9.493852e-20
6727.000000 1.702982e-19 9.846301e-20
6729.000000 8.217231e-20 9.452471e-20
6731.000000 3.396905e-20 9.367901e-20
6733.000000 6.890868e-20 9.452517e-20
6735.000000 6.397486e-20 9.045644e-20
6737.000000 1.019825e-19 8.775723e-20
6739.000000 1.879809e-19 9.233453e-20
6741.000000 1.891732e-19 9.720599e-20
6743.000000 9.873282e-20 9.191117e-20
6745.000000 1.369342e-19 1.002152e-19
6747.000000 1.835858e-19 1.077130e-19
6749.000000 1.096050e-19 1.009635e-19
6751.000000 7.595738e-20 1.028840e-19
6753.000000 4.251421e-20 9.038677e-20
6755.000000 3.509085e-20 8.704257e-20
6757.000000 7.991001e-20 8.852588e-20
6759.000000 1.593404e-19 8.908756e-20
6761.000000 1.442302e-19 9.104569e-20
6763.000000 2.886839e-20 9.166030e-20
6765.000000 -2.529369e-23 9.236242e-20
6767.000000 6.004047e-20 9.606504e-20
6769.000000 6.434085e-20 9.336409e-20
6771.000000 5.020738e-20 9.240752e-20
6773.000000 7.711533e-20 9.606272e-20
6775.000000 8.056966e-20 9.502254e-20
6777.000000 1.350956e-19 9.055408e-20
6779.000000 1.056141e-19 8.993762e-20
6781.000000 2.370140e-20 9.016154e-20
6783.000000 9.504940e-20 9.323880e-20
6785.000000 6.482412e-20 8.986502e-20
6787.000000 -4.481264e-20 9.136712e-20
6789.000000 1.588009e-20 9.818541e-20
6791.000000 9.464016e-20 9.944410e-20
6793.000000 3.000840e-20 9.378387e-20
6795.000000 -7.851617e-20 9.050473e-20
6797.000000 -5.838043e-20 9.110153e-20
6799.000000 2.926553e-20 9.171658e-20
6801.000000 2.444449e-20 8.660108e-20
6803.000000 -1.975061e-20 8.535858e-20
6805.000000 -3.091463e-20 8.798278e-20
6807.000000 -3.087534e-21 8.845085e-20
6809.000000 5.474962e-20 9.538016e-20
6811.000000 6.110331e-20 9.575585e-20
6813.000000 6.031407e-20 9.106506e-20
6815.000000 4.595127e-20 9.657494e-20
6817.000000 -4.676417e-20 9.150035e-20
6819.000000 1.494051e-20 9.169345e-20
6821.000000 7.833030e-20 9.505507e-20
6823.000000 4.450512e-20 9.382837e-20
6825.000000 1.063873e-20 1.192482e-19
6827.000000 1.635391e-20 1.559298e-19
6829.000000 1.408514e-19 1.765689e-19
6831.000000 3.602515e-19 1.861674e-19
6833.000000 4.395278e-19 1.880257e-19
6835.000000 2.447888e-19 1.714108e-19
6837.000000 1.533611e-19 1.383285e-19
6839.000000 1.607899e-19 1.198073e-19
6841.000000 8.256767e-20 1.174483e-19
6843.000000 -3.794786e-21 1.123987e-19
6845.000000 -2.135640e-20 9.498885e-20
6847.000000 7.510614e-20 8.991513e-20
6849.000000 1.120860e-19 9.401221e-20
6851.000000 8.395579e-20 9.056212e-20
6853.000000 7.139771e-20 9.546092e-20
6855.000000 9.515466e-20 9.165560e-20
6857.000000 1.336531e-19 1.018894e-19
6859.000000 9.374129e-20 1.162808e-19
6861.000000 7.548586e-21 2.695969e-19
6863.000000 3.164538e-20 2.392684e-19
6865.000000 1.929654e-19 2.305696e-19
6867.000000 3.625831e-19 1.724782e-19
6869.000000 3.024796e-19 1.446235e-19
6871.000000 9.105468e-20 1.442797e-19
6873.000000 3.302797e-20 1.299444e-19
6875.000000 1.132993e-19 1.154565e-19
6877.000000 1.807333e-19 1.251103e-19
6879.000000 1.659642e-19 1.339425e-19
6881.000000 6.162898e-20 1.292552e-19
6883.000000 2.805185e-20 1.203251e-19
6885.000000 8.141510e-20 1.131839e-19
6887.000000 1.336051e-19 1.264779e-19
6889.000000 1.297819e-19 1.336741e-19
6891.000000 2.541250e-20 1.263149e-19
6893.000000 -1.251122e-20 1.089563e-19
6895.000000 6.098811e-20 1.039002e-19
6897.000000 1.369332e-19 1.258513e-19
6899.000000 1.488832e-19 1.529564e-19
6901.000000 1.181955e-19 1.542450e-19
6903.000000 1.160218e-19 1.373898e-19
6905.000000 1.689628e-19 1.169319e-19
6907.000000 1.257608e-19 1.026827e-19
6909.000000 1.670920e-19 1.171804e-19
6911.000000 1.878968e-19 1.383692e-19
6913.000000 1.383599e-19 1.378277e-19
6915.000000 6.487161e-20 1.160893e-19
6917.000000 -5.272517e-21 9.750079e-20
6919.000000 3.867909e-20 1.255901e-19
6921.000000 1.515863e-19 1.879026e-19
6923.000000 1.553057e-19 1.906036e-19
6925.000000 1.082547e-19 1.685046e-19
6927.000000 1.196498e-19 1.175330e-19
6929.000000 1.498601e-19 1.014068e-19
6931.000000 8.822896e-20 9.328448e-20
6933.000000 2.471359e-20 8.981789e-20
6935.000000 -1.992486e-20 9.596369e-20
6937.000000 1.037109e-20 1.243795e-19
6939.000000 1.421545e-19 1.397962e-19
6941.000000 7.167024e-20 1.369338e-19
6943.000000 -6.597917e-20 1.093830e-19
6945.000000 -1.876388e-20 1.318307e-19
6947.000000 1.545187e-19 1.821292e-19
6949.000000 2.804796e-19 1.884706e-19
6951.000000 2.639882e-19 1.677647e-19
6953.000000 1.040603e-19 1.159757e-19
6955.000000 5.044622e-20 9.453482e-20
6957.000000 1.072507e-19 9.796232e-20
6959.000000 1.076325e-19 9.414044e-20
6961.000000 1.233835e-19 1.018811e-19
6963.000000 9.854777e-20 1.054103e-19
6965.000000 4.376312e-20 1.108509e-19
6967.000000 -2.069006e-20 1.192951e-19
6969.000000 -4.165816e-21 1.315009e-19
6971.000000 3.429473e-20 1.224569e-19
6973.000000 7.978722e-20 1.066011e-19
6975.000000 4.833860e-20 1.189391e-19
6977.000000 -3.468403e-20 1.345625e-19
6979.000000 -1.166113e-20 1.416637e-19
6981.000000 7.318418e-20 1.151838e-19
6983.000000 7.123162e-20 1.016282e-19
6985.000000 1.137894e-19 1.055616e-19
6987.000000 1.191062e-19 1.084842e-19
6989.000000 8.553294e-20 1.010159e-19
6991.000000 1.133636e-19 9.739989e-20
6993.000000 8.881899e-20 9.547720e-20
6995.000000 5.728816e-20 9.116093e-20
6997.000000 1.094804e-19 9.424533e-20
6999.000000 1.828879e-19 9.931073e-20
7001.000000 1.893302e-19 1.007784e-19
7003.000000 2.215274e-19 1.121482e-19
7005.000000 1.376061e-19 1.077336e-19
7007.000000 -1.325412e-20 1.092909e-19
7009.000000 -6.502961e-20 1.193054e-19
7011.000000 -5.878338e-20 1.281097e-19
7013.000000 -2.889235e-20 1.146228e-19
7015.000000 2.235185e-21 9.389235e-20
7017.000000 1.091923e-19 9.133310e-20
7019.000000 1.888765e-19 9.032643e-20
7021.000000 1.669841e-19 8.962610e-20
7023.000000 8.144784e-20 9.289410e-20
7025.000000 3.547147e-20 9.329345e-20
7027.000000 1.126074e-19 1.012250e-19
7029.000000 1.444915e-19 1.018047e-19
7031.000000 1.027997e-19 9.846043e-20
7033.000000 6.515829e-20 9.323030e-20
7035.000000 9.221586e-20 9.561020e-20
7037.000000 1.176122e-19 9.172847e-20
7039.000000 7.604830e-20 9.671856e-20
7041.000000 5.000486e-20 9.374105e-20
7043.000000 5.646220e-20 9.790159e-20
7045.000000 -1.676698e-21 1.134551e-19
7047.000000 2.021946e-20 1.237553e-19
7049.000000 5.264982e-20 1.274989e-19
7051.000000 2.193173e-20 1.192756e-19
7053.000000 -7.164774e-21 1.114626e-19
7055.000000 4.871993e-20 1.026120e-19
7057.000000 6.353336e-20 1.056216e-19
7059.000000 -1.720933e-20 9.279584e-20
7061.000000 -1.351346e-20 9.827278e-20
7063.000000 3.211430e-21 9.973208e-20
7065.000000 -8.879828e-20 1.034043e-19
7067.000000 -1.959286e-19 1.018566e-19
7069.000000 -1.134536e-19 1.074382e-19
7071.000000 4.707275e-20 1.110912e-19
7073.000000 1.050000e-19 1.059427e-19
7075.000000 1.411628e-19 1.105189e-19
7077.000000 1.320118e-19 1.053416e-19
7079.000000 1.732510e-19 1.053035e-19
7081.000000 2.689093e-19 1.073160e-19
7083.000000 3.062354e-19 1.042261e-19
7085.000000 2.871017e-19 1.041487e-19
7087.000000 1.914573e-19 1.054657e-19
7089.000000 6.004152e-20 1.072572e-19
7091.000000 4.846078e-20 1.106317e-19
7093.000000 4.420678e-20 1.036021e-19
7095.000000 2.400590e-20 1.028766e-19
7097.000000 1.555074e-20 9.201133e-20
7099.000000 5.099500e-20 9.599358e-20
7101.000000 4.964378e-21 9.425238e-20
7103.000000 -3.402466e-20 8.626302e-20
7105.000000 -1.561015e-20 9.032191e-20
7107.000000 9.767464e-20 3.582339e-15
7109.000000 2.013751e-19 3.582341e-15
7111.000000 2.458658e-19 3.582342e-15
7113.000000 1.793451e-19 3.582342e-15
7115.000000 1.295220e-19 3.582343e-15
7117.000000 1.459208e-19 1.030356e-19
7119.000000 2.830738e-19 1.043366e-19
7121.000000 3.252007e-19 9.893841e-20
7123.000000 1.460616e-19 1.000597e-19
7125.000000 -1.930603e-20 9.268418e-20
7127.000000 1.331795e-20 9.817321e-20
7129.000000 1.564885e-19 1.046257e-19
7131.000000 1.675886e-19 1.069094e-19
7133.000000 7.315232e-20 1.082430e-19
7135.000000 8.856816e-20 1.025972e-19
7137.000000 1.888346e-19 1.006845e-19
7139.000000 2.023762e-19 1.081384e-19
7141.000000 1.040987e-20 1.025736e-19
7143.000000 -8.178010e-20 1.093731e-19
7145.000000 3.272363e-20 1.065461e-19
7147.000000 1.289438e-19 1.063234e-19
7149.000000 7.675446e-20 1.025003e-19
7151.000000 2.393451e-20 1.015719e-19
7153.000000 2.157978e-20 1.004547e-19
7155.000000 1.161667e-19 1.059437e-19
7157.000000 1.151433e-19 1.094734e-19
7159.000000 1.504468e-19 1.132068e-19
7161.000000 1.157799e-19 1.054936e-19
7163.000000 3.924149e-20 1.076783e-19
7165.000000 -6.246595e-20 1.024792e-19
7167.000000 -6.021592e-20 1.047563e-19
7169.000000 5.751383e-21 1.087053e-19
7171.000000 -2.366952e-20 1.130411e-19
7173.000000 -6.923176e-20 1.141539e-19
7175.000000 -8.074781e-21 1.231855e-19
7177.000000 3.328283e-20 1.214344e-19
7179.000000 2.273935e-20 1.183464e-19
7181.000000 7.821926e-20 1.149942e-19
7183.000000 8.098627e-20 1.061283e-19
7185.000000 4.268685e-20 1.096020e-19
7187.000000 5.780954e-20 1.100023e-19
7189.000000 1.080539e-19 1.075381e-19
7191.000000 1.790461e-19 1.095368e-19
7193.000000 1.098767e-19 1.067563e-19
7195.000000 1.266488e-19 1.150736e-19
7197.000000 1.691710e-19 1.122665e-19
7199.000000 1.916161e-19 1.161888e-19
7201.000000 2.663067e-19 1.205196e-19
7203.000000 2.463879e-19 1.194616e-19
7205.000000 9.331849e-20 1.086820e-19
7207.000000 6.932621e-21 1.029185e-19
7209.000000 1.849705e-20 1.056583e-19
7211.000000 -6.519628e-21 1.034146e-19
7213.000000 -5.878426e-20 9.567537e-20
7215.000000 -1.079279e-20 1.030853e-19
7217.000000 8.835251e-20 1.077279e-19
7219.000000 6.348740e-20 1.066623e-19
7221.000000 -2.586718e-20 1.116859e-19
7223.000000 -1.069473e-19 1.107290e-19
7225.000000 -2.772189e-20 1.050741e-19
7227.000000 -6.489177e-20 1.093063e-19
7229.000000 1.141698e-19 1.119585e-19
7231.000000 1.686593e-19 1.138697e-19
7233.000000 1.174793e-19 1.189271e-19
7235.000000 1.008118e-19 1.515445e-19
7237.000000 2.235364e-19 2.374012e-19
7239.000000 4.627657e-19 3.011464e-19
7241.000000 3.949925e-19 3.197355e-19
7243.000000 4.958099e-19 3.387852e-19
7245.000000 5.507311e-19 3.101964e-19
7247.000000 2.253811e-19 2.535110e-19
7249.000000 2.597189e-20 1.733046e-19
7251.000000 8.430156e-20 1.584181e-19
7253.000000 1.656630e-19 1.717514e-19
7255.000000 1.360746e-19 1.688264e-19
7257.000000 5.234572e-20 1.356830e-19
7259.000000 4.362088e-20 1.198878e-19
7261.000000 1.150402e-19 1.244355e-19
7263.000000 1.190012e-19 1.301363e-19
7265.000000 5.343991e-20 1.244732e-19
7267.000000 1.055288e-19 1.319527e-19
7269.000000 9.330701e-20 1.350820e-19
7271.000000 1.366166e-19 1.429523e-19
7273.000000 1.405072e-19 2.367415e-19
7275.000000 3.936374e-19 3.623386e-19
7277.000000 3.320353e-19 3.731830e-19
7279.000000 -1.027848e-19 2.706352e-19
7281.000000 -2.768369e-19 2.192578e-19
7283.000000 2.075920e-19 2.618135e-19
7285.000000 3.873480e-19 2.705534e-19
7287.000000 1.615117e-19 2.061620e-19
7289.000000 3.390035e-20 1.493620e-19
7291.000000 5.393730e-20 1.379518e-19
7293.000000 -3.211704e-20 1.492765e-19
7295.000000 2.494752e-19 1.644079e-19
7297.000000 1.503799e-19 1.545048e-19
7299.000000 1.985555e-19 1.399573e-19
7301.000000 2.251429e-19 1.714585e-19
7303.000000 3.025911e-19 2.164761e-19
7305.000000 1.560399e-19 2.112734e-19
7307.000000 -1.584124e-19 1.631362e-19
7309.000000 -1.721343e-19 1.367046e-19
7311.000000 2.863827e-20 1.390700e-19
7313.000000 3.310597e-20 2.386674e-19
7315.000000 4.684842e-19 3.448392e-19
7317.000000 3.365475e-19 3.182297e-19
7319.000000 -9.423659e-20 2.294446e-19
7321.000000 -3.011492e-19 1.456567e-19
7323.000000 -1.100300e-19 1.199376e-19
7325.000000 1.128865e-19 1.482824e-19
7327.000000 6.708068e-20 1.280585e-18
7329.000000 1.018222e-19 2.382733e-19
7331.000000 1.657674e-19 2.162666e-19
7333.000000 8.506066e-20 1.553910e-19
7335.000000 1.430275e-19 1.265016e-19
7337.000000 3.871122e-19 2.300893e-16
7339.000000 6.114413e-19 4.548643e-19
7341.000000 5.298060e-19 5.149505e-19
7343.000000 -1.896579e-19 2.842612e-19
7345.000000 1.032170e-20 1.609928e-19
7347.000000 -2.792079e-19 1.361055e-19
7349.000000 -3.923344e-20 1.454892e-19
7351.000000 1.549468e-19 1.509517e-19
7353.000000 1.732962e-19 1.447313e-19
7355.000000 8.432153e-20 1.572310e-19
7357.000000 6.004211e-20 1.848795e-19
7359.000000 3.587346e-21 1.989340e-19
7361.000000 -8.220597e-20 1.775613e-19
7363.000000 -6.879690e-20 1.445892e-19
7365.000000 -9.374418e-20 1.770873e-19
7367.000000 -4.386552e-21 3.043367e-19
7369.000000 3.811985e-19 3.256508e-19
7371.000000 1.189878e-19 3.095651e-19
7373.000000 -3.271239e-19 2.054037e-19
7375.000000 -1.787088e-19 1.386497e-19
7377.000000 -2.354658e-20 1.312635e-19
7379.000000 8.441249e-21 1.195996e-19
7381.000000 6.169717e-20 1.276490e-19
7383.000000 1.711504e-19 1.375015e-19
7385.000000 1.639031e-19 1.382333e-19
7387.000000 1.807719e-19 1.454227e-19
7389.000000 2.037736e-19 1.842245e-19
7391.000000 2.895798e-19 2.310698e-19
7393.000000 3.705552e-19 2.343062e-19
7395.000000 3.224389e-19 1.946262e-19
7397.000000 2.634075e-19 1.453526e-19
7399.000000 1.630389e-19 2.087483e-19
7401.000000 -6.465237e-20 6.891249e-19
7403.000000 -1.204477e-19 2.483741e-19
7405.000000 -2.060521e-19 1.896514e-19
7407.000000 -2.861589e-19 1.427690e-19
7409.000000 -1.121413e-19 1.399831e-19
7411.000000 7.638598e-20 1.594233e-19
7413.000000 1.633754e-20 1.556601e-19
7415.000000 -6.543987e-20 1.457299e-19
7417.000000 -1.082948e-20 1.388928e-19
7419.000000 9.123686e-21 1.378393e-19
7421.000000 4.453101e-20 1.296903e-19
7423.000000 6.775037e-20 1.441373e-19
7425.000000 -2.512631e-21 1.389381e-19
7427.000000 -2.541708e-20 1.806907e-19
7429.000000 -8.923594e-20 1.863672e-19
7431.000000 -1.118082e-19 1.965105e-19
7433.000000 -1.206997e-20 1.853144e-19
7435.000000 3.949422e-20 1.641518e-19
7437.000000 1.808016e-19 2.427353e-19
7439.000000 1.988232e-19 2.221616e-19
7441.000000 1.688579e-19 1.922858e-19
7443.000000 7.293838e-20 1.553710e-19
7445.000000 5.518234e-20 1.475941e-19
7447.000000 7.540345e-20 1.491046e-19
7449.000000 4.675459e-20 1.505623e-19
7451.000000 2.040338e-19 1.755493e-19
7453.000000 2.053053e-19 1.754238e-19
7455.000000 6.144649e-20 1.574513e-19
7457.000000 -5.741398e-20 1.577114e-19
7459.000000 1.100866e-19 1.632537e-19
7461.000000 2.509021e-19 3.582360e-15
7463.000000 1.297510e-19 3.582385e-15
7465.000000 1.612710e-20 3.582363e-15
7467.000000 2.789911e-19 3.582365e-15
7469.000000 5.563349e-19 3.582368e-15
7471.000000 4.601137e-19 3.582400e-15
7473.000000 1.103941e-19 3.582377e-15
7475.000000 -8.651307e-20 2.448145e-19
7477.000000 -1.777398e-20 2.326838e-19
7479.000000 3.294131e-19 4.178578e-19
7481.000000 2.294947e-19 2.577532e-18
7483.000000 6.704202e-20 7.195384e-19
7485.000000 -8.679645e-20 2.543936e-19
7487.000000 5.936908e-20 2.132191e-19
7489.000000 2.121593e-19 1.678521e-19
7491.000000 1.822042e-19 1.978160e-19
7493.000000 -3.346073e-20 1.994884e-19
7495.000000 2.975856e-20 2.222425e-19
7497.000000 2.330877e-19 2.287616e-19
