3751.000000 2.407015e-19 3.719393e-19
3753.000000 8.155529e-20 3.804603e-19
3755.000000 -1.406374e-19 4.302741e-19
3757.000000 -1.675867e-19 4.425143e-19
3759.000000 7.132336e-20 6.422621e-19
3761.000000 2.385424e-19 4.043634e-19
3763.000000 -3.327219e-20 5.394595e-19
3765.000000 -1.487744e-19 4.658447e-19
3767.000000 6.449249e-20 3.202109e-19
3769.000000 1.140462e-19 2.869089e-19
3771.000000 1.048608e-19 2.822433e-19
3773.000000 -1.900512e-20 3.968490e-19
3775.000000 -1.308056e-19 2.893170e-19
3777.000000 3.658751e-20 2.944107e-19
3779.000000 2.605623e-19 8.896258e-19
3781.000000 2.584223e-19 4.715671e-19
3783.000000 1.792228e-19 2.894293e-19
3785.000000 9.317927e-20 8.660633e-19
3787.000000 1.295013e-19 1.440239e-18
3789.000000 -1.554174e-20 3.404941e-17
3791.000000 -2.593614e-20 7.948416e-19
3793.000000 -1.459456e-20 1.189268e-18
3795.000000 -1.786527e-19 3.973260e-19
3797.000000 -4.067892e-20 3.766772e-19
3799.000000 1.919496e-19 4.288672e-19
3801.000000 2.326631e-19 2.057363e-19
3803.000000 2.055028e-19 1.965633e-19
3805.000000 2.938676e-19 1.976732e-19
3807.000000 3.526589e-19 2.257227e-19
3809.000000 2.484782e-19 3.467569e-19
3811.000000 1.715835e-19 3.692349e-19
3813.000000 1.284392e-20 4.785164e-19
3815.000000 -3.495824e-19 1.480416e-18
3817.000000 -2.249953e-19 1.766351e-18
3819.000000 1.065459e-19 2.959702e-19
3821.000000 -4.158027e-20 1.934769e-19
3823.000000 -1.918287e-19 1.926136e-19
3825.000000 -4.373570e-20 2.224550e-19
3827.000000 1.128577e-19 6.721319e-18
3829.000000 1.476285e-20 2.489651e-18
3831.000000 -1.980197e-19 7.545764e-19
3833.000000 -1.790800e-19 1.193670e-18
3835.000000 -9.612663e-20 2.724354e-19
3837.000000 -1.363302e-19 4.119313e-19
3839.000000 -1.009596e-19 2.248606e-19
3841.000000 3.706212e-21 2.913066e-18
3843.000000 6.457513e-20 1.072923e-18
3845.000000 1.263053e-19 6.488677e-19
3847.000000 1.461331e-19 1.699170e-18
3849.000000 1.400014e-19 2.103130e-19
3851.000000 5.673969e-20 9.956072e-18
3853.000000 6.643068e-20 1.711294e-19
3855.000000 1.080623e-19 2.189058e-19
3857.000000 3.212007e-20 2.426829e-18
3859.000000 7.716153e-20 2.385218e-19
3861.000000 1.379774e-19 6.599380e-19
3863.000000 7.436240e-20 4.051303e-19
3865.000000 4.431714e-20 5.136967e-19
3867.000000 6.730727e-20 3.612960e-19
3869.000000 6.591008e-20 1.871964e-19
3871.000000 3.933100e-20 1.485936e-19
3873.000000 6.106408e-20 2.251984e-17
3875.000000 7.712123e-20 1.743989e-19
3877.000000 5.571803e-20 3.888609e-19
3879.000000 -5.446153e-20 1.023918e-18
3881.000000 -2.792125e-20 6.105307e-19
3883.000000 4.680500e-20 2.474868e-19
3885.000000 5.046190e-20 3.072445e-18
3887.000000 6.600438e-20 1.052611e-18
3889.000000 1.063252e-19 3.864699e-19
3891.000000 1.507944e-19 6.293042e-19
3893.000000 7.803789e-20 1.665066e-17
3895.000000 1.216985e-20 1.990163e-19
3897.000000 6.432207e-21 3.722626e-19
3899.000000 -7.725921e-20 2.908229e-19
3901.000000 -8.100472e-20 2.385430e-18
3903.000000 3.395254e-20 1.896081e-18
3905.000000 9.862548e-20 5.073724e-18
3907.000000 2.196361e-19 3.512909e-19
3909.000000 2.660266e-19 1.828789e-19
3911.000000 1.817572e-19 6.041341e-19
3913.000000 8.776854e-20 1.655107e-19
3915.000000 5.871505e-20 6.760601e-19
3917.000000 1.206160e-19 1.430217e-18
3919.000000 1.519220e-19 1.890267e-19
3921.000000 9.703967e-20 2.153178e-19
3923.000000 6.464122e-20 3.167433e-19
3925.000000 1.147455e-19 3.481736e-19
3927.000000 1.769978e-19 2.244997e-19
3929.000000 7.580947e-20 2.014642e-18
3931.000000 -6.698521e-20 3.321927e-19
3933.000000 -1.042889e-19 4.694431e-19
3935.000000 -1.608746e-19 1.952346e-19
3937.000000 -1.138049e-19 1.289246e-19
3939.000000 -2.773698e-20 1.952305e-19
3941.000000 2.954495e-20 2.054006e-19
3943.000000 1.243739e-19 3.172338e-19
3945.000000 1.939375e-19 1.182942e-19
3947.000000 7.931750e-20 3.197635e-19
3949.000000 3.725515e-20 1.167434e-16
3951.000000 1.235830e-19 2.748961e-19
3953.000000 1.453966e-19 7.787626e-18
3955.000000 1.023146e-19 2.811282e-18
3957.000000 1.065207e-19 4.941340e-19
3959.000000 1.990660e-19 4.414156e-19
3961.000000 1.771078e-19 4.068346e-19
3963.000000 1.013931e-19 1.421188e-19
3965.000000 1.051110e-19 1.023764e-19
3967.000000 9.042976e-20 1.794483e-19
3969.000000 7.003314e-20 2.687852e-19
3971.000000 6.001467e-20 8.308134e-19
3973.000000 6.569436e-20 1.174000e-19
3975.000000 8.169518e-20 2.136243e-19
3977.000000 8.912006e-20 2.503266e-19
3979.000000 8.549732e-20 3.483481e-19
3981.000000 5.664167e-20 1.175258e-19
3983.000000 3.821393e-20 9.542915e-20
3985.000000 1.563079e-19 2.763359e-19
3987.000000 1.572072e-19 1.544569e-18
3989.000000 7.293350e-20 2.987800e-18
3991.000000 -3.330271e-20 2.732531e-19
3993.000000 -1.028287e-19 5.663504e-19
3995.000000 -7.775518e-20 5.495409e-19
3997.000000 -1.948646e-20 4.173249e-19
3999.000000 3.888341e-20 1.064106e-18
4001.000000 5.511623e-20 2.270975e-18
4003.000000 1.388609e-20 7.244385e-19
4005.000000 -4.091419e-20 1.062459e-17
4007.000000 -3.791001e-20 1.913190e-18
4009.000000 8.043258e-20 1.956698e-19
4011.000000 2.077320e-19 3.790237e-18
4013.000000 1.418829e-19 1.142921e-19
4015.000000 5.093154e-20 1.706851e-19
4017.000000 1.167066e-19 4.481138e-19
4019.000000 2.002657e-19 2.352635e-18
4021.000000 2.140757e-19 4.178455e-18
4023.000000 2.536044e-19 1.940547e-18
4025.000000 2.045222e-19 2.091062e-17
4027.000000 1.457311e-19 1.126325e-18
4029.000000 1.555168e-19 1.852020e-19
4031.000000 7.635401e-20 4.427504e-19
4033.000000 -8.292247e-21 4.896791e-17
4035.000000 4.715832e-20 1.797579e-19
4037.000000 1.294541e-19 2.257215e-19
4039.000000 1.816178e-19 1.860988e-19
4041.000000 1.555766e-19 2.361904e-19
4043.000000 1.068130e-19 3.951014e-19
4045.000000 7.140013e-20 5.267660e-19
4047.000000 5.876468e-20 5.073686e-19
4049.000000 8.463067e-20 1.256731e-19
4051.000000 1.285331e-19 1.039231e-19
4053.000000 1.005255e-19 8.223197e-20
4055.000000 1.103662e-19 1.068131e-19
4057.000000 1.600731e-19 4.704629e-16
4059.000000 1.753227e-19 1.345954e-16
4061.000000 1.410680e-19 4.509788e-19
4063.000000 1.451928e-19 4.292579e-19
4065.000000 1.058902e-19 1.595482e-19
4067.000000 9.949926e-20 1.034100e-19
4069.000000 1.240383e-19 1.391153e-19
4071.000000 1.431706e-19 3.251840e-18
4073.000000 2.014128e-19 9.449995e-20
4075.000000 1.767317e-19 1.948523e-19
4077.000000 1.184361e-19 1.389295e-19
4079.000000 1.892437e-19 1.010057e-19
4081.000000 2.734352e-19 3.068469e-19
4083.000000 2.762541e-19 1.846967e-19
4085.000000 1.936416e-19 3.172687e-19
4087.000000 1.842205e-19 6.188340e-19
4089.000000 1.308623e-19 9.710995e-20
4091.000000 6.363734e-20 8.832197e-20
4093.000000 1.531315e-19 1.836194e-19
4095.000000 1.178346e-19 4.688930e-19
4097.000000 4.553047e-20 2.076042e-19
4099.000000 2.282998e-20 8.141389e-19
4101.000000 5.686751e-20 1.486577e-17
4103.000000 1.788457e-19 1.195065e-19
4105.000000 1.899971e-19 4.017592e-19
4107.000000 1.355601e-19 2.988312e-19
4109.000000 6.024752e-20 1.279660e-19
4111.000000 7.314980e-20 1.364258e-19
4113.000000 7.709398e-20 2.604817e-19
4115.000000 7.748294e-20 1.795639e-19
4117.000000 1.512090e-19 1.703432e-19
4119.000000 1.979126e-19 1.620821e-19
4121.000000 1.985213e-19 1.573014e-19
4123.000000 2.271060e-19 3.751606e-19
4125.000000 2.014778e-19 2.919194e-19
4127.000000 1.217076e-19 3.556922e-19
4129.000000 1.268984e-19 3.499401e-17
4131.000000 1.986089e-19 1.599456e-18
4133.000000 2.226342e-19 1.933445e-19
4135.000000 2.185585e-19 2.755369e-19
4137.000000 2.095945e-19 4.761975e-19
4139.000000 1.583041e-19 2.690384e-19
4141.000000 1.381338e-19 3.026965e-19
4143.000000 1.375558e-19 8.220528e-19
4145.000000 1.158907e-19 3.068388e-19
4147.000000 1.397850e-19 2.173268e-18
4149.000000 1.188988e-19 6.279892e-18
4151.000000 1.311903e-19 1.800484e-19
4153.000000 1.347417e-19 7.850884e-19
4155.000000 1.049700e-19 1.521189e-18
4157.000000 5.276994e-20 1.880594e-17
4159.000000 4.675358e-20 4.742379e-17
4161.000000 1.469385e-19 7.249591e-16
4163.000000 1.673311e-19 1.152070e-18
4165.000000 1.326685e-19 4.033742e-19
4167.000000 1.673094e-19 1.169677e-17
4169.000000 1.191786e-19 1.700867e-18
4171.000000 1.574869e-20 4.005697e-19
4173.000000 4.461508e-20 5.165237e-18
4175.000000 1.316929e-19 1.702308e-16
4177.000000 1.563865e-19 2.316835e-17
4179.000000 1.339042e-19 3.206539e-19
4181.000000 1.070344e-19 2.198256e-19
4183.000000 8.350903e-20 3.113622e-19
4185.000000 8.125173e-20 4.019697e-19
4187.000000 1.666618e-19 2.646809e-15
4189.000000 2.043247e-19 2.646809e-15
4191.000000 1.532456e-19 2.646809e-15
4193.000000 2.078728e-19 2.646809e-15
4195.000000 2.361331e-19 2.646809e-15
4197.000000 2.627159e-19 1.535980e-19
4199.000000 4.643358e-19 3.263548e-19
4201.000000 1.109442e-18 5.379599e-17
4203.000000 1.590152e-18 2.517781e-19
4205.000000 1.007275e-18 2.606727e-19
4207.000000 3.522753e-19 1.833528e-19
4209.000000 1.379041e-19 1.177084e-19
4211.000000 1.032577e-19 5.411846e-19
4213.000000 1.056583e-19 1.679463e-18
4215.000000 1.418343e-19 2.410432e-19
4217.000000 1.684387e-19 1.801288e-19
4219.000000 1.379662e-19 1.272537e-19
4221.000000 1.187199e-19 1.690186e-19
4223.000000 1.893959e-19 9.311405e-20
4225.000000 1.951170e-19 1.263346e-19
4227.000000 1.180654e-19 9.561161e-20
4229.000000 1.351762e-19 1.081384e-19
4231.000000 1.394559e-19 1.375042e-19
4233.000000 1.495102e-19 7.296032e-19
4235.000000 1.115404e-19 5.399666e-19
4237.000000 6.745785e-20 5.597637e-19
4239.000000 9.327785e-20 1.176056e-18
4241.000000 1.482394e-19 1.606847e-18
4243.000000 1.455695e-19 3.326520e-19
4245.000000 9.924032e-20 3.237664e-19
4247.000000 5.113519e-20 1.575370e-19
4249.000000 2.613635e-20 1.154124e-19
4251.000000 9.112955e-20 1.281777e-19
4253.000000 1.034106e-19 1.276197e-19
4255.000000 1.600888e-19 1.190773e-19
4257.000000 1.847680e-19 1.610393e-19
4259.000000 9.816558e-20 1.146731e-19
4261.000000 1.253909e-19 1.075841e-18
4263.000000 1.629573e-19 7.701193e-19
4265.000000 2.009495e-19 5.876103e-17
4267.000000 1.907797e-19 1.619312e-18
4269.000000 1.161161e-19 3.549254e-18
4271.000000 1.167535e-19 6.627689e-19
4273.000000 2.131266e-19 1.718149e-19
4275.000000 2.402362e-19 1.774655e-19
4277.000000 1.948891e-19 1.302984e-17
4279.000000 1.080429e-19 3.551011e-19
4281.000000 1.497331e-19 4.314267e-19
4283.000000 2.452663e-19 3.108894e-19
4285.000000 2.130037e-19 6.146392e-18
4287.000000 1.430419e-19 6.723493e-19
4289.000000 1.492926e-19 3.111231e-19
4291.000000 2.390804e-19 2.174193e-16
4293.000000 2.458852e-19 2.853017e-19
4295.000000 1.063829e-19 1.635891e-19
4297.000000 6.920402e-20 2.855624e-18
4299.000000 1.194609e-19 1.682056e-19
4301.000000 1.727393e-19 6.934055e-19
4303.000000 1.554908e-19 1.896778e-19
4305.000000 8.992585e-20 9.738609e-20
4307.000000 6.966179e-20 9.078784e-19
4309.000000 8.908910e-20 1.066061e-18
4311.000000 1.342450e-19 1.380547e-18
4313.000000 1.757495e-19 2.843923e-18
4315.000000 1.835763e-19 2.032336e-19
4317.000000 2.015525e-19 4.207160e-18
4319.000000 2.438690e-19 1.900059e-19
4321.000000 2.715019e-19 1.231561e-19
4323.000000 2.137486e-19 1.134119e-19
4325.000000 6.732213e-20 2.385272e-19
4327.000000 3.265467e-20 8.856961e-18
4329.000000 8.295037e-20 1.636593e-17
4331.000000 1.625003e-19 2.336504e-19
4333.000000 2.006456e-19 4.187514e-19
4335.000000 1.682433e-19 2.415138e-19
4337.000000 1.443425e-19 7.111189e-18
4339.000000 9.426984e-20 2.065921e-18
4341.000000 5.662684e-20 4.949753e-17
4343.000000 5.933566e-20 9.516609e-19
4345.000000 6.368712e-20 1.007006e-19
4347.000000 1.447240e-19 1.719885e-19
4349.000000 2.224360e-19 6.526183e-19
4351.000000 1.846791e-19 7.488995e-19
4353.000000 1.357909e-19 1.416432e-19
4355.000000 1.072383e-19 1.161235e-19
4357.000000 1.244088e-19 2.092666e-19
4359.000000 1.522971e-19 3.459723e-19
4361.000000 1.575566e-19 1.846315e-19
4363.000000 1.356875e-19 1.995060e-19
4365.000000 1.467855e-19 1.165197e-19
4367.000000 1.267654e-19 3.976861e-19
4369.000000 6.978932e-20 1.779507e-19
4371.000000 1.154263e-19 1.266267e-19
4373.000000 2.214876e-19 4.703353e-16
4375.000000 2.232384e-19 1.779818e-19
4377.000000 2.115086e-19 1.315326e-18
4379.000000 2.218578e-19 4.761482e-19
4381.000000 1.635356e-19 3.173984e-19
4383.000000 7.057318e-20 2.043849e-19
4385.000000 1.336566e-19 3.212982e-19
4387.000000 2.119684e-19 1.962142e-18
4389.000000 1.510337e-19 5.949433e-16
4391.000000 1.073361e-19 1.749118e-18
4393.000000 1.864812e-19 5.225598e-19
4395.000000 2.096586e-19 1.614161e-19
4397.000000 1.418948e-19 6.568155e-19
4399.000000 9.103425e-20 2.139621e-19
4401.000000 1.412060e-19 9.593516e-18
4403.000000 1.576786e-19 1.531513e-15
4405.000000 1.592746e-19 3.408829e-19
4407.000000 2.267569e-19 2.978695e-19
4409.000000 2.654090e-19 3.837892e-19
4411.000000 3.307543e-19 9.077348e-19
4413.000000 3.100651e-19 1.864324e-17
4415.000000 1.274328e-19 2.060828e-19
4417.000000 7.630505e-20 1.167296e-19
4419.000000 1.949901e-19 2.905501e-19
4421.000000 2.883379e-19 1.335514e-18
4423.000000 3.222461e-19 1.249922e-17
4425.000000 3.311571e-19 2.872449e-17
4427.000000 2.304215e-19 2.646809e-15
4429.000000 1.511452e-19 2.646809e-15
4431.000000 1.916518e-19 2.646809e-15
4433.000000 1.787211e-19 2.646809e-15
4435.000000 1.800272e-19 5.368893e-19
4437.000000 2.838666e-19 4.057338e-19
4439.000000 2.991039e-19 2.713375e-19
4441.000000 2.844405e-19 1.994496e-19
4443.000000 1.704825e-19 1.941258e-19
4445.000000 1.708715e-19 4.131423e-18
4447.000000 2.449771e-19 1.625010e-18
4449.000000 2.373389e-19 6.330663e-19
4451.000000 1.916554e-19 1.496468e-19
4453.000000 1.453627e-19 2.189353e-19
4455.000000 1.620468e-19 1.361151e-18
4457.000000 2.188433e-19 8.348683e-19
4459.000000 1.676071e-19 4.703491e-19
4461.000000 1.342991e-19 1.419138e-18
4463.000000 2.262182e-19 3.434335e-19
4465.000000 2.883209e-19 2.268824e-18
4467.000000 1.953245e-19 1.159626e-18
4469.000000 1.079183e-19 1.772173e-19
4471.000000 6.537634e-20 1.542357e-19
4473.000000 9.807212e-20 1.547110e-19
4475.000000 1.232270e-19 1.294883e-19
4477.000000 9.669101e-20 1.133857e-19
4479.000000 1.513117e-19 1.919717e-19
4481.000000 1.912378e-19 3.850867e-19
4483.000000 1.358432e-19 1.128713e-19
4485.000000 1.014934e-19 1.178023e-19
4487.000000 1.010985e-19 1.301310e-19
4489.000000 1.792035e-19 1.484066e-19
4491.000000 2.759025e-19 1.579825e-19
4493.000000 2.458441e-19 1.824309e-19
4495.000000 2.091361e-19 2.963319e-19
4497.000000 1.907806e-19 1.412845e-17
4499.000000 1.219685e-19 1.683337e-18
4501.000000 8.057090e-20 1.350478e-19
4503.000000 1.082418e-19 4.128377e-19
4505.000000 1.875160e-19 4.046193e-18
4507.000000 2.266064e-19 1.972521e-19
4509.000000 1.591121e-19 1.377261e-19
4511.000000 9.332718e-20 1.435826e-19
4513.000000 1.487639e-19 4.564213e-16
4515.000000 2.124512e-19 2.449458e-19
4517.000000 1.223865e-19 1.934552e-19
4519.000000 1.007793e-19 1.227372e-19
4521.000000 1.922476e-19 1.187643e-19
4523.000000 1.267210e-19 1.404939e-19
4525.000000 5.433607e-20 2.090139e-19
4527.000000 1.569982e-19 1.948770e-19
4529.000000 3.016914e-19 2.239205e-18
4531.000000 3.036944e-19 1.567772e-19
4533.000000 2.313341e-19 2.704436e-19
4535.000000 1.956591e-19 2.902599e-17
4537.000000 1.730739e-19 1.178421e-18
4539.000000 2.298845e-19 3.510844e-19
4541.000000 3.246553e-19 5.575136e-18
4543.000000 2.663193e-19 5.052076e-19
4545.000000 1.816173e-19 2.646809e-15
4547.000000 1.772681e-19 2.020042e-17
4549.000000 1.836157e-19 2.698854e-19
4551.000000 1.462902e-19 1.240813e-19
4553.000000 1.362658e-19 1.486515e-19
4555.000000 1.897221e-19 1.559931e-19
4557.000000 2.026033e-19 2.428555e-19
4559.000000 2.015086e-19 1.616926e-19
4561.000000 1.883485e-19 1.333604e-19
4563.000000 1.801533e-19 1.627355e-19
4565.000000 7.410840e-20 1.391690e-19
4567.000000 -1.697476e-19 1.331374e-19
4569.000000 -7.834811e-20 2.271405e-19
4571.000000 1.827893e-19 1.505813e-19
4573.000000 1.234952e-19 1.350286e-18
4575.000000 1.687928e-20 4.299227e-18
4577.000000 6.061812e-20 9.789703e-19
4579.000000 2.116670e-19 1.737323e-19
4581.000000 2.428446e-19 1.322313e-19
4583.000000 1.967248e-19 2.439025e-19
4585.000000 2.674775e-19 9.109105e-19
4587.000000 3.118833e-19 3.749611e-19
4589.000000 2.879356e-19 6.409421e-19
4591.000000 2.778366e-19 2.886759e-18
4593.000000 2.407890e-19 1.373317e-19
4595.000000 1.805982e-19 2.425194e-19
4597.000000 1.101200e-19 1.408307e-18
4599.000000 1.078259e-19 1.213272e-19
4601.000000 7.661305e-20 1.269645e-19
4603.000000 3.812574e-20 1.135032e-19
4605.000000 8.594340e-20 1.415882e-19
4607.000000 8.875049e-20 1.079470e-19
4609.000000 4.553609e-20 3.227926e-19
4611.000000 8.046626e-21 1.735238e-17
4613.000000 8.434334e-20 2.179328e-19
4615.000000 2.541578e-19 2.781752e-19
4617.000000 3.079210e-19 1.903224e-19
4619.000000 2.667056e-19 3.024830e-19
4621.000000 1.633284e-19 6.986115e-19
4623.000000 1.180736e-19 4.510399e-19
4625.000000 1.809162e-19 3.038135e-19
4627.000000 1.785673e-19 2.668426e-18
4629.000000 1.953453e-19 1.517159e-19
4631.000000 2.594663e-19 2.630495e-17
4633.000000 3.097143e-19 1.692434e-17
4635.000000 5.078404e-19 2.022318e-19
4637.000000 7.938050e-19 1.866672e-19
4639.000000 1.121606e-18 2.164240e-19
4641.000000 1.265485e-18 3.173244e-19
4643.000000 1.072692e-18 3.712410e-19
4645.000000 7.249446e-19 3.375894e-19
4647.000000 4.516563e-19 8.054626e-19
4649.000000 2.560722e-19 3.946595e-18
4651.000000 1.363715e-19 1.890849e-19
4653.000000 1.588378e-19 1.835463e-19
4655.000000 1.889552e-19 1.943115e-18
4657.000000 1.623627e-19 1.690505e-19
4659.000000 2.648947e-19 2.080975e-18
4661.000000 3.713857e-19 1.645425e-18
4663.000000 3.417279e-19 4.801324e-19
4665.000000 3.151581e-19 1.684759e-18
4667.000000 2.797720e-19 3.889724e-19
4669.000000 2.005155e-19 2.414844e-19
4671.000000 1.724937e-19 2.249653e-19
4673.000000 2.205228e-19 2.766519e-19
4675.000000 2.343113e-19 2.528432e-19
4677.000000 2.246745e-19 2.043126e-19
4679.000000 2.524164e-19 2.293384e-19
4681.000000 2.571238e-19 6.846362e-19
4683.000000 1.989735e-19 4.047181e-16
4685.000000 2.341173e-19 1.500914e-18
4687.000000 3.169411e-19 1.922257e-17
4689.000000 4.044183e-19 2.585802e-18
4691.000000 3.732170e-19 2.790086e-19
4693.000000 2.615806e-19 8.728823e-18
4695.000000 2.272280e-19 1.823926e-19
4697.000000 2.220131e-19 1.267878e-19
4699.000000 2.148342e-19 1.733816e-19
4701.000000 2.673638e-19 7.461577e-19
4703.000000 2.753439e-19 1.929462e-19
4705.000000 3.957865e-19 1.053979e-18
4707.000000 3.954035e-19 1.398393e-19
4709.000000 3.065014e-19 1.381750e-19
4711.000000 2.810417e-19 5.297787e-19
4713.000000 2.818725e-19 4.438065e-19
4715.000000 3.007432e-19 2.727781e-19
4717.000000 2.686428e-19 3.791688e-18
4719.000000 2.195806e-19 2.497402e-17
4721.000000 1.875583e-19 2.042999e-19
4723.000000 2.537667e-19 2.088208e-18
4725.000000 2.832771e-19 1.731504e-18
4727.000000 2.845275e-19 2.004077e-19
4729.000000 2.059691e-19 1.499494e-19
4731.000000 1.802855e-19 3.243835e-19
4733.000000 2.291785e-19 1.868928e-19
4735.000000 2.458998e-19 1.568705e-19
4737.000000 2.714333e-19 1.512928e-19
4739.000000 2.972408e-19 2.029132e-19
4741.000000 3.243032e-19 2.313804e-19
4743.000000 3.221753e-19 2.596168e-19
4745.000000 2.633256e-19 2.636541e-19
4747.000000 2.169874e-19 1.672764e-19
4749.000000 1.956104e-19 1.971406e-19
4751.000000 2.174749e-19 4.352503e-19
4753.000000 2.396653e-19 6.781500e-18
4755.000000 2.612702e-19 7.446352e-17
4757.000000 2.369453e-19 1.037963e-17
4759.000000 2.403008e-19 1.759691e-19
4761.000000 2.461805e-19 4.224027e-18
4763.000000 1.463035e-19 1.215402e-19
4765.000000 1.396010e-19 4.646131e-19
4767.000000 1.537558e-19 1.095487e-17
4769.000000 1.457665e-19 2.647481e-19
4771.000000 1.533680e-19 1.538914e-19
4773.000000 1.527399e-19 1.557172e-19
4775.000000 1.949343e-19 9.643729e-19
4777.000000 1.844898e-19 3.981840e-19
4779.000000 1.571066e-19 1.639223e-19
4781.000000 1.799288e-19 3.098348e-18
4783.000000 2.206979e-19 1.652484e-19
4785.000000 2.616528e-19 8.955283e-19
4787.000000 2.382289e-19 1.889939e-17
4789.000000 2.347596e-19 2.522419e-19
4791.000000 2.933622e-19 1.184914e-19
4793.000000 3.442418e-19 1.310283e-19
4795.000000 2.946754e-19 1.444190e-19
4797.000000 3.128641e-19 1.785060e-19
4799.000000 3.360340e-19 2.742222e-19
4801.000000 3.344671e-19 1.004301e-16
4803.000000 3.600329e-19 1.945286e-18
4805.000000 2.901561e-19 3.117832e-19
4807.000000 2.065635e-19 1.156983e-19
4809.000000 2.501961e-19 2.493603e-19
4811.000000 3.542994e-19 5.949403e-19
4813.000000 3.626681e-19 1.553606e-19
4815.000000 3.195542e-19 1.279537e-19
4817.000000 3.415648e-19 2.837461e-19
4819.000000 3.711396e-19 1.349683e-19
4821.000000 3.502133e-19 1.304421e-19
4823.000000 3.619832e-19 1.725376e-19
4825.000000 3.836666e-19 2.860187e-17
4827.000000 2.824138e-19 4.842725e-19
4829.000000 1.940239e-19 2.432802e-17
4831.000000 1.903709e-19 1.572317e-19
4833.000000 1.672489e-19 7.045578e-19
4835.000000 1.647609e-19 1.400030e-19
4837.000000 1.973214e-19 2.127917e-19
4839.000000 2.286507e-19 5.651454e-16
4841.000000 2.714565e-19 1.216941e-18
4843.000000 2.679260e-19 9.690280e-17
4845.000000 2.415015e-19 2.019441e-15
4847.000000 2.807222e-19 5.951602e-18
4849.000000 3.343052e-19 3.228677e-18
4851.000000 2.216176e-19 2.301916e-17
4853.000000 6.937571e-20 2.963090e-19
4855.000000 7.506621e-20 4.678505e-18
4857.000000 1.950380e-19 2.268087e-19
4859.000000 3.250909e-19 5.167384e-19
4861.000000 4.091806e-19 2.614002e-19
4863.000000 5.368727e-19 2.000609e-19
4865.000000 5.352524e-19 1.434044e-19
4867.000000 4.402515e-19 1.497626e-19
4869.000000 3.682961e-19 3.104739e-19
4871.000000 3.863521e-19 2.270411e-18
4873.000000 4.361334e-19 2.291206e-19
4875.000000 4.148696e-19 1.835829e-19
4877.000000 3.302737e-19 1.804054e-19
4879.000000 2.513196e-19 1.588308e-19
4881.000000 2.524808e-19 3.597062e-18
4883.000000 2.602704e-19 2.046964e-19
4885.000000 2.709893e-19 2.474794e-19
4887.000000 4.160193e-19 3.159579e-18
4889.000000 4.744969e-19 3.062045e-19
4891.000000 3.955088e-19 1.645661e-19
4893.000000 3.001838e-19 3.240479e-19
4895.000000 2.751085e-19 3.066269e-19
4897.000000 4.009669e-19 2.277938e-19
4899.000000 3.548504e-19 1.522376e-19
4901.000000 2.684534e-19 2.965687e-19
4903.000000 3.612976e-19 4.860225e-19
4905.000000 4.647875e-19 3.910072e-19
4907.000000 5.357972e-19 2.480118e-19
4909.000000 5.409101e-19 3.253925e-19
4911.000000 4.101012e-19 3.881578e-19
4913.000000 3.678235e-19 2.130227e-18
4915.000000 4.249326e-19 3.388232e-18
4917.000000 4.308656e-19 1.571356e-18
4919.000000 4.004636e-19 5.585205e-18
4921.000000 3.207203e-19 1.557392e-18
4923.000000 2.127859e-19 1.339090e-19
4925.000000 2.397725e-19 1.210329e-19
4927.000000 3.734795e-19 3.565313e-18
4929.000000 4.273860e-19 2.319174e-17
4931.000000 4.566877e-19 1.485275e-18
4933.000000 4.994566e-19 1.752788e-19
4935.000000 4.309079e-19 1.399938e-19
4937.000000 3.699925e-19 1.688103e-18
4939.000000 4.195850e-19 2.712438e-18
4941.000000 4.210028e-19 2.434957e-17
4943.000000 3.104614e-19 1.594267e-18
4945.000000 2.659208e-19 3.326619e-18
4947.000000 3.266687e-19 1.774972e-17
4949.000000 2.549922e-19 1.834724e-19
4951.000000 1.494596e-19 1.163822e-19
4953.000000 1.704023e-19 1.174739e-19
4955.000000 1.988059e-19 2.279817e-18
4957.000000 1.836201e-19 1.530305e-19
4959.000000 2.661358e-19 1.200718e-19
4961.000000 3.830048e-19 1.300790e-19
4963.000000 4.252438e-19 3.500481e-19
4965.000000 4.636276e-19 2.418948e-15
4967.000000 4.123923e-19 1.912220e-18
4969.000000 3.116210e-19 2.298022e-19
4971.000000 3.245041e-19 1.610450e-19
4973.000000 4.398218e-19 2.418544e-19
4975.000000 5.750366e-19 2.513504e-15
4977.000000 5.688922e-19 1.151251e-15
4979.000000 5.142469e-19 2.212549e-18
4981.000000 4.949079e-19 4.621825e-19
4983.000000 4.243269e-19 2.181275e-19
4985.000000 2.994920e-19 5.604302e-18
4987.000000 3.159060e-19 3.313197e-19
4989.000000 3.417797e-19 5.894370e-19
4991.000000 3.405343e-19 4.596347e-18
4993.000000 3.674060e-19 3.337533e-19
4995.000000 4.627479e-19 1.863766e-19
4997.000000 5.150717e-19 4.089936e-19
4999.000000 4.627632e-19 5.724940e-19
5001.000000 4.727538e-19 9.150897e-17
5003.000000 5.573216e-19 5.909402e-19
5005.000000 5.052504e-19 6.688494e-18
5007.000000 4.344706e-19 1.247864e-16
5009.000000 5.043288e-19 6.392304e-19
5011.000000 5.343968e-19 1.204805e-18
5013.000000 5.184171e-19 2.616670e-17
5015.000000 5.455185e-19 1.185667e-18
5017.000000 6.033280e-19 3.672793e-19
5019.000000 4.865668e-19 1.867018e-19
5021.000000 4.125706e-19 2.082066e-19
5023.000000 4.141219e-19 1.579413e-19
5025.000000 3.704915e-19 1.563938e-19
5027.000000 3.469427e-19 2.935517e-19
5029.000000 3.625461e-19 7.436741e-19
5031.000000 4.594096e-19 5.631788e-19
5033.000000 6.553689e-19 3.944469e-19
5035.000000 6.485142e-19 1.442931e-18
5037.000000 5.585401e-19 1.176112e-18
5039.000000 5.257935e-19 4.282870e-18
5041.000000 5.260169e-19 4.168160e-19
5043.000000 5.137618e-19 3.819257e-19
5045.000000 4.830634e-19 4.529126e-17
5047.000000 5.359730e-19 2.647941e-19
5049.000000 5.411542e-19 5.384814e-19
5051.000000 4.954866e-19 3.386731e-19
5053.000000 4.836336e-19 1.739128e-19
5055.000000 4.121017e-19 3.064692e-19
5057.000000 3.652053e-19 4.132247e-18
5059.000000 4.281039e-19 7.533325e-19
5061.000000 4.547928e-19 1.856385e-19
5063.000000 4.434303e-19 1.561319e-19
5065.000000 5.151293e-19 1.602334e-19
5067.000000 4.888837e-19 1.585855e-19
5069.000000 4.492438e-19 1.361204e-18
5071.000000 4.616267e-19 4.534455e-19
5073.000000 5.145948e-19 8.523451e-19
5075.000000 5.192608e-19 1.023010e-17
5077.000000 5.009295e-19 2.744460e-19
5079.000000 4.382273e-19 1.922583e-19
5081.000000 4.034290e-19 6.198952e-19
5083.000000 4.898403e-19 1.556377e-18
5085.000000 5.614566e-19 7.502902e-19
5087.000000 5.693678e-19 2.429845e-17
5089.000000 5.357915e-19 5.023090e-19
5091.000000 4.877857e-19 2.710940e-18
5093.000000 4.834141e-19 1.961817e-17
5095.000000 4.428815e-19 2.856991e-18
5097.000000 4.146445e-19 7.291808e-18
5099.000000 4.138852e-19 2.429960e-19
5101.000000 3.861421e-19 2.647890e-19
5103.000000 3.528605e-19 2.952623e-19
5105.000000 3.287858e-19 1.657514e-19
5107.000000 3.101263e-19 1.386795e-19
5109.000000 3.290272e-19 1.656609e-19
5111.000000 3.379062e-19 4.281338e-19
5113.000000 3.450763e-19 2.507763e-19
5115.000000 3.314657e-19 4.109817e-19
5117.000000 4.163506e-19 2.007034e-16
5119.000000 4.774936e-19 1.243240e-17
5121.000000 4.133207e-19 5.649829e-18
5123.000000 3.887849e-19 1.799335e-17
5125.000000 4.009222e-19 1.581609e-15
5127.000000 4.509022e-19 5.552346e-19
5129.000000 5.665175e-19 1.068686e-18
5131.000000 6.203317e-19 1.546305e-18
5133.000000 5.357328e-19 3.608216e-19
5135.000000 4.437786e-19 2.408601e-19
5137.000000 4.617454e-19 3.127561e-19
5139.000000 5.053289e-19 2.463080e-19
5141.000000 5.630177e-19 2.392886e-19
5143.000000 6.152864e-19 7.415267e-19
5145.000000 6.575947e-19 2.855900e-18
5147.000000 6.507426e-19 5.784374e-19
5149.000000 4.719310e-19 4.167753e-19
5151.000000 3.129043e-19 2.167652e-19
5153.000000 3.643177e-19 3.475794e-19
5155.000000 4.590748e-19 1.271037e-18
5157.000000 4.566542e-19 1.287013e-17
5159.000000 3.954730e-19 2.153299e-17
5161.000000 4.126677e-19 1.081550e-18
5163.000000 4.696725e-19 3.255668e-18
5165.000000 4.209279e-19 7.244981e-18
5167.000000 3.976007e-19 8.511311e-17
5169.000000 3.471609e-19 3.624650e-19
5171.000000 3.346356e-19 1.541994e-19
5173.000000 4.047018e-19 6.478054e-19
5175.000000 5.111411e-19 5.578000e-19
5177.000000 5.710872e-19 3.039927e-19
5179.000000 4.770957e-19 2.773096e-19
5181.000000 3.863806e-19 1.573929e-19
5183.000000 3.759561e-19 1.483944e-19
5185.000000 4.361152e-19 3.385775e-19
5187.000000 4.378607e-19 3.050186e-18
5189.000000 3.590308e-19 1.627127e-19
5191.000000 4.036851e-19 1.792626e-19
5193.000000 5.030852e-19 2.279289e-19
5195.000000 5.266405e-19 5.774554e-19
5197.000000 5.983775e-19 3.105299e-17
5199.000000 6.248950e-19 4.528239e-18
5201.000000 6.053988e-19 2.200969e-18
5203.000000 5.827333e-19 5.884733e-19
5205.000000 5.190644e-19 9.615029e-19
5207.000000 4.976301e-19 9.516786e-19
5209.000000 5.646717e-19 2.557041e-19
5211.000000 6.051695e-19 2.133063e-19
5213.000000 6.416993e-19 7.053050e-19
5215.000000 6.613528e-19 4.488890e-19
5217.000000 6.523780e-19 3.276545e-19
5219.000000 5.657875e-19 6.335913e-19
5221.000000 4.922303e-19 2.288781e-19
5223.000000 4.542546e-19 2.197716e-19
5225.000000 4.892624e-19 2.535114e-18
5227.000000 5.280115e-19 2.646809e-15
5229.000000 4.718353e-19 5.595956e-18
5231.000000 4.520552e-19 5.210662e-19
5233.000000 5.449528e-19 2.611600e-19
5235.000000 6.062556e-19 3.214292e-19
5237.000000 6.072318e-19 3.552662e-19
5239.000000 6.510945e-19 9.267371e-16
5241.000000 6.426038e-19 2.302482e-18
5243.000000 4.719340e-19 1.331305e-18
5245.000000 3.359818e-19 1.326039e-18
5247.000000 3.950807e-19 1.454723e-18
5249.000000 4.755932e-19 6.782839e-19
5251.000000 5.194573e-19 1.005604e-18
5253.000000 4.725446e-19 1.930520e-18
5255.000000 4.052601e-19 1.687307e-17
5257.000000 3.393455e-19 3.248761e-18
5259.000000 2.311604e-19 4.824325e-18
5261.000000 1.667630e-19 8.984559e-19
5263.000000 2.119629e-19 2.320674e-19
5265.000000 3.458036e-19 1.092562e-18
5267.000000 4.719695e-19 2.395681e-19
5269.000000 5.611679e-19 5.231586e-19
5271.000000 6.605923e-19 2.756802e-19
5273.000000 6.772352e-19 1.985355e-19
5275.000000 6.757074e-19 2.892723e-17
5277.000000 6.567177e-19 1.574946e-18
5279.000000 5.335741e-19 2.169303e-18
5281.000000 4.398244e-19 8.131389e-18
5283.000000 5.007933e-19 1.963616e-18
5285.000000 5.274885e-19 7.817399e-19
5287.000000 4.285450e-19 3.010401e-17
5289.000000 3.124039e-19 7.149947e-18
5291.000000 2.573981e-19 1.824558e-19
5293.000000 3.005451e-19 2.576874e-19
5295.000000 4.154978e-19 6.067786e-19
5297.000000 5.074942e-19 3.574571e-19
5299.000000 5.049814e-19 5.752502e-19
5301.000000 4.611120e-19 1.104069e-18
5303.000000 3.977126e-19 1.881618e-19
5305.000000 4.217098e-19 2.021373e-19
5307.000000 5.378278e-19 9.946209e-19
5309.000000 6.396087e-19 2.839099e-18
5311.000000 5.417891e-19 3.844467e-19
5313.000000 3.260866e-19 2.729995e-19
5315.000000 1.831093e-19 1.824220e-19
5317.000000 3.186059e-19 3.568482e-19
5319.000000 4.701935e-19 2.646809e-15
5321.000000 4.961679e-19 2.646809e-15
5323.000000 4.948487e-19 2.551570e-18
5325.000000 4.129738e-19 1.173667e-18
5327.000000 3.696214e-19 1.226421e-18
5329.000000 3.111118e-19 5.271204e-17
5331.000000 2.863076e-19 4.179051e-18
5333.000000 4.353908e-19 3.392618e-19
5335.000000 6.158706e-19 3.290831e-19
5337.000000 6.834229e-19 3.741245e-19
5339.000000 6.220206e-19 2.344757e-16
5341.000000 6.134676e-19 1.880983e-18
5343.000000 5.543736e-19 1.953690e-19
5345.000000 4.028827e-19 1.633750e-19
5347.000000 3.931488e-19 1.911227e-19
5349.000000 4.227895e-19 2.179144e-19
5351.000000 3.667492e-19 4.437188e-19
5353.000000 3.753325e-19 2.531964e-19
5355.000000 4.299563e-19 7.676726e-19
5357.000000 5.246262e-19 2.313612e-18
5359.000000 5.562098e-19 3.002623e-18
5361.000000 5.263299e-19 2.731402e-18
5363.000000 5.316475e-19 7.437787e-18
5365.000000 4.929509e-19 2.384187e-19
5367.000000 4.931850e-19 1.421589e-18
5369.000000 5.921431e-19 1.732475e-18
5371.000000 5.558538e-19 3.225076e-18
5373.000000 4.168277e-19 1.738031e-18
5375.000000 3.931927e-19 6.412967e-19
5377.000000 4.096401e-19 8.523401e-19
5379.000000 3.597293e-19 3.273193e-18
5381.000000 3.064724e-19 1.590063e-19
5383.000000 3.755561e-19 1.805809e-19
5385.000000 4.901414e-19 2.972609e-19
5387.000000 5.106947e-19 8.527608e-18
5389.000000 4.916624e-19 5.240224e-19
5391.000000 5.053875e-19 1.048884e-18
5393.000000 3.951120e-19 3.469776e-18
5395.000000 2.781639e-19 1.470403e-18
5397.000000 3.711203e-19 1.797153e-19
5399.000000 5.064726e-19 5.656291e-19
5401.000000 5.776511e-19 3.372729e-19
5403.000000 5.723284e-19 8.090478e-18
5405.000000 5.820962e-19 1.071278e-17
5407.000000 6.682721e-19 8.420738e-18
5409.000000 6.673461e-19 1.454391e-15
5411.000000 5.707280e-19 1.508746e-18
5413.000000 4.938601e-19 1.845726e-19
5415.000000 4.809302e-19 1.869135e-19
5417.000000 5.324291e-19 1.927935e-19
5419.000000 5.687754e-19 2.466477e-18
5421.000000 5.626655e-19 4.335289e-19
5423.000000 5.481956e-19 1.600415e-18
5425.000000 5.705688e-19 3.425155e-19
5427.000000 5.235136e-19 4.136530e-19
5429.000000 4.650283e-19 2.386651e-19
5431.000000 6.175147e-19 4.197300e-19
5433.000000 6.655577e-19 1.519600e-17
5435.000000 4.940127e-19 5.713908e-19
5437.000000 4.301904e-19 3.939988e-19
5439.000000 4.516716e-19 3.846048e-19
5441.000000 4.943640e-19 9.522491e-19
5443.000000 5.540216e-19 3.713968e-19
5445.000000 6.121331e-19 1.527786e-19
5447.000000 6.865554e-19 1.666915e-19
5449.000000 6.290018e-19 1.046761e-18
5451.000000 4.982676e-19 1.020048e-16
5453.000000 4.557391e-19 3.200389e-18
5455.000000 5.635670e-19 3.599065e-19
5457.000000 6.737953e-19 7.016024e-19
5459.000000 7.013128e-19 1.969808e-17
5461.000000 6.798317e-19 1.311422e-18
5463.000000 5.085323e-19 4.472085e-19
5465.000000 3.767022e-19 1.354618e-18
5467.000000 4.958640e-19 1.714374e-16
5469.000000 6.740080e-19 4.796062e-19
5471.000000 7.358220e-19 7.611503e-19
5473.000000 6.457680e-19 1.698357e-17
5475.000000 5.831459e-19 7.837017e-19
5477.000000 6.536402e-19 9.918069e-18
5479.000000 6.472384e-19 8.124191e-19
5481.000000 5.136116e-19 4.140289e-19
5483.000000 4.531145e-19 1.722432e-19
5485.000000 5.383116e-19 2.262959e-19
5487.000000 5.454205e-19 8.113784e-19
5489.000000 5.915456e-19 9.186168e-18
5491.000000 6.920521e-19 1.662863e-18
5493.000000 6.143232e-19 2.532140e-19
5495.000000 4.770062e-19 2.051750e-19
5497.000000 4.339554e-19 3.302760e-19
5499.000000 5.796869e-19 5.145133e-18
5501.000000 7.770916e-19 1.813305e-18
5503.000000 7.803237e-19 3.013993e-19
5505.000000 6.084966e-19 1.728293e-19
5507.000000 5.002076e-19 6.772518e-19
5509.000000 5.488045e-19 2.309642e-18
5511.000000 5.333021e-19 2.351996e-18
5513.000000 5.052505e-19 1.362407e-17
5515.000000 7.018712e-19 2.818664e-19
5517.000000 8.369767e-19 5.228968e-17
5519.000000 8.011980e-19 8.340405e-19
5521.000000 7.581874e-19 3.341505e-18
5523.000000 7.271897e-19 7.254446e-19
5525.000000 7.832223e-19 1.229867e-17
5527.000000 8.025895e-19 3.299069e-17
5529.000000 5.920261e-19 1.290861e-17
5531.000000 5.229704e-19 6.058225e-16
5533.000000 6.040072e-19 1.459140e-18
5535.000000 5.744695e-19 1.914678e-19
5537.000000 5.075200e-19 1.765739e-19
5539.000000 5.230982e-19 2.223266e-19
5541.000000 5.403209e-19 2.814868e-18
5543.000000 6.349244e-19 2.933844e-18
5545.000000 7.355375e-19 3.907543e-19
5547.000000 6.587292e-19 1.017595e-18
5549.000000 5.232080e-19 1.229775e-17
5551.000000 4.154209e-19 1.532414e-18
5553.000000 4.454544e-19 1.059527e-17
5555.000000 6.327410e-19 6.397054e-18
5557.000000 7.107077e-19 1.959894e-15
5559.000000 6.899167e-19 1.339919e-18
5561.000000 7.007776e-19 1.420252e-17
5563.000000 6.535355e-19 4.865053e-19
5565.000000 5.887999e-19 6.961997e-19
5567.000000 5.660503e-19 2.767935e-19
5569.000000 6.732769e-19 6.712142e-16
5571.000000 9.296520e-19 1.261857e-18
5573.000000 1.658178e-18 3.929719e-19
5575.000000 1.548619e-18 8.659280e-19
5577.000000 -1.571855e-18 8.706254e-19
5579.000000 -3.606538e-18 8.266083e-19
5581.000000 -3.026246e-18 8.833196e-19
5583.000000 -7.013811e-19 1.659478e-18
5585.000000 4.986987e-19 1.227207e-16
5587.000000 5.669777e-19 6.573323e-19
5589.000000 5.560412e-19 7.668202e-19
5591.000000 5.423328e-19 2.917454e-19
5593.000000 5.922745e-19 2.595646e-19
5595.000000 7.583324e-19 1.160760e-16
5597.000000 8.852136e-19 2.493960e-16
5599.000000 9.121163e-19 1.532555e-18
5601.000000 8.442561e-19 1.210833e-18
5603.000000 6.559947e-19 1.800581e-19
5605.000000 5.232429e-19 1.932321e-19
5607.000000 5.629989e-19 2.943291e-19
5609.000000 6.296168e-19 5.083097e-19
5611.000000 7.228127e-19 2.448966e-19
5613.000000 8.457636e-19 4.843985e-19
5615.000000 8.406311e-19 5.763263e-19
5617.000000 6.767301e-19 2.527047e-19
5619.000000 5.526842e-19 2.676718e-19
5621.000000 5.674259e-19 2.204513e-19
5623.000000 5.882399e-19 9.415831e-18
5625.000000 5.501852e-19 8.031439e-18
5627.000000 5.178324e-19 3.681867e-19
5629.000000 6.600882e-19 2.282679e-19
5631.000000 8.325651e-19 2.663010e-19
5633.000000 8.994571e-19 2.011849e-19
5635.000000 9.063432e-19 1.895063e-19
5637.000000 8.515011e-19 4.543482e-19
5639.000000 7.997329e-19 1.646091e-18
5641.000000 7.297710e-19 8.396978e-19
5643.000000 7.038477e-19 1.939625e-18
5645.000000 6.798759e-19 5.856411e-19
5647.000000 7.068239e-19 1.369981e-17
5649.000000 8.393528e-19 2.133592e-18
5651.000000 9.018370e-19 2.648874e-17
5653.000000 8.751875e-19 9.301490e-19
5655.000000 8.690813e-19 5.966879e-19
5657.000000 8.320382e-19 2.121114e-19
5659.000000 7.590950e-19 3.857234e-19
5661.000000 9.024432e-19 1.116994e-18
5663.000000 1.087903e-18 7.471703e-19
5665.000000 9.569411e-19 3.915948e-18
5667.000000 6.133808e-19 9.207881e-18
5669.000000 4.471077e-19 1.018968e-18
5671.000000 5.997999e-19 1.467899e-18
5673.000000 6.821438e-19 1.337827e-15
5675.000000 5.728094e-19 9.489118e-19
5677.000000 5.189434e-19 7.801850e-19
5679.000000 5.645394e-19 3.621913e-17
5681.000000 6.418752e-19 2.646809e-15
5683.000000 7.586085e-19 2.436605e-18
5685.000000 7.211205e-19 2.876007e-19
5687.000000 6.281139e-19 3.389585e-19
5689.000000 7.754314e-19 6.816089e-19
5691.000000 8.542842e-19 2.894082e-18
5693.000000 6.406593e-19 8.956148e-19
5695.000000 5.263176e-19 3.015167e-19
5697.000000 5.658335e-19 7.276068e-19
5699.000000 5.452150e-19 2.913504e-19
5701.000000 4.392484e-19 2.466323e-19
5703.000000 3.602797e-19 2.541600e-19
5705.000000 4.040631e-19 2.151112e-19
5707.000000 5.145226e-19 2.866807e-18
5709.000000 6.214661e-19 1.142890e-18
5711.000000 6.108455e-19 2.058757e-19
5713.000000 4.434196e-19 2.186135e-19
5715.000000 3.670584e-19 3.829485e-18
5717.000000 4.234650e-19 2.372256e-18
5719.000000 5.166061e-19 2.567584e-19
5721.000000 4.829734e-19 2.521951e-19
5723.000000 4.263493e-19 3.139368e-16
5725.000000 6.403056e-19 2.795817e-19
5727.000000 7.785104e-19 1.030148e-18
5729.000000 7.967828e-19 2.051323e-16
5731.000000 9.759071e-19 2.699481e-18
5733.000000 9.665803e-19 2.843645e-17
5735.000000 7.184360e-19 2.566636e-18
5737.000000 5.831283e-19 2.045874e-18
5739.000000 6.114983e-19 2.481432e-19
5741.000000 6.366660e-19 2.748536e-19
5743.000000 7.533343e-19 5.572216e-19
5745.000000 8.824931e-19 2.806280e-17
5747.000000 8.784842e-19 6.058268e-19
5749.000000 7.616304e-19 2.314491e-19
5751.000000 6.282271e-19 2.177743e-19
5753.000000 6.043513e-19 3.043067e-19
5755.000000 5.124693e-19 1.556689e-18
5757.000000 4.472344e-19 4.512395e-19
5759.000000 6.496049e-19 5.723542e-19
5761.000000 7.434722e-19 7.218029e-19
5763.000000 6.485443e-19 1.791002e-17
5765.000000 5.411900e-19 8.636962e-19
5767.000000 5.144677e-19 4.036026e-19
5769.000000 5.037231e-19 1.107443e-18
5771.000000 3.810031e-19 2.946844e-19
5773.000000 3.446782e-19 2.450466e-19
5775.000000 4.908081e-19 5.258010e-18
5777.000000 4.779640e-19 7.133609e-18
5779.000000 3.605440e-19 2.249429e-19
5781.000000 5.995279e-19 4.205899e-19
5783.000000 8.820507e-19 7.785526e-19
5785.000000 7.833899e-19 3.116085e-19
5787.000000 6.344896e-19 1.410514e-17
5789.000000 6.399765e-19 3.443679e-19
5791.000000 6.724742e-19 2.964490e-18
5793.000000 6.468384e-19 3.093477e-19
5795.000000 6.467300e-19 2.453492e-19
5797.000000 8.584612e-19 9.168060e-18
5799.000000 1.013849e-18 1.818348e-16
5801.000000 1.018956e-18 4.411127e-19
5803.000000 8.048699e-19 2.392623e-19
5805.000000 4.430169e-19 2.565907e-19
5807.000000 3.927437e-19 9.638057e-19
5809.000000 6.207073e-19 2.596276e-19
5811.000000 8.133960e-19 2.337513e-19
5813.000000 7.926281e-19 2.634754e-19
5815.000000 6.750207e-19 1.335207e-18
5817.000000 7.616838e-19 4.713836e-19
5819.000000 8.933460e-19 3.382544e-19
5821.000000 8.735334e-19 2.788620e-17
5823.000000 9.121477e-19 6.516334e-18
5825.000000 9.043533e-19 1.151128e-17
5827.000000 7.411429e-19 2.103225e-18
5829.000000 6.868975e-19 8.277331e-19
5831.000000 7.483468e-19 5.804783e-19
5833.000000 6.472878e-19 5.932655e-18
5835.000000 7.110774e-19 3.660074e-19
5837.000000 8.375305e-19 4.760530e-19
5839.000000 7.282206e-19 5.162124e-18
5841.000000 5.849454e-19 3.725619e-19
5843.000000 5.449179e-19 3.453445e-19
5845.000000 5.324115e-19 2.688311e-19
5847.000000 5.453217e-19 3.092512e-19
5849.000000 6.820043e-19 1.093944e-18
5851.000000 7.732878e-19 3.293375e-19
5853.000000 6.748961e-19 2.471152e-19
5855.000000 6.018157e-19 5.458101e-19
5857.000000 7.325208e-19 2.723314e-17
5859.000000 8.911255e-19 5.897793e-18
5861.000000 8.752913e-19 3.603242e-19
5863.000000 8.656288e-19 2.460023e-19
5865.000000 8.846801e-19 2.677422e-19
5867.000000 7.610298e-19 3.856648e-19
5869.000000 5.620792e-19 2.994531e-19
5871.000000 5.651677e-19 6.692006e-19
5873.000000 8.168239e-19 4.903241e-19
5875.000000 8.612861e-19 8.260472e-19
5877.000000 7.438033e-19 1.294284e-17
5879.000000 8.039644e-19 2.712674e-17
5881.000000 8.871864e-19 9.326136e-19
5883.000000 7.846086e-19 5.223069e-19
5885.000000 8.857582e-19 8.973105e-19
5887.000000 8.291003e-19 3.343414e-19
5889.000000 1.640681e-19 4.892179e-18
5891.000000 -1.804875e-19 4.605663e-19
5893.000000 -1.993450e-19 5.059160e-19
5895.000000 -4.780261e-19 4.252384e-19
5897.000000 -3.688416e-19 5.767619e-19
5899.000000 7.037315e-20 1.068607e-18
5901.000000 6.229623e-19 6.879343e-19
5903.000000 9.083158e-19 1.221993e-18
5905.000000 9.028545e-19 1.393108e-18
5907.000000 7.013079e-19 7.831798e-19
5909.000000 5.996615e-19 3.640040e-18
5911.000000 6.698997e-19 3.456359e-19
5913.000000 7.291902e-19 2.562228e-19
5915.000000 4.960007e-19 2.405658e-19
5917.000000 4.869306e-19 2.498725e-19
5919.000000 7.247421e-19 3.164314e-19
5921.000000 8.332527e-19 4.597721e-18
5923.000000 7.122546e-19 7.589797e-18
5925.000000 6.049304e-19 5.432233e-19
5927.000000 5.062610e-19 2.345805e-19
5929.000000 4.554398e-19 2.330232e-19
5931.000000 4.774323e-19 1.473661e-18
5933.000000 5.115557e-19 4.002925e-19
5935.000000 6.228403e-19 2.338783e-17
5937.000000 7.347732e-19 1.140960e-18
5939.000000 8.766310e-19 1.024370e-18
5941.000000 9.814676e-19 3.283987e-18
5943.000000 8.437698e-19 3.637430e-18
5945.000000 7.443652e-19 2.442067e-18
5947.000000 7.316129e-19 4.417071e-18
5949.000000 7.739825e-19 8.486537e-19
5951.000000 8.144626e-19 8.939314e-19
5953.000000 7.404474e-19 3.332920e-19
5955.000000 6.431182e-19 9.191926e-19
5957.000000 7.908946e-19 5.512910e-19
5959.000000 1.038403e-18 9.466596e-19
5961.000000 1.053474e-18 1.864096e-16
5963.000000 8.953546e-19 3.275068e-19
5965.000000 7.462055e-19 2.450063e-19
5967.000000 5.521237e-19 2.339983e-19
5969.000000 3.907005e-19 2.358829e-19
5971.000000 5.442791e-19 5.182088e-18
5973.000000 7.903310e-19 6.338801e-19
5975.000000 8.471648e-19 1.057140e-18
5977.000000 7.645543e-19 4.838990e-18
5979.000000 6.704249e-19 3.279962e-16
5981.000000 5.273233e-19 2.762849e-17
5983.000000 5.871112e-19 3.063188e-17
5985.000000 8.167830e-19 8.294336e-19
5987.000000 8.779702e-19 1.635947e-18
5989.000000 7.588472e-19 3.534021e-17
5991.000000 6.433761e-19 1.089060e-17
5993.000000 6.739049e-19 2.523202e-17
5995.000000 6.960948e-19 4.999623e-17
5997.000000 6.832348e-19 1.111227e-17
5999.000000 7.228905e-19 3.418056e-19
6001.000000 6.591843e-19 3.356008e-19
6003.000000 7.082152e-19 3.655677e-19
6005.000000 6.469365e-19 3.139562e-17
6007.000000 5.561338e-19 2.147750e-18
6009.000000 5.905233e-19 4.624862e-18
6011.000000 4.008891e-19 1.584008e-18
6013.000000 4.198703e-19 4.544828e-17
6015.000000 7.284691e-19 4.841412e-19
6017.000000 8.430818e-19 3.586237e-19
6019.000000 9.228850e-19 4.455935e-19
6021.000000 9.350898e-19 4.422538e-19
6023.000000 9.200066e-19 2.672862e-19
6025.000000 8.641899e-19 3.645706e-17
6027.000000 7.570494e-19 1.133577e-17
6029.000000 7.746708e-19 1.863489e-18
6031.000000 8.382449e-19 4.092442e-18
6033.000000 8.728258e-19 2.595291e-18
6035.000000 8.007988e-19 9.335484e-19
6037.000000 5.942522e-19 4.648275e-19
6039.000000 5.727214e-19 2.640388e-19
6041.000000 6.761171e-19 2.439048e-19
6043.000000 7.969660e-19 4.069511e-19
6045.000000 8.180477e-19 3.896516e-17
6047.000000 9.526717e-19 3.026354e-19
6049.000000 1.375323e-18 4.295391e-19
6051.000000 1.872278e-18 6.626343e-17
6053.000000 2.027851e-18 9.527551e-19
6055.000000 1.707462e-18 3.867548e-19
6057.000000 1.126389e-18 3.633182e-19
6059.000000 7.442890e-19 2.053127e-16
6061.000000 7.312538e-19 2.380752e-16
6063.000000 6.969565e-19 4.281150e-19
6065.000000 4.330057e-19 2.236270e-19
6067.000000 2.747859e-19 2.132415e-19
6069.000000 5.017920e-19 2.377658e-19
6071.000000 7.194289e-19 2.804260e-19
6073.000000 6.255487e-19 2.305435e-18
6075.000000 5.295228e-19 7.058108e-19
6077.000000 5.964223e-19 2.672895e-19
6079.000000 6.971264e-19 2.377409e-19
6081.000000 7.135840e-19 2.751612e-19
6083.000000 6.617937e-19 8.782040e-19
6085.000000 6.628463e-19 3.699843e-19
6087.000000 7.977230e-19 2.250536e-19
6089.000000 9.012955e-19 2.706751e-19
6091.000000 7.923698e-19 1.359007e-18
6093.000000 6.022964e-19 3.010899e-19
6095.000000 6.761491e-19 2.444305e-19
6097.000000 8.275328e-19 2.138657e-17
6099.000000 7.743565e-19 1.428172e-17
6101.000000 6.721823e-19 2.305005e-18
6103.000000 7.697419e-19 5.440048e-19
6105.000000 9.815482e-19 4.677118e-19
6107.000000 1.054551e-18 6.828864e-19
6109.000000 1.009075e-18 3.347643e-17
6111.000000 9.612311e-19 2.234702e-17
6113.000000 1.049406e-18 2.646809e-15
6115.000000 1.076232e-18 9.051325e-19
6117.000000 1.071778e-18 1.185381e-17
6119.000000 9.932989e-19 3.542319e-17
6121.000000 8.174683e-19 4.442242e-19
6123.000000 8.131980e-19 3.198791e-19
6125.000000 7.743261e-19 3.120915e-18
6127.000000 4.910887e-19 3.789381e-19
6129.000000 4.275259e-19 2.578136e-19
6131.000000 7.569429e-19 5.727949e-19
6133.000000 9.013653e-19 4.325281e-19
6135.000000 6.895861e-19 2.550122e-18
6137.000000 4.802320e-19 2.379831e-19
6139.000000 5.484661e-19 2.459322e-19
6141.000000 8.334544e-19 3.134424e-19
6143.000000 9.591153e-19 6.437885e-19
6145.000000 7.260995e-19 2.056573e-18
6147.000000 6.473571e-19 2.803078e-19
6149.000000 7.816406e-19 2.440234e-19
6151.000000 7.616912e-19 2.300335e-19
6153.000000 8.283830e-19 1.306367e-18
6155.000000 9.755324e-19 6.272477e-18
6157.000000 9.930236e-19 3.722524e-18
6159.000000 1.006849e-18 2.605319e-18
6161.000000 8.956561e-19 1.319358e-18
6163.000000 8.508825e-19 2.915756e-19
6165.000000 9.307077e-19 3.009469e-19
6167.000000 8.358494e-19 1.938867e-17
6169.000000 7.037090e-19 5.416160e-19
6171.000000 9.113839e-19 1.530920e-18
6173.000000 1.289691e-18 3.246021e-18
6175.000000 1.483289e-18 8.241002e-19
6177.000000 1.482228e-18 1.330960e-18
6179.000000 1.169977e-18 1.144296e-17
6181.000000 7.605281e-19 3.613929e-18
6183.000000 5.032952e-19 2.767027e-19
6185.000000 5.421264e-19 2.693430e-18
6187.000000 7.254585e-19 6.128633e-17
6189.000000 7.558088e-19 1.232619e-17
6191.000000 7.479652e-19 4.373862e-19
6193.000000 7.800533e-19 3.332061e-19
6195.000000 9.281711e-19 1.397530e-18
6197.000000 1.051102e-18 1.101026e-17
6199.000000 8.541683e-19 9.370550e-18
6201.000000 7.246511e-19 5.797556e-19
6203.000000 7.261424e-19 1.826121e-18
6205.000000 6.924777e-19 1.386946e-18
6207.000000 7.941657e-19 4.858016e-19
6209.000000 8.560465e-19 2.726951e-19
6211.000000 6.977693e-19 3.102252e-19
6213.000000 6.944955e-19 8.439484e-18
6215.000000 9.433713e-19 3.751352e-19
6217.000000 1.157987e-18 3.641107e-18
6219.000000 1.098081e-18 4.117941e-19
6221.000000 9.084110e-19 4.471697e-19
6223.000000 7.992174e-19 2.974833e-19
6225.000000 7.263729e-19 2.426842e-19
6227.000000 7.300776e-19 2.262815e-19
6229.000000 9.199397e-19 4.082927e-19
6231.000000 1.366166e-18 2.552811e-19
6233.000000 2.004791e-18 4.452243e-19
6235.000000 2.276848e-18 5.684823e-19
6237.000000 1.883914e-18 4.390391e-19
6239.000000 1.444934e-18 2.940403e-19
6241.000000 1.179885e-18 3.323983e-19
6243.000000 1.001823e-18 2.233329e-18
6245.000000 9.244142e-19 7.409941e-19
6247.000000 8.545124e-19 3.071407e-19
6249.000000 8.758685e-19 2.498895e-18
6251.000000 9.392140e-19 2.206755e-18
6253.000000 8.978614e-19 1.632681e-18
6255.000000 8.157160e-19 9.110074e-19
6257.000000 1.278676e-18 4.243992e-19
6259.000000 2.060865e-18 5.440004e-17
6261.000000 2.063687e-18 3.147706e-16
6263.000000 1.478085e-18 6.321154e-19
6265.000000 9.914593e-19 5.016680e-19
6267.000000 8.577967e-19 1.518049e-16
6269.000000 8.780290e-19 5.054574e-19
6271.000000 8.879234e-19 3.102495e-19
6273.000000 8.635914e-19 3.015858e-19
6275.000000 9.120511e-19 1.024772e-18
6277.000000 9.647599e-19 3.521452e-19
6279.000000 9.272235e-19 3.374407e-19
6281.000000 9.091257e-19 6.378399e-19
6283.000000 8.823414e-19 1.303392e-18
6285.000000 7.713682e-19 9.924874e-19
6287.000000 5.390092e-19 4.957508e-19
6289.000000 4.131759e-19 4.493787e-19
6291.000000 5.025878e-19 2.609044e-18
6293.000000 4.087060e-19 3.538782e-17
6295.000000 2.793275e-19 2.373721e-19
6297.000000 3.590995e-19 4.276288e-19
6299.000000 2.747704e-19 6.199518e-19
6301.000000 5.778607e-19 6.419290e-19
6303.000000 4.931297e-19 4.763812e-19
6305.000000 6.520221e-19 6.240286e-19
6307.000000 9.287320e-19 4.546597e-19
6309.000000 7.858197e-19 6.020873e-19
6311.000000 5.886430e-19 2.678484e-18
6313.000000 7.612116e-19 1.327220e-17
6315.000000 9.883244e-19 3.498319e-18
6317.000000 9.973580e-19 7.525997e-19
6319.000000 1.030150e-18 7.805950e-19
6321.000000 9.549259e-19 2.502778e-18
6323.000000 8.624600e-19 3.985376e-17
6325.000000 8.412130e-19 3.253340e-17
6327.000000 7.978566e-19 2.273280e-18
6329.000000 6.617818e-19 2.386361e-18
6331.000000 5.311487e-19 3.913285e-19
6333.000000 6.773213e-19 7.801196e-19
6335.000000 8.157488e-19 3.198440e-19
6337.000000 7.819709e-19 4.350453e-19
6339.000000 7.303207e-19 6.555048e-19
6341.000000 8.739769e-19 1.781614e-18
6343.000000 1.133365e-18 6.516459e-16
6345.000000 1.207888e-18 1.603619e-17
6347.000000 1.224542e-18 3.333726e-18
6349.000000 1.088612e-18 3.530991e-19
6351.000000 9.013080e-19 3.095004e-19
6353.000000 9.703026e-19 6.234387e-19
6355.000000 1.081863e-18 1.313840e-18
6357.000000 1.094507e-18 2.646809e-15
6359.000000 1.213992e-18 1.778183e-18
6361.000000 1.306824e-18 4.260820e-19
6363.000000 1.182499e-18 1.168343e-18
6365.000000 1.152228e-18 6.889807e-19
6367.000000 9.886742e-19 3.777679e-18
6369.000000 9.284369e-19 4.103287e-19
6371.000000 9.095013e-19 5.223523e-19
6373.000000 1.005374e-18 4.215138e-19
6375.000000 1.040922e-18 4.634764e-19
6377.000000 9.645626e-19 1.054056e-18
6379.000000 8.341389e-19 9.454503e-19
6381.000000 6.043015e-19 7.538288e-18
6383.000000 4.897992e-19 2.709089e-18
6385.000000 6.148093e-19 1.480324e-16
6387.000000 7.450081e-19 3.394739e-19
6389.000000 6.546908e-19 2.662037e-19
6391.000000 6.511294e-19 2.476585e-19
6393.000000 7.616670e-19 2.937412e-19
6395.000000 8.127462e-19 2.484205e-19
6397.000000 9.602863e-19 4.106238e-19
6399.000000 1.063461e-18 2.569792e-18
6401.000000 1.012837e-18 6.394006e-19
6403.000000 9.485656e-19 7.466560e-19
6405.000000 8.128886e-19 2.713346e-19
6407.000000 6.076645e-19 3.776714e-19
6409.000000 6.785623e-19 2.339234e-19
6411.000000 8.714764e-19 4.538909e-19
6413.000000 8.773732e-19 6.809729e-19
6415.000000 9.165204e-19 3.405187e-19
6417.000000 1.012789e-18 2.261075e-17
6419.000000 9.767297e-19 3.480101e-19
6421.000000 8.707803e-19 7.832588e-19
6423.000000 9.014222e-19 3.066408e-19
6425.000000 8.660260e-19 5.805797e-19
6427.000000 8.536702e-19 2.507100e-18
6429.000000 9.120018e-19 1.943039e-18
6431.000000 9.505008e-19 5.554196e-19
6433.000000 9.638927e-19 4.099530e-19
6435.000000 1.038536e-18 1.435583e-16
6437.000000 1.041296e-18 1.735067e-18
6439.000000 1.011630e-18 4.637745e-19
6441.000000 9.334410e-19 4.157823e-19
6443.000000 8.379222e-19 1.170771e-18
6445.000000 8.163427e-19 1.384734e-18
6447.000000 8.490654e-19 2.693481e-18
6449.000000 9.316933e-19 7.905654e-19
6451.000000 1.004511e-18 5.236388e-19
6453.000000 8.239907e-19 2.463089e-19
6455.000000 7.288795e-19 2.330478e-19
6457.000000 8.038795e-19 2.373175e-19
6459.000000 8.030794e-19 2.312633e-19
6461.000000 8.567832e-19 4.109624e-19
6463.000000 9.345666e-19 4.987090e-19
6465.000000 8.063816e-19 3.362465e-19
6467.000000 7.439670e-19 3.087882e-19
6469.000000 8.312914e-19 3.267106e-19
6471.000000 8.849156e-19 3.398348e-19
6473.000000 8.293750e-19 4.985170e-19
6475.000000 7.715771e-19 3.426367e-19
6477.000000 7.880910e-19 8.699550e-19
6479.000000 9.399155e-19 2.730264e-19
6481.000000 1.247713e-18 5.256617e-19
6483.000000 1.324401e-18 5.201504e-19
6485.000000 1.132051e-18 5.639339e-19
6487.000000 1.064232e-18 2.070820e-18
6489.000000 1.060375e-18 1.472298e-16
6491.000000 1.004792e-18 4.118346e-19
6493.000000 9.616097e-19 9.493842e-19
6495.000000 1.001804e-18 6.693825e-18
6497.000000 1.025154e-18 3.664825e-19
6499.000000 9.932150e-19 2.578109e-17
6501.000000 9.056702e-19 8.481753e-19
6503.000000 8.257896e-19 3.353852e-19
6505.000000 7.614615e-19 2.093194e-18
6507.000000 7.220014e-19 7.493245e-19
6509.000000 9.520414e-19 7.052019e-19
6511.000000 1.208331e-18 2.990455e-19
6513.000000 1.109744e-18 3.358519e-19
6515.000000 9.748708e-19 3.311590e-19
6517.000000 9.643324e-19 5.349629e-17
6519.000000 1.005169e-18 1.322634e-18
6521.000000 9.074964e-19 1.566958e-17
6523.000000 7.726570e-19 9.024244e-18
6525.000000 8.427216e-19 5.384621e-19
6527.000000 1.068657e-18 6.345719e-19
6529.000000 1.193188e-18 2.365787e-17
6531.000000 1.050636e-18 8.478284e-18
6533.000000 8.192772e-19 4.017227e-19
6535.000000 7.627735e-19 7.833892e-19
6537.000000 7.227229e-19 5.382664e-19
6539.000000 6.206027e-19 2.756840e-19
6541.000000 5.151571e-19 5.857589e-19
6543.000000 5.478766e-19 3.018510e-19
6545.000000 8.548889e-19 5.427743e-19
6547.000000 9.436556e-19 1.360757e-18
6549.000000 7.700232e-19 3.639681e-19
6551.000000 6.817323e-19 3.137315e-19
6553.000000 7.514064e-19 5.846842e-19
6555.000000 7.804717e-19 8.606204e-16
6557.000000 8.974875e-19 3.137972e-18
6559.000000 8.932358e-19 3.838866e-19
6561.000000 1.440706e-18 3.837042e-19
6563.000000 2.925240e-18 3.068518e-18
6565.000000 2.572464e-18 1.176617e-17
6567.000000 1.316370e-18 4.689943e-19
6569.000000 8.378196e-19 2.955600e-19
6571.000000 7.192899e-19 1.275591e-18
6573.000000 7.621536e-19 9.122195e-19
6575.000000 9.700385e-19 2.973984e-19
6577.000000 1.104559e-18 4.836586e-19
6579.000000 1.110058e-18 4.369256e-17
6581.000000 1.070031e-18 2.132889e-18
6583.000000 1.134939e-18 6.774256e-19
6585.000000 1.227630e-18 3.212224e-19
6587.000000 1.098930e-18 2.688042e-19
6589.000000 9.898438e-19 5.117664e-19
6591.000000 1.153618e-18 9.017069e-19
6593.000000 1.307703e-18 6.617671e-18
6595.000000 1.228264e-18 5.859405e-18
6597.000000 1.041423e-18 1.183972e-18
6599.000000 9.220764e-19 2.702548e-19
6601.000000 9.264160e-19 4.016626e-19
6603.000000 9.646041e-19 3.023619e-18
6605.000000 1.116086e-18 8.158586e-18
6607.000000 1.234250e-18 1.854719e-15
6609.000000 1.166460e-18 4.737031e-18
6611.000000 1.132540e-18 2.672186e-19
6613.000000 1.151925e-18 2.684795e-19
6615.000000 1.243934e-18 5.389649e-19
6617.000000 1.160534e-18 1.144833e-18
6619.000000 1.057327e-18 3.492306e-19
6621.000000 1.091661e-18 2.539229e-19
6623.000000 1.261751e-18 2.426657e-19
6625.000000 1.377107e-18 2.729341e-19
6627.000000 1.295304e-18 5.148717e-19
6629.000000 1.249881e-18 4.426212e-18
6631.000000 1.414850e-18 3.899453e-19
6633.000000 1.376090e-18 3.035893e-19
6635.000000 1.223093e-18 5.441582e-19
6637.000000 1.364289e-18 3.504910e-19
6639.000000 1.477513e-18 3.101202e-19
6641.000000 1.345265e-18 3.892463e-19
6643.000000 1.279487e-18 9.461347e-18
6645.000000 1.233879e-18 7.334391e-19
6647.000000 1.165691e-18 4.307692e-19
6649.000000 1.027479e-18 1.187175e-17
6651.000000 7.925494e-19 4.405018e-19
6653.000000 7.245119e-19 5.658080e-19
6655.000000 9.027546e-19 3.327872e-18
6657.000000 1.087896e-18 7.666001e-19
6659.000000 1.181226e-18 2.818581e-19
6661.000000 1.143862e-18 4.452412e-19
6663.000000 9.903955e-19 1.841642e-17
6665.000000 9.853493e-19 1.349398e-18
6667.000000 1.044163e-18 1.083585e-18
6669.000000 9.719881e-19 7.815613e-19
6671.000000 9.835987e-19 1.144852e-18
6673.000000 1.086151e-18 3.318088e-19
6675.000000 1.145356e-18 3.867388e-19
6677.000000 1.097571e-18 4.286423e-19
6679.000000 9.777000e-19 3.541930e-19
6681.000000 1.045494e-18 1.088853e-18
6683.000000 1.062575e-18 3.085966e-19
6685.000000 1.065324e-18 2.911687e-19
6687.000000 1.305699e-18 4.149182e-19
6689.000000 1.248222e-18 4.406211e-18
6691.000000 9.577646e-19 7.206989e-19
6693.000000 1.016025e-18 3.532947e-19
6695.000000 1.047323e-18 2.858359e-19
6697.000000 1.212628e-18 2.727795e-19
6699.000000 1.323014e-18 5.689642e-19
6701.000000 1.136065e-18 3.896132e-16
6703.000000 1.270350e-18 1.843329e-18
6705.000000 1.481490e-18 3.297196e-19
6707.000000 1.453283e-18 2.978265e-19
6709.000000 1.137200e-18 3.204348e-19
6711.000000 9.462509e-19 8.473760e-19
6713.000000 1.110776e-18 6.057003e-17
6715.000000 7.577644e-19 2.390092e-19
6717.000000 5.168768e-19 2.270331e-19
6719.000000 8.794475e-19 2.300201e-19
6721.000000 1.129366e-18 1.838908e-18
6723.000000 1.117548e-18 1.881803e-18
6725.000000 1.125976e-18 8.289610e-17
6727.000000 9.275947e-19 2.494012e-19
6729.000000 6.182793e-19 2.542001e-19
6731.000000 8.110069e-19 2.394819e-19
6733.000000 1.208122e-18 4.565306e-19
6735.000000 1.163494e-18 2.793743e-18
6737.000000 1.051622e-18 3.037272e-19
6739.000000 1.021381e-18 3.160865e-19
6741.000000 1.044127e-18 4.723699e-19
6743.000000 9.950350e-19 2.351606e-18
6745.000000 1.018891e-18 4.671686e-19
6747.000000 1.059564e-18 3.267819e-19
6749.000000 1.132361e-18 7.593280e-18
6751.000000 1.353322e-18 3.770526e-19
6753.000000 1.413692e-18 2.790782e-19
6755.000000 1.210299e-18 2.635032e-19
6757.000000 1.000569e-18 2.680854e-19
6759.000000 9.061478e-19 2.426444e-19
6761.000000 1.071690e-18 2.399935e-19
6763.000000 1.313293e-18 2.388048e-19
6765.000000 1.152735e-18 2.280021e-19
6767.000000 8.522856e-19 2.920249e-19
6769.000000 8.304783e-19 3.863813e-19
6771.000000 1.047316e-18 2.505638e-19
6773.000000 1.271491e-18 2.624824e-19
6775.000000 1.244847e-18 2.718093e-19
6777.000000 1.119828e-18 2.763228e-19
6779.000000 1.096813e-18 4.056668e-19
6781.000000 8.032825e-19 4.550566e-18
6783.000000 8.138253e-19 4.906510e-19
6785.000000 1.229947e-18 1.021424e-18
6787.000000 1.398192e-18 1.455719e-16
6789.000000 1.273799e-18 2.033799e-16
6791.000000 1.012435e-18 2.539009e-18
6793.000000 8.191932e-19 1.306034e-18
6795.000000 8.590421e-19 1.415061e-17
6797.000000 1.064080e-18 3.775508e-17
6799.000000 1.073700e-18 7.704204e-19
6801.000000 7.274341e-19 3.435629e-19
6803.000000 6.038832e-19 2.735646e-19
6805.000000 7.294650e-19 2.898299e-19
6807.000000 9.343613e-19 3.723569e-19
6809.000000 1.036919e-18 4.332914e-19
6811.000000 9.422316e-19 8.214235e-18
6813.000000 8.175184e-19 2.915644e-19
6815.000000 1.002003e-18 6.666257e-19
6817.000000 1.018957e-18 2.242573e-18
6819.000000 1.055871e-18 2.590680e-18
6821.000000 1.124248e-18 1.586625e-18
6823.000000 1.177868e-18 4.216664e-19
6825.000000 1.521643e-18 5.506200e-19
6827.000000 1.559084e-18 4.571952e-19
6829.000000 1.367390e-18 5.587932e-18
6831.000000 1.556313e-18 9.362486e-19
6833.000000 1.417634e-18 4.225408e-19
6835.000000 8.614912e-19 2.951967e-17
6837.000000 6.565290e-19 1.676529e-18
6839.000000 8.983920e-19 8.887982e-18
6841.000000 1.087666e-18 2.697602e-18
6843.000000 1.087658e-18 3.213495e-18
6845.000000 9.951310e-19 3.915139e-19
6847.000000 9.794663e-19 4.794438e-16
6849.000000 1.082681e-18 3.779256e-19
6851.000000 1.182826e-18 7.964221e-17
6853.000000 1.164441e-18 2.871434e-19
6855.000000 1.257493e-18 2.363503e-19
6857.000000 1.009346e-18 3.776667e-19
6859.000000 7.648102e-19 2.788597e-19
6861.000000 1.035390e-18 4.112836e-19
6863.000000 1.358314e-18 5.549241e-19
6865.000000 1.190923e-18 3.099909e-18
6867.000000 7.135218e-19 3.741702e-18
6869.000000 8.362141e-19 9.342915e-18
6871.000000 1.106501e-18 8.741775e-18
6873.000000 7.966093e-19 3.935545e-19
6875.000000 5.210564e-19 3.212390e-19
6877.000000 7.962563e-19 4.026239e-19
6879.000000 1.245740e-18 3.497703e-19
6881.000000 1.505155e-18 3.400391e-19
6883.000000 1.511511e-18 3.478249e-19
6885.000000 1.490686e-18 3.485591e-19
6887.000000 1.790989e-18 6.946924e-19
6889.000000 1.891522e-18 1.280408e-18
6891.000000 1.760482e-18 7.371593e-19
6893.000000 1.572487e-18 1.139548e-18
6895.000000 1.397628e-18 8.763760e-18
6897.000000 1.502460e-18 1.025353e-18
6899.000000 1.488805e-18 5.073326e-19
6901.000000 9.826372e-19 6.651326e-19
6903.000000 9.319386e-19 7.108592e-19
6905.000000 1.345203e-18 4.204957e-19
6907.000000 1.428421e-18 5.074588e-19
6909.000000 1.218673e-18 1.487034e-18
6911.000000 1.466017e-18 1.779055e-18
6913.000000 1.545406e-18 2.086367e-15
6915.000000 1.407444e-18 5.093902e-17
6917.000000 1.424649e-18 2.321845e-18
6919.000000 1.655960e-18 3.679355e-19
6921.000000 1.575595e-18 8.158415e-16
6923.000000 1.242288e-18 4.299929e-19
6925.000000 9.777863e-19 4.110144e-19
6927.000000 9.036519e-19 3.064789e-19
6929.000000 1.049597e-18 4.865952e-19
6931.000000 1.231542e-18 5.656867e-18
6933.000000 1.052799e-18 3.257092e-18
6935.000000 8.643317e-19 3.567490e-19
6937.000000 9.444960e-19 5.265171e-18
6939.000000 1.262605e-18 9.964598e-18
6941.000000 1.610486e-18 2.416939e-17
6943.000000 1.644980e-18 4.204528e-19
6945.000000 1.449860e-18 1.664706e-18
6947.000000 1.358825e-18 2.096787e-16
6949.000000 1.209401e-18 6.022476e-17
6951.000000 1.065447e-18 6.324949e-19
6953.000000 8.392503e-19 9.447689e-19
6955.000000 6.602119e-19 4.657852e-19
6957.000000 7.454446e-19 1.740797e-18
6959.000000 9.253644e-19 2.923301e-19
6961.000000 9.858944e-19 3.523492e-19
6963.000000 1.157076e-18 3.152726e-19
6965.000000 1.243730e-18 3.479932e-19
6967.000000 1.310508e-18 2.972068e-18
6969.000000 1.372409e-18 4.537729e-19
6971.000000 1.299100e-18 4.506268e-19
6973.000000 1.041318e-18 1.730299e-18
6975.000000 1.248036e-18 7.847665e-18
6977.000000 1.667128e-18 1.513866e-16
6979.000000 1.796311e-18 3.320334e-18
6981.000000 1.579745e-18 4.819122e-19
6983.000000 1.225994e-18 3.101090e-19
6985.000000 1.154407e-18 7.177717e-18
6987.000000 1.190220e-18 3.984573e-19
6989.000000 1.382864e-18 7.427728e-19
6991.000000 1.481641e-18 5.993111e-19
6993.000000 1.328226e-18 4.118935e-19
6995.000000 1.126858e-18 4.758065e-19
6997.000000 8.497056e-19 7.280285e-19
6999.000000 8.559805e-19 3.270715e-18
7001.000000 1.134423e-18 2.344741e-18
7003.000000 1.203635e-18 4.501718e-19
7005.000000 1.200111e-18 1.351067e-18
7007.000000 1.163381e-18 3.451917e-19
7009.000000 9.916659e-19 4.608219e-18
7011.000000 1.182354e-18 1.490632e-18
7013.000000 1.471071e-18 2.122054e-18
7015.000000 1.290733e-18 1.247049e-18
7017.000000 1.062015e-18 3.180245e-17
7019.000000 1.118634e-18 2.655312e-18
7021.000000 1.120657e-18 2.083824e-18
7023.000000 9.691256e-19 9.426951e-17
7025.000000 1.105256e-18 2.949796e-19
7027.000000 1.241719e-18 3.951015e-19
7029.000000 1.072596e-18 1.300724e-17
7031.000000 1.160639e-18 3.824612e-19
7033.000000 1.431268e-18 4.180345e-19
7035.000000 1.193787e-18 3.371186e-19
7037.000000 1.005597e-18 2.946140e-19
7039.000000 1.067632e-18 3.340627e-19
7041.000000 9.730246e-19 9.336135e-19
7043.000000 1.029964e-18 7.742083e-18
7045.000000 1.268072e-18 9.021688e-19
7047.000000 1.397107e-18 6.488693e-19
7049.000000 1.209491e-18 6.963980e-19
7051.000000 1.175011e-18 5.802967e-19
7053.000000 1.364697e-18 5.205686e-19
7055.000000 1.490259e-18 6.621466e-19
7057.000000 1.317189e-18 5.169951e-19
7059.000000 1.051350e-18 5.272138e-19
7061.000000 1.039387e-18 4.736084e-17
7063.000000 9.786913e-19 2.234763e-18
7065.000000 1.121712e-18 6.909181e-18
7067.000000 1.256261e-18 6.113780e-19
7069.000000 1.075661e-18 6.430680e-19
7071.000000 1.179317e-18 4.377246e-17
7073.000000 1.020393e-18 9.630498e-19
7075.000000 1.162462e-18 1.881436e-18
7077.000000 1.237188e-18 1.710149e-17
7079.000000 1.110901e-18 3.888877e-19
7081.000000 1.042861e-18 2.820924e-17
7083.000000 9.747120e-19 1.385543e-18
7085.000000 9.846401e-19 3.434723e-18
7087.000000 1.022809e-18 5.824513e-19
7089.000000 1.137092e-18 7.748157e-19
7091.000000 1.148608e-18 2.641539e-18
7093.000000 1.024729e-18 1.702638e-17
7095.000000 9.202619e-19 4.768014e-19
7097.000000 7.196571e-19 1.257652e-18
7099.000000 9.708545e-19 3.527336e-18
7101.000000 1.340361e-18 4.661262e-19
7103.000000 1.280455e-18 4.169814e-19
7105.000000 9.289571e-19 2.602593e-19
7107.000000 6.955911e-19 2.704947e-19
7109.000000 6.957031e-19 2.937282e-19
7111.000000 8.183723e-19 4.363084e-19
7113.000000 9.244830e-19 4.983047e-19
7115.000000 1.086902e-18 5.990915e-19
7117.000000 1.189885e-18 3.067111e-19
7119.000000 1.163919e-18 3.887800e-19
7121.000000 1.024079e-18 2.715067e-19
7123.000000 1.310724e-18 2.825537e-19
7125.000000 1.445089e-18 3.036825e-19
7127.000000 1.055308e-18 4.719020e-19
7129.000000 9.129281e-19 4.738376e-19
7131.000000 1.346642e-18 3.279339e-19
7133.000000 1.456380e-18 1.193460e-18
7135.000000 1.357357e-18 3.349454e-19
7137.000000 1.189234e-18 2.908505e-19
7139.000000 1.163462e-18 1.504365e-18
7141.000000 1.241956e-18 2.941674e-19
7143.000000 1.325642e-18 2.939261e-19
7145.000000 1.391668e-18 3.257218e-19
7147.000000 1.383029e-18 3.326810e-19
7149.000000 1.364043e-18 3.241379e-19
7151.000000 1.402972e-18 3.554553e-19
7153.000000 1.317280e-18 3.626527e-19
7155.000000 1.472646e-18 4.099698e-19
7157.000000 1.626545e-18 4.641426e-19
7159.000000 1.488456e-18 3.088143e-18
7161.000000 1.540942e-18 2.535776e-15
7163.000000 1.291190e-18 2.300822e-17
7165.000000 1.127857e-18 3.922964e-19
7167.000000 1.088205e-18 3.461158e-19
7169.000000 1.344100e-18 3.871548e-19
7171.000000 1.542127e-18 4.337235e-19
7173.000000 1.233008e-18 4.379574e-19
7175.000000 1.293517e-18 7.040805e-19
7177.000000 1.197881e-18 4.934600e-18
7179.000000 1.109732e-18 1.349167e-18
7181.000000 1.078738e-18 3.973128e-18
7183.000000 1.410869e-18 2.178025e-18
7185.000000 1.375184e-18 4.215001e-19
7187.000000 1.258516e-18 1.084416e-18
7189.000000 1.103108e-18 2.530719e-18
7191.000000 1.077307e-18 8.248217e-17
7193.000000 1.553845e-18 4.291891e-19
7195.000000 1.544552e-18 4.165326e-19
7197.000000 1.175403e-18 9.244110e-19
7199.000000 1.225482e-18 3.368751e-19
7201.000000 1.272757e-18 1.311363e-18
7203.000000 1.167176e-18 3.891850e-19
7205.000000 1.231956e-18 6.228348e-19
7207.000000 2.013004e-18 2.016836e-18
7209.000000 2.258916e-18 1.993024e-18
7211.000000 1.585472e-18 3.869659e-19
7213.000000 1.221039e-18 3.175183e-19
7215.000000 1.219443e-18 2.893955e-19
7217.000000 7.253767e-19 3.028438e-19
7219.000000 8.389330e-19 2.351320e-17
7221.000000 1.359409e-18 3.130083e-17
7223.000000 1.278088e-18 9.247384e-18
7225.000000 1.112752e-18 6.562793e-19
7227.000000 1.041899e-18 3.407109e-19
7229.000000 1.004549e-18 3.368236e-19
7231.000000 1.107506e-18 4.061571e-19
7233.000000 1.037879e-18 1.496464e-18
7235.000000 1.445026e-18 9.616136e-19
7237.000000 2.004588e-18 6.622332e-19
7239.000000 2.131353e-18 9.445658e-19
7241.000000 1.797903e-18 1.322668e-17
7243.000000 1.264436e-18 3.952586e-17
7245.000000 5.148977e-19 2.122223e-18
7247.000000 1.304873e-18 1.582537e-18
7249.000000 1.919163e-18 5.210797e-19
7251.000000 1.800810e-18 4.596192e-19
7253.000000 1.545641e-18 4.910763e-19
7255.000000 1.261590e-18 4.600828e-19
7257.000000 1.501844e-18 4.005258e-19
7259.000000 1.383463e-18 3.695993e-19
7261.000000 1.432573e-18 3.834338e-19
7263.000000 1.176979e-18 3.973212e-19
7265.000000 1.229395e-18 5.642855e-19
7267.000000 1.414932e-18 1.053976e-18
7269.000000 1.300364e-18 5.386476e-19
7271.000000 1.263997e-18 1.724669e-18
7273.000000 1.283360e-18 5.857584e-19
7275.000000 1.057831e-18 2.833643e-18
7277.000000 1.105563e-18 2.381448e-18
7279.000000 1.672380e-18 1.245701e-18
7281.000000 1.262772e-18 1.033968e-18
7283.000000 1.144694e-18 6.684888e-19
7285.000000 7.877355e-19 7.077756e-19
7287.000000 7.369114e-19 4.976839e-19
7289.000000 1.367935e-18 4.462577e-19
7291.000000 1.270781e-18 1.281765e-18
7293.000000 1.045027e-18 5.397443e-19
7295.000000 1.398869e-18 4.100943e-19
7297.000000 1.868946e-18 4.159943e-19
7299.000000 1.538127e-18 3.675344e-19
7301.000000 6.670221e-19 3.997135e-19
7303.000000 2.764075e-19 1.474758e-16
7305.000000 5.645149e-19 4.763828e-19
7307.000000 1.097083e-18 4.097004e-19
7309.000000 1.190287e-18 4.461298e-19
7311.000000 9.439307e-19 2.534570e-18
7313.000000 1.309395e-18 4.875458e-19
7315.000000 1.365225e-18 1.828095e-18
7317.000000 1.394053e-18 7.611271e-19
7319.000000 1.553404e-18 6.255868e-19
7321.000000 1.142306e-18 3.742209e-19
7323.000000 1.000686e-18 3.277679e-19
7325.000000 1.063037e-18 4.396663e-19
7327.000000 1.100221e-18 5.147482e-19
7329.000000 6.490089e-19 5.594699e-19
7331.000000 1.132030e-18 5.321875e-19
7333.000000 1.298168e-18 4.537929e-19
7335.000000 1.074735e-18 3.742069e-19
7337.000000 1.069208e-18 4.964764e-19
7339.000000 8.355942e-19 3.160647e-17
7341.000000 7.187572e-19 7.180634e-19
7343.000000 1.192075e-18 5.883797e-18
7345.000000 2.777156e-18 5.048082e-19
7347.000000 2.417313e-18 4.074181e-19
7349.000000 1.801605e-18 4.175708e-19
7351.000000 1.489018e-18 4.047327e-19
7353.000000 1.352207e-18 4.001957e-19
7355.000000 8.816907e-19 3.873906e-19
7357.000000 8.724781e-19 1.085634e-18
7359.000000 9.942211e-19 5.096764e-19
7361.000000 1.048738e-18 5.114263e-19
7363.000000 1.159986e-18 3.637221e-19
7365.000000 3.376537e-19 4.554815e-19
7367.000000 3.941807e-19 6.880306e-19
7369.000000 2.665902e-19 7.423355e-19
7371.000000 3.736474e-19 7.298347e-19
7373.000000 7.641373e-19 5.091521e-19
7375.000000 1.628335e-18 3.538702e-19
7377.000000 1.375948e-18 4.087760e-19
7379.000000 1.304957e-18 3.690152e-19
7381.000000 1.346140e-18 3.391248e-19
7383.000000 1.624712e-18 3.697133e-19
7385.000000 1.630730e-18 5.646573e-18
7387.000000 1.582880e-18 4.230762e-19
7389.000000 1.344334e-18 1.016332e-18
7391.000000 7.935115e-19 4.910840e-19
7393.000000 1.321260e-18 5.325689e-19
7395.000000 1.406843e-18 4.258210e-19
7397.000000 1.238933e-18 3.704566e-19
7399.000000 1.093843e-18 2.045345e-17
7401.000000 8.918119e-19 6.191677e-19
7403.000000 9.160264e-19 9.742124e-19
7405.000000 9.277708e-19 5.167268e-19
7407.000000 1.161745e-18 3.712976e-19
7409.000000 1.028808e-18 3.686655e-19
7411.000000 1.325569e-18 3.967841e-19
7413.000000 1.250162e-18 3.590669e-19
7415.000000 1.025656e-18 3.258734e-19
7417.000000 8.787502e-19 3.177524e-19
7419.000000 1.452779e-18 3.667956e-19
7421.000000 1.378291e-18 3.482182e-19
7423.000000 1.133209e-18 3.609294e-19
7425.000000 1.654109e-18 5.442091e-19
7427.000000 2.124859e-18 4.784379e-19
7429.000000 1.086862e-18 4.723319e-19
7431.000000 1.030010e-18 4.302242e-19
7433.000000 1.522500e-18 1.044774e-18
7435.000000 1.341922e-18 4.595560e-19
7437.000000 1.511030e-18 1.504650e-17
7439.000000 1.200063e-18 3.138770e-18
7441.000000 1.034166e-18 5.652856e-19
7443.000000 1.160576e-18 4.046881e-19
7445.000000 1.628397e-18 4.036443e-19
7447.000000 1.856930e-18 4.548676e-19
7449.000000 1.032785e-18 3.977247e-19
7451.000000 8.924557e-19 3.338457e-19
7453.000000 1.236795e-18 3.889985e-19
7455.000000 1.364725e-18 3.617854e-19
7457.000000 1.652878e-18 3.981878e-19
7459.000000 1.011000e-18 4.417205e-19
7461.000000 6.083119e-19 4.459641e-19
7463.000000 1.015199e-18 7.058666e-17
7465.000000 1.034340e-18 9.874524e-19
7467.000000 1.048032e-18 1.509875e-17
7469.000000 8.272898e-19 1.091030e-17
7471.000000 1.282153e-18 5.431470e-19
7473.000000 1.149829e-18 1.037345e-17
7475.000000 7.712457e-19 9.328598e-19
7477.000000 1.601651e-18 6.785367e-19
7479.000000 9.303299e-19 6.342376e-19
7481.000000 9.560412e-19 8.155344e-19
7483.000000 1.017463e-18 6.609606e-19
7485.000000 2.226400e-18 6.141673e-19
7487.000000 1.839752e-18 4.874390e-19
7489.000000 1.163830e-18 3.963910e-19
7491.000000 1.189832e-18 4.127300e-19
7493.000000 1.515317e-18 1.846674e-15
7495.000000 1.149461e-18 4.536517e-19
7497.000000 1.201082e-18 4.102693e-19
