3751.000000 2.436677e-18 1.361314e-14
3753.000000 -5.572145e-19 1.361124e-14
3755.000000 -4.500597e-18 1.361166e-14
3757.000000 -1.127485e-17 1.361527e-14
3759.000000 -8.766880e-18 1.361236e-14
3761.000000 -2.717601e-18 1.361169e-14
3763.000000 -9.101876e-19 1.361174e-14
3765.000000 -9.423800e-19 1.361134e-14
3767.000000 -4.139344e-18 1.361123e-14
3769.000000 -2.501773e-18 1.361124e-14
3771.000000 -4.365292e-18 1.361120e-14
3773.000000 -5.780025e-18 1.361128e-14
3775.000000 -2.200164e-18 1.361129e-14
3777.000000 4.962086e-19 1.361102e-14
3779.000000 -3.097786e-19 1.361086e-14
3781.000000 -1.525819e-19 1.361109e-14
3783.000000 3.566417e-18 1.361103e-14
3785.000000 8.388621e-18 1.361099e-14
3787.000000 8.045155e-18 1.361101e-14
3789.000000 6.193624e-18 1.361087e-14
3791.000000 4.245846e-18 1.361092e-14
3793.000000 -1.076940e-18 1.361083e-14
3795.000000 -1.610507e-18 1.361080e-14
3797.000000 1.455837e-18 1.361088e-14
3799.000000 -5.937782e-19 1.361081e-14
3801.000000 1.481302e-18 1.361087e-14
3803.000000 4.752065e-18 1.361087e-14
3805.000000 7.881667e-18 1.361091e-14
3807.000000 1.138189e-17 1.361096e-14
3809.000000 1.016826e-17 1.361106e-14
3811.000000 1.457684e-18 1.361075e-14
3813.000000 -1.756266e-18 1.361082e-14
3815.000000 -7.055619e-19 1.361078e-14
3817.000000 1.667689e-18 1.361078e-14
3819.000000 5.210152e-18 1.361082e-14
3821.000000 2.160710e-18 1.361071e-14
3823.000000 -7.563793e-20 1.361065e-14
3825.000000 2.681210e-18 1.361071e-14
3827.000000 4.079391e-18 1.361075e-14
3829.000000 4.290810e-18 1.361083e-14
3831.000000 5.241199e-18 1.361085e-14
3833.000000 2.111554e-18 1.361080e-14
3835.000000 -1.945061e-18 1.361072e-14
3837.000000 5.984844e-19 1.361074e-14
3839.000000 6.311765e-18 1.361082e-14
3841.000000 8.709187e-18 1.361088e-14
3843.000000 8.461431e-18 1.361094e-14
3845.000000 7.928853e-18 1.361081e-14
3847.000000 4.252421e-18 1.361069e-14
3849.000000 3.820112e-18 1.361071e-14
3851.000000 3.349843e-18 1.361062e-14
3853.000000 3.013052e-18 1.361065e-14
3855.000000 2.169449e-18 1.361054e-14
3857.000000 4.395822e-18 1.361054e-14
3859.000000 6.941353e-18 1.361052e-14
3861.000000 7.087830e-18 1.361050e-14
3863.000000 6.856456e-18 1.361056e-14
3865.000000 8.476743e-18 1.361054e-14
3867.000000 7.508322e-18 1.361056e-14
3869.000000 4.292473e-18 1.361049e-14
3871.000000 3.772406e-18 1.361049e-14
3873.000000 2.537311e-18 1.361050e-14
3875.000000 -7.630284e-20 1.361042e-14
3877.000000 1.202997e-18 1.361050e-14
3879.000000 1.929738e-18 1.361051e-14
3881.000000 8.693925e-19 1.361048e-14
3883.000000 -4.868273e-19 1.361041e-14
3885.000000 -1.104110e-18 1.361040e-14
3887.000000 1.090836e-18 1.361045e-14
3889.000000 2.705082e-18 1.361049e-14
3891.000000 1.716279e-18 1.361044e-14
3893.000000 2.027482e-18 1.361047e-14
3895.000000 1.651862e-18 1.361044e-14
3897.000000 6.791550e-19 1.361042e-14
3899.000000 8.312106e-20 1.361039e-14
3901.000000 2.354932e-19 1.361039e-14
3903.000000 1.300963e-18 1.361044e-14
3905.000000 2.852675e-18 1.361048e-14
3907.000000 1.748965e-18 1.361053e-14
3909.000000 3.861997e-19 1.361050e-14
3911.000000 -7.261764e-19 1.361049e-14
3913.000000 -1.129877e-18 1.361047e-14
3915.000000 6.758237e-19 1.361045e-14
3917.000000 -6.336488e-19 1.361048e-14
3919.000000 -2.098965e-18 1.361043e-14
3921.000000 -9.617891e-19 1.361043e-14
3923.000000 -5.534188e-19 1.361043e-14
3925.000000 -3.390449e-19 1.361038e-14
3927.000000 -1.109840e-18 1.361040e-14
3929.000000 3.389205e-19 1.361038e-14
3931.000000 1.147580e-18 1.361038e-14
3933.000000 1.221625e-18 1.361035e-14
3935.000000 1.392017e-18 1.361035e-14
3937.000000 2.718045e-18 1.361036e-14
3939.000000 4.464523e-18 1.361041e-14
3941.000000 3.914868e-18 1.361040e-14
3943.000000 3.417000e-18 1.361041e-14
3945.000000 4.275954e-18 1.361041e-14
3947.000000 3.452991e-18 1.361036e-14
3949.000000 3.695981e-18 1.361036e-14
3951.000000 5.466015e-18 1.361038e-14
3953.000000 4.136764e-18 1.361035e-14
3955.000000 2.808467e-18 1.361033e-14
3957.000000 2.763661e-18 1.361032e-14
3959.000000 3.442798e-18 1.361032e-14
3961.000000 2.325200e-18 1.361035e-14
3963.000000 1.504431e-18 1.361030e-14
3965.000000 1.698800e-18 1.361030e-14
3967.000000 1.547347e-19 1.361028e-14
3969.000000 1.105489e-18 1.361029e-14
3971.000000 6.526766e-19 2.094799e-18
3973.000000 -3.483652e-20 2.189611e-18
3975.000000 8.014110e-19 2.367851e-18
3977.000000 2.258799e-18 2.585533e-18
3979.000000 2.888623e-18 2.387277e-18
3981.000000 4.911717e-18 2.469883e-18
3983.000000 4.884440e-18 2.440033e-18
3985.000000 3.266811e-18 2.301328e-18
3987.000000 2.538502e-18 2.325154e-18
3989.000000 2.418191e-19 2.195496e-18
3991.000000 -1.265063e-18 2.155397e-18
3993.000000 5.980381e-19 2.157351e-18
3995.000000 6.207015e-19 2.097742e-18
3997.000000 -1.239001e-18 2.307416e-18
3999.000000 -1.812846e-18 9.944516e-17
4001.000000 4.949593e-19 2.173724e-18
4003.000000 1.767346e-18 2.093161e-18
4005.000000 2.615216e-18 2.156963e-18
4007.000000 3.513633e-18 2.204673e-18
4009.000000 3.561680e-18 2.282944e-18
4011.000000 3.920194e-18 2.253305e-18
4013.000000 2.995147e-18 2.252144e-18
4015.000000 3.796118e-19 2.191706e-18
4017.000000 1.201923e-19 2.013460e-18
4019.000000 2.044506e-18 2.169474e-18
4021.000000 8.062247e-19 2.107724e-18
4023.000000 -1.450083e-18 1.992398e-18
4025.000000 -1.482366e-18 2.037811e-18
4027.000000 4.709197e-19 2.043010e-18
4029.000000 2.239097e-18 2.216764e-18
4031.000000 1.408537e-18 2.023191e-18
4033.000000 1.359661e-18 2.026661e-18
4035.000000 1.281238e-18 2.149177e-18
4037.000000 -2.557722e-19 1.955305e-18
4039.000000 -1.699504e-19 2.010096e-18
4041.000000 7.320771e-19 2.133662e-18
4043.000000 1.048387e-18 2.106349e-18
4045.000000 1.585481e-18 2.059399e-18
4047.000000 2.425830e-18 2.153256e-18
4049.000000 1.644103e-18 2.005826e-18
4051.000000 -2.189432e-19 1.897100e-18
4053.000000 -2.141417e-19 1.780276e-18
4055.000000 2.069598e-18 1.820221e-18
4057.000000 2.334845e-18 1.820741e-18
4059.000000 1.452641e-18 1.818075e-18
4061.000000 6.709292e-19 1.949836e-18
4063.000000 6.712546e-19 2.004311e-18
4065.000000 1.694174e-18 2.039319e-18
4067.000000 2.995078e-18 2.139947e-18
4069.000000 1.685351e-18 1.977431e-18
4071.000000 4.307659e-19 1.996810e-18
4073.000000 3.903520e-19 1.949649e-18
4075.000000 1.464716e-18 2.055631e-18
4077.000000 2.033024e-18 2.064772e-18
4079.000000 1.136115e-18 2.045847e-18
4081.000000 1.625910e-18 2.021593e-18
4083.000000 3.160454e-18 2.061308e-18
4085.000000 3.230207e-18 1.900239e-18
4087.000000 3.168616e-18 1.912203e-18
4089.000000 2.147638e-18 1.804440e-18
4091.000000 1.931752e-18 1.824306e-18
4093.000000 1.147624e-18 1.754474e-18
4095.000000 5.732522e-19 1.629414e-18
4097.000000 1.467431e-18 1.721940e-18
4099.000000 2.707289e-18 1.720508e-18
4101.000000 2.510877e-18 1.655411e-18
4103.000000 8.768165e-19 1.615210e-18
4105.000000 3.925248e-19 1.595296e-18
4107.000000 1.423892e-18 1.629048e-18
4109.000000 1.510699e-18 1.583561e-18
4111.000000 6.270746e-19 1.546804e-18
4113.000000 4.649399e-19 1.656773e-18
4115.000000 4.827329e-19 1.603433e-18
4117.000000 4.367353e-19 1.581406e-18
4119.000000 7.694761e-19 1.597491e-18
4121.000000 1.191829e-18 1.689504e-18
4123.000000 2.022046e-18 1.722576e-18
4125.000000 4.160397e-18 1.835265e-18
4127.000000 5.484197e-18 1.852668e-18
4129.000000 3.703213e-18 1.821520e-18
4131.000000 1.381678e-18 1.675427e-18
4133.000000 7.818518e-19 1.739290e-18
4135.000000 9.352320e-19 1.748392e-18
4137.000000 1.164936e-18 1.774476e-18
4139.000000 6.563068e-19 1.680635e-18
4141.000000 4.508315e-19 1.670068e-18
4143.000000 5.565748e-20 4.668868e-18
4145.000000 1.635250e-18 1.677926e-18
4147.000000 3.085368e-18 1.590623e-18
4149.000000 4.123910e-18 1.583882e-18
4151.000000 4.124781e-18 1.617813e-18
4153.000000 1.846159e-18 1.563588e-18
4155.000000 1.247873e-18 1.654151e-18
4157.000000 2.493335e-18 1.669496e-18
4159.000000 4.319981e-18 1.694922e-18
4161.000000 4.184938e-18 1.650181e-18
4163.000000 3.098883e-18 1.683545e-18
4165.000000 3.404810e-18 1.709856e-18
4167.000000 5.085939e-18 1.812581e-18
4169.000000 6.184422e-18 1.832964e-18
4171.000000 5.845099e-18 1.871124e-18
4173.000000 4.561018e-18 1.749980e-18
4175.000000 3.190252e-18 1.635919e-18
4177.000000 3.573803e-18 1.681805e-18
4179.000000 3.616193e-18 1.593160e-18
4181.000000 3.455486e-18 1.693508e-18
4183.000000 2.505059e-18 1.593730e-18
4185.000000 2.581290e-18 1.585810e-18
4187.000000 3.076754e-18 1.569372e-18
4189.000000 1.971759e-18 1.876949e-14
4191.000000 2.999175e-19 1.876949e-14
4193.000000 3.221800e-19 1.876949e-14
4195.000000 1.891088e-18 1.876949e-14
4197.000000 2.603205e-18 1.518244e-18
4199.000000 2.842150e-18 1.502169e-18
4201.000000 3.976858e-18 1.504854e-18
4203.000000 3.937223e-18 1.512310e-18
4205.000000 2.654953e-18 1.532151e-18
4207.000000 1.872768e-18 1.547610e-18
4209.000000 1.682865e-18 1.541487e-18
4211.000000 2.291676e-18 1.482048e-18
4213.000000 2.750755e-18 1.461063e-18
4215.000000 1.500329e-18 1.439141e-18
4217.000000 2.441939e-19 1.394342e-18
4219.000000 6.678917e-19 1.457097e-18
4221.000000 1.733997e-18 1.497236e-18
4223.000000 2.674464e-18 1.484514e-18
4225.000000 2.502352e-18 1.441506e-18
4227.000000 1.778155e-18 1.439992e-18
4229.000000 1.707896e-18 1.383532e-18
4231.000000 2.482914e-18 1.447155e-18
4233.000000 3.944973e-18 1.492302e-18
4235.000000 3.495231e-18 1.444416e-18
4237.000000 2.142917e-18 1.439151e-18
4239.000000 1.988574e-18 1.443929e-18
4241.000000 1.556024e-18 1.446375e-18
4243.000000 1.054240e-18 1.411976e-18
4245.000000 2.191942e-18 1.488385e-18
4247.000000 3.640076e-18 1.518076e-18
4249.000000 2.584528e-18 1.449683e-18
4251.000000 1.748510e-18 1.505192e-18
4253.000000 1.591009e-18 1.421248e-18
4255.000000 2.271457e-18 1.517430e-18
4257.000000 2.190838e-18 1.473422e-18
4259.000000 1.696477e-18 1.424843e-18
4261.000000 2.703012e-18 1.491530e-18
4263.000000 2.658221e-18 1.453324e-18
4265.000000 2.329476e-18 1.453993e-18
4267.000000 2.568697e-18 1.407792e-18
4269.000000 2.671137e-18 1.440602e-18
4271.000000 3.043916e-18 1.418499e-18
4273.000000 3.535946e-18 1.359214e-18
4275.000000 3.461277e-18 1.346764e-18
4277.000000 3.740699e-18 1.388182e-18
4279.000000 3.457305e-18 1.346569e-18
4281.000000 3.295679e-18 1.376710e-18
4283.000000 2.811132e-18 1.365195e-18
4285.000000 2.421395e-18 1.329752e-18
4287.000000 2.338937e-18 1.276331e-18
4289.000000 2.333463e-18 1.305065e-18
4291.000000 1.910852e-18 1.311436e-18
4293.000000 1.429245e-18 1.341589e-18
4295.000000 1.743848e-18 1.417488e-18
4297.000000 1.921611e-18 1.348722e-18
4299.000000 2.762055e-18 1.335187e-18
4301.000000 3.334360e-18 1.344290e-18
4303.000000 2.781771e-18 1.297130e-18
4305.000000 2.944740e-18 1.364766e-18
4307.000000 3.781089e-18 1.375676e-18
4309.000000 4.997499e-18 1.492536e-18
4311.000000 4.007938e-18 1.412316e-18
4313.000000 2.811607e-18 1.449362e-18
4315.000000 2.459478e-18 1.439240e-18
4317.000000 2.822043e-18 1.490770e-18
4319.000000 2.300972e-18 1.481167e-18
4321.000000 1.186387e-18 1.402671e-18
4323.000000 1.542466e-18 1.389017e-18
4325.000000 2.551805e-18 1.447674e-18
4327.000000 1.588230e-18 1.336461e-18
4329.000000 1.669451e-18 1.360363e-18
4331.000000 3.318979e-18 1.452304e-18
4333.000000 3.854750e-18 1.402124e-18
4335.000000 4.160054e-18 1.403807e-18
4337.000000 3.266373e-18 1.371759e-18
4339.000000 2.288779e-18 1.328271e-18
4341.000000 2.332811e-18 1.331061e-18
4343.000000 3.104483e-18 1.388869e-18
4345.000000 2.549740e-18 1.367838e-18
4347.000000 2.277436e-18 1.346433e-18
4349.000000 2.350881e-18 1.336872e-18
4351.000000 2.560137e-18 1.339500e-18
4353.000000 2.154818e-18 1.269357e-18
4355.000000 2.916288e-18 1.451844e-18
4357.000000 2.910028e-18 1.524179e-18
4359.000000 1.364080e-18 1.432849e-18
4361.000000 1.243749e-18 1.398578e-18
4363.000000 2.733675e-18 1.335076e-18
4365.000000 2.783826e-18 1.229117e-18
4367.000000 1.676528e-18 1.272737e-18
4369.000000 1.588985e-18 1.215140e-18
4371.000000 2.274968e-18 1.258732e-18
4373.000000 1.419176e-18 1.233458e-18
4375.000000 6.020628e-19 1.233099e-18
4377.000000 1.383418e-18 1.214579e-18
4379.000000 2.032127e-18 1.224526e-18
4381.000000 1.907350e-18 1.222617e-18
4383.000000 2.051068e-18 1.197269e-18
4385.000000 2.800261e-18 1.232248e-18
4387.000000 3.656540e-18 1.217969e-18
4389.000000 4.109100e-18 1.207494e-18
4391.000000 3.707706e-18 1.268066e-18
4393.000000 3.702023e-18 1.260147e-18
4395.000000 3.529341e-18 1.278281e-18
4397.000000 2.132263e-18 1.216168e-18
4399.000000 2.123248e-18 1.229048e-18
4401.000000 3.435415e-18 1.355461e-18
4403.000000 3.461438e-18 1.320545e-18
4405.000000 3.874116e-18 1.387599e-18
4407.000000 3.781481e-18 1.436405e-18
4409.000000 2.961693e-18 1.402489e-18
4411.000000 2.684712e-18 1.386887e-18
4413.000000 1.932326e-18 1.428951e-18
4415.000000 1.695273e-18 1.422722e-18
4417.000000 2.136889e-18 1.420870e-18
4419.000000 2.119715e-18 1.396264e-18
4421.000000 2.012485e-18 1.367447e-18
4423.000000 2.434238e-18 1.405825e-18
4425.000000 2.610316e-18 1.388270e-18
4427.000000 2.999214e-18 1.876949e-14
4429.000000 3.837274e-18 1.876949e-14
4431.000000 3.034005e-18 1.876949e-14
4433.000000 2.942433e-18 1.876949e-14
4435.000000 3.403794e-18 1.450954e-18
4437.000000 2.589802e-18 1.416260e-18
4439.000000 2.298233e-18 1.446614e-18
4441.000000 2.348304e-18 1.385284e-18
4443.000000 2.627338e-18 1.356188e-18
4445.000000 3.503180e-18 1.457761e-18
4447.000000 2.956411e-18 1.395741e-18
4449.000000 2.157004e-18 1.427860e-18
4451.000000 1.357682e-18 1.350263e-18
4453.000000 1.312289e-18 1.378052e-18
4455.000000 2.745341e-18 1.402886e-18
4457.000000 3.074571e-18 1.432400e-18
4459.000000 2.739860e-18 1.374820e-18
4461.000000 3.132647e-18 1.409042e-18
4463.000000 1.656522e-18 1.327548e-18
4465.000000 1.295388e-18 1.342527e-18
4467.000000 2.032503e-18 1.331503e-18
4469.000000 1.890304e-18 1.306616e-18
4471.000000 1.623994e-18 1.280748e-18
4473.000000 2.275673e-18 1.421751e-18
4475.000000 1.741390e-18 1.317496e-18
4477.000000 2.113657e-18 1.334391e-18
4479.000000 2.312521e-18 1.318495e-18
4481.000000 1.613944e-18 1.291748e-18
4483.000000 6.586352e-19 1.271577e-18
4485.000000 1.453072e-18 1.298310e-18
4487.000000 2.809331e-18 1.348667e-18
4489.000000 2.749501e-18 1.245810e-18
4491.000000 2.844541e-18 1.297305e-18
4493.000000 2.777532e-18 1.253299e-18
4495.000000 3.214326e-18 1.322043e-18
4497.000000 3.196443e-18 1.306364e-18
4499.000000 2.782134e-18 1.215042e-18
4501.000000 2.527481e-18 1.288170e-18
4503.000000 1.472643e-18 1.242073e-18
4505.000000 4.988663e-19 1.231303e-18
4507.000000 8.697240e-19 1.206832e-18
4509.000000 1.584216e-18 1.258053e-18
4511.000000 1.958564e-18 1.228262e-18
4513.000000 2.370254e-18 1.250730e-18
4515.000000 2.112555e-18 1.214862e-18
4517.000000 2.074411e-18 1.238916e-18
4519.000000 2.677087e-18 1.217698e-18
4521.000000 3.088568e-18 1.223899e-18
4523.000000 1.556155e-18 1.217486e-18
4525.000000 1.690489e-19 1.154814e-18
4527.000000 6.709138e-19 1.195323e-18
4529.000000 1.758641e-18 1.200698e-18
4531.000000 1.804448e-18 1.188664e-18
4533.000000 1.213714e-18 1.172322e-18
4535.000000 1.991272e-18 1.205569e-18
4537.000000 2.998095e-18 1.227405e-18
4539.000000 2.980108e-18 1.201397e-18
4541.000000 2.416199e-18 1.207492e-18
4543.000000 1.842636e-18 1.187791e-18
4545.000000 1.475060e-18 1.185024e-18
4547.000000 1.378898e-18 1.185882e-18
4549.000000 1.084303e-18 1.143913e-18
4551.000000 7.429450e-19 1.141683e-18
4553.000000 8.870217e-19 1.156829e-18
4555.000000 1.713190e-18 1.165454e-18
4557.000000 1.878289e-18 1.091301e-18
4559.000000 1.909365e-18 1.111765e-18
4561.000000 2.284051e-18 1.079078e-18
4563.000000 2.035678e-18 1.108797e-18
4565.000000 1.714970e-18 1.105968e-18
4567.000000 1.072519e-18 1.048808e-18
4569.000000 1.013741e-18 1.071703e-18
4571.000000 1.620161e-18 1.111688e-18
4573.000000 1.626072e-18 1.059391e-18
4575.000000 1.463195e-18 1.052912e-18
4577.000000 1.861905e-18 1.095793e-18
4579.000000 1.666261e-18 1.079749e-18
4581.000000 9.947897e-19 1.107072e-18
4583.000000 1.087180e-18 1.038076e-18
4585.000000 2.362602e-18 1.076033e-18
4587.000000 2.430627e-18 1.086098e-18
4589.000000 2.083302e-18 1.051281e-18
4591.000000 1.811944e-18 1.051162e-18
4593.000000 1.321696e-18 1.022446e-18
4595.000000 9.877541e-19 1.018406e-18
4597.000000 1.895935e-18 1.019896e-18
4599.000000 1.803969e-18 1.037120e-18
4601.000000 1.650775e-18 1.016385e-18
4603.000000 2.301420e-18 1.008954e-18
4605.000000 2.529333e-18 1.043143e-18
4607.000000 2.033160e-18 1.030232e-18
4609.000000 1.495784e-18 9.990190e-19
4611.000000 1.627806e-18 1.035168e-18
4613.000000 1.720390e-18 9.764739e-19
4615.000000 1.800203e-18 1.029444e-18
4617.000000 1.630547e-18 9.860571e-19
4619.000000 1.755037e-18 9.870595e-19
4621.000000 2.260471e-18 1.037772e-18
4623.000000 1.875311e-18 9.575786e-19
4625.000000 1.676860e-18 9.573099e-19
4627.000000 2.238321e-18 9.804037e-19
4629.000000 2.688897e-18 9.816903e-19
4631.000000 3.218349e-18 9.959912e-19
4633.000000 3.155323e-18 9.745687e-19
4635.000000 2.406467e-18 9.797836e-19
4637.000000 2.480309e-18 9.779763e-19
4639.000000 3.076386e-18 9.490017e-19
4641.000000 2.664636e-18 9.842797e-19
4643.000000 1.871106e-18 9.746478e-19
4645.000000 2.046144e-18 9.699549e-19
4647.000000 2.412436e-18 9.589352e-19
4649.000000 2.060718e-18 9.530558e-19
4651.000000 1.651183e-18 9.431740e-19
4653.000000 2.212554e-18 9.623996e-19
4655.000000 2.305897e-18 9.891575e-19
4657.000000 2.145517e-18 9.772204e-19
4659.000000 2.441680e-18 1.022452e-18
4661.000000 2.216854e-18 1.006118e-18
4663.000000 1.627271e-18 1.005420e-18
4665.000000 1.433627e-18 9.489785e-19
4667.000000 1.722290e-18 9.498159e-19
4669.000000 1.915743e-18 9.654680e-19
4671.000000 1.426168e-18 9.712452e-19
4673.000000 1.693280e-18 9.776564e-19
4675.000000 2.119205e-18 9.769979e-19
4677.000000 1.330357e-18 9.622184e-19
4679.000000 1.348529e-18 9.712344e-19
4681.000000 1.920239e-18 9.787286e-19
4683.000000 1.568047e-18 9.485508e-19
4685.000000 1.218982e-18 9.349572e-19
4687.000000 8.383973e-19 9.565510e-19
4689.000000 1.005035e-18 9.437141e-19
4691.000000 1.230452e-18 9.321722e-19
4693.000000 1.503285e-18 9.407703e-19
4695.000000 1.673559e-18 9.776142e-19
4697.000000 1.277428e-18 9.241502e-19
4699.000000 1.667019e-18 9.439495e-19
4701.000000 2.686580e-18 9.111244e-19
4703.000000 2.937310e-18 9.490645e-19
4705.000000 2.455409e-18 9.177030e-19
4707.000000 2.356020e-18 9.277639e-19
4709.000000 2.244767e-18 9.428118e-19
4711.000000 1.875014e-18 9.270118e-19
4713.000000 1.938327e-18 9.241783e-19
4715.000000 1.986458e-18 9.039402e-19
4717.000000 1.824900e-18 9.164419e-19
4719.000000 1.081199e-18 9.111799e-19
4721.000000 6.245567e-19 8.892576e-19
4723.000000 1.008330e-18 8.999527e-19
4725.000000 2.034532e-18 9.060388e-19
4727.000000 2.426792e-18 8.989212e-19
4729.000000 2.065696e-18 9.028555e-19
4731.000000 1.569176e-18 8.733087e-19
4733.000000 1.963307e-18 8.949060e-19
4735.000000 2.320137e-18 8.899077e-19
4737.000000 2.364562e-18 9.161315e-19
4739.000000 2.173327e-18 8.687455e-19
4741.000000 2.247737e-18 8.735265e-19
4743.000000 2.399775e-18 8.885184e-19
4745.000000 2.313083e-18 8.760599e-19
4747.000000 2.426213e-18 8.729051e-19
4749.000000 2.581811e-18 9.053828e-19
4751.000000 2.353843e-18 9.125796e-19
4753.000000 1.202060e-18 8.872481e-19
4755.000000 9.512310e-19 8.575537e-19
4757.000000 1.366851e-18 8.753305e-19
4759.000000 1.722482e-18 8.562954e-19
4761.000000 2.194180e-18 8.549427e-19
4763.000000 2.463948e-18 8.630869e-19
4765.000000 2.480402e-18 8.813479e-19
4767.000000 2.105703e-18 8.601319e-19
4769.000000 1.662030e-18 8.590022e-19
4771.000000 1.398764e-18 8.734902e-19
4773.000000 1.274141e-18 8.572500e-19
4775.000000 1.638297e-18 8.778816e-19
4777.000000 2.054951e-18 8.655431e-19
4779.000000 2.426848e-18 8.785903e-19
4781.000000 2.516515e-18 8.771765e-19
4783.000000 2.000735e-18 8.696417e-19
4785.000000 1.352432e-18 8.310623e-19
4787.000000 1.944250e-18 8.528067e-19
4789.000000 2.874072e-18 8.753529e-19
4791.000000 2.813876e-18 8.761831e-19
4793.000000 2.429068e-18 8.461422e-19
4795.000000 2.435030e-18 8.970736e-19
4797.000000 2.331507e-18 8.724453e-19
4799.000000 2.330227e-18 8.399049e-19
4801.000000 2.188788e-18 8.403467e-19
4803.000000 2.072525e-18 8.368293e-19
4805.000000 2.101626e-18 8.624920e-19
4807.000000 2.076454e-18 8.043287e-19
4809.000000 1.635811e-18 8.200150e-19
4811.000000 1.701377e-18 8.426336e-19
4813.000000 2.421053e-18 8.659746e-19
4815.000000 2.307185e-18 8.703397e-19
4817.000000 2.214710e-18 8.696843e-19
4819.000000 2.741605e-18 8.825284e-19
4821.000000 3.091631e-18 9.093030e-19
4823.000000 2.167619e-18 8.979940e-19
4825.000000 1.016927e-18 8.708512e-19
4827.000000 7.936202e-19 8.480959e-19
4829.000000 -2.135913e-19 1.072856e-18
4831.000000 -1.968043e-18 8.745209e-19
4833.000000 -6.027535e-19 2.972272e-18
4835.000000 7.849457e-19 8.370029e-19
4837.000000 1.104929e-18 8.664393e-19
4839.000000 1.236838e-18 8.217244e-19
4841.000000 1.814913e-18 8.353992e-19
4843.000000 2.344572e-18 8.280078e-19
4845.000000 2.942198e-18 8.420840e-19
4847.000000 3.028622e-18 8.698068e-19
4849.000000 2.293228e-18 8.177679e-19
4851.000000 1.707558e-18 7.887432e-19
4853.000000 1.309038e-18 7.787673e-19
4855.000000 1.422584e-18 7.548267e-19
4857.000000 1.882081e-18 7.599357e-19
4859.000000 2.135455e-18 7.513253e-19
4861.000000 2.568161e-18 7.665834e-19
4863.000000 2.671520e-18 7.558636e-19
4865.000000 2.662474e-18 7.518786e-19
4867.000000 2.138520e-18 7.721412e-19
4869.000000 1.379363e-18 7.440160e-19
4871.000000 1.770126e-18 7.749143e-19
4873.000000 1.861343e-18 7.368451e-19
4875.000000 1.091179e-18 7.152949e-19
4877.000000 4.128791e-19 7.373099e-19
4879.000000 2.222251e-19 7.146779e-19
4881.000000 4.669842e-19 7.476539e-19
4883.000000 1.031768e-18 7.493783e-19
4885.000000 1.526834e-18 7.716585e-19
4887.000000 1.428203e-18 7.771988e-19
4889.000000 1.564407e-18 7.930416e-19
4891.000000 1.736185e-18 7.399393e-19
4893.000000 2.098586e-18 7.523119e-19
4895.000000 2.398449e-18 7.721360e-19
4897.000000 2.000723e-18 7.386689e-19
4899.000000 1.746011e-18 7.695977e-19
4901.000000 1.524105e-18 7.583676e-19
4903.000000 1.280207e-18 7.615779e-19
4905.000000 1.525212e-18 7.772246e-19
4907.000000 2.225889e-18 7.455527e-19
4909.000000 2.710107e-18 7.714400e-19
4911.000000 2.622011e-18 7.703758e-19
4913.000000 2.707359e-18 7.807588e-19
4915.000000 2.844901e-18 7.826114e-19
4917.000000 2.252068e-18 7.879261e-19
4919.000000 1.545993e-18 7.428168e-19
4921.000000 1.172596e-18 7.734185e-19
4923.000000 1.107469e-18 7.939565e-19
4925.000000 1.531394e-18 8.111551e-19
4927.000000 1.745593e-18 7.902322e-19
4929.000000 1.760662e-18 8.172493e-19
4931.000000 1.809274e-18 8.087930e-19
4933.000000 1.916266e-18 8.181743e-19
4935.000000 2.223270e-18 8.346987e-19
4937.000000 2.256560e-18 7.977162e-19
4939.000000 2.119450e-18 7.883410e-19
4941.000000 1.973518e-18 8.121692e-19
4943.000000 2.002792e-18 8.121705e-19
4945.000000 2.191725e-18 8.472812e-19
4947.000000 2.259622e-18 8.328293e-19
4949.000000 1.843964e-18 8.427641e-19
4951.000000 1.599085e-18 8.460744e-19
4953.000000 1.911380e-18 8.411364e-19
4955.000000 1.751973e-18 8.041280e-19
4957.000000 1.604478e-18 8.322006e-19
4959.000000 1.965180e-18 8.217882e-19
4961.000000 2.037256e-18 8.619322e-19
4963.000000 1.739533e-18 8.475105e-19
4965.000000 1.891725e-18 8.667638e-19
4967.000000 1.900585e-18 8.585175e-19
4969.000000 1.568602e-18 8.634747e-19
4971.000000 1.558266e-18 8.479237e-19
4973.000000 1.494963e-18 8.761891e-19
4975.000000 1.611887e-18 8.574488e-19
4977.000000 1.942931e-18 8.879344e-19
4979.000000 2.176760e-18 8.869673e-19
4981.000000 2.470758e-18 8.890762e-19
4983.000000 2.195125e-18 8.620054e-19
4985.000000 1.634155e-18 8.614866e-19
4987.000000 1.625452e-18 8.581397e-19
4989.000000 1.517432e-18 8.627941e-19
4991.000000 1.036904e-18 8.267807e-19
4993.000000 9.075179e-19 8.361235e-19
4995.000000 1.123138e-18 8.345971e-19
4997.000000 1.855973e-18 8.227930e-19
4999.000000 2.167612e-18 7.991828e-19
5001.000000 1.983293e-18 7.945783e-19
5003.000000 1.549324e-18 7.789588e-19
5005.000000 9.998734e-19 7.613558e-19
5007.000000 9.927650e-19 7.886542e-19
5009.000000 1.510595e-18 7.596769e-19
5011.000000 1.851379e-18 7.661450e-19
5013.000000 2.226245e-18 7.715078e-19
5015.000000 2.543599e-18 7.709902e-19
5017.000000 2.330104e-18 7.395896e-19
5019.000000 2.125325e-18 7.520604e-19
5021.000000 2.146393e-18 7.353526e-19
5023.000000 1.859927e-18 7.559759e-19
5025.000000 1.350242e-18 7.530374e-19
5027.000000 1.200479e-18 7.327124e-19
5029.000000 1.789574e-18 7.514479e-19
5031.000000 2.667347e-18 7.380820e-19
5033.000000 3.303626e-18 7.489833e-19
5035.000000 3.110430e-18 7.615690e-19
5037.000000 2.517495e-18 7.506178e-19
5039.000000 2.011964e-18 7.515292e-19
5041.000000 1.433509e-18 7.363733e-19
5043.000000 1.358752e-18 7.754852e-19
5045.000000 1.145061e-18 7.593925e-19
5047.000000 1.070349e-18 7.743477e-19
5049.000000 1.367010e-18 7.681660e-19
5051.000000 1.924431e-18 7.952609e-19
5053.000000 2.731251e-18 8.222388e-19
5055.000000 2.774638e-18 7.946068e-19
5057.000000 1.979539e-18 7.751302e-19
5059.000000 1.302629e-18 7.895906e-19
5061.000000 1.038670e-18 8.078161e-19
5063.000000 1.355829e-18 8.117971e-19
5065.000000 1.437946e-18 7.995418e-19
5067.000000 1.620396e-18 8.048577e-19
5069.000000 1.645787e-18 8.016015e-19
5071.000000 1.223012e-18 8.191769e-19
5073.000000 1.528403e-18 8.463852e-19
5075.000000 2.319958e-18 7.947757e-19
5077.000000 2.798735e-18 8.429548e-19
5079.000000 2.467578e-18 8.376237e-19
5081.000000 2.067611e-18 7.929706e-19
5083.000000 2.041189e-18 7.998923e-19
5085.000000 1.911448e-18 7.625042e-19
5087.000000 2.189792e-18 8.451593e-19
5089.000000 2.006816e-18 7.838702e-19
5091.000000 1.294959e-18 7.856205e-19
5093.000000 1.113145e-18 7.804221e-19
5095.000000 1.669978e-18 7.903152e-19
5097.000000 1.606984e-18 7.523866e-19
5099.000000 1.376013e-18 7.413364e-19
5101.000000 1.749993e-18 7.605005e-19
5103.000000 1.839946e-18 7.539694e-19
5105.000000 2.142137e-18 7.599221e-19
5107.000000 2.355205e-18 7.548411e-19
5109.000000 2.607519e-18 7.327660e-19
5111.000000 2.560925e-18 7.732060e-19
5113.000000 2.046551e-18 7.352756e-19
5115.000000 1.897317e-18 7.523178e-19
5117.000000 1.712549e-18 7.224806e-19
5119.000000 1.548262e-18 7.409019e-19
5121.000000 1.786772e-18 7.618644e-19
5123.000000 2.155616e-18 7.032697e-19
5125.000000 2.327630e-18 7.246448e-19
5127.000000 1.752986e-18 7.352307e-19
5129.000000 1.714697e-18 7.645830e-19
5131.000000 2.123314e-18 7.426476e-19
5133.000000 2.409563e-18 7.664387e-19
5135.000000 2.522708e-18 7.865950e-19
5137.000000 1.819274e-18 7.915811e-19
5139.000000 1.247570e-18 7.705708e-19
5141.000000 1.292109e-18 7.735947e-19
5143.000000 1.543440e-18 7.768689e-19
5145.000000 1.831844e-18 7.989077e-19
5147.000000 1.988065e-18 8.156720e-19
5149.000000 1.824450e-18 8.089129e-19
5151.000000 2.241602e-18 7.940654e-19
5153.000000 2.346196e-18 8.247601e-19
5155.000000 1.661250e-18 8.322554e-19
5157.000000 5.321815e-19 8.052155e-19
5159.000000 2.669687e-19 8.057498e-19
5161.000000 6.699761e-19 7.900072e-19
5163.000000 9.618826e-19 7.996920e-19
5165.000000 1.535794e-18 8.029359e-19
5167.000000 2.071469e-18 7.575434e-19
5169.000000 2.132460e-18 7.718370e-19
5171.000000 1.862679e-18 7.531511e-19
5173.000000 1.314095e-18 7.824369e-19
5175.000000 7.417293e-19 7.600492e-19
5177.000000 3.898246e-19 7.840893e-19
5179.000000 6.138512e-19 7.663074e-19
5181.000000 1.867762e-18 7.536336e-19
5183.000000 2.676111e-18 7.485280e-19
5185.000000 2.898908e-18 7.711852e-19
5187.000000 3.551181e-18 7.868530e-19
5189.000000 3.773261e-18 7.916296e-19
5191.000000 2.503149e-18 7.628732e-19
5193.000000 1.071153e-18 7.449077e-19
5195.000000 1.143852e-18 7.548694e-19
5197.000000 1.422057e-18 7.965893e-19
5199.000000 1.513639e-18 8.005192e-19
5201.000000 1.529029e-18 7.871283e-19
5203.000000 1.449773e-18 7.626787e-19
5205.000000 1.848177e-18 7.305088e-19
5207.000000 2.323585e-18 7.472605e-19
5209.000000 2.399749e-18 7.593020e-19
5211.000000 2.311826e-18 7.222663e-19
5213.000000 2.110736e-18 7.523737e-19
5215.000000 1.982869e-18 7.328100e-19
5217.000000 1.805181e-18 7.604918e-19
5219.000000 1.918747e-18 7.468130e-19
5221.000000 2.351799e-18 7.881210e-19
5223.000000 1.931244e-18 7.833357e-19
5225.000000 1.461221e-18 7.803431e-19
5227.000000 1.769058e-18 7.756073e-19
5229.000000 1.808699e-18 7.414861e-19
5231.000000 1.337641e-18 7.831728e-19
5233.000000 8.474796e-19 7.634526e-19
5235.000000 9.258380e-19 7.518080e-19
5237.000000 1.459582e-18 7.829825e-19
5239.000000 1.680412e-18 7.890479e-19
5241.000000 1.644952e-18 8.010687e-19
5243.000000 1.296647e-18 7.811226e-19
5245.000000 1.230797e-18 7.731556e-19
5247.000000 1.402776e-18 7.636549e-19
5249.000000 1.407026e-18 8.082999e-19
5251.000000 1.683009e-18 7.739759e-19
5253.000000 2.038935e-18 8.234162e-19
5255.000000 1.723795e-18 7.908422e-19
5257.000000 1.341179e-18 7.953085e-19
5259.000000 9.668801e-19 7.844132e-19
5261.000000 8.697438e-19 7.193226e-19
5263.000000 1.521351e-18 7.278260e-19
5265.000000 1.475700e-18 7.450826e-19
5267.000000 8.770136e-19 7.073184e-19
5269.000000 2.918057e-19 7.079703e-19
5271.000000 1.156853e-19 7.414540e-19
5273.000000 7.449823e-19 7.667038e-19
5275.000000 1.211167e-18 7.450637e-19
5277.000000 1.600332e-18 7.564568e-19
5279.000000 1.825852e-18 7.298502e-19
5281.000000 1.529529e-18 7.465405e-19
5283.000000 1.001331e-18 7.168444e-19
5285.000000 1.164622e-18 7.430318e-19
5287.000000 1.681748e-18 7.449579e-19
5289.000000 2.074835e-18 7.470207e-19
5291.000000 2.094614e-18 7.265204e-19
5293.000000 1.967619e-18 7.500003e-19
5295.000000 1.571402e-18 7.419561e-19
5297.000000 1.529383e-18 7.870653e-19
5299.000000 1.554591e-18 7.420447e-19
5301.000000 1.492941e-18 7.738168e-19
5303.000000 1.575648e-18 7.509394e-19
5305.000000 9.921132e-19 7.623942e-19
5307.000000 7.115219e-19 7.795969e-19
5309.000000 1.444248e-18 8.006124e-19
5311.000000 1.563147e-18 7.961720e-19
5313.000000 1.348826e-18 7.985991e-19
5315.000000 1.770485e-18 7.952641e-19
5317.000000 2.565948e-18 8.050931e-19
5319.000000 3.185756e-18 8.268220e-19
5321.000000 3.401022e-18 8.481576e-19
5323.000000 2.771074e-18 7.854153e-19
5325.000000 1.864611e-18 7.793711e-19
5327.000000 7.999762e-19 7.881776e-19
5329.000000 -2.961518e-20 7.294769e-19
5331.000000 -2.988100e-19 7.803424e-19
5333.000000 4.856462e-19 7.716477e-19
5335.000000 1.608876e-18 7.633066e-19
5337.000000 1.664750e-18 7.432193e-19
5339.000000 1.427299e-18 7.582233e-19
5341.000000 1.976744e-18 7.527055e-19
5343.000000 2.052800e-18 7.740586e-19
5345.000000 1.840834e-18 7.689053e-19
5347.000000 1.993973e-18 7.839216e-19
5349.000000 2.083411e-18 7.914166e-19
5351.000000 1.915386e-18 7.873916e-19
5353.000000 1.675451e-18 7.931430e-19
5355.000000 1.486922e-18 8.002286e-19
5357.000000 1.265672e-18 7.992382e-19
5359.000000 8.481632e-19 7.881040e-19
5361.000000 1.074105e-18 7.858374e-19
5363.000000 1.671453e-18 7.794260e-19
5365.000000 1.275651e-18 7.750801e-19
5367.000000 9.470928e-19 7.705122e-19
5369.000000 1.282355e-18 8.000237e-19
5371.000000 1.494617e-18 7.875697e-19
5373.000000 1.050267e-18 8.099090e-19
5375.000000 7.031879e-19 7.503670e-19
5377.000000 9.747033e-19 8.002282e-19
5379.000000 1.116950e-18 7.802153e-19
5381.000000 1.685888e-18 7.858082e-19
5383.000000 2.327592e-18 7.887232e-19
5385.000000 2.235916e-18 7.835690e-19
5387.000000 1.659860e-18 7.628183e-19
5389.000000 1.261086e-18 7.422068e-19
5391.000000 1.347473e-18 7.498321e-19
5393.000000 1.530978e-18 7.311481e-19
5395.000000 1.305639e-18 7.255947e-19
5397.000000 8.645332e-19 7.358981e-19
5399.000000 1.331983e-18 7.170898e-19
5401.000000 2.339635e-18 7.323749e-19
5403.000000 2.378035e-18 7.161876e-19
5405.000000 1.923573e-18 7.148979e-19
5407.000000 1.471544e-18 6.984966e-19
5409.000000 1.003429e-18 6.918694e-19
5411.000000 1.259029e-18 7.033697e-19
5413.000000 1.380349e-18 7.215422e-19
5415.000000 1.121628e-18 7.228668e-19
5417.000000 9.985825e-19 7.124368e-19
5419.000000 1.082536e-18 7.429751e-19
5421.000000 1.123663e-18 7.478186e-19
5423.000000 1.422671e-18 7.681792e-19
5425.000000 1.797227e-18 7.482878e-19
5427.000000 1.995518e-18 7.601767e-19
5429.000000 2.461972e-18 7.898936e-19
5431.000000 2.360435e-18 7.578753e-19
5433.000000 2.101955e-18 7.719450e-19
5435.000000 2.333110e-18 7.406294e-19
5437.000000 2.160525e-18 7.723303e-19
5439.000000 1.111991e-18 7.586419e-19
5441.000000 9.854523e-19 7.530924e-19
5443.000000 1.640309e-18 7.407400e-19
5445.000000 1.903750e-18 7.500894e-19
5447.000000 1.969271e-18 7.443600e-19
5449.000000 2.302597e-18 7.178678e-19
5451.000000 2.723762e-18 7.528984e-19
5453.000000 2.405342e-18 7.431995e-19
5455.000000 1.781232e-18 7.067192e-19
5457.000000 2.161157e-18 7.584798e-19
5459.000000 2.605883e-18 8.173425e-19
5461.000000 2.617017e-18 8.298988e-19
5463.000000 2.716294e-18 8.004744e-19
5465.000000 2.464304e-18 7.557567e-19
5467.000000 1.990048e-18 7.657863e-19
5469.000000 1.779028e-18 7.149908e-19
5471.000000 1.603659e-18 7.438354e-19
5473.000000 1.591518e-18 7.207433e-19
5475.000000 2.004003e-18 7.468722e-19
5477.000000 2.213794e-18 7.391113e-19
5479.000000 2.154456e-18 7.438564e-19
5481.000000 2.028850e-18 7.518260e-19
5483.000000 2.047520e-18 7.610976e-19
5485.000000 1.969675e-18 7.744431e-19
5487.000000 1.283378e-18 7.350410e-19
5489.000000 9.062345e-19 7.496986e-19
5491.000000 1.238746e-18 7.374921e-19
5493.000000 1.661562e-18 7.478470e-19
5495.000000 2.215590e-18 7.480377e-19
5497.000000 2.653393e-18 7.622258e-19
5499.000000 2.761948e-18 7.620113e-19
5501.000000 2.522538e-18 7.367483e-19
5503.000000 2.499415e-18 7.283835e-19
5505.000000 2.065518e-18 7.147543e-19
5507.000000 1.798031e-18 7.261743e-19
5509.000000 2.276420e-18 7.244666e-19
5511.000000 2.066508e-18 7.581272e-19
5513.000000 1.591834e-18 7.200225e-19
5515.000000 2.163169e-18 7.235737e-19
5517.000000 2.627300e-18 7.279417e-19
5519.000000 2.735445e-18 7.400311e-19
5521.000000 2.480951e-18 7.299342e-19
5523.000000 2.432671e-18 7.489260e-19
5525.000000 2.563876e-18 7.484371e-19
5527.000000 2.479169e-18 7.638374e-19
5529.000000 2.208150e-18 7.476648e-19
5531.000000 2.071083e-18 7.560969e-19
5533.000000 2.016168e-18 7.689641e-19
5535.000000 1.901764e-18 7.849219e-19
5537.000000 1.567683e-18 7.698935e-19
5539.000000 1.349511e-18 7.620344e-19
5541.000000 1.265411e-18 7.777896e-19
5543.000000 1.068194e-18 7.951593e-19
5545.000000 1.277852e-18 7.713709e-19
5547.000000 1.717413e-18 7.548831e-19
5549.000000 2.252697e-18 7.720583e-19
5551.000000 2.275876e-18 7.605227e-19
5553.000000 1.506124e-18 7.259973e-19
5555.000000 1.069605e-18 7.093955e-19
5557.000000 1.089634e-18 7.237545e-19
5559.000000 1.136532e-18 7.180821e-19
5561.000000 1.251848e-18 7.355698e-19
5563.000000 9.798165e-19 7.812916e-19
5565.000000 7.719810e-19 7.627111e-19
5567.000000 1.115385e-18 7.799284e-19
5569.000000 1.525617e-18 7.727748e-19
5571.000000 1.125076e-18 8.569593e-19
5573.000000 1.354868e-20 1.929749e-18
5575.000000 7.253535e-18 4.002457e-18
5577.000000 2.016331e-17 5.070436e-18
5579.000000 2.739650e-17 7.477144e-18
5581.000000 1.642957e-17 1.520894e-16
5583.000000 9.322706e-18 1.361006e-14
5585.000000 6.828290e-18 1.361002e-14
5587.000000 4.429304e-18 1.676138e-14
5589.000000 2.455147e-18 1.676138e-14
5591.000000 2.063501e-18 1.083061e-14
5593.000000 1.605272e-18 7.660481e-19
5595.000000 1.695319e-18 7.720790e-19
5597.000000 1.612765e-18 7.796925e-19
5599.000000 1.339517e-18 7.765266e-19
5601.000000 1.240415e-18 7.468997e-19
5603.000000 1.363333e-18 7.768504e-19
5605.000000 1.748508e-18 7.779170e-19
5607.000000 2.005941e-18 7.826789e-19
5609.000000 2.031179e-18 7.607070e-19
5611.000000 2.240756e-18 7.782090e-19
5613.000000 1.864649e-18 7.310338e-19
5615.000000 1.375157e-18 7.526567e-19
5617.000000 1.552408e-18 7.805983e-19
5619.000000 1.748670e-18 7.772196e-19
5621.000000 2.179192e-18 8.030261e-19
5623.000000 2.376326e-18 8.228937e-19
5625.000000 1.686877e-18 8.136472e-19
5627.000000 1.269644e-18 7.680258e-19
5629.000000 1.761378e-18 7.806972e-19
5631.000000 2.057143e-18 7.891931e-19
5633.000000 2.019347e-18 7.975127e-19
5635.000000 1.772591e-18 4.595850e-18
5637.000000 1.581447e-18 7.766046e-19
5639.000000 1.979115e-18 7.814891e-19
5641.000000 1.843069e-18 7.440170e-19
5643.000000 1.363012e-18 7.725180e-19
5645.000000 1.536144e-18 7.529789e-19
5647.000000 1.772713e-18 7.419651e-19
5649.000000 1.850963e-18 7.492846e-19
5651.000000 1.965752e-18 7.341743e-19
5653.000000 2.245542e-18 7.417880e-19
5655.000000 2.121436e-18 7.335778e-19
5657.000000 1.804240e-18 7.430409e-19
5659.000000 1.646895e-18 7.456127e-19
5661.000000 1.676166e-18 7.459094e-19
5663.000000 1.693067e-18 7.712299e-19
5665.000000 1.652384e-18 7.785211e-19
5667.000000 2.002294e-18 8.127750e-19
5669.000000 2.581043e-18 8.223310e-19
5671.000000 2.285313e-18 8.362696e-19
5673.000000 1.588703e-18 8.226954e-19
5675.000000 1.222622e-18 7.897723e-19
5677.000000 1.233057e-18 8.074814e-19
5679.000000 1.439793e-18 8.203879e-19
5681.000000 1.620618e-18 8.408962e-19
5683.000000 1.695456e-18 8.748891e-19
5685.000000 2.009850e-18 8.830974e-19
5687.000000 1.918304e-18 8.409386e-19
5689.000000 2.085212e-18 8.930066e-19
5691.000000 2.540264e-18 8.617177e-19
5693.000000 2.703340e-18 8.381066e-19
5695.000000 2.378648e-18 8.012878e-19
5697.000000 1.802934e-18 7.712153e-19
5699.000000 1.451204e-18 7.706155e-19
5701.000000 1.507670e-18 7.880283e-19
5703.000000 1.186544e-18 7.771102e-19
5705.000000 9.378113e-19 7.616793e-19
5707.000000 1.365979e-18 7.882073e-19
5709.000000 1.864478e-18 7.957311e-19
5711.000000 1.539932e-18 7.819590e-19
5713.000000 1.210538e-18 7.986699e-19
5715.000000 1.402971e-18 8.014405e-19
5717.000000 1.543499e-18 7.957012e-19
5719.000000 1.325754e-18 7.747166e-19
5721.000000 1.463761e-18 7.936147e-19
5723.000000 1.568315e-18 7.982186e-19
5725.000000 1.420992e-18 7.552922e-19
5727.000000 1.437532e-18 7.711382e-19
5729.000000 1.715502e-18 7.534665e-19
5731.000000 1.914370e-18 7.250900e-19
5733.000000 1.883530e-18 7.277554e-19
5735.000000 1.869051e-18 7.473507e-19
5737.000000 1.995513e-18 7.542380e-19
5739.000000 1.980800e-18 7.271050e-19
5741.000000 2.190439e-18 7.549155e-19
5743.000000 2.763829e-18 7.614323e-19
5745.000000 3.040373e-18 8.023746e-19
5747.000000 2.844276e-18 7.868102e-19
5749.000000 2.354170e-18 7.752825e-19
5751.000000 1.805004e-18 7.437557e-19
5753.000000 1.764798e-18 7.672757e-19
5755.000000 1.720139e-18 7.791895e-19
5757.000000 1.571266e-18 8.247202e-19
5759.000000 1.673593e-18 7.568742e-19
5761.000000 1.697883e-18 7.930782e-19
5763.000000 1.559917e-18 7.680573e-19
5765.000000 1.995381e-18 8.017590e-19
5767.000000 2.663225e-18 7.788168e-19
5769.000000 2.718024e-18 7.961888e-19
5771.000000 1.987205e-18 7.632207e-19
5773.000000 1.511954e-18 7.544297e-19
5775.000000 1.758985e-18 7.678854e-19
5777.000000 1.857972e-18 7.545092e-19
5779.000000 1.384745e-18 7.448396e-19
5781.000000 5.929866e-19 7.429833e-19
5783.000000 3.881969e-19 7.398584e-19
5785.000000 9.849655e-19 7.608623e-19
5787.000000 1.316298e-18 7.909279e-19
5789.000000 4.502872e-19 7.793259e-19
5791.000000 9.801872e-20 8.059419e-19
5793.000000 1.151440e-18 8.542800e-19
5795.000000 1.748008e-18 7.966182e-19
5797.000000 1.664637e-18 7.821451e-19
5799.000000 1.320688e-18 7.992566e-19
5801.000000 1.045342e-18 7.908787e-19
5803.000000 2.223419e-18 7.801257e-19
5805.000000 5.404793e-18 8.525248e-19
5807.000000 5.794376e-18 8.845389e-19
5809.000000 2.579881e-18 7.711759e-19
5811.000000 1.349015e-18 7.459564e-19
5813.000000 1.225192e-18 7.315718e-19
5815.000000 1.434391e-18 7.366558e-19
5817.000000 2.030072e-18 7.712481e-19
5819.000000 2.309859e-18 7.832471e-19
5821.000000 2.373215e-18 8.083353e-19
5823.000000 1.623757e-18 8.020265e-19
5825.000000 8.317861e-19 8.032102e-19
5827.000000 8.120588e-19 8.059728e-19
5829.000000 9.703210e-19 8.262193e-19
5831.000000 1.377963e-18 8.528270e-19
5833.000000 1.448754e-18 8.127397e-19
5835.000000 1.565011e-18 8.141646e-19
5837.000000 1.591641e-18 8.662763e-19
5839.000000 1.277813e-18 8.004612e-19
5841.000000 1.323045e-18 8.088092e-19
5843.000000 1.654836e-18 8.127887e-19
5845.000000 2.309946e-18 8.057486e-19
5847.000000 2.527572e-18 7.999401e-19
5849.000000 2.029815e-18 7.842544e-19
5851.000000 1.043641e-18 7.659545e-19
5853.000000 7.911508e-19 7.710667e-19
5855.000000 1.387893e-18 7.829205e-19
5857.000000 2.159147e-18 7.952101e-19
5859.000000 2.551943e-18 8.192181e-19
5861.000000 2.289774e-18 8.556882e-19
5863.000000 1.615704e-18 8.651775e-19
5865.000000 1.552352e-18 9.525919e-19
5867.000000 1.758788e-18 1.014887e-18
5869.000000 1.679661e-18 9.317282e-19
5871.000000 1.771494e-18 8.949750e-19
5873.000000 1.849297e-18 8.620106e-19
5875.000000 1.849878e-18 8.579893e-19
5877.000000 1.924662e-18 8.263257e-19
5879.000000 1.549680e-18 8.227769e-19
5881.000000 1.227473e-18 7.818348e-19
5883.000000 1.525563e-18 7.961934e-19
5885.000000 2.139594e-18 8.819353e-19
5887.000000 2.513660e-18 1.410682e-18
5889.000000 3.018465e-18 5.457430e-18
5891.000000 3.700811e-18 6.444216e-18
5893.000000 4.096376e-18 1.723320e-18
5895.000000 4.828491e-18 1.581204e-18
5897.000000 4.732989e-18 1.507596e-18
5899.000000 2.594924e-18 9.928900e-19
5901.000000 2.085362e-18 8.186463e-19
5903.000000 2.844404e-18 8.515892e-19
5905.000000 2.805124e-18 8.850770e-19
5907.000000 2.462523e-18 8.722994e-19
5909.000000 2.187801e-18 8.668796e-19
5911.000000 2.054195e-18 8.421238e-19
5913.000000 2.552171e-18 8.796444e-19
5915.000000 2.457035e-18 9.074853e-19
5917.000000 1.786494e-18 8.774728e-19
5919.000000 1.583502e-18 7.755005e-19
5921.000000 1.806892e-18 7.858691e-19
5923.000000 2.049306e-18 8.309351e-19
5925.000000 1.905792e-18 7.979532e-19
5927.000000 2.368648e-18 8.397965e-19
5929.000000 3.512397e-18 8.860363e-19
5931.000000 3.252122e-18 9.676707e-19
5933.000000 2.065946e-18 9.597007e-19
5935.000000 1.324657e-18 9.287471e-19
5937.000000 1.370658e-18 8.594340e-19
5939.000000 1.638885e-18 8.333791e-19
5941.000000 1.593967e-18 8.357738e-19
5943.000000 1.066438e-18 8.375511e-19
5945.000000 6.597438e-19 8.597263e-19
5947.000000 5.602575e-19 8.441961e-19
5949.000000 1.401935e-18 8.477445e-19
5951.000000 2.409689e-18 8.668590e-19
5953.000000 2.446524e-18 9.351364e-19
5955.000000 1.988430e-18 8.924962e-19
5957.000000 2.267599e-18 8.433416e-19
5959.000000 2.704284e-18 8.035511e-19
5961.000000 2.537273e-18 8.209248e-19
5963.000000 2.343074e-18 7.825612e-19
5965.000000 2.947964e-18 8.125935e-19
5967.000000 2.988799e-18 8.582345e-19
5969.000000 2.562321e-18 8.669439e-19
5971.000000 2.280413e-18 8.745048e-19
5973.000000 1.905311e-18 8.725571e-19
5975.000000 1.638658e-18 8.770557e-19
5977.000000 1.528758e-18 8.932008e-19
5979.000000 1.161141e-18 8.877901e-19
5981.000000 1.230493e-18 8.163471e-19
5983.000000 2.165671e-18 8.385448e-19
5985.000000 2.521883e-18 8.086867e-19
5987.000000 2.275525e-18 7.766394e-19
5989.000000 1.793347e-18 7.738507e-19
5991.000000 1.177411e-18 7.579519e-19
5993.000000 1.313254e-18 7.718336e-19
5995.000000 1.902918e-18 7.938753e-19
5997.000000 2.460029e-18 8.118843e-19
5999.000000 3.065693e-18 8.137282e-19
6001.000000 3.035947e-18 8.075056e-19
6003.000000 2.431958e-18 8.760723e-19
6005.000000 1.483570e-18 8.281407e-19
6007.000000 1.226895e-18 8.257017e-19
6009.000000 1.431447e-18 7.973182e-19
6011.000000 1.541691e-18 8.336067e-19
6013.000000 1.832454e-18 7.893717e-19
6015.000000 2.108468e-18 7.860163e-19
6017.000000 2.408379e-18 7.606834e-19
6019.000000 2.753670e-18 7.865135e-19
6021.000000 2.555919e-18 7.745617e-19
6023.000000 1.999059e-18 7.362117e-19
6025.000000 2.005965e-18 7.347291e-19
6027.000000 2.040283e-18 7.747656e-19
6029.000000 1.632908e-18 7.667392e-19
6031.000000 1.538554e-18 7.659055e-19
6033.000000 1.622384e-18 8.037385e-19
6035.000000 1.801510e-18 7.950975e-19
6037.000000 2.077428e-18 8.005797e-19
6039.000000 1.445370e-18 8.229729e-19
6041.000000 7.272086e-19 8.029451e-19
6043.000000 6.022514e-19 7.821037e-19
6045.000000 1.151937e-18 7.818098e-19
6047.000000 2.513663e-18 7.827512e-19
6049.000000 3.352181e-18 7.863625e-19
6051.000000 2.868691e-18 7.772636e-19
6053.000000 2.108290e-18 7.693358e-19
6055.000000 1.862612e-18 7.395846e-19
6057.000000 1.918626e-18 7.370336e-19
6059.000000 2.072046e-18 7.290222e-19
6061.000000 2.088734e-18 7.444839e-19
6063.000000 2.029069e-18 7.596934e-19
6065.000000 1.904855e-18 7.581118e-19
6067.000000 1.973377e-18 7.811536e-19
6069.000000 2.253388e-18 8.085800e-19
6071.000000 1.957488e-18 7.877293e-19
6073.000000 1.240033e-18 7.751099e-19
6075.000000 1.082526e-18 7.767313e-19
6077.000000 1.308313e-18 7.769408e-19
6079.000000 1.774374e-18 7.535830e-19
6081.000000 2.005893e-18 7.610836e-19
6083.000000 1.931681e-18 7.814546e-19
6085.000000 1.780428e-18 7.081932e-19
6087.000000 1.713799e-18 7.176768e-19
6089.000000 1.685202e-18 7.252333e-19
6091.000000 1.380853e-18 7.201841e-19
6093.000000 7.372912e-19 7.217454e-19
6095.000000 1.043455e-18 7.224888e-19
6097.000000 1.888361e-18 7.496709e-19
6099.000000 1.962782e-18 7.580333e-19
6101.000000 1.448420e-18 7.611199e-19
6103.000000 1.325760e-18 7.776853e-19
6105.000000 1.400963e-18 7.925225e-19
6107.000000 1.695524e-18 7.969594e-19
6109.000000 1.994849e-18 7.764738e-19
6111.000000 1.515048e-18 7.462726e-19
6113.000000 8.136153e-19 7.164022e-19
6115.000000 7.093779e-19 7.150530e-19
6117.000000 1.244820e-18 7.071716e-19
6119.000000 1.750771e-18 7.334923e-19
6121.000000 1.807693e-18 7.179109e-19
6123.000000 1.691039e-18 7.156624e-19
6125.000000 1.785419e-18 7.142647e-19
6127.000000 1.809397e-18 7.172553e-19
6129.000000 1.809701e-18 7.491662e-19
6131.000000 1.986652e-18 7.550008e-19
6133.000000 2.345276e-18 7.765266e-19
6135.000000 2.522930e-18 7.961760e-19
6137.000000 2.216557e-18 8.103486e-19
6139.000000 1.825406e-18 7.806171e-19
6141.000000 1.655762e-18 7.872734e-19
6143.000000 1.758252e-18 7.939461e-19
6145.000000 1.516585e-18 7.692671e-19
6147.000000 1.386801e-18 7.421224e-19
6149.000000 1.594850e-18 7.069712e-19
6151.000000 1.677484e-18 7.058644e-19
6153.000000 2.265625e-18 7.250621e-19
6155.000000 2.554522e-18 7.531706e-19
6157.000000 2.143499e-18 7.651645e-19
6159.000000 1.763486e-18 7.777343e-19
6161.000000 1.359413e-18 7.914240e-19
6163.000000 1.161288e-18 7.879125e-19
6165.000000 1.273006e-18 7.879346e-19
6167.000000 1.272521e-18 7.761716e-19
6169.000000 1.822158e-18 8.231021e-19
6171.000000 2.589255e-18 8.265506e-19
6173.000000 2.705150e-18 8.287133e-19
6175.000000 2.196468e-18 7.187062e-19
6177.000000 1.993799e-18 7.443136e-19
6179.000000 1.920440e-18 7.047751e-19
6181.000000 1.713345e-18 6.995744e-19
6183.000000 1.447299e-18 7.009080e-19
6185.000000 1.756255e-18 6.943865e-19
6187.000000 2.533797e-18 7.352854e-19
6189.000000 2.380082e-18 7.061115e-19
6191.000000 1.366018e-18 7.382178e-19
6193.000000 7.060487e-19 7.395450e-19
6195.000000 8.538874e-19 7.557101e-19
6197.000000 1.028898e-18 7.494126e-19
6199.000000 1.102656e-18 7.374181e-19
6201.000000 1.443577e-18 7.733340e-19
6203.000000 1.477975e-18 7.616377e-19
6205.000000 1.453507e-18 7.248775e-19
6207.000000 1.392799e-18 7.132771e-19
6209.000000 1.037062e-18 6.712626e-19
6211.000000 8.332546e-19 6.715415e-19
6213.000000 1.022490e-18 7.081122e-19
6215.000000 7.962651e-19 7.024505e-19
6217.000000 8.988892e-19 7.423914e-19
6219.000000 1.636022e-18 7.832574e-19
6221.000000 1.836913e-18 8.134759e-19
6223.000000 1.525634e-18 7.964553e-19
6225.000000 8.332666e-19 7.605533e-19
6227.000000 8.074978e-19 7.263300e-19
6229.000000 1.686056e-18 7.226981e-19
6231.000000 2.373839e-18 7.916958e-19
6233.000000 2.355835e-18 8.565722e-19
6235.000000 2.472244e-18 9.971053e-19
6237.000000 2.259672e-18 9.746899e-19
6239.000000 1.993256e-18 8.153248e-19
6241.000000 1.721927e-18 8.074010e-19
6243.000000 1.133331e-18 7.630755e-19
6245.000000 1.158310e-18 7.304140e-19
6247.000000 1.591377e-18 7.342552e-19
6249.000000 1.896240e-18 7.465896e-19
6251.000000 1.970955e-18 7.307510e-19
6253.000000 2.036725e-18 7.610337e-19
6255.000000 1.842820e-18 8.838399e-19
6257.000000 1.390508e-18 9.873684e-19
6259.000000 1.018292e-18 9.515998e-19
6261.000000 1.860306e-18 8.398984e-19
6263.000000 2.737555e-18 8.069736e-19
6265.000000 2.364574e-18 8.194322e-19
6267.000000 1.659334e-18 7.914343e-19
6269.000000 1.478580e-18 7.352823e-19
6271.000000 1.496224e-18 6.988100e-19
6273.000000 1.463529e-18 7.000208e-19
6275.000000 1.528948e-18 7.074685e-19
6277.000000 1.560841e-18 7.317244e-19
6279.000000 1.457637e-18 7.347810e-19
6281.000000 1.292772e-18 7.421087e-19
6283.000000 1.285075e-18 7.181500e-19
6285.000000 1.174913e-18 8.610921e-19
6287.000000 1.053639e-18 9.296050e-19
6289.000000 1.042877e-18 8.723613e-19
6291.000000 1.475302e-18 7.599688e-19
6293.000000 1.800345e-18 7.095127e-19
6295.000000 1.713427e-18 7.428012e-19
6297.000000 1.511461e-18 1.069090e-18
6299.000000 1.460508e-18 2.395070e-18
6301.000000 1.462651e-18 1.428132e-18
6303.000000 1.254228e-18 1.102837e-18
6305.000000 1.362897e-18 9.551113e-19
6307.000000 1.480310e-18 9.776573e-19
6309.000000 1.662572e-18 9.169972e-19
6311.000000 1.640594e-18 7.532949e-19
6313.000000 1.916448e-18 7.306089e-19
6315.000000 1.872914e-18 7.257331e-19
6317.000000 1.523947e-18 7.023289e-19
6319.000000 1.584784e-18 7.437546e-19
6321.000000 1.080617e-18 7.520411e-19
6323.000000 9.406588e-19 7.065589e-19
6325.000000 1.393033e-18 6.966573e-19
6327.000000 1.562043e-18 7.952522e-19
6329.000000 8.751245e-19 8.479305e-19
6331.000000 2.667194e-19 8.350270e-19
6333.000000 6.857382e-19 7.393916e-19
6335.000000 9.347857e-19 6.878900e-19
6337.000000 1.206521e-18 7.385287e-19
6339.000000 1.801821e-18 7.404697e-19
6341.000000 2.282017e-18 7.531532e-19
6343.000000 2.378421e-18 7.254267e-19
6345.000000 1.805580e-18 7.257223e-19
6347.000000 1.067232e-18 7.315224e-19
6349.000000 1.302817e-18 7.110364e-19
6351.000000 1.755286e-18 7.056710e-19
6353.000000 1.857677e-18 7.107043e-19
6355.000000 2.279402e-18 7.988588e-19
6357.000000 2.256939e-18 8.075362e-19
6359.000000 1.913717e-18 7.839212e-19
6361.000000 2.093625e-18 9.206285e-19
6363.000000 2.514841e-18 1.100569e-18
6365.000000 2.085593e-18 1.058388e-18
6367.000000 1.893102e-18 8.563595e-19
6369.000000 2.398444e-18 7.891672e-19
6371.000000 1.944268e-18 6.998428e-19
6373.000000 1.666329e-18 7.261251e-19
6375.000000 1.567016e-18 6.928875e-19
6377.000000 1.022027e-18 6.797194e-19
6379.000000 5.601593e-19 6.740870e-19
6381.000000 8.755962e-19 6.539196e-19
6383.000000 1.217949e-18 6.615805e-19
6385.000000 1.253943e-18 7.689495e-19
6387.000000 1.559236e-18 7.580586e-19
6389.000000 1.637766e-18 7.157451e-19
6391.000000 9.875192e-19 6.964241e-19
6393.000000 1.358970e-19 6.740510e-19
6395.000000 -9.652939e-21 6.905244e-19
6397.000000 4.681269e-19 7.098666e-19
6399.000000 7.813110e-19 6.748423e-19
6401.000000 1.050954e-18 6.838828e-19
6403.000000 1.391709e-18 6.653929e-19
6405.000000 1.592840e-18 6.478815e-19
6407.000000 1.838342e-18 6.229513e-19
6409.000000 1.795620e-18 6.201421e-19
6411.000000 1.452211e-18 6.326963e-19
6413.000000 1.429889e-18 6.730877e-19
6415.000000 1.617178e-18 6.820928e-19
6417.000000 1.638815e-18 6.926371e-19
6419.000000 1.107645e-18 7.346227e-19
6421.000000 6.667313e-19 7.067959e-19
6423.000000 1.289725e-18 6.969291e-19
6425.000000 1.985181e-18 6.970235e-19
6427.000000 2.112287e-18 6.581512e-19
6429.000000 1.861973e-18 6.526513e-19
6431.000000 1.634348e-18 6.523138e-19
6433.000000 1.497835e-18 6.047629e-19
6435.000000 1.567597e-18 6.138075e-19
6437.000000 7.287485e-20 6.353447e-19
6439.000000 -1.394829e-18 6.337726e-19
6441.000000 1.824910e-19 6.407025e-19
6443.000000 1.559189e-18 6.597118e-19
6445.000000 1.789952e-18 6.808408e-19
6447.000000 1.143693e-18 6.966868e-19
6449.000000 1.217933e-18 6.982792e-19
6451.000000 3.196689e-18 7.063493e-19
6453.000000 4.660433e-18 7.948904e-19
6455.000000 2.960493e-18 7.069260e-19
6457.000000 1.373757e-18 6.696394e-19
6459.000000 1.256623e-18 6.583831e-19
6461.000000 1.589015e-18 6.793085e-19
6463.000000 1.694622e-18 7.536244e-19
6465.000000 1.795186e-18 8.444019e-19
6467.000000 1.651826e-18 8.482294e-19
6469.000000 1.777572e-18 8.225735e-19
6471.000000 1.855326e-18 8.511808e-19
6473.000000 1.432695e-18 7.862548e-19
6475.000000 1.435981e-18 7.278707e-19
6477.000000 1.299936e-18 7.051459e-19
6479.000000 1.177582e-18 6.947640e-19
6481.000000 1.446610e-18 6.492027e-19
6483.000000 1.478691e-18 6.246561e-19
6485.000000 1.385005e-18 5.984997e-19
6487.000000 1.630693e-18 5.907921e-19
6489.000000 1.652021e-18 5.963219e-19
6491.000000 1.324052e-18 6.101993e-19
6493.000000 1.395141e-18 6.640637e-19
6495.000000 1.262046e-18 7.540140e-19
6497.000000 1.092839e-18 9.432685e-19
6499.000000 1.249192e-18 9.861071e-19
6501.000000 1.780804e-18 9.490722e-19
6503.000000 2.015564e-18 7.617264e-19
6505.000000 2.057086e-18 7.851053e-19
6507.000000 2.103566e-18 6.968880e-19
6509.000000 1.951773e-18 6.356561e-19
6511.000000 2.116175e-18 6.343016e-19
6513.000000 1.804769e-18 6.348723e-19
6515.000000 9.429033e-19 6.108397e-19
6517.000000 1.224993e-18 6.215360e-19
6519.000000 1.315970e-18 6.648786e-19
6521.000000 7.018552e-19 7.371332e-19
6523.000000 1.179402e-18 7.365843e-19
6525.000000 1.629293e-18 7.388105e-19
6527.000000 1.832749e-18 7.054766e-19
6529.000000 1.810548e-18 7.035022e-19
6531.000000 1.263802e-18 7.963937e-19
6533.000000 9.064213e-19 8.496169e-19
6535.000000 1.127070e-18 7.775778e-19
6537.000000 1.283151e-18 6.556542e-19
6539.000000 1.180633e-18 6.322981e-19
6541.000000 1.199214e-18 6.570240e-19
6543.000000 1.227352e-18 6.975423e-19
6545.000000 1.354497e-18 7.523995e-19
6547.000000 1.294563e-18 7.094382e-19
6549.000000 1.266298e-18 6.896059e-19
6551.000000 1.866996e-18 8.770138e-19
6553.000000 2.276765e-18 9.428614e-19
6555.000000 1.920406e-18 8.628134e-19
6557.000000 1.774417e-18 7.356382e-19
6559.000000 2.012731e-18 6.637876e-19
6561.000000 2.080747e-18 6.921521e-19
6563.000000 1.551842e-18 6.449077e-19
6565.000000 1.476076e-18 6.813596e-19
6567.000000 2.019431e-18 7.221826e-19
6569.000000 2.209597e-18 7.137268e-19
6571.000000 2.257574e-18 7.032230e-19
6573.000000 1.912102e-18 7.228483e-19
6575.000000 1.649530e-18 8.277975e-19
6577.000000 1.518932e-18 8.904952e-19
6579.000000 1.093849e-18 8.126000e-19
6581.000000 1.295090e-18 7.369788e-19
6583.000000 1.405491e-18 6.315366e-19
6585.000000 1.061859e-18 5.964160e-19
6587.000000 8.455430e-19 5.897932e-19
6589.000000 8.325004e-19 5.796063e-19
6591.000000 1.419400e-18 6.205376e-19
6593.000000 1.890106e-18 6.416258e-19
6595.000000 1.747606e-18 6.986650e-19
6597.000000 1.512950e-18 7.271402e-19
6599.000000 1.169059e-18 6.625497e-19
6601.000000 1.350570e-18 7.506566e-19
6603.000000 1.151177e-18 7.718446e-19
6605.000000 6.569386e-19 7.508214e-19
6607.000000 7.115378e-19 6.905844e-19
6609.000000 5.646479e-19 6.074902e-19
6611.000000 5.676432e-19 5.851055e-19
6613.000000 1.522129e-18 5.849178e-19
6615.000000 2.377812e-18 5.973055e-19
6617.000000 2.095728e-18 6.115240e-19
6619.000000 1.626552e-18 6.162476e-19
6621.000000 1.398826e-18 6.542265e-19
6623.000000 1.255940e-18 6.406069e-19
6625.000000 1.791331e-18 7.005676e-19
6627.000000 1.671089e-18 7.150167e-19
6629.000000 1.206488e-18 6.721786e-19
6631.000000 1.789837e-18 6.672527e-19
6633.000000 1.940580e-18 6.485895e-19
6635.000000 1.458157e-18 6.461636e-19
6637.000000 1.361799e-18 6.200627e-19
6639.000000 1.328698e-18 5.990579e-19
6641.000000 1.170503e-18 5.890563e-19
6643.000000 1.084235e-18 6.076751e-19
6645.000000 1.027286e-18 6.128837e-19
6647.000000 1.381714e-18 6.505298e-19
6649.000000 1.524018e-18 6.892281e-19
6651.000000 1.009870e-18 6.520714e-19
6653.000000 8.564986e-19 6.339505e-19
6655.000000 1.322561e-18 6.343190e-19
6657.000000 1.311818e-18 6.229687e-19
6659.000000 8.082406e-19 5.769145e-19
6661.000000 8.158978e-19 5.928571e-19
6663.000000 1.272977e-18 6.157907e-19
6665.000000 1.550293e-18 6.372927e-19
6667.000000 1.539584e-18 6.736435e-19
6669.000000 1.714863e-18 6.510767e-19
6671.000000 1.736220e-18 6.622491e-19
6673.000000 1.694603e-18 6.605178e-19
6675.000000 1.530733e-18 6.658280e-19
6677.000000 1.361223e-18 6.490199e-19
6679.000000 1.432229e-18 6.176815e-19
6681.000000 1.460557e-18 6.166391e-19
6683.000000 1.086446e-18 5.905980e-19
6685.000000 1.100162e-18 5.771127e-19
6687.000000 1.010957e-18 5.847051e-19
6689.000000 8.746216e-19 5.900598e-19
6691.000000 1.284607e-18 6.056637e-19
6693.000000 1.603040e-18 6.519607e-19
6695.000000 1.387976e-18 6.542024e-19
6697.000000 1.162695e-18 6.717658e-19
6699.000000 1.349564e-18 6.976646e-19
6701.000000 1.234311e-18 6.616142e-19
6703.000000 9.909168e-19 6.536847e-19
6705.000000 8.453745e-19 6.385536e-19
6707.000000 7.900758e-19 6.147547e-19
6709.000000 1.849183e-18 6.057267e-19
6711.000000 1.244274e-17 8.473773e-19
6713.000000 3.409933e-17 1.572981e-18
6715.000000 2.816568e-17 1.322557e-18
6717.000000 7.451233e-18 7.465970e-19
6719.000000 1.857356e-18 6.844925e-19
6721.000000 1.100434e-18 6.549981e-19
6723.000000 7.656915e-19 6.372186e-19
6725.000000 1.305405e-18 6.522522e-19
6727.000000 1.881146e-18 6.505433e-19
6729.000000 2.213058e-18 6.324697e-19
6731.000000 1.885562e-18 6.264809e-19
6733.000000 1.265519e-18 5.871367e-19
6735.000000 1.204216e-18 5.844447e-19
6737.000000 1.378735e-18 5.970078e-19
6739.000000 1.753272e-18 6.383304e-19
6741.000000 2.005090e-18 6.518964e-19
6743.000000 1.878075e-18 6.585365e-19
6745.000000 1.777735e-18 6.828685e-19
6747.000000 1.664518e-18 6.570163e-19
6749.000000 1.647518e-18 6.779651e-19
6751.000000 1.758164e-18 6.255886e-19
6753.000000 1.534827e-18 6.242025e-19
6755.000000 1.092918e-18 5.953717e-19
6757.000000 8.465717e-19 6.020273e-19
6759.000000 9.104491e-19 5.661600e-19
6761.000000 1.511126e-18 5.950571e-19
6763.000000 2.158216e-18 5.921377e-19
6765.000000 2.131137e-18 6.383355e-19
6767.000000 1.557551e-18 6.487756e-19
6769.000000 1.282488e-18 6.304569e-19
6771.000000 1.208887e-18 6.331875e-19
6773.000000 1.244425e-18 6.660761e-19
6775.000000 1.301308e-18 6.180291e-19
6777.000000 1.242828e-18 5.976453e-19
6779.000000 1.297368e-18 5.878640e-19
6781.000000 1.090099e-18 6.104537e-19
6783.000000 7.792728e-19 5.723759e-19
6785.000000 1.272562e-18 6.082773e-19
6787.000000 1.483553e-18 6.098844e-19
6789.000000 7.726360e-19 6.240480e-19
6791.000000 6.016405e-19 6.295825e-19
6793.000000 1.313057e-18 6.459948e-19
6795.000000 3.155237e-18 6.595936e-19
6797.000000 5.333769e-18 6.900005e-19
6799.000000 5.689258e-18 7.016810e-19
6801.000000 3.717379e-18 6.574377e-19
6803.000000 1.376278e-18 5.923467e-19
6805.000000 5.443856e-19 5.762711e-19
6807.000000 8.027002e-19 5.752596e-19
6809.000000 1.294027e-18 6.078620e-19
6811.000000 1.492737e-18 6.157904e-19
6813.000000 1.497693e-18 6.418417e-19
6815.000000 1.368199e-18 6.280577e-19
6817.000000 1.694685e-18 6.467438e-19
6819.000000 1.982451e-18 6.657906e-19
6821.000000 2.128803e-18 6.421200e-19
6823.000000 2.220619e-18 6.618992e-19
6825.000000 1.764677e-18 7.786655e-19
6827.000000 1.240365e-18 9.330215e-19
6829.000000 1.173935e-18 1.034905e-18
6831.000000 1.193364e-18 1.082136e-18
6833.000000 1.133494e-18 1.020658e-18
6835.000000 8.445484e-19 9.968668e-19
6837.000000 8.166721e-19 8.237178e-19
6839.000000 7.069477e-19 7.810687e-19
6841.000000 1.255646e-18 8.108498e-19
6843.000000 1.732372e-18 7.991656e-19
6845.000000 1.559092e-18 6.854216e-19
6847.000000 1.425775e-18 6.617944e-19
6849.000000 1.372737e-18 6.464448e-19
6851.000000 1.008256e-18 6.166967e-19
6853.000000 4.514804e-19 5.890894e-19
6855.000000 4.533192e-19 6.040266e-19
6857.000000 7.823930e-19 5.998023e-19
6859.000000 6.322542e-19 7.316084e-19
6861.000000 9.200870e-21 1.105459e-18
6863.000000 7.838031e-19 1.417796e-18
6865.000000 2.531623e-18 1.472117e-18
6867.000000 1.296667e-18 1.222429e-18
6869.000000 -9.426409e-20 1.064007e-18
6871.000000 9.708328e-19 1.088809e-18
6873.000000 1.544554e-18 9.612565e-19
6875.000000 1.028938e-18 8.419513e-19
6877.000000 9.296771e-19 8.343433e-19
6879.000000 1.731181e-18 8.448863e-19
6881.000000 1.727896e-18 8.316897e-19
6883.000000 1.094235e-18 8.015027e-19
6885.000000 8.468992e-19 8.072141e-19
6887.000000 1.280051e-18 9.352189e-19
6889.000000 1.611203e-18 1.025963e-18
6891.000000 1.412972e-18 9.493184e-19
6893.000000 1.543432e-18 8.687122e-19
6895.000000 1.168274e-18 7.593759e-19
6897.000000 1.021940e-18 7.274743e-19
6899.000000 1.969968e-18 8.370123e-19
6901.000000 2.476358e-18 8.536525e-19
6903.000000 2.542394e-18 8.332559e-19
6905.000000 2.222528e-18 7.515239e-19
6907.000000 1.733343e-18 7.634389e-19
6909.000000 1.477007e-18 8.334120e-19
6911.000000 2.352154e-18 1.005724e-18
6913.000000 3.183866e-18 1.099736e-18
6915.000000 2.670237e-18 9.127930e-19
6917.000000 1.574355e-18 7.191145e-19
6919.000000 1.204178e-18 7.402446e-19
6921.000000 2.131245e-18 9.428343e-19
6923.000000 3.433469e-18 1.081148e-18
6925.000000 3.022719e-18 9.531332e-19
6927.000000 1.566828e-18 7.537820e-19
6929.000000 5.314429e-19 6.933629e-19
6931.000000 6.746390e-19 7.255736e-19
6933.000000 7.778822e-19 7.075471e-19
6935.000000 9.053488e-19 7.431294e-19
6937.000000 1.230570e-18 8.616731e-19
6939.000000 1.466858e-18 9.034626e-19
6941.000000 8.628083e-19 8.851127e-19
6943.000000 6.714851e-19 7.451053e-19
6945.000000 8.586454e-19 8.023801e-19
6947.000000 8.165352e-19 1.038805e-18
6949.000000 1.434352e-18 1.163458e-18
6951.000000 1.558312e-18 1.038359e-18
6953.000000 9.194557e-19 7.866780e-19
6955.000000 9.389268e-19 7.614100e-19
6957.000000 2.271530e-18 8.045068e-19
6959.000000 3.302027e-18 8.049964e-19
6961.000000 2.900030e-18 7.661292e-19
6963.000000 1.946217e-18 7.014370e-19
6965.000000 1.389790e-18 6.883742e-19
6967.000000 1.495625e-18 7.640356e-19
6969.000000 2.236738e-18 7.952950e-19
6971.000000 2.692594e-18 8.229442e-19
6973.000000 2.319491e-18 7.663272e-19
6975.000000 2.158982e-18 8.772120e-19
6977.000000 2.197010e-18 1.127703e-18
6979.000000 1.756958e-18 1.098818e-18
6981.000000 1.746809e-18 9.539616e-19
6983.000000 1.276375e-18 7.719722e-19
6985.000000 1.118171e-18 7.169652e-19
6987.000000 1.294180e-18 6.863451e-19
6989.000000 8.191214e-19 6.576261e-19
6991.000000 6.667764e-19 6.413804e-19
6993.000000 1.083053e-18 7.085469e-19
6995.000000 1.472103e-18 7.211930e-19
6997.000000 1.056948e-18 7.402421e-19
6999.000000 8.023421e-19 7.413757e-19
7001.000000 1.304550e-18 7.996150e-19
7003.000000 1.865047e-18 8.689835e-19
7005.000000 1.517883e-18 8.008985e-19
7007.000000 1.198821e-18 7.339633e-19
7009.000000 1.533768e-18 8.043677e-19
7011.000000 1.610147e-18 8.524588e-19
7013.000000 2.300315e-18 8.070924e-19
7015.000000 2.433103e-18 7.328031e-19
7017.000000 1.828725e-18 6.907368e-19
7019.000000 1.513776e-18 7.099459e-19
7021.000000 1.310116e-18 7.102285e-19
7023.000000 1.398204e-18 7.515553e-19
7025.000000 1.142778e-18 7.264876e-19
7027.000000 5.041560e-19 7.169439e-19
7029.000000 5.556748e-19 7.037388e-19
7031.000000 9.154091e-19 7.005088e-19
7033.000000 1.555096e-18 6.903500e-19
7035.000000 2.302391e-18 7.160494e-19
7037.000000 2.385297e-18 7.112153e-19
7039.000000 1.951802e-18 7.600656e-19
7041.000000 2.306013e-18 8.145550e-19
7043.000000 2.229522e-18 8.377268e-19
7045.000000 1.950198e-18 9.108111e-19
7047.000000 2.488041e-18 1.020582e-18
7049.000000 2.260372e-18 9.899898e-19
7051.000000 1.465036e-18 9.068089e-19
7053.000000 8.057723e-19 7.610855e-19
7055.000000 9.767516e-19 7.549176e-19
7057.000000 1.660222e-18 7.069257e-19
7059.000000 1.939705e-18 7.460070e-19
7061.000000 1.743505e-18 7.363174e-19
7063.000000 1.780336e-18 7.853275e-19
7065.000000 1.615405e-18 8.016708e-19
7067.000000 1.637643e-18 8.646117e-19
7069.000000 1.631009e-18 8.785214e-19
7071.000000 1.327532e-18 8.338203e-19
7073.000000 1.227718e-18 8.415316e-19
7075.000000 1.264700e-18 8.132779e-19
7077.000000 1.889361e-18 7.864871e-19
7079.000000 2.220258e-18 7.687569e-19
7081.000000 2.777763e-18 8.025131e-19
7083.000000 2.416580e-18 7.968585e-19
7085.000000 1.869570e-18 8.100185e-19
7087.000000 1.754556e-18 8.507218e-19
7089.000000 2.279171e-18 9.409635e-19
7091.000000 2.014752e-18 8.974920e-19
7093.000000 1.591775e-18 7.996463e-19
7095.000000 1.808337e-18 8.566663e-19
7097.000000 1.435661e-18 7.391961e-19
7099.000000 1.488980e-18 7.417997e-19
7101.000000 1.874986e-18 7.505643e-19
7103.000000 1.484867e-18 7.181180e-19
7105.000000 1.153499e-18 7.283819e-19
7107.000000 1.442433e-18 7.767287e-19
7109.000000 1.383026e-18 7.428196e-19
7111.000000 1.329163e-18 8.606766e-19
7113.000000 1.035542e-18 7.870038e-19
7115.000000 7.364855e-19 8.411258e-19
7117.000000 8.865356e-19 7.878139e-19
7119.000000 1.316533e-18 7.588189e-19
7121.000000 1.557461e-18 7.289237e-19
7123.000000 1.620526e-18 7.543479e-19
7125.000000 1.582333e-18 7.837241e-19
7127.000000 1.185139e-18 7.774366e-19
7129.000000 9.665010e-19 8.261618e-19
7131.000000 9.317632e-19 8.235426e-19
7133.000000 1.410861e-18 9.242750e-19
7135.000000 2.147447e-18 8.477010e-19
7137.000000 1.126970e-18 8.525457e-19
7139.000000 5.878914e-19 8.088556e-19
7141.000000 8.374988e-19 8.545883e-19
7143.000000 1.413540e-18 8.861627e-19
7145.000000 1.724057e-18 9.138739e-19
7147.000000 2.130151e-18 8.659120e-19
7149.000000 2.311974e-18 8.336204e-19
7151.000000 1.963775e-18 8.225851e-19
7153.000000 1.641631e-18 8.240194e-19
7155.000000 1.728210e-18 8.790313e-19
7157.000000 1.387256e-18 8.794207e-19
7159.000000 7.485284e-19 8.860710e-19
7161.000000 8.566562e-19 9.040864e-19
7163.000000 1.315656e-18 8.795022e-19
7165.000000 1.891717e-18 9.205391e-19
7167.000000 1.022030e-18 8.861016e-19
7169.000000 4.979063e-19 8.988587e-19
7171.000000 7.553450e-19 9.025714e-19
7173.000000 1.751098e-18 9.870676e-19
7175.000000 2.264657e-18 1.085363e-18
7177.000000 1.285503e-18 1.121536e-18
7179.000000 5.469934e-19 1.011114e-18
7181.000000 1.478629e-18 1.060279e-18
7183.000000 2.195592e-18 1.081597e-18
7185.000000 1.571397e-18 9.936170e-19
7187.000000 1.412391e-18 1.038861e-18
7189.000000 8.273241e-19 9.371610e-19
7191.000000 9.398650e-19 9.113250e-19
7193.000000 1.640353e-18 9.806832e-19
7195.000000 2.183260e-18 9.912030e-19
7197.000000 2.458159e-18 1.023966e-18
7199.000000 1.526782e-18 1.020412e-18
7201.000000 6.543510e-19 1.029176e-18
7203.000000 1.109478e-18 1.047923e-18
7205.000000 1.758564e-18 9.948786e-19
7207.000000 1.166387e-18 9.940948e-19
7209.000000 6.682200e-19 9.085733e-19
7211.000000 7.652327e-19 8.796966e-19
7213.000000 7.150452e-19 8.397264e-19
7215.000000 4.562278e-19 8.311294e-19
7217.000000 6.457553e-19 8.654367e-19
7219.000000 7.584099e-19 9.066306e-19
7221.000000 9.039713e-20 9.308805e-19
7223.000000 1.047243e-18 1.340764e-16
7225.000000 6.324024e-19 1.339796e-16
7227.000000 -2.441253e-20 1.340546e-16
7229.000000 6.842088e-19 1.339927e-16
7231.000000 1.109562e-18 1.340534e-16
7233.000000 1.825068e-18 1.341135e-16
7235.000000 1.792055e-18 1.343143e-16
7237.000000 8.728317e-19 1.347888e-16
7239.000000 3.735400e-18 1.353833e-16
7241.000000 4.734921e-18 1.355680e-16
7243.000000 2.615743e-18 1.357219e-16
7245.000000 2.502154e-18 1.356771e-16
7247.000000 2.920417e-18 1.352837e-16
7249.000000 1.095695e-18 1.345233e-16
7251.000000 5.634027e-19 1.344258e-16
7253.000000 1.945472e-18 1.345343e-16
7255.000000 1.659450e-18 1.344672e-16
7257.000000 1.053345e-18 1.342804e-16
7259.000000 4.913092e-19 1.340936e-16
7261.000000 4.617126e-19 1.340810e-16
7263.000000 1.277147e-18 1.341352e-16
7265.000000 8.378118e-19 1.342292e-16
7267.000000 -1.447853e-19 1.342286e-16
7269.000000 6.321368e-19 1.342648e-16
7271.000000 1.106606e-18 1.342643e-16
7273.000000 -4.208766e-19 1.347687e-16
7275.000000 5.496974e-19 1.356864e-16
7277.000000 2.658192e-18 1.359079e-16
7279.000000 4.090885e-18 1.354250e-16
7281.000000 -3.237008e-18 1.348194e-16
7283.000000 -5.064334e-18 1.350410e-16
7285.000000 -8.721127e-19 1.350688e-16
7287.000000 1.413700e-18 1.347933e-16
7289.000000 7.267585e-19 1.343296e-16
7291.000000 -3.011283e-19 1.342817e-16
7293.000000 7.878779e-19 1.344514e-16
7295.000000 1.001564e-18 1.345567e-16
7297.000000 3.511704e-19 1.344773e-16
7299.000000 -3.856510e-19 1.342313e-16
7301.000000 -2.420154e-18 1.343757e-16
7303.000000 -2.480836e-18 1.346214e-16
7305.000000 -5.364359e-19 1.346595e-16
7307.000000 1.658910e-18 1.343857e-16
7309.000000 8.504978e-19 1.342601e-16
7311.000000 1.320060e-18 1.344021e-16
7313.000000 -1.613123e-18 1.348236e-16
7315.000000 -3.590540e-18 1.358240e-16
7317.000000 2.930832e-20 1.359099e-16
7319.000000 4.092125e-18 1.354302e-16
7321.000000 8.743346e-19 1.343983e-16
7323.000000 -6.350632e-19 1.342850e-16
7325.000000 -1.130777e-17 1.345980e-16
7327.000000 -2.758837e-17 1.096556e-14
7329.000000 -4.758848e-19 1.894582e-14
7331.000000 1.467681e-18 1.894582e-14
7333.000000 9.458194e-19 1.894582e-14
7335.000000 1.667743e-18 1.894582e-14
7337.000000 4.270040e-19 1.894582e-14
7339.000000 1.336809e-18 1.894582e-14
7341.000000 -2.617891e-19 1.894582e-14
7343.000000 -1.513151e-19 1.894582e-14
7345.000000 4.190131e-18 1.894582e-14
7347.000000 2.062234e-18 1.894582e-14
7349.000000 9.531323e-19 1.894582e-14
7351.000000 2.405750e-18 1.676145e-14
7353.000000 1.383331e-18 1.676145e-14
7355.000000 1.515333e-18 1.676146e-14
7357.000000 1.581192e-18 1.676150e-14
7359.000000 1.661650e-18 1.676151e-14
7361.000000 3.183236e-18 1.676149e-14
7363.000000 6.672946e-19 1.676144e-14
7365.000000 6.510403e-19 1.676147e-14
7367.000000 -2.192421e-19 1.676155e-14
7369.000000 8.469926e-19 1.676162e-14
7371.000000 2.197515e-18 1.676163e-14
7373.000000 1.977927e-19 1.676153e-14
7375.000000 1.901762e-18 1.676146e-14
7377.000000 5.577852e-19 1.676143e-14
7379.000000 4.404224e-19 1.676142e-14
7381.000000 2.178537e-18 1.676142e-14
7383.000000 6.437072e-19 1.676142e-14
7385.000000 1.086122e-18 1.676143e-14
7387.000000 1.127844e-18 1.676145e-14
7389.000000 9.955124e-19 1.676148e-14
7391.000000 -3.218695e-19 1.676152e-14
7393.000000 4.282554e-19 1.676151e-14
7395.000000 1.749138e-18 1.676149e-14
7397.000000 3.712970e-19 1.676145e-14
7399.000000 1.693337e-18 1.676150e-14
7401.000000 -8.087783e-20 1.676154e-14
7403.000000 -4.446498e-19 1.676154e-14
7405.000000 1.030784e-18 1.676151e-14
7407.000000 1.555426e-18 1.676146e-14
7409.000000 1.741636e-18 1.676145e-14
7411.000000 2.021998e-18 1.676144e-14
7413.000000 4.208054e-19 1.676144e-14
7415.000000 3.709299e-19 1.676143e-14
7417.000000 5.734874e-19 1.676142e-14
7419.000000 2.380726e-19 1.676143e-14
7421.000000 1.896521e-19 1.676143e-14
7423.000000 3.596321e-19 1.676143e-14
7425.000000 2.385813e-20 1.676144e-14
7427.000000 1.058489e-18 1.676146e-14
7429.000000 1.047569e-18 1.676150e-14
7431.000000 1.642574e-18 1.676149e-14
7433.000000 1.635788e-18 1.676148e-14
7435.000000 3.548745e-19 1.676146e-14
7437.000000 1.964090e-18 1.676149e-14
7439.000000 1.030365e-18 1.676151e-14
7441.000000 1.978012e-18 1.676150e-14
7443.000000 2.146131e-18 1.676146e-14
7445.000000 1.852357e-18 1.676145e-14
7447.000000 1.497998e-18 1.676145e-14
7449.000000 8.022581e-19 1.676145e-14
7451.000000 5.150260e-19 1.676142e-14
7453.000000 4.575991e-19 1.676143e-14
7455.000000 5.526866e-19 1.676143e-14
7457.000000 1.403209e-18 1.676143e-14
7459.000000 2.166043e-18 1.676145e-14
7461.000000 1.465908e-18 1.676146e-14
7463.000000 6.805886e-19 1.676147e-14
7465.000000 6.953362e-19 1.676148e-14
7467.000000 9.215605e-19 1.676149e-14
7469.000000 4.556784e-20 1.676150e-14
7471.000000 2.168213e-19 1.676151e-14
7473.000000 3.887292e-19 1.676150e-14
7475.000000 1.575573e-18 1.676149e-14
7477.000000 1.890722e-18 1.676150e-14
7479.000000 7.090912e-20 1.676150e-14
7481.000000 1.987675e-18 1.676154e-14
7483.000000 -4.280211e-19 1.676153e-14
7485.000000 2.500563e-18 1.676155e-14
7487.000000 1.888581e-18 1.676151e-14
7489.000000 1.264049e-18 1.676146e-14
7491.000000 1.160190e-18 1.676145e-14
7493.000000 1.326688e-18 1.676145e-14
7495.000000 2.696174e-19 1.676145e-14
7497.000000 1.893176e-18 1.676145e-14
