3751.000000 3.137948e-15 2.197726e-13
3753.000000 2.793246e-15 2.200000e-13
3755.000000 2.356644e-15 2.200000e-13
3757.000000 2.047484e-15 2.200000e-13
3759.000000 2.358878e-15 2.177154e-13
3761.000000 3.315213e-15 2.179450e-13
3763.000000 4.130376e-15 2.179450e-13
3765.000000 3.846638e-15 2.179450e-13
3767.000000 3.443394e-15 2.179450e-13
3769.000000 2.885619e-15 2.181742e-13
3771.000000 2.645117e-15 2.181743e-13
3773.000000 3.021903e-15 2.181742e-13
3775.000000 3.521430e-15 2.161018e-13
3777.000000 4.018878e-15 2.161018e-13
3779.000000 3.915020e-15 2.161018e-13
3781.000000 3.619949e-15 2.158703e-13
3783.000000 3.489978e-15 2.158703e-13
3785.000000 3.325208e-15 2.161018e-13
3787.000000 3.451840e-15 2.151744e-13
3789.000000 3.512362e-15 2.151744e-13
3791.000000 3.535999e-15 2.151744e-13
3793.000000 4.172840e-15 2.151744e-13
3795.000000 4.251596e-15 2.142429e-13
3797.000000 4.346576e-15 2.142429e-13
3799.000000 4.552768e-15 2.142429e-13
3801.000000 4.802496e-15 2.142429e-13
3803.000000 5.256718e-15 2.142429e-13
3805.000000 5.157533e-15 2.142429e-13
3807.000000 4.997067e-15 2.126029e-13
3809.000000 5.223646e-15 2.116601e-13
3811.000000 4.936655e-15 2.116601e-13
3813.000000 3.839277e-15 2.116601e-13
3815.000000 3.581727e-15 2.116601e-13
3817.000000 3.594038e-15 2.116601e-13
3819.000000 3.446239e-15 2.116601e-13
3821.000000 3.437548e-15 2.102380e-13
3823.000000 3.742656e-15 2.102380e-13
3825.000000 4.494171e-15 2.100000e-13
3827.000000 4.807982e-15 2.100000e-13
3829.000000 4.649752e-15 2.100000e-13
3831.000000 4.369859e-15 2.100000e-13
3833.000000 4.430897e-15 2.078461e-13
3835.000000 4.625557e-15 2.076054e-13
3837.000000 4.306137e-15 2.080865e-13
3839.000000 4.154740e-15 2.080865e-13
3841.000000 4.337161e-15 2.080865e-13
3843.000000 4.444273e-15 2.080865e-13
3845.000000 3.943663e-15 2.054264e-13
3847.000000 3.327326e-15 2.054264e-13
3849.000000 2.955090e-15 2.054264e-13
3851.000000 3.015794e-15 2.054264e-13
3853.000000 3.422008e-15 2.034699e-13
3855.000000 3.484049e-15 2.034699e-13
3857.000000 3.353434e-15 2.034699e-13
3859.000000 3.335607e-15 2.037155e-13
3861.000000 3.200606e-15 2.037155e-13
3863.000000 3.388142e-15 2.037155e-13
3865.000000 3.786231e-15 2.037155e-13
3867.000000 4.327868e-15 2.042058e-13
3869.000000 4.285270e-15 2.000000e-13
3871.000000 4.193671e-15 2.000000e-13
3873.000000 4.391264e-15 2.000000e-13
3875.000000 4.425686e-15 2.000000e-13
3877.000000 4.567992e-15 1.989975e-13
3879.000000 4.698258e-15 1.992486e-13
3881.000000 4.499758e-15 1.992486e-13
3883.000000 4.400689e-15 1.994994e-13
3885.000000 4.695674e-15 1.994994e-13
3887.000000 5.162347e-15 1.994994e-13
3889.000000 5.270904e-15 1.994994e-13
3891.000000 5.070491e-15 1.992486e-13
3893.000000 4.746604e-15 1.989975e-13
3895.000000 4.561556e-15 1.959592e-13
3897.000000 4.558655e-15 1.959592e-13
3899.000000 4.599731e-15 1.944222e-13
3901.000000 4.544755e-15 1.931321e-13
3903.000000 4.541286e-15 1.931321e-13
3905.000000 4.525133e-15 1.931321e-13
3907.000000 4.254556e-15 1.931321e-13
3909.000000 3.892374e-15 1.923538e-13
3911.000000 4.024105e-15 1.923538e-13
3913.000000 4.303645e-15 1.923538e-13
3915.000000 4.615088e-15 1.923538e-13
3917.000000 5.043542e-15 1.923538e-13
3919.000000 5.210228e-15 1.923538e-13
3921.000000 5.090321e-15 1.923538e-13
3923.000000 5.068086e-15 1.926136e-13
3925.000000 5.104413e-15 1.926136e-13
3927.000000 5.117263e-15 1.902630e-13
3929.000000 5.151906e-15 1.902630e-13
3931.000000 5.223632e-15 1.902630e-13
3933.000000 5.272454e-15 1.902630e-13
3935.000000 5.192934e-15 1.902630e-13
3937.000000 5.352730e-15 1.884144e-13
3939.000000 5.162796e-15 1.884144e-13
3941.000000 4.721365e-15 1.881489e-13
3943.000000 4.721210e-15 1.881489e-13
3945.000000 4.613988e-15 1.881489e-13
3947.000000 4.349344e-15 1.884144e-13
3949.000000 3.881953e-15 1.876166e-13
3951.000000 3.142454e-15 1.870829e-13
3953.000000 2.552126e-15 1.876166e-13
3955.000000 2.199859e-15 1.876166e-13
3957.000000 2.021868e-15 1.876166e-13
3959.000000 2.229001e-15 1.876166e-13
3961.000000 2.642381e-15 1.878829e-13
3963.000000 3.229773e-15 1.881489e-13
3965.000000 3.985111e-15 1.881489e-13
3967.000000 4.431601e-15 1.868154e-13
3969.000000 4.630104e-15 1.868154e-13
3971.000000 4.861289e-15 1.838478e-13
3973.000000 5.055421e-15 1.838478e-13
3975.000000 5.061281e-15 1.838478e-13
3977.000000 5.271504e-15 1.838478e-13
3979.000000 5.460586e-15 1.841195e-13
3981.000000 5.271161e-15 1.835756e-13
3983.000000 4.626724e-15 1.811077e-13
3985.000000 3.894764e-15 1.813836e-13
3987.000000 3.125751e-15 1.813836e-13
3989.000000 2.388694e-15 1.791647e-13
3991.000000 1.907851e-15 1.794436e-13
3993.000000 1.872613e-15 1.794436e-13
3995.000000 2.463146e-15 1.788854e-13
3997.000000 3.594911e-15 1.777639e-13
3999.000000 4.633817e-15 1.777639e-13
4001.000000 5.189432e-15 1.777639e-13
4003.000000 5.692117e-15 1.777639e-13
4005.000000 6.053006e-15 1.766352e-13
4007.000000 6.133298e-15 1.766352e-13
4009.000000 6.236537e-15 1.766352e-13
4011.000000 6.404217e-15 1.766352e-13
4013.000000 6.621010e-15 1.766352e-13
4015.000000 6.878165e-15 1.732051e-13
4017.000000 6.987587e-15 1.723369e-13
4019.000000 6.935443e-15 1.723369e-13
4021.000000 6.850466e-15 1.720465e-13
4023.000000 6.963567e-15 1.723369e-13
4025.000000 7.088994e-15 1.708801e-13
4027.000000 7.023046e-15 1.708801e-13
4029.000000 6.979960e-15 1.708801e-13
4031.000000 7.076740e-15 1.708801e-13
4033.000000 7.118099e-15 1.708801e-13
4035.000000 6.439553e-15 1.708801e-13
4037.000000 5.311054e-15 1.708801e-13
4039.000000 6.419800e-15 1.708801e-13
4041.000000 7.495693e-15 1.708801e-13
4043.000000 7.442605e-15 1.711724e-13
4045.000000 7.374078e-15 1.667333e-13
4047.000000 7.672357e-15 1.664332e-13
4049.000000 7.907363e-15 1.627882e-13
4051.000000 7.705994e-15 1.627882e-13
4053.000000 7.293358e-15 1.627882e-13
4055.000000 7.137912e-15 1.627882e-13
4057.000000 7.244426e-15 1.627882e-13
4059.000000 7.596386e-15 1.627882e-13
4061.000000 8.091691e-15 1.627882e-13
4063.000000 8.197156e-15 1.627882e-13
4065.000000 7.647128e-15 1.627882e-13
4067.000000 6.975949e-15 1.612452e-13
4069.000000 6.691346e-15 1.612452e-13
4071.000000 6.827380e-15 1.615549e-13
4073.000000 7.387975e-15 1.596872e-13
4075.000000 7.819434e-15 1.596872e-13
4077.000000 7.819928e-15 1.596872e-13
4079.000000 7.577422e-15 1.600000e-13
4081.000000 7.375218e-15 1.600000e-13
4083.000000 7.234694e-15 1.600000e-13
4085.000000 6.948600e-15 1.600000e-13
4087.000000 6.757049e-15 1.600000e-13
4089.000000 6.781984e-15 1.568439e-13
4091.000000 6.952003e-15 1.568439e-13
4093.000000 7.215002e-15 1.552417e-13
4095.000000 7.365678e-15 1.552417e-13
4097.000000 7.253284e-15 1.552417e-13
4099.000000 6.981245e-15 1.552417e-13
4101.000000 6.890127e-15 1.552417e-13
4103.000000 7.044271e-15 1.542725e-13
4105.000000 7.303894e-15 1.542725e-13
4107.000000 7.572913e-15 1.542725e-13
4109.000000 7.801931e-15 1.542725e-13
4111.000000 7.984238e-15 1.542725e-13
4113.000000 8.120406e-15 1.529706e-13
4115.000000 8.012264e-15 1.529706e-13
4117.000000 7.666121e-15 1.529706e-13
4119.000000 7.190262e-15 1.529706e-13
4121.000000 6.679207e-15 1.496663e-13
4123.000000 6.264705e-15 1.496663e-13
4125.000000 6.097031e-15 1.496663e-13
4127.000000 6.337917e-15 1.496663e-13
4129.000000 6.870092e-15 1.496663e-13
4131.000000 7.276474e-15 1.496663e-13
4133.000000 7.337924e-15 1.496663e-13
4135.000000 7.385723e-15 1.496663e-13
4137.000000 7.586666e-15 1.496663e-13
4139.000000 7.833760e-15 1.496663e-13
4141.000000 7.814636e-15 1.466288e-13
4143.000000 7.624213e-15 1.410674e-13
4145.000000 7.703405e-15 1.410674e-13
4147.000000 7.851408e-15 1.410674e-13
4149.000000 7.633959e-15 1.410674e-13
4151.000000 7.396100e-15 1.410674e-13
4153.000000 7.222082e-15 1.410674e-13
4155.000000 7.180282e-15 1.410674e-13
4157.000000 7.244355e-15 1.414214e-13
4159.000000 7.368848e-15 1.385641e-13
4161.000000 8.163071e-15 1.389244e-13
4163.000000 8.720702e-15 1.389244e-13
4165.000000 8.012840e-15 1.356466e-13
4167.000000 7.953670e-15 1.360147e-13
4169.000000 7.766121e-15 1.360147e-13
4171.000000 7.719684e-15 1.360147e-13
4173.000000 7.545871e-15 1.360147e-13
4175.000000 7.380145e-15 1.360147e-13
4177.000000 7.379725e-15 1.300000e-13
4179.000000 7.422000e-15 1.228821e-13
4181.000000 7.667609e-15 1.421267e-13
4183.000000 7.992806e-15 1.630951e-13
4185.000000 8.084553e-15 1.726268e-13
4187.000000 8.098254e-15 1.939072e-13
4189.000000 8.012555e-15 2.310844e-13
4191.000000 7.787767e-15 2.313007e-13
4193.000000 7.841373e-15 2.315167e-13
4195.000000 7.574561e-15 2.240536e-13
4197.000000 7.234472e-15 1.711724e-13
4199.000000 7.210945e-15 1.493318e-13
4201.000000 7.368280e-15 1.240967e-13
4203.000000 7.475413e-15 1.200000e-13
4205.000000 7.378775e-15 1.200000e-13
4207.000000 7.393812e-15 1.200000e-13
4209.000000 7.472037e-15 1.200000e-13
4211.000000 7.548787e-15 1.048809e-13
4213.000000 7.615066e-15 1.048809e-13
4215.000000 7.597753e-15 1.048809e-13
4217.000000 7.639157e-15 1.048809e-13
4219.000000 7.521623e-15 1.048809e-13
4221.000000 7.097628e-15 1.048809e-13
4223.000000 6.902652e-15 1.048809e-13
4225.000000 6.948150e-15 9.695360e-14
4227.000000 7.044765e-15 9.486833e-14
4229.000000 7.273248e-15 9.486833e-14
4231.000000 7.574799e-15 9.486833e-14
4233.000000 7.788616e-15 9.591663e-14
4235.000000 7.934246e-15 9.591663e-14
4237.000000 7.925648e-15 9.591663e-14
4239.000000 7.750817e-15 9.591663e-14
4241.000000 7.535218e-15 9.591663e-14
4243.000000 7.598343e-15 9.643651e-14
4245.000000 7.714663e-15 9.643651e-14
4247.000000 7.340994e-15 9.643651e-14
4249.000000 6.585873e-15 9.643651e-14
4251.000000 6.204484e-15 9.643651e-14
4253.000000 6.446311e-15 9.643651e-14
4255.000000 7.105687e-15 9.055386e-14
4257.000000 7.398263e-15 9.055386e-14
4259.000000 7.370969e-15 9.055386e-14
4261.000000 7.292019e-15 9.055386e-14
4263.000000 7.397660e-15 9.055386e-14
4265.000000 7.598185e-15 9.055386e-14
4267.000000 7.839294e-15 9.055386e-14
4269.000000 7.962664e-15 9.110434e-14
4271.000000 7.703938e-15 9.110434e-14
4273.000000 7.131635e-15 8.544004e-14
4275.000000 6.950392e-15 7.810250e-14
4277.000000 7.256285e-15 7.810250e-14
4279.000000 7.419563e-15 7.549835e-14
4281.000000 7.322668e-15 7.071068e-14
4283.000000 7.275386e-15 7.071068e-14
4285.000000 7.171446e-15 7.071068e-14
4287.000000 7.213141e-15 7.071068e-14
4289.000000 7.563207e-15 7.071068e-14
4291.000000 7.751972e-15 7.071068e-14
4293.000000 7.548659e-15 7.071068e-14
4295.000000 7.096853e-15 7.071068e-14
4297.000000 6.481589e-15 7.071068e-14
4299.000000 6.462214e-15 7.071068e-14
4301.000000 6.907280e-15 5.744563e-14
4303.000000 7.199036e-15 5.744563e-14
4305.000000 7.357977e-15 5.744563e-14
4307.000000 7.374493e-15 5.744563e-14
4309.000000 7.198534e-15 5.744563e-14
4311.000000 7.003126e-15 5.744563e-14
4313.000000 6.642018e-15 5.744563e-14
4315.000000 6.473903e-15 5.744563e-14
4317.000000 6.556269e-15 5.744563e-14
4319.000000 6.559642e-15 5.744563e-14
4321.000000 6.429674e-15 5.744563e-14
4323.000000 5.996753e-15 5.744563e-14
4325.000000 5.526285e-15 5.744563e-14
4327.000000 5.414477e-15 5.744563e-14
4329.000000 5.416574e-15 5.744563e-14
4331.000000 5.324319e-15 5.744563e-14
4333.000000 5.162755e-15 5.744563e-14
4335.000000 5.344657e-15 5.744563e-14
4337.000000 6.026497e-15 5.744563e-14
4339.000000 7.015408e-15 5.744563e-14
4341.000000 7.959940e-15 5.744563e-14
4343.000000 8.332925e-15 5.744563e-14
4345.000000 8.156335e-15 5.744563e-14
4347.000000 7.575992e-15 5.744563e-14
4349.000000 6.933335e-15 2.721895e-17
4351.000000 6.938185e-15 2.707423e-17
4353.000000 7.454587e-15 2.744816e-17
4355.000000 8.076585e-15 2.904639e-17
4357.000000 8.247600e-15 3.035627e-17
4359.000000 7.951586e-15 3.033318e-17
4361.000000 7.357937e-15 2.917089e-17
4363.000000 6.638129e-15 2.757323e-17
4365.000000 6.255477e-15 2.681858e-17
4367.000000 6.503234e-15 2.691820e-17
4369.000000 7.142178e-15 2.695227e-17
4371.000000 7.813924e-15 2.707309e-17
4373.000000 8.139080e-15 2.723901e-17
4375.000000 7.891884e-15 2.747613e-17
4377.000000 7.571516e-15 2.734645e-17
4379.000000 7.587931e-15 2.704867e-17
4381.000000 7.828926e-15 2.702527e-17
4383.000000 8.109575e-15 2.651203e-17
4385.000000 8.369462e-15 2.663975e-17
4387.000000 8.546607e-15 2.663374e-17
4389.000000 8.633955e-15 2.693733e-17
4391.000000 8.530816e-15 2.681583e-17
4393.000000 8.269464e-15 2.681535e-17
4395.000000 8.022231e-15 2.645649e-17
4397.000000 7.922741e-15 2.659221e-17
4399.000000 7.761969e-15 2.661812e-17
4401.000000 7.652164e-15 2.689365e-17
4403.000000 7.703181e-15 2.718106e-17
4405.000000 7.593201e-15 2.769635e-17
4407.000000 6.968181e-15 2.790026e-17
4409.000000 6.285355e-15 2.744067e-17
4411.000000 6.336535e-15 2.718697e-17
4413.000000 6.937173e-15 2.740277e-17
4415.000000 7.440459e-15 2.754676e-17
4417.000000 7.767891e-15 2.749225e-17
4419.000000 7.860036e-15 2.740778e-17
4421.000000 7.901956e-15 7.141429e-14
4423.000000 8.039124e-15 1.140175e-13
4425.000000 8.033181e-15 1.367479e-13
4427.000000 7.805437e-15 2.019901e-13
4429.000000 7.538276e-15 2.121320e-13
4431.000000 7.327867e-15 2.177154e-13
4433.000000 7.383535e-15 2.095233e-13
4435.000000 7.842078e-15 1.503330e-13
4437.000000 8.267554e-15 1.204159e-13
4439.000000 8.372912e-15 6.324556e-14
4441.000000 8.116644e-15 2.653651e-17
4443.000000 8.022072e-15 2.651796e-17
4445.000000 8.244775e-15 2.662859e-17
4447.000000 8.259564e-15 2.658908e-17
4449.000000 8.168803e-15 2.653693e-17
4451.000000 8.195650e-15 2.629622e-17
4453.000000 8.362394e-15 2.621852e-17
4455.000000 8.428838e-15 2.620724e-17
4457.000000 8.324143e-15 2.605257e-17
4459.000000 8.157181e-15 2.571304e-17
4461.000000 8.194043e-15 2.587736e-17
4463.000000 8.536199e-15 2.604663e-17
4465.000000 8.605839e-15 2.593788e-17
4467.000000 8.394158e-15 2.570364e-17
4469.000000 8.301596e-15 2.543497e-17
4471.000000 8.436712e-15 2.537537e-17
4473.000000 8.774586e-15 2.573026e-17
4475.000000 8.823255e-15 2.566232e-17
4477.000000 8.671092e-15 2.564721e-17
4479.000000 8.349528e-15 2.525473e-17
4481.000000 8.004943e-15 2.516725e-17
4483.000000 7.742786e-15 2.519859e-17
4485.000000 7.731728e-15 2.511605e-17
4487.000000 7.930065e-15 2.504588e-17
4489.000000 8.168770e-15 2.494754e-17
4491.000000 8.408441e-15 2.506456e-17
4493.000000 8.498949e-15 2.518108e-17
4495.000000 8.406455e-15 2.524889e-17
4497.000000 8.567974e-15 2.492496e-17
4499.000000 8.948077e-15 2.502106e-17
4501.000000 9.264995e-15 2.509376e-17
4503.000000 9.245733e-15 2.509250e-17
4505.000000 8.924157e-15 2.491308e-17
4507.000000 8.644338e-15 2.492146e-17
4509.000000 8.784439e-15 2.493522e-17
4511.000000 9.169308e-15 2.494164e-17
4513.000000 9.144666e-15 2.496438e-17
4515.000000 8.820763e-15 2.465649e-17
4517.000000 8.705130e-15 2.459539e-17
4519.000000 8.765776e-15 2.449458e-17
4521.000000 8.785192e-15 2.447512e-17
4523.000000 8.838921e-15 2.450433e-17
4525.000000 9.055273e-15 2.423781e-17
4527.000000 9.247778e-15 2.416957e-17
4529.000000 9.416820e-15 2.419275e-17
4531.000000 9.437994e-15 2.440382e-17
4533.000000 9.414769e-15 2.427053e-17
4535.000000 9.526037e-15 2.415394e-17
4537.000000 9.151952e-15 2.415719e-17
4539.000000 8.631863e-15 2.407464e-17
4541.000000 8.741430e-15 2.381115e-17
4543.000000 8.949637e-15 2.376075e-17
4545.000000 8.913152e-15 2.368991e-17
4547.000000 8.902545e-15 2.337601e-17
4549.000000 8.830082e-15 2.307485e-17
4551.000000 8.461825e-15 2.274156e-17
4553.000000 8.121039e-15 2.257533e-17
4555.000000 7.973333e-15 2.225572e-17
4557.000000 8.064035e-15 2.223959e-17
4559.000000 8.186288e-15 2.206138e-17
4561.000000 8.363434e-15 2.211443e-17
4563.000000 8.664797e-15 2.192488e-17
4565.000000 8.997831e-15 2.186289e-17
4567.000000 9.132734e-15 2.183156e-17
4569.000000 9.129664e-15 2.179455e-17
4571.000000 9.001903e-15 2.163199e-17
4573.000000 8.613682e-15 2.153523e-17
4575.000000 8.232363e-15 2.152876e-17
4577.000000 8.397819e-15 2.158179e-17
4579.000000 8.606061e-15 2.171272e-17
4581.000000 8.762461e-15 2.158496e-17
4583.000000 8.975523e-15 2.142703e-17
4585.000000 9.235114e-15 2.129771e-17
4587.000000 9.372009e-15 2.142435e-17
4589.000000 9.276292e-15 2.119729e-17
4591.000000 9.137277e-15 2.099991e-17
4593.000000 9.176205e-15 2.075696e-17
4595.000000 9.283483e-15 2.082994e-17
4597.000000 9.320962e-15 2.071793e-17
4599.000000 9.349269e-15 2.061122e-17
4601.000000 9.454740e-15 2.069319e-17
4603.000000 9.460441e-15 2.055070e-17
4605.000000 9.260990e-15 2.046758e-17
4607.000000 9.045289e-15 2.027983e-17
4609.000000 8.856414e-15 2.028930e-17
4611.000000 8.573910e-15 2.023479e-17
4613.000000 8.377089e-15 2.042310e-17
4615.000000 8.763442e-15 2.029457e-17
4617.000000 9.158687e-15 2.017510e-17
4619.000000 9.157474e-15 2.002217e-17
4621.000000 9.147683e-15 2.003006e-17
4623.000000 9.228906e-15 2.007889e-17
4625.000000 9.282865e-15 1.993715e-17
4627.000000 9.325138e-15 1.989133e-17
4629.000000 9.322289e-15 1.980651e-17
4631.000000 9.419902e-15 1.982800e-17
4633.000000 9.569949e-15 1.968996e-17
4635.000000 9.680240e-15 1.979019e-17
4637.000000 9.790704e-15 1.969585e-17
4639.000000 9.800082e-15 1.967348e-17
4641.000000 9.813915e-15 1.961566e-17
4643.000000 9.830724e-15 1.957668e-17
4645.000000 9.839957e-15 1.945979e-17
4647.000000 9.933867e-15 1.933981e-17
4649.000000 9.962609e-15 1.940477e-17
4651.000000 9.946042e-15 1.943674e-17
4653.000000 9.886408e-15 1.933114e-17
4655.000000 9.797385e-15 1.953826e-17
4657.000000 9.744136e-15 1.967932e-17
4659.000000 9.694647e-15 1.985509e-17
4661.000000 9.572384e-15 1.990010e-17
4663.000000 9.436607e-15 1.957674e-17
4665.000000 9.334547e-15 1.936042e-17
4667.000000 9.326357e-15 1.924841e-17
4669.000000 9.369088e-15 1.932376e-17
4671.000000 9.242928e-15 1.935824e-17
4673.000000 9.004617e-15 1.925596e-17
4675.000000 9.018485e-15 1.924232e-17
4677.000000 9.228832e-15 1.914697e-17
4679.000000 9.354846e-15 1.915433e-17
4681.000000 9.351981e-15 1.905003e-17
4683.000000 9.331738e-15 1.907144e-17
4685.000000 9.522055e-15 1.896680e-17
4687.000000 9.800049e-15 1.901626e-17
4689.000000 9.774556e-15 1.887597e-17
4691.000000 9.333986e-15 1.857513e-17
4693.000000 8.932755e-15 1.850277e-17
4695.000000 8.833824e-15 1.834545e-17
4697.000000 9.019193e-15 1.833334e-17
4699.000000 9.269016e-15 1.826751e-17
4701.000000 9.404823e-15 1.816922e-17
4703.000000 9.416436e-15 1.826434e-17
4705.000000 9.493717e-15 1.829289e-17
4707.000000 9.589831e-15 1.819089e-17
4709.000000 9.522417e-15 1.825830e-17
4711.000000 9.439810e-15 1.826039e-17
4713.000000 9.448116e-15 1.816052e-17
4715.000000 9.484951e-15 1.815082e-17
4717.000000 9.509641e-15 1.807785e-17
4719.000000 9.506409e-15 1.806576e-17
4721.000000 9.581894e-15 1.802356e-17
4723.000000 9.610465e-15 1.808264e-17
4725.000000 9.477457e-15 1.795843e-17
4727.000000 9.277967e-15 1.782257e-17
4729.000000 9.090183e-15 1.750182e-17
4731.000000 8.965759e-15 1.747826e-17
4733.000000 8.977105e-15 1.740707e-17
4735.000000 9.026074e-15 1.732904e-17
4737.000000 9.146671e-15 1.744195e-17
4739.000000 9.323608e-15 1.748239e-17
4741.000000 9.515905e-15 1.748328e-17
4743.000000 9.647359e-15 1.743318e-17
4745.000000 9.796303e-15 1.751608e-17
4747.000000 9.899398e-15 1.750713e-17
4749.000000 9.947567e-15 1.745566e-17
4751.000000 9.938497e-15 1.750062e-17
4753.000000 9.730793e-15 1.736099e-17
4755.000000 9.387746e-15 1.725656e-17
4757.000000 9.137300e-15 1.710599e-17
4759.000000 9.066487e-15 1.701295e-17
4761.000000 9.205794e-15 1.706924e-17
4763.000000 9.427134e-15 1.705013e-17
4765.000000 9.529266e-15 1.703596e-17
4767.000000 9.622979e-15 1.700372e-17
4769.000000 9.694845e-15 1.706470e-17
4771.000000 9.716201e-15 1.702674e-17
4773.000000 9.840008e-15 1.714879e-17
4775.000000 9.922617e-15 1.714708e-17
4777.000000 9.861205e-15 1.723890e-17
4779.000000 9.741380e-15 1.704863e-17
4781.000000 9.659414e-15 1.699691e-17
4783.000000 9.661925e-15 1.694680e-17
4785.000000 9.653428e-15 1.699466e-17
4787.000000 9.439583e-15 1.681392e-17
4789.000000 9.160771e-15 1.681954e-17
4791.000000 9.089774e-15 1.671274e-17
4793.000000 9.128691e-15 1.670004e-17
4795.000000 9.243162e-15 1.669882e-17
4797.000000 9.411548e-15 1.675237e-17
4799.000000 9.542868e-15 1.680421e-17
4801.000000 9.707382e-15 1.681158e-17
4803.000000 9.816102e-15 1.683679e-17
4805.000000 9.794294e-15 1.703354e-17
4807.000000 9.709810e-15 1.686352e-17
4809.000000 9.613185e-15 1.673082e-17
4811.000000 9.520461e-15 1.672612e-17
4813.000000 9.416185e-15 1.675983e-17
4815.000000 9.298769e-15 1.694229e-17
4817.000000 9.318851e-15 1.714467e-17
4819.000000 9.549065e-15 1.727357e-17
4821.000000 9.800234e-15 1.735444e-17
4823.000000 9.883363e-15 1.746581e-17
4825.000000 9.791757e-15 1.729366e-17
4827.000000 9.649332e-15 1.714144e-17
4829.000000 9.651204e-15 1.717818e-17
4831.000000 9.722832e-15 1.720949e-17
4833.000000 9.696110e-15 1.725309e-17
4835.000000 9.567899e-15 1.723473e-17
4837.000000 9.475508e-15 1.717154e-17
4839.000000 9.553408e-15 1.710261e-17
4841.000000 9.723315e-15 1.714270e-17
4843.000000 9.852392e-15 1.703566e-17
4845.000000 9.979838e-15 1.711508e-17
4847.000000 1.004774e-14 1.703497e-17
4849.000000 1.000430e-14 1.686895e-17
4851.000000 9.941487e-15 1.691690e-17
4853.000000 9.809414e-15 1.666485e-17
4855.000000 9.780907e-15 1.650700e-17
4857.000000 9.691740e-15 1.630693e-17
4859.000000 9.580586e-15 1.624544e-17
4861.000000 9.580777e-15 1.625208e-17
4863.000000 9.642210e-15 1.619122e-17
4865.000000 9.619314e-15 1.619085e-17
4867.000000 9.476537e-15 1.629787e-17
4869.000000 9.358049e-15 1.628428e-17
4871.000000 9.289011e-15 1.622488e-17
4873.000000 9.239037e-15 1.617080e-17
4875.000000 9.296167e-15 1.614591e-17
4877.000000 9.320974e-15 1.628699e-17
4879.000000 9.272128e-15 1.637791e-17
4881.000000 9.268943e-15 1.653061e-17
4883.000000 9.092599e-15 1.639781e-17
4885.000000 8.602456e-15 1.614856e-17
4887.000000 7.946473e-15 1.596271e-17
4889.000000 7.464156e-15 1.579949e-17
4891.000000 7.490068e-15 1.570393e-17
4893.000000 7.989542e-15 1.591267e-17
4895.000000 8.487094e-15 1.609291e-17
4897.000000 8.668755e-15 1.610178e-17
4899.000000 8.615390e-15 1.593797e-17
4901.000000 8.617877e-15 1.591470e-17
4903.000000 8.877221e-15 1.607027e-17
4905.000000 9.234441e-15 1.621380e-17
4907.000000 9.461255e-15 1.632288e-17
4909.000000 9.469019e-15 1.603654e-17
4911.000000 9.406912e-15 1.602945e-17
4913.000000 9.254129e-15 1.606004e-17
4915.000000 9.058539e-15 1.599398e-17
4917.000000 8.921065e-15 1.579750e-17
4919.000000 8.981651e-15 1.562506e-17
4921.000000 9.318622e-15 1.578317e-17
4923.000000 9.722934e-15 1.607671e-17
4925.000000 9.936932e-15 1.630374e-17
4927.000000 9.951135e-15 1.637618e-17
4929.000000 9.894279e-15 1.619337e-17
4931.000000 9.897625e-15 1.619227e-17
4933.000000 9.881921e-15 1.628966e-17
4935.000000 9.780422e-15 1.620631e-17
4937.000000 9.617920e-15 1.618089e-17
4939.000000 9.503567e-15 1.616631e-17
4941.000000 9.618318e-15 1.624204e-17
4943.000000 9.789789e-15 1.621032e-17
4945.000000 9.706927e-15 1.623222e-17
4947.000000 9.184413e-15 1.603454e-17
4949.000000 8.696802e-15 1.591808e-17
4951.000000 8.824350e-15 1.611501e-17
4953.000000 9.254829e-15 1.627728e-17
4955.000000 9.582485e-15 1.619187e-17
4957.000000 9.954899e-15 1.620074e-17
4959.000000 1.016653e-14 1.634553e-17
4961.000000 9.917389e-15 1.625694e-17
4963.000000 9.566903e-15 1.635468e-17
4965.000000 9.242456e-15 1.624319e-17
4967.000000 9.097926e-15 1.637387e-17
4969.000000 9.210484e-15 1.636706e-17
4971.000000 9.520252e-15 1.663643e-17
4973.000000 9.800872e-15 1.673934e-17
4975.000000 9.868419e-15 1.675884e-17
4977.000000 9.906965e-15 1.688562e-17
4979.000000 1.002755e-14 1.693577e-17
4981.000000 9.977546e-15 1.685386e-17
4983.000000 9.620012e-15 1.667474e-17
4985.000000 9.222698e-15 1.658602e-17
4987.000000 9.098972e-15 1.659622e-17
4989.000000 9.313027e-15 1.658534e-17
4991.000000 9.523766e-15 1.662466e-17
4993.000000 9.466666e-15 1.653828e-17
4995.000000 9.287219e-15 1.636598e-17
4997.000000 9.228733e-15 1.623332e-17
4999.000000 9.337206e-15 1.624878e-17
5001.000000 9.530634e-15 1.614700e-17
5003.000000 9.656243e-15 1.611372e-17
5005.000000 9.615097e-15 1.612543e-17
5007.000000 9.384944e-15 1.610473e-17
5009.000000 9.049559e-15 1.593077e-17
5011.000000 8.692475e-15 1.574694e-17
5013.000000 8.640147e-15 1.563362e-17
5015.000000 8.960342e-15 1.565186e-17
5017.000000 9.289951e-15 1.565381e-17
5019.000000 9.413251e-15 1.584952e-17
5021.000000 9.433017e-15 1.572591e-17
5023.000000 9.484848e-15 1.571100e-17
5025.000000 9.418915e-15 1.571465e-17
5027.000000 9.273080e-15 1.561732e-17
5029.000000 9.200360e-15 1.555049e-17
5031.000000 9.089634e-15 1.553765e-17
5033.000000 8.993679e-15 1.554538e-17
5035.000000 8.980845e-15 1.542236e-17
5037.000000 8.901232e-15 1.538621e-17
5039.000000 8.676112e-15 1.531983e-17
5041.000000 8.560446e-15 1.526931e-17
5043.000000 8.493102e-15 1.517317e-17
5045.000000 8.436181e-15 1.518417e-17
5047.000000 8.564803e-15 1.532046e-17
5049.000000 8.767510e-15 1.529782e-17
5051.000000 8.873821e-15 1.529811e-17
5053.000000 8.796418e-15 1.536762e-17
5055.000000 8.827282e-15 1.541177e-17
5057.000000 9.111251e-15 1.549226e-17
5059.000000 9.392784e-15 1.552802e-17
5061.000000 9.608178e-15 1.563214e-17
5063.000000 9.499187e-15 1.567232e-17
5065.000000 9.035789e-15 1.544429e-17
5067.000000 8.542806e-15 1.530686e-17
5069.000000 8.257465e-15 1.515789e-17
5071.000000 8.469340e-15 1.516837e-17
5073.000000 8.931175e-15 1.537422e-17
5075.000000 9.304455e-15 1.545799e-17
5077.000000 9.346318e-15 1.540314e-17
5079.000000 9.196310e-15 1.532929e-17
5081.000000 9.198054e-15 1.527969e-17
5083.000000 9.344068e-15 1.540181e-17
5085.000000 9.549089e-15 1.548013e-17
5087.000000 9.743156e-15 1.560265e-17
5089.000000 9.817741e-15 1.558187e-17
5091.000000 9.749702e-15 1.556577e-17
5093.000000 9.506565e-15 1.558472e-17
5095.000000 9.222190e-15 1.532534e-17
5097.000000 9.163798e-15 1.522683e-17
5099.000000 9.202106e-15 1.523803e-17
5101.000000 9.202398e-15 1.525321e-17
5103.000000 9.228692e-15 1.525367e-17
5105.000000 9.194383e-15 1.525294e-17
5107.000000 9.053856e-15 1.511814e-17
5109.000000 8.928176e-15 1.494779e-17
5111.000000 8.915070e-15 1.505941e-17
5113.000000 8.992209e-15 1.506696e-17
5115.000000 9.147293e-15 1.513319e-17
5117.000000 9.276521e-15 1.524420e-17
5119.000000 9.387920e-15 1.521188e-17
5121.000000 9.511737e-15 1.518935e-17
5123.000000 9.559693e-15 1.513611e-17
5125.000000 9.462097e-15 1.503258e-17
5127.000000 9.261478e-15 1.503209e-17
5129.000000 9.126799e-15 1.500773e-17
5131.000000 9.153277e-15 1.515309e-17
5133.000000 9.194742e-15 1.534844e-17
5135.000000 9.057130e-15 1.528733e-17
5137.000000 8.864040e-15 1.524837e-17
5139.000000 8.831193e-15 1.516660e-17
5141.000000 9.003981e-15 1.521166e-17
5143.000000 9.244053e-15 1.535823e-17
5145.000000 9.480454e-15 1.539841e-17
5147.000000 9.579565e-15 1.544270e-17
5149.000000 9.395895e-15 1.548202e-17
5151.000000 9.042695e-15 1.543630e-17
5153.000000 8.746555e-15 1.529747e-17
5155.000000 8.590903e-15 1.532320e-17
5157.000000 8.551887e-15 1.526524e-17
5159.000000 8.713380e-15 1.523970e-17
5161.000000 8.972156e-15 1.526158e-17
5163.000000 9.099730e-15 1.521471e-17
5165.000000 9.061393e-15 1.496790e-17
5167.000000 8.947982e-15 1.485042e-17
5169.000000 8.789174e-15 1.471815e-17
5171.000000 8.632561e-15 1.455602e-17
5173.000000 8.635730e-15 1.468787e-17
5175.000000 8.682925e-15 1.474395e-17
5177.000000 8.759167e-15 1.494021e-17
5179.000000 8.863094e-15 1.488231e-17
5181.000000 8.820787e-15 1.470870e-17
5183.000000 8.773917e-15 1.456715e-17
5185.000000 8.920974e-15 1.483092e-17
5187.000000 9.167059e-15 1.515537e-17
5189.000000 9.347364e-15 1.528701e-17
5191.000000 9.232709e-15 1.514316e-17
5193.000000 8.794528e-15 1.491161e-17
5195.000000 8.112719e-15 1.503724e-17
5197.000000 7.357866e-15 1.543900e-17
5199.000000 6.905150e-15 1.563589e-17
5201.000000 6.857634e-15 1.543199e-17
5203.000000 7.205057e-15 1.502571e-17
5205.000000 7.871188e-15 1.481114e-17
5207.000000 8.462444e-15 1.480606e-17
5209.000000 8.552814e-15 1.482677e-17
5211.000000 8.149829e-15 1.470943e-17
5213.000000 7.642785e-15 1.449334e-17
5215.000000 7.568926e-15 1.446097e-17
5217.000000 8.077083e-15 1.475126e-17
5219.000000 8.524257e-15 1.501395e-17
5221.000000 8.533532e-15 1.511619e-17
5223.000000 8.455649e-15 1.515839e-17
5225.000000 8.546394e-15 1.498210e-17
5227.000000 8.737472e-15 1.484486e-17
5229.000000 8.940925e-15 1.492756e-17
5231.000000 9.040335e-15 1.506945e-17
5233.000000 8.887918e-15 1.495985e-17
5235.000000 8.573896e-15 1.484027e-17
5237.000000 8.255391e-15 1.503007e-17
5239.000000 8.223536e-15 1.506988e-17
5241.000000 8.567293e-15 1.500655e-17
5243.000000 8.895736e-15 1.488684e-17
5245.000000 9.034320e-15 1.477110e-17
5247.000000 9.179587e-15 1.488219e-17
5249.000000 9.353374e-15 1.493394e-17
5251.000000 9.373384e-15 1.490513e-17
5253.000000 9.107082e-15 1.504988e-17
5255.000000 8.727390e-15 1.514122e-17
5257.000000 8.555544e-15 1.506304e-17
5259.000000 8.697302e-15 1.494713e-17
5261.000000 8.912426e-15 1.471039e-17
5263.000000 9.088204e-15 1.458874e-17
5265.000000 9.236179e-15 1.449086e-17
5267.000000 9.436512e-15 1.456259e-17
5269.000000 9.561516e-15 1.470754e-17
5271.000000 9.547685e-15 1.484549e-17
5273.000000 9.593589e-15 1.502968e-17
5275.000000 9.592985e-15 1.511570e-17
5277.000000 9.359847e-15 1.509046e-17
5279.000000 9.078863e-15 1.487916e-17
5281.000000 8.985749e-15 1.465443e-17
5283.000000 9.056084e-15 1.463346e-17
5285.000000 9.235383e-15 1.475058e-17
5287.000000 9.416656e-15 1.486651e-17
5289.000000 9.417439e-15 1.499385e-17
5291.000000 9.105927e-15 1.492578e-17
5293.000000 8.560590e-15 1.469582e-17
5295.000000 8.075591e-15 1.457807e-17
5297.000000 7.836504e-15 1.456803e-17
5299.000000 7.838400e-15 1.454234e-17
5301.000000 8.015243e-15 1.464842e-17
5303.000000 8.352070e-15 1.459253e-17
5305.000000 8.789150e-15 1.477477e-17
5307.000000 9.110320e-15 1.483147e-17
5309.000000 9.293785e-15 1.495560e-17
5311.000000 9.345295e-15 1.498099e-17
5313.000000 9.284889e-15 1.489039e-17
5315.000000 9.252976e-15 1.483831e-17
5317.000000 9.475161e-15 1.491177e-17
5319.000000 9.815474e-15 1.499292e-17
5321.000000 9.944671e-15 1.495696e-17
5323.000000 9.872572e-15 1.504005e-17
5325.000000 9.655857e-15 1.488228e-17
5327.000000 9.343295e-15 1.484886e-17
5329.000000 9.093978e-15 1.488829e-17
5331.000000 9.064968e-15 1.497754e-17
5333.000000 9.352359e-15 1.493528e-17
5335.000000 9.675411e-15 1.500487e-17
5337.000000 9.874065e-15 1.507873e-17
5339.000000 9.988047e-15 1.509049e-17
5341.000000 1.002945e-14 1.501400e-17
5343.000000 9.991294e-15 1.508345e-17
5345.000000 9.830402e-15 1.524472e-17
5347.000000 9.652644e-15 1.543153e-17
5349.000000 9.589206e-15 1.537150e-17
5351.000000 9.624030e-15 1.537733e-17
5353.000000 9.490040e-15 1.542907e-17
5355.000000 9.054472e-15 1.536007e-17
5357.000000 8.368659e-15 1.526091e-17
5359.000000 7.703061e-15 1.516557e-17
5361.000000 7.888878e-15 1.512309e-17
5363.000000 8.869877e-15 1.496558e-17
5365.000000 9.483870e-15 1.501098e-17
5367.000000 9.630443e-15 1.498261e-17
5369.000000 9.662716e-15 1.489878e-17
5371.000000 9.632984e-15 1.501301e-17
5373.000000 9.487099e-15 1.482943e-17
5375.000000 9.448463e-15 1.482242e-17
5377.000000 9.443621e-15 1.490232e-17
5379.000000 9.410674e-15 1.477425e-17
5381.000000 9.499211e-15 1.481813e-17
5383.000000 9.732483e-15 1.482252e-17
5385.000000 9.983631e-15 1.489448e-17
5387.000000 1.017277e-14 1.490112e-17
5389.000000 1.027783e-14 1.485434e-17
5391.000000 1.019811e-14 1.478504e-17
5393.000000 9.940982e-15 1.469275e-17
5395.000000 9.640279e-15 1.458254e-17
5397.000000 9.419380e-15 1.454265e-17
5399.000000 9.278394e-15 1.453406e-17
5401.000000 9.174526e-15 1.443196e-17
5403.000000 9.238437e-15 1.434819e-17
5405.000000 9.500977e-15 1.451878e-17
5407.000000 9.828704e-15 1.462064e-17
5409.000000 9.997649e-15 1.463539e-17
5411.000000 9.944096e-15 1.457264e-17
5413.000000 9.818018e-15 1.461040e-17
5415.000000 9.750838e-15 1.470140e-17
5417.000000 9.708165e-15 1.460166e-17
5419.000000 9.620145e-15 1.462633e-17
5421.000000 9.498993e-15 1.448512e-17
5423.000000 9.376681e-15 1.441155e-17
5425.000000 9.246973e-15 1.431489e-17
5427.000000 9.141676e-15 1.430626e-17
5429.000000 9.166521e-15 1.426111e-17
5431.000000 9.235353e-15 1.426891e-17
5433.000000 9.178098e-15 1.430040e-17
5435.000000 8.999609e-15 1.420387e-17
5437.000000 8.818357e-15 1.419241e-17
5439.000000 8.793305e-15 1.417855e-17
5441.000000 8.969499e-15 1.422439e-17
5443.000000 9.228515e-15 1.424485e-17
5445.000000 9.451135e-15 1.431679e-17
5447.000000 9.590933e-15 1.436020e-17
5449.000000 9.684711e-15 1.436912e-17
5451.000000 9.720072e-15 1.445799e-17
5453.000000 9.639240e-15 1.439542e-17
5455.000000 9.566703e-15 1.443937e-17
5457.000000 9.510459e-15 1.481785e-17
5459.000000 9.358806e-15 1.559471e-17
5461.000000 9.184874e-15 1.590635e-17
5463.000000 9.086508e-15 1.539388e-17
5465.000000 9.074318e-15 1.470183e-17
5467.000000 9.177246e-15 1.451648e-17
5469.000000 9.429607e-15 1.453341e-17
5471.000000 9.734039e-15 1.458809e-17
5473.000000 9.928639e-15 1.455170e-17
5475.000000 9.812894e-15 1.445366e-17
5477.000000 9.489931e-15 1.425682e-17
5479.000000 9.369705e-15 1.416449e-17
5481.000000 9.508030e-15 1.425900e-17
5483.000000 9.583886e-15 1.434670e-17
5485.000000 9.441256e-15 1.429688e-17
5487.000000 9.274723e-15 1.423999e-17
5489.000000 9.309535e-15 1.420187e-17
5491.000000 9.462808e-15 1.421648e-17
5493.000000 9.495673e-15 1.431013e-17
5495.000000 9.414089e-15 1.424669e-17
5497.000000 9.434123e-15 1.430676e-17
5499.000000 9.615033e-15 1.441462e-17
5501.000000 9.645861e-15 1.446433e-17
5503.000000 9.431366e-15 1.438064e-17
5505.000000 9.153270e-15 1.430702e-17
5507.000000 8.987295e-15 1.431194e-17
5509.000000 9.017123e-15 1.436761e-17
5511.000000 9.157498e-15 1.437138e-17
5513.000000 9.236447e-15 1.444675e-17
5515.000000 8.912292e-15 1.448642e-17
5517.000000 8.483406e-15 1.470043e-17
5519.000000 9.032487e-15 1.453534e-17
5521.000000 9.584789e-15 1.441983e-17
5523.000000 9.690796e-15 1.445383e-17
5525.000000 9.684403e-15 1.444220e-17
5527.000000 9.666150e-15 1.434548e-17
5529.000000 9.654280e-15 1.435085e-17
5531.000000 9.611834e-15 1.437289e-17
5533.000000 9.504380e-15 1.440098e-17
5535.000000 9.388397e-15 1.428804e-17
5537.000000 9.319480e-15 1.430088e-17
5539.000000 9.342854e-15 1.440364e-17
5541.000000 9.366424e-15 1.473101e-17
5543.000000 9.326543e-15 1.490498e-17
5545.000000 9.282330e-15 1.476919e-17
5547.000000 9.380833e-15 1.465974e-17
5549.000000 9.589152e-15 1.459800e-17
5551.000000 9.778162e-15 1.457021e-17
5553.000000 9.885593e-15 1.452948e-17
5555.000000 9.903341e-15 1.456920e-17
5557.000000 9.730920e-15 1.458634e-17
5559.000000 9.521859e-15 1.451303e-17
5561.000000 9.459709e-15 1.481324e-17
5563.000000 9.535092e-15 1.527623e-17
5565.000000 9.596180e-15 1.530262e-17
5567.000000 9.600005e-15 1.514380e-17
5569.000000 9.486714e-15 4.795832e-14
5571.000000 8.877323e-15 8.062258e-14
5573.000000 5.359612e-15 9.746795e-14
5575.000000 -1.435702e-15 1.100001e-13
5577.000000 -2.956420e-15 1.048810e-13
5579.000000 2.296846e-15 9.165155e-14
5581.000000 8.969369e-15 9.000001e-14
5583.000000 1.058728e-14 8.366600e-14
5585.000000 1.010959e-14 8.660254e-14
5587.000000 9.894451e-15 8.246211e-14
5589.000000 9.852094e-15 8.306624e-14
5591.000000 9.917365e-15 7.348469e-14
5593.000000 9.848469e-15 8.366600e-14
5595.000000 9.640198e-15 8.246211e-14
5597.000000 9.475943e-15 8.185353e-14
5599.000000 9.425841e-15 8.544004e-14
5601.000000 9.420869e-15 6.928203e-14
5603.000000 9.349221e-15 6.082763e-14
5605.000000 9.309571e-15 4.898980e-14
5607.000000 9.401343e-15 3.162278e-14
5609.000000 9.526422e-15 1.732051e-14
5611.000000 9.627869e-15 1.732051e-14
5613.000000 9.661496e-15 1.000001e-14
5615.000000 9.579667e-15 1.000001e-14
5617.000000 9.399242e-15 1.467517e-17
5619.000000 9.176077e-15 1.455169e-17
5621.000000 8.975904e-15 1.470690e-17
5623.000000 8.942027e-15 1.485804e-17
5625.000000 9.046301e-15 1.483423e-17
5627.000000 9.095175e-15 1.453304e-17
5629.000000 9.072118e-15 1.444975e-17
5631.000000 9.009444e-15 7.615773e-14
5633.000000 8.756093e-15 1.356466e-13
5635.000000 8.219912e-15 1.539480e-13
5637.000000 7.529665e-15 1.643168e-13
5639.000000 8.175133e-15 1.452584e-13
5641.000000 9.444552e-15 8.944272e-14
5643.000000 9.789258e-15 6.855655e-14
5645.000000 9.642527e-15 1.480377e-17
5647.000000 9.398916e-15 1.469818e-17
5649.000000 9.261594e-15 1.441470e-17
5651.000000 9.314552e-15 1.441757e-17
5653.000000 9.429067e-15 1.456282e-17
5655.000000 9.438048e-15 1.443631e-17
5657.000000 9.418921e-15 1.440368e-17
5659.000000 9.482676e-15 1.449174e-17
5661.000000 9.633026e-15 1.458655e-17
5663.000000 9.748034e-15 1.466608e-17
5665.000000 9.785426e-15 1.472469e-17
5667.000000 9.841584e-15 1.483491e-17
5669.000000 9.879641e-15 1.496680e-17
5671.000000 9.670450e-15 1.487008e-17
5673.000000 9.399015e-15 1.475367e-17
5675.000000 9.382140e-15 1.476110e-17
5677.000000 9.480631e-15 1.476680e-17
5679.000000 9.537041e-15 1.493175e-17
5681.000000 9.540017e-15 1.524573e-17
5683.000000 9.509433e-15 1.557603e-17
5685.000000 9.463579e-15 1.573424e-17
5687.000000 9.360995e-15 1.596731e-17
5689.000000 9.206552e-15 1.590584e-17
5691.000000 9.070727e-15 1.587139e-17
5693.000000 9.004954e-15 1.556955e-17
5695.000000 9.081237e-15 1.530266e-17
5697.000000 9.190817e-15 1.515304e-17
5699.000000 9.234000e-15 1.501273e-17
5701.000000 9.290575e-15 1.490634e-17
5703.000000 9.362617e-15 1.490899e-17
5705.000000 9.514956e-15 1.485578e-17
5707.000000 9.679925e-15 1.477828e-17
5709.000000 9.774604e-15 1.470019e-17
5711.000000 9.825860e-15 1.471056e-17
5713.000000 9.811443e-15 1.463128e-17
5715.000000 9.648132e-15 1.465720e-17
5717.000000 9.422066e-15 1.458150e-17
5719.000000 9.337659e-15 1.455611e-17
5721.000000 9.308813e-15 1.452038e-17
5723.000000 9.370238e-15 1.458268e-17
5725.000000 9.555484e-15 1.458326e-17
5727.000000 9.677234e-15 1.463725e-17
5729.000000 9.640745e-15 1.458865e-17
5731.000000 9.556833e-15 1.453240e-17
5733.000000 9.456482e-15 1.455771e-17
5735.000000 9.339156e-15 1.449505e-17
5737.000000 9.253778e-15 1.449913e-17
5739.000000 9.154929e-15 1.443582e-17
5741.000000 9.010191e-15 1.444513e-17
5743.000000 8.923720e-15 1.444290e-17
5745.000000 9.006987e-15 1.440902e-17
5747.000000 9.194987e-15 1.443309e-17
5749.000000 9.413247e-15 1.447301e-17
5751.000000 9.584035e-15 1.449157e-17
5753.000000 9.730336e-15 1.448683e-17
5755.000000 9.900851e-15 1.451615e-17
5757.000000 1.000355e-14 1.453546e-17
5759.000000 9.885296e-15 1.450011e-17
5761.000000 9.704712e-15 1.454118e-17
5763.000000 9.652426e-15 1.451989e-17
5765.000000 9.663518e-15 1.467644e-17
5767.000000 9.690622e-15 1.478116e-17
5769.000000 9.709010e-15 1.492560e-17
5771.000000 9.669201e-15 1.492979e-17
5773.000000 9.666379e-15 1.472819e-17
5775.000000 9.719314e-15 1.467478e-17
5777.000000 9.740519e-15 1.468154e-17
5779.000000 9.751430e-15 1.465123e-17
5781.000000 9.752442e-15 1.462413e-17
5783.000000 9.701158e-15 1.460716e-17
5785.000000 9.557594e-15 1.458545e-17
5787.000000 9.470824e-15 1.469109e-17
5789.000000 9.542891e-15 1.482925e-17
5791.000000 9.667952e-15 1.492991e-17
5793.000000 9.699716e-15 1.489579e-17
5795.000000 9.619347e-15 1.468917e-17
5797.000000 9.535854e-15 1.461603e-17
5799.000000 9.542652e-15 1.467830e-17
5801.000000 9.679726e-15 1.474831e-17
5803.000000 9.810184e-15 1.475326e-17
5805.000000 9.828132e-15 1.481414e-17
5807.000000 9.814999e-15 1.478431e-17
5809.000000 9.834858e-15 1.488301e-17
5811.000000 9.789362e-15 1.479747e-17
5813.000000 9.599976e-15 1.483356e-17
5815.000000 9.306917e-15 1.475943e-17
5817.000000 9.096571e-15 1.477415e-17
5819.000000 9.225209e-15 1.486332e-17
5821.000000 9.434322e-15 1.491826e-17
5823.000000 9.562708e-15 1.494885e-17
5825.000000 9.663054e-15 1.493356e-17
5827.000000 9.782015e-15 1.491986e-17
5829.000000 9.917498e-15 1.497170e-17
5831.000000 9.971101e-15 1.501327e-17
5833.000000 9.919725e-15 1.499124e-17
5835.000000 9.923902e-15 1.501318e-17
5837.000000 9.937216e-15 1.496553e-17
5839.000000 9.870569e-15 1.492525e-17
5841.000000 9.841537e-15 1.496116e-17
5843.000000 9.865655e-15 1.495236e-17
5845.000000 9.892823e-15 1.504994e-17
5847.000000 9.847461e-15 1.504089e-17
5849.000000 9.774967e-15 1.503477e-17
5851.000000 9.806923e-15 1.506440e-17
5853.000000 9.864256e-15 1.511633e-17
5855.000000 9.921846e-15 1.517778e-17
5857.000000 1.001649e-14 1.517225e-17
5859.000000 1.003768e-14 1.515052e-17
5861.000000 1.004678e-14 1.527632e-17
5863.000000 9.990530e-15 1.579608e-17
5865.000000 9.882463e-15 1.677067e-17
5867.000000 9.773985e-15 1.717548e-17
5869.000000 9.697697e-15 1.669297e-17
5871.000000 9.762435e-15 1.591537e-17
5873.000000 9.947928e-15 1.557370e-17
5875.000000 1.013444e-14 1.541495e-17
5877.000000 1.015504e-14 1.520412e-17
5879.000000 1.000253e-14 1.500967e-17
5881.000000 9.836297e-15 1.486135e-17
5883.000000 9.669633e-15 1.501684e-17
5885.000000 9.198265e-15 1.613866e-17
5887.000000 8.251290e-15 2.118512e-17
5889.000000 7.461214e-15 2.488425e-17
5891.000000 7.428940e-15 2.439764e-17
5893.000000 7.808447e-15 2.192064e-17
5895.000000 8.184705e-15 2.119450e-17
5897.000000 8.578149e-15 2.065672e-17
5899.000000 8.947543e-15 1.724952e-17
5901.000000 9.239106e-15 1.501940e-17
5903.000000 9.478562e-15 1.502784e-17
5905.000000 9.623024e-15 1.538973e-17
5907.000000 9.647970e-15 1.531119e-17
5909.000000 9.616828e-15 1.513099e-17
5911.000000 9.578039e-15 1.508492e-17
5913.000000 9.453682e-15 1.598194e-17
5915.000000 9.343245e-15 1.652422e-17
5917.000000 9.275770e-15 1.615080e-17
5919.000000 9.176994e-15 1.525492e-17
5921.000000 8.914788e-15 1.509698e-17
5923.000000 8.424062e-15 1.541690e-17
5925.000000 8.003729e-15 1.550258e-17
5927.000000 7.881475e-15 1.537564e-17
5929.000000 8.061497e-15 1.545227e-17
5931.000000 8.318524e-15 1.657665e-17
5933.000000 8.596738e-15 1.687074e-17
5935.000000 8.969075e-15 1.644259e-17
5937.000000 9.250235e-15 1.547890e-17
5939.000000 9.313456e-15 1.505116e-17
5941.000000 9.191980e-15 1.496552e-17
5943.000000 9.056891e-15 1.520424e-17
5945.000000 8.987082e-15 1.549946e-17
5947.000000 9.017504e-15 1.546538e-17
5949.000000 9.109212e-15 1.522277e-17
5951.000000 9.151043e-15 1.605677e-17
5953.000000 9.215703e-15 1.654907e-17
5955.000000 9.322583e-15 1.646009e-17
5957.000000 9.386811e-15 1.552292e-17
5959.000000 9.453358e-15 1.511640e-17
5961.000000 9.492617e-15 1.518819e-17
5963.000000 9.479035e-15 1.508638e-17
5965.000000 9.373870e-15 1.502024e-17
5967.000000 9.263510e-15 1.513674e-17
5969.000000 9.263149e-15 1.536929e-17
5971.000000 9.354871e-15 1.545909e-17
5973.000000 9.388747e-15 1.538586e-17
5975.000000 9.242731e-15 1.568275e-17
5977.000000 9.146276e-15 1.587109e-17
5979.000000 9.270791e-15 1.558629e-17
5981.000000 9.384001e-15 1.511045e-17
5983.000000 9.357056e-15 1.490933e-17
5985.000000 9.254932e-15 1.482739e-17
5987.000000 9.222867e-15 1.480510e-17
5989.000000 9.243478e-15 1.482606e-17
5991.000000 9.262645e-15 1.487641e-17
5993.000000 9.359696e-15 1.488088e-17
5995.000000 9.448727e-15 1.494042e-17
5997.000000 9.486955e-15 1.512524e-17
5999.000000 9.490342e-15 1.504050e-17
6001.000000 9.497869e-15 1.512606e-17
6003.000000 9.482225e-15 1.526642e-17
6005.000000 9.312751e-15 1.525174e-17
6007.000000 8.826567e-15 1.495160e-17
6009.000000 8.643822e-15 1.484595e-17
6011.000000 9.144840e-15 1.460730e-17
6013.000000 9.392083e-15 1.451894e-17
6015.000000 9.495410e-15 1.448806e-17
6017.000000 9.673406e-15 1.461251e-17
6019.000000 9.602194e-15 1.444211e-17
6021.000000 9.523204e-15 1.440711e-17
6023.000000 9.564163e-15 1.446199e-17
6025.000000 9.579761e-15 1.452465e-17
6027.000000 9.579551e-15 1.462990e-17
6029.000000 9.591013e-15 1.462211e-17
6031.000000 9.574214e-15 1.465420e-17
6033.000000 9.551893e-15 1.477292e-17
6035.000000 9.500489e-15 1.464903e-17
6037.000000 9.482580e-15 1.455302e-17
6039.000000 9.422682e-15 1.440198e-17
6041.000000 9.345969e-15 1.432829e-17
6043.000000 9.321414e-15 1.429229e-17
6045.000000 9.317804e-15 1.421919e-17
6047.000000 9.387762e-15 1.420069e-17
6049.000000 9.450480e-15 1.421635e-17
6051.000000 9.410421e-15 1.422650e-17
6053.000000 9.361671e-15 1.419706e-17
6055.000000 9.404827e-15 1.416980e-17
6057.000000 9.521521e-15 1.426452e-17
6059.000000 9.560895e-15 1.435130e-17
6061.000000 9.296865e-15 1.438073e-17
6063.000000 8.979258e-15 1.439771e-17
6065.000000 9.273208e-15 1.440521e-17
6067.000000 9.587140e-15 1.442617e-17
6069.000000 9.588095e-15 1.440748e-17
6071.000000 9.684368e-15 1.430478e-17
6073.000000 9.794783e-15 1.423248e-17
6075.000000 9.711233e-15 1.413860e-17
6077.000000 9.650935e-15 1.412960e-17
6079.000000 9.718171e-15 1.414296e-17
6081.000000 9.831309e-15 1.412063e-17
6083.000000 9.928775e-15 1.411505e-17
6085.000000 9.930632e-15 1.409368e-17
6087.000000 9.814667e-15 1.415721e-17
6089.000000 9.683709e-15 1.407719e-17
6091.000000 9.647642e-15 1.402145e-17
6093.000000 9.708307e-15 1.403149e-17
6095.000000 9.741666e-15 1.417042e-17
6097.000000 9.645346e-15 1.423181e-17
6099.000000 9.490121e-15 1.412472e-17
6101.000000 9.404906e-15 1.414105e-17
6103.000000 9.531350e-15 1.419294e-17
6105.000000 9.722879e-15 1.422574e-17
6107.000000 9.807954e-15 1.428626e-17
6109.000000 9.812866e-15 1.419863e-17
6111.000000 9.789482e-15 1.418949e-17
6113.000000 9.727997e-15 1.422984e-17
6115.000000 9.605559e-15 1.408910e-17
6117.000000 9.499180e-15 1.396772e-17
6119.000000 9.480807e-15 1.397468e-17
6121.000000 9.449938e-15 1.396973e-17
6123.000000 9.427510e-15 1.398212e-17
6125.000000 9.478051e-15 1.398196e-17
6127.000000 9.476521e-15 1.394678e-17
6129.000000 9.470293e-15 1.390188e-17
6131.000000 9.527377e-15 1.393919e-17
6133.000000 9.471965e-15 1.395563e-17
6135.000000 9.232176e-15 1.417178e-17
6137.000000 9.118538e-15 1.425089e-17
6139.000000 9.169507e-15 1.441049e-17
6141.000000 9.266975e-15 1.446890e-17
6143.000000 9.440585e-15 1.453208e-17
6145.000000 9.576688e-15 1.453969e-17
6147.000000 9.596995e-15 1.420223e-17
6149.000000 9.597674e-15 1.404361e-17
6151.000000 9.588665e-15 1.414089e-17
6153.000000 9.514623e-15 1.426959e-17
6155.000000 9.355232e-15 1.429909e-17
6157.000000 9.197139e-15 1.433922e-17
6159.000000 9.198457e-15 1.440477e-17
6161.000000 9.297011e-15 1.436418e-17
6163.000000 9.366276e-15 1.422551e-17
6165.000000 9.451594e-15 1.406886e-17
6167.000000 9.478641e-15 1.426409e-17
6169.000000 9.304807e-15 1.475591e-17
6171.000000 9.052786e-15 1.483487e-17
6173.000000 8.868731e-15 1.443050e-17
6175.000000 8.829244e-15 1.403543e-17
6177.000000 9.025908e-15 1.396991e-17
6179.000000 9.288666e-15 1.386697e-17
6181.000000 9.446122e-15 1.381140e-17
6183.000000 9.446902e-15 1.386968e-17
6185.000000 9.335096e-15 1.386620e-17
6187.000000 9.302578e-15 1.382631e-17
6189.000000 9.342407e-15 1.383499e-17
6191.000000 9.296018e-15 1.398088e-17
6193.000000 9.183698e-15 1.396445e-17
6195.000000 9.025485e-15 1.386798e-17
6197.000000 8.730865e-15 1.359959e-17
6199.000000 8.515794e-15 1.366868e-17
6201.000000 8.547441e-15 1.427432e-17
6203.000000 8.701351e-15 1.445775e-17
6205.000000 8.792012e-15 1.418116e-17
6207.000000 8.856942e-15 1.363041e-17
6209.000000 8.927835e-15 1.360400e-17
6211.000000 8.976206e-15 1.380075e-17
6213.000000 9.072803e-15 1.386399e-17
6215.000000 9.175962e-15 1.396076e-17
6217.000000 9.210496e-15 1.379345e-17
6219.000000 9.175465e-15 1.424220e-17
6221.000000 9.090805e-15 1.467209e-17
6223.000000 8.985572e-15 1.462821e-17
6225.000000 8.901119e-15 1.395822e-17
6227.000000 8.882913e-15 1.355537e-17
6229.000000 8.971483e-15 1.359697e-17
6231.000000 9.120850e-15 1.421219e-17
6233.000000 9.129518e-15 1.621172e-17
6235.000000 8.897140e-15 1.764940e-17
6237.000000 8.727447e-15 1.732222e-17
6239.000000 8.905924e-15 1.604436e-17
6241.000000 9.240282e-15 1.534000e-17
6243.000000 9.421481e-15 1.515458e-17
6245.000000 9.341506e-15 1.457331e-17
6247.000000 9.146750e-15 1.405626e-17
6249.000000 8.938249e-15 1.375592e-17
6251.000000 8.817110e-15 1.356052e-17
6253.000000 8.733490e-15 1.368327e-17
6255.000000 8.615728e-15 1.541888e-17
6257.000000 8.566737e-15 1.697770e-17
6259.000000 8.615716e-15 1.699295e-17
6261.000000 8.713148e-15 1.548737e-17
6263.000000 8.704619e-15 1.481587e-17
6265.000000 8.579607e-15 1.490199e-17
6267.000000 8.562259e-15 1.479231e-17
6269.000000 8.681984e-15 1.407848e-17
6271.000000 8.818427e-15 1.374883e-17
6273.000000 8.794212e-15 1.384502e-17
6275.000000 8.615840e-15 1.391849e-17
6277.000000 8.359262e-15 1.386906e-17
6279.000000 8.202063e-15 1.358702e-17
6281.000000 8.251216e-15 1.336813e-17
6283.000000 8.387390e-15 1.361335e-17
6285.000000 8.491279e-15 1.543293e-17
6287.000000 8.492501e-15 1.642627e-17
6289.000000 8.421248e-15 1.600632e-17
6291.000000 8.341962e-15 1.423377e-17
6293.000000 8.320500e-15 1.351426e-17
6295.000000 8.189052e-15 1.451916e-17
6297.000000 7.645642e-15 2.043716e-17
6299.000000 7.062084e-15 2.695031e-17
6301.000000 7.000335e-15 2.722687e-17
6303.000000 7.390974e-15 2.210504e-17
6305.000000 7.973039e-15 1.749087e-17
6307.000000 8.496622e-15 1.709080e-17
6309.000000 8.745228e-15 1.608745e-17
6311.000000 8.881848e-15 1.409074e-17
6313.000000 9.000762e-15 1.351840e-17
6315.000000 9.018048e-15 1.337193e-17
6317.000000 8.960524e-15 1.346323e-17
6319.000000 8.959194e-15 1.414767e-17
6321.000000 8.998195e-15 1.461539e-17
6323.000000 9.101106e-15 1.444346e-17
6325.000000 9.159751e-15 1.394481e-17
6327.000000 9.061494e-15 1.507054e-17
6329.000000 8.943135e-15 1.610391e-17
6331.000000 8.885746e-15 1.600419e-17
6333.000000 8.890753e-15 1.443619e-17
6335.000000 8.902483e-15 1.342151e-17
6337.000000 8.881372e-15 1.333050e-17
6339.000000 8.888055e-15 1.339030e-17
6341.000000 8.961071e-15 1.353006e-17
6343.000000 9.144784e-15 1.355380e-17
6345.000000 9.277808e-15 1.391904e-17
6347.000000 9.180942e-15 1.415755e-17
6349.000000 9.037999e-15 1.426539e-17
6351.000000 8.946086e-15 1.385729e-17
6353.000000 8.814496e-15 1.406296e-17
6355.000000 8.709208e-15 1.493519e-17
6357.000000 8.714882e-15 1.504853e-17
6359.000000 8.759208e-15 1.467824e-17
6361.000000 8.666116e-15 1.684953e-17
6363.000000 8.575047e-15 1.892206e-17
6365.000000 8.674501e-15 1.867370e-17
6367.000000 8.872950e-15 1.565505e-17
6369.000000 9.037509e-15 1.362516e-17
6371.000000 8.972355e-15 1.332067e-17
6373.000000 8.782715e-15 1.335879e-17
6375.000000 8.859747e-15 1.331481e-17
6377.000000 9.050013e-15 1.356767e-17
6379.000000 9.109447e-15 1.374202e-17
6381.000000 9.120325e-15 1.367217e-17
6383.000000 9.158357e-15 1.378683e-17
6385.000000 9.193894e-15 1.414875e-17
6387.000000 9.205794e-15 1.431563e-17
6389.000000 9.134798e-15 1.380826e-17
6391.000000 9.052264e-15 1.331368e-17
6393.000000 9.042781e-15 1.324686e-17
6395.000000 8.965548e-15 1.316031e-17
6397.000000 8.825308e-15 1.309688e-17
6399.000000 8.812883e-15 1.303531e-17
6401.000000 8.906387e-15 1.302656e-17
6403.000000 9.052349e-15 1.306674e-17
6405.000000 9.204336e-15 1.315032e-17
6407.000000 9.312569e-15 1.311061e-17
6409.000000 9.445322e-15 1.309010e-17
6411.000000 9.453718e-15 1.319737e-17
6413.000000 9.410957e-15 1.339270e-17
6415.000000 9.363274e-15 1.329496e-17
6417.000000 9.273568e-15 1.325762e-17
6419.000000 9.232488e-15 1.347789e-17
6421.000000 9.253195e-15 1.349019e-17
6423.000000 9.338389e-15 1.334276e-17
6425.000000 9.389375e-15 1.312059e-17
6427.000000 9.321118e-15 1.311952e-17
6429.000000 9.168991e-15 1.301367e-17
6431.000000 9.090912e-15 1.294401e-17
6433.000000 9.135622e-15 1.296431e-17
6435.000000 9.153646e-15 1.296753e-17
6437.000000 9.111380e-15 1.294689e-17
6439.000000 9.131344e-15 1.294182e-17
6441.000000 9.230108e-15 1.294817e-17
6443.000000 9.320677e-15 1.296949e-17
6445.000000 9.312894e-15 1.303257e-17
6447.000000 9.241163e-15 1.306386e-17
6449.000000 9.188065e-15 1.316786e-17
6451.000000 9.173690e-15 1.329377e-17
6453.000000 9.183793e-15 1.335958e-17
6455.000000 9.085359e-15 1.335979e-17
6457.000000 8.929047e-15 1.326071e-17
6459.000000 8.944276e-15 1.326309e-17
6461.000000 9.064580e-15 1.383531e-17
6463.000000 9.075264e-15 1.485029e-17
6465.000000 9.004865e-15 1.545846e-17
6467.000000 8.882919e-15 1.541418e-17
6469.000000 8.719521e-15 1.530651e-17
6471.000000 8.774472e-15 1.508841e-17
6473.000000 8.890385e-15 1.427316e-17
6475.000000 8.962035e-15 1.344950e-17
6477.000000 9.053086e-15 1.337037e-17
6479.000000 9.184905e-15 1.345107e-17
6481.000000 9.312649e-15 1.313424e-17
6483.000000 9.315697e-15 1.289543e-17
6485.000000 9.160186e-15 1.277671e-17
6487.000000 9.044427e-15 1.268320e-17
6489.000000 9.057340e-15 1.274282e-17
6491.000000 9.093917e-15 1.278802e-17
6493.000000 9.091372e-15 1.293393e-17
6495.000000 8.981090e-15 1.414904e-17
6497.000000 8.798641e-15 1.641411e-17
6499.000000 8.715505e-15 1.691979e-17
6501.000000 8.767764e-15 1.589088e-17
6503.000000 8.825140e-15 1.458860e-17
6505.000000 8.504036e-15 1.440090e-17
6507.000000 8.365045e-15 1.396182e-17
6509.000000 9.011680e-15 1.316159e-17
6511.000000 9.578157e-15 1.323300e-17
6513.000000 9.770072e-15 1.324456e-17
6515.000000 9.657060e-15 1.333331e-17
6517.000000 9.319397e-15 1.289395e-17
6519.000000 9.107927e-15 1.307215e-17
6521.000000 9.055216e-15 1.370910e-17
6523.000000 9.074641e-15 1.385992e-17
6525.000000 9.188401e-15 1.353505e-17
6527.000000 9.211892e-15 1.312815e-17
6529.000000 8.970214e-15 1.353287e-17
6531.000000 8.530465e-15 1.532630e-17
6533.000000 8.143289e-15 1.596653e-17
6535.000000 8.116968e-15 1.512751e-17
6537.000000 8.421391e-15 1.339294e-17
6539.000000 8.735582e-15 1.304756e-17
6541.000000 8.901482e-15 1.373297e-17
6543.000000 8.945938e-15 1.426916e-17
6545.000000 9.029578e-15 1.422571e-17
6547.000000 9.166667e-15 1.360267e-17
6549.000000 9.120900e-15 1.335117e-17
6551.000000 8.911702e-15 1.524061e-17
6553.000000 8.746329e-15 1.652236e-17
6555.000000 8.838472e-15 1.605399e-17
6557.000000 9.015937e-15 1.403331e-17
6559.000000 9.086787e-15 1.325596e-17
6561.000000 9.141709e-15 1.379937e-17
6563.000000 9.180205e-15 1.410827e-17
6565.000000 9.180761e-15 1.394480e-17
6567.000000 9.183765e-15 1.400897e-17
6569.000000 9.148590e-15 1.407796e-17
6571.000000 9.114061e-15 1.379592e-17
6573.000000 9.056505e-15 1.354444e-17
6575.000000 9.054979e-15 1.490708e-17
6577.000000 9.134319e-15 1.570297e-17
6579.000000 9.160223e-15 1.517875e-17
6581.000000 9.133990e-15 1.362171e-17
6583.000000 8.995518e-15 1.288166e-17
6585.000000 8.821974e-15 1.292258e-17
6587.000000 8.843499e-15 1.284523e-17
6589.000000 8.980490e-15 1.291945e-17
6591.000000 8.974628e-15 1.294306e-17
6593.000000 8.840921e-15 1.309578e-17
6595.000000 8.631929e-15 1.343140e-17
6597.000000 8.226421e-15 1.340029e-17
6599.000000 7.672948e-15 1.295721e-17
6601.000000 7.345131e-15 1.301398e-17
6603.000000 7.594094e-15 1.380718e-17
6605.000000 8.124840e-15 1.399042e-17
6607.000000 8.524084e-15 1.333006e-17
6609.000000 8.705489e-15 1.277087e-17
6611.000000 8.767763e-15 1.269470e-17
6613.000000 8.847960e-15 1.276458e-17
6615.000000 8.959791e-15 1.288933e-17
6617.000000 9.054283e-15 1.294411e-17
6619.000000 9.099898e-15 1.292351e-17
6621.000000 9.129373e-15 1.287852e-17
6623.000000 9.148135e-15 1.287973e-17
6625.000000 9.137961e-15 1.302078e-17
6627.000000 9.101467e-15 1.312810e-17
6629.000000 8.975450e-15 1.304451e-17
6631.000000 8.744013e-15 1.302107e-17
6633.000000 8.730746e-15 1.332105e-17
6635.000000 8.892047e-15 1.340601e-17
6637.000000 9.050530e-15 1.323366e-17
6639.000000 9.121981e-15 1.305512e-17
6641.000000 9.120581e-15 1.298210e-17
6643.000000 9.069619e-15 1.294389e-17
6645.000000 8.997482e-15 1.289836e-17
6647.000000 8.970816e-15 1.283572e-17
6649.000000 9.077431e-15 1.283589e-17
6651.000000 9.372290e-15 1.285993e-17
6653.000000 9.689891e-15 1.308049e-17
6655.000000 9.602206e-15 1.299560e-17
6657.000000 9.339374e-15 1.288827e-17
6659.000000 9.228436e-15 1.296797e-17
6661.000000 9.221404e-15 1.309527e-17
6663.000000 9.171970e-15 1.317222e-17
6665.000000 9.024963e-15 1.324944e-17
6667.000000 8.950982e-15 1.334485e-17
6669.000000 8.925930e-15 1.325524e-17
6671.000000 8.873885e-15 1.296114e-17
6673.000000 8.829551e-15 1.281109e-17
6675.000000 8.869386e-15 1.272743e-17
6677.000000 8.962079e-15 1.265237e-17
6679.000000 8.976745e-15 1.266813e-17
6681.000000 8.963761e-15 1.266344e-17
6683.000000 8.938533e-15 1.278704e-17
6685.000000 8.880589e-15 1.295307e-17
6687.000000 8.904896e-15 1.294788e-17
6689.000000 8.981448e-15 1.312182e-17
6691.000000 9.003039e-15 1.306877e-17
6693.000000 9.012438e-15 1.305359e-17
6695.000000 9.010952e-15 1.293741e-17
6697.000000 9.004770e-15 1.301499e-17
6699.000000 8.947212e-15 1.305176e-17
6701.000000 8.839850e-15 1.300004e-17
6703.000000 8.802638e-15 1.293436e-17
6705.000000 8.856822e-15 1.293662e-17
6707.000000 8.911113e-15 1.299270e-17
6709.000000 8.940255e-15 1.301786e-17
6711.000000 8.994726e-15 1.310770e-17
6713.000000 8.987947e-15 1.313968e-17
6715.000000 8.900530e-15 1.319845e-17
6717.000000 8.771015e-15 1.316017e-17
6719.000000 8.739363e-15 1.301875e-17
6721.000000 8.834544e-15 1.285533e-17
6723.000000 8.924700e-15 1.284268e-17
6725.000000 8.967789e-15 1.278073e-17
6727.000000 8.952554e-15 1.275638e-17
6729.000000 8.936542e-15 1.285725e-17
6731.000000 8.844338e-15 1.294538e-17
6733.000000 8.764843e-15 1.303073e-17
6735.000000 8.786560e-15 1.303380e-17
6737.000000 8.789372e-15 1.307735e-17
6739.000000 8.786306e-15 1.312071e-17
6741.000000 8.806485e-15 1.318843e-17
6743.000000 8.736939e-15 1.314637e-17
6745.000000 8.700941e-15 1.302159e-17
6747.000000 8.762609e-15 1.289807e-17
6749.000000 8.835271e-15 1.288999e-17
6751.000000 8.754548e-15 1.274337e-17
6753.000000 8.608834e-15 1.274604e-17
6755.000000 8.515308e-15 1.280674e-17
6757.000000 8.523165e-15 1.283025e-17
6759.000000 8.551062e-15 1.291018e-17
6761.000000 8.613559e-15 1.301708e-17
6763.000000 8.707297e-15 1.302364e-17
6765.000000 8.781303e-15 1.294533e-17
6767.000000 8.805723e-15 1.290902e-17
6769.000000 8.766289e-15 1.288038e-17
6771.000000 8.753680e-15 1.279279e-17
6773.000000 8.751810e-15 1.281253e-17
6775.000000 8.730121e-15 1.283233e-17
6777.000000 8.664435e-15 1.282316e-17
6779.000000 8.673756e-15 1.289538e-17
6781.000000 8.760930e-15 1.295891e-17
6783.000000 8.754630e-15 1.308196e-17
6785.000000 8.706324e-15 1.311039e-17
6787.000000 8.660953e-15 1.310495e-17
6789.000000 8.617308e-15 1.305041e-17
6791.000000 8.616686e-15 1.293214e-17
6793.000000 8.633998e-15 1.286559e-17
6795.000000 8.712674e-15 1.283067e-17
6797.000000 8.809677e-15 1.288432e-17
6799.000000 8.876501e-15 1.294150e-17
6801.000000 8.887819e-15 1.304384e-17
6803.000000 8.802620e-15 1.299789e-17
6805.000000 8.728753e-15 1.300758e-17
6807.000000 8.725767e-15 1.301844e-17
6809.000000 8.719253e-15 1.305131e-17
6811.000000 8.737555e-15 1.293745e-17
6813.000000 8.797885e-15 1.303251e-17
6815.000000 8.841409e-15 1.304249e-17
6817.000000 8.842221e-15 1.303629e-17
6819.000000 8.814088e-15 1.305887e-17
6821.000000 8.746485e-15 1.307093e-17
6823.000000 8.505798e-15 1.329327e-17
6825.000000 8.231456e-15 1.516071e-17
6827.000000 8.134170e-15 1.835493e-17
6829.000000 8.125157e-15 1.976438e-17
6831.000000 8.008772e-15 2.014156e-17
6833.000000 8.029207e-15 1.958729e-17
6835.000000 8.263209e-15 1.868041e-17
6837.000000 8.394254e-15 1.641436e-17
6839.000000 8.356843e-15 1.479472e-17
6841.000000 8.493369e-15 1.498226e-17
6843.000000 8.690594e-15 1.478036e-17
6845.000000 8.715644e-15 1.388259e-17
6847.000000 8.726744e-15 1.343344e-17
6849.000000 9.063542e-15 1.350765e-17
6851.000000 9.520545e-15 1.444818e-17
6853.000000 9.156828e-15 1.333167e-17
6855.000000 8.654073e-15 1.313815e-17
6857.000000 8.482459e-15 1.319386e-17
6859.000000 8.197512e-15 1.419311e-17
6861.000000 7.879138e-15 1.911668e-17
6863.000000 8.131051e-15 2.296554e-17
6865.000000 8.550696e-15 2.407672e-17
6867.000000 8.580674e-15 2.159498e-17
6869.000000 8.746357e-15 1.987031e-17
6871.000000 9.394392e-15 2.039572e-17
6873.000000 9.616491e-15 1.928935e-17
6875.000000 9.529515e-15 1.727391e-17
6877.000000 9.334721e-15 1.651659e-17
6879.000000 8.986721e-15 1.648650e-17
6881.000000 8.764548e-15 1.618392e-17
6883.000000 8.741863e-15 1.565062e-17
6885.000000 8.643220e-15 1.535335e-17
6887.000000 8.810405e-15 1.753727e-17
6889.000000 8.831353e-15 1.841087e-17
6891.000000 8.815693e-15 1.782688e-17
6893.000000 8.865514e-15 1.643694e-17
6895.000000 8.802370e-15 1.553442e-17
6897.000000 8.754400e-15 1.581745e-17
6899.000000 8.843210e-15 1.730268e-17
6901.000000 8.749975e-15 1.744526e-17
6903.000000 9.016245e-15 1.683993e-17
6905.000000 8.932720e-15 1.510765e-17
6907.000000 9.060448e-15 1.497420e-17
6909.000000 8.837012e-15 1.616628e-17
6911.000000 8.706034e-15 1.801848e-17
6913.000000 8.855949e-15 1.838257e-17
6915.000000 8.904994e-15 1.683208e-17
6917.000000 8.674855e-15 1.464474e-17
6919.000000 8.511739e-15 1.540044e-17
6921.000000 8.352061e-15 1.863735e-17
6923.000000 8.741606e-15 2.049504e-17
6925.000000 8.908162e-15 1.908806e-17
6927.000000 8.802094e-15 1.575534e-17
6929.000000 8.843331e-15 1.465240e-17
6931.000000 9.005656e-15 1.442933e-17
6933.000000 8.955766e-15 1.439726e-17
6935.000000 8.771627e-15 1.467022e-17
6937.000000 8.638524e-15 1.633903e-17
6939.000000 8.702197e-15 1.752390e-17
6941.000000 8.811022e-15 1.730248e-17
6943.000000 8.644903e-15 1.539472e-17
6945.000000 8.440030e-15 1.598819e-17
6947.000000 8.425636e-15 1.951948e-17
6949.000000 8.655462e-15 2.113243e-17
6951.000000 8.854500e-15 1.959545e-17
6953.000000 8.736455e-15 1.591395e-17
6955.000000 8.609872e-15 1.482272e-17
6957.000000 8.840058e-15 1.487012e-17
6959.000000 8.969437e-15 1.470288e-17
6961.000000 9.073502e-15 1.473429e-17
6963.000000 8.980979e-15 1.460204e-17
6965.000000 8.824160e-15 1.463243e-17
6967.000000 8.647912e-15 1.530588e-17
6969.000000 8.664407e-15 1.613593e-17
6971.000000 8.498942e-15 1.574583e-17
6973.000000 8.589101e-15 3.316625e-14
6975.000000 8.430303e-15 3.316625e-14
6977.000000 8.589271e-15 3.316625e-14
6979.000000 8.867150e-15 3.316625e-14
6981.000000 8.950011e-15 3.316625e-14
6983.000000 8.741641e-15 3.316625e-14
6985.000000 8.583749e-15 3.316625e-14
6987.000000 8.594149e-15 3.316625e-14
6989.000000 8.586831e-15 3.316625e-14
6991.000000 8.601448e-15 3.316625e-14
6993.000000 8.635993e-15 3.316625e-14
6995.000000 8.639616e-15 3.316625e-14
6997.000000 8.717887e-15 3.316625e-14
6999.000000 8.789860e-15 3.316625e-14
7001.000000 8.797258e-15 3.316625e-14
7003.000000 8.728614e-15 3.316625e-14
7005.000000 8.705473e-15 3.316625e-14
7007.000000 8.550622e-15 3.316625e-14
7009.000000 8.608854e-15 4.795832e-14
7011.000000 8.679275e-15 5.385165e-14
7013.000000 8.606486e-15 5.385165e-14
7015.000000 8.314356e-15 5.385165e-14
7017.000000 8.252169e-15 5.385165e-14
7019.000000 8.455628e-15 5.385165e-14
7021.000000 8.479180e-15 5.385165e-14
7023.000000 8.516567e-15 5.385165e-14
7025.000000 8.286780e-15 5.385165e-14
7027.000000 8.281503e-15 6.324555e-14
7029.000000 8.574838e-15 6.324555e-14
7031.000000 8.896304e-15 6.324555e-14
7033.000000 8.955508e-15 6.324555e-14
7035.000000 8.866752e-15 6.324555e-14
7037.000000 8.743671e-15 6.324555e-14
7039.000000 8.700992e-15 6.324555e-14
7041.000000 8.740408e-15 6.324555e-14
7043.000000 8.759508e-15 6.324555e-14
7045.000000 8.606723e-15 6.324556e-14
7047.000000 8.549228e-15 6.324556e-14
7049.000000 8.635895e-15 6.324556e-14
7051.000000 8.643634e-15 6.324556e-14
7053.000000 8.575980e-15 6.324556e-14
7055.000000 8.513883e-15 6.633250e-14
7057.000000 8.566874e-15 7.141429e-14
7059.000000 8.552686e-15 7.141429e-14
7061.000000 8.628915e-15 7.141429e-14
7063.000000 8.665054e-15 7.141429e-14
7065.000000 8.631282e-15 7.141429e-14
7067.000000 8.589152e-15 7.141429e-14
7069.000000 8.663904e-15 7.141429e-14
7071.000000 8.673165e-15 7.141429e-14
7073.000000 8.651950e-15 7.141429e-14
7075.000000 8.625391e-15 7.141429e-14
7077.000000 8.582206e-15 7.141429e-14
7079.000000 8.655607e-15 7.549835e-14
7081.000000 8.498503e-15 7.549835e-14
7083.000000 8.698553e-15 8.366600e-14
7085.000000 8.535592e-15 8.366600e-14
7087.000000 8.555696e-15 8.366600e-14
7089.000000 8.798260e-15 8.366600e-14
7091.000000 8.674163e-15 8.366600e-14
7093.000000 8.688142e-15 9.000000e-14
7095.000000 8.465265e-15 9.000000e-14
7097.000000 8.347737e-15 9.000000e-14
7099.000000 8.296080e-15 9.000000e-14
7101.000000 8.209931e-15 9.000000e-14
7103.000000 8.227577e-15 9.000000e-14
7105.000000 8.192234e-15 9.000000e-14
7107.000000 7.973483e-15 9.000000e-14
7109.000000 7.887252e-15 9.000000e-14
7111.000000 7.933936e-15 9.000000e-14
7113.000000 7.790922e-15 9.273619e-14
7115.000000 8.241992e-15 9.695360e-14
7117.000000 8.392880e-15 9.695360e-14
7119.000000 8.418333e-15 9.695360e-14
7121.000000 8.518527e-15 9.899495e-14
7123.000000 8.404926e-15 9.949874e-14
7125.000000 8.219279e-15 9.949874e-14
7127.000000 8.041566e-15 9.949874e-14
7129.000000 7.938577e-15 9.949874e-14
7131.000000 7.967187e-15 9.949874e-14
7133.000000 7.843704e-15 9.949874e-14
7135.000000 7.997481e-15 1.019804e-13
7137.000000 7.939758e-15 1.077033e-13
7139.000000 7.754856e-15 1.077033e-13
7141.000000 7.810949e-15 1.077033e-13
7143.000000 7.942424e-15 1.077033e-13
7145.000000 8.063254e-15 1.077033e-13
7147.000000 8.151283e-15 1.077033e-13
7149.000000 8.187003e-15 1.077033e-13
7151.000000 8.122050e-15 1.077033e-13
7153.000000 7.950670e-15 1.077033e-13
7155.000000 7.953415e-15 1.077033e-13
7157.000000 8.028129e-15 1.077033e-13
7159.000000 8.087191e-15 1.077033e-13
7161.000000 7.870995e-15 1.077033e-13
7163.000000 7.764763e-15 1.153256e-13
7165.000000 8.019337e-15 1.240967e-13
7167.000000 7.978004e-15 1.249000e-13
7169.000000 7.984578e-15 1.249000e-13
7171.000000 8.007251e-15 1.249000e-13
7173.000000 8.193593e-15 1.249000e-13
7175.000000 8.515058e-15 1.249000e-13
7177.000000 8.675845e-15 1.249000e-13
7179.000000 8.247671e-15 1.249000e-13
7181.000000 8.113745e-15 1.249000e-13
7183.000000 8.157959e-15 1.249000e-13
7185.000000 8.364953e-15 1.292285e-13
7187.000000 8.319483e-15 1.292285e-13
7189.000000 8.191982e-15 1.292285e-13
7191.000000 8.120719e-15 1.292285e-13
7193.000000 8.347534e-15 1.315295e-13
7195.000000 8.549168e-15 1.315295e-13
7197.000000 8.317688e-15 1.315295e-13
7199.000000 8.261526e-15 1.356466e-13
7201.000000 8.258844e-15 1.371131e-13
7203.000000 8.347443e-15 1.424781e-13
7205.000000 8.156604e-15 1.424781e-13
7207.000000 8.174251e-15 1.424781e-13
7209.000000 8.335049e-15 1.424781e-13
7211.000000 8.453060e-15 1.424781e-13
7213.000000 8.347461e-15 1.424781e-13
7215.000000 8.227575e-15 1.424781e-13
7217.000000 8.192055e-15 1.424781e-13
7219.000000 8.067178e-15 1.424781e-13
7221.000000 7.537941e-15 1.424781e-13
7223.000000 7.826392e-15 1.496663e-13
7225.000000 8.162656e-15 1.496663e-13
7227.000000 8.218614e-15 1.496663e-13
7229.000000 8.097494e-15 1.496663e-13
7231.000000 7.902351e-15 1.496663e-13
7233.000000 7.969580e-15 1.496663e-13
7235.000000 8.294520e-15 1.496663e-13
7237.000000 8.404410e-15 1.496663e-13
7239.000000 8.440483e-15 1.496663e-13
7241.000000 8.522167e-15 1.496663e-13
7243.000000 8.191731e-15 1.496663e-13
7245.000000 8.189189e-15 1.500000e-13
7247.000000 8.170496e-15 1.503330e-13
7249.000000 7.841352e-15 1.503330e-13
7251.000000 7.751188e-15 1.503330e-13
7253.000000 7.725067e-15 1.503330e-13
7255.000000 8.058646e-15 1.536229e-13
7257.000000 8.193485e-15 1.536229e-13
7259.000000 8.096660e-15 1.536229e-13
7261.000000 8.006601e-15 1.536229e-13
7263.000000 7.996345e-15 1.536229e-13
7265.000000 7.674206e-15 1.539480e-13
7267.000000 7.311100e-15 1.565248e-13
7269.000000 7.449856e-15 1.600000e-13
7271.000000 8.043161e-15 1.600000e-13
7273.000000 8.248341e-15 1.600000e-13
7275.000000 8.052946e-15 1.596872e-13
7277.000000 7.750285e-15 1.596872e-13
7279.000000 9.069002e-15 1.606238e-13
7281.000000 8.996237e-15 1.606238e-13
7283.000000 8.618189e-15 1.606238e-13
7285.000000 8.737868e-15 1.606238e-13
7287.000000 8.634904e-15 1.606238e-13
7289.000000 8.349518e-15 1.606238e-13
7291.000000 8.226116e-15 1.603122e-13
7293.000000 8.320524e-15 1.603122e-13
7295.000000 8.345342e-15 1.603122e-13
7297.000000 8.412221e-15 1.603122e-13
7299.000000 8.300748e-15 1.603122e-13
7301.000000 8.219661e-15 1.603122e-13
7303.000000 8.024250e-15 1.603122e-13
7305.000000 8.183821e-15 1.603122e-13
7307.000000 8.277086e-15 1.603122e-13
7309.000000 7.988540e-15 1.603122e-13
7311.000000 8.029946e-15 1.640122e-13
7313.000000 8.107503e-15 1.661325e-13
7315.000000 7.869462e-15 1.661325e-13
7317.000000 8.140422e-15 1.661325e-13
7319.000000 8.578032e-15 1.661325e-13
7321.000000 8.415516e-15 1.661325e-13
7323.000000 8.070798e-15 1.658312e-13
7325.000000 7.934851e-15 1.658312e-13
7327.000000 7.042145e-15 1.670329e-13
7329.000000 7.765799e-15 1.743560e-13
7331.000000 7.587699e-15 1.743560e-13
7333.000000 7.980244e-15 1.754993e-13
7335.000000 8.055052e-15 1.754993e-13
7337.000000 7.986997e-15 1.754993e-13
7339.000000 7.627193e-15 1.772005e-13
7341.000000 8.094453e-15 1.772005e-13
7343.000000 8.305664e-15 1.769181e-13
7345.000000 8.847193e-15 1.769181e-13
7347.000000 8.532687e-15 1.769181e-13
7349.000000 7.681929e-15 1.769181e-13
7351.000000 7.803506e-15 1.819341e-13
7353.000000 8.009661e-15 1.835756e-13
7355.000000 7.800560e-15 1.835756e-13
7357.000000 7.585484e-15 1.835756e-13
7359.000000 7.695116e-15 1.835756e-13
7361.000000 8.114580e-15 1.838478e-13
7363.000000 8.080968e-15 1.838478e-13
7365.000000 8.240533e-15 1.857418e-13
7367.000000 7.566915e-15 1.857418e-13
7369.000000 7.238773e-15 1.860108e-13
7371.000000 7.869704e-15 1.865476e-13
7373.000000 8.035859e-15 1.865476e-13
7375.000000 8.231656e-15 1.886796e-13
7377.000000 7.927272e-15 1.889444e-13
7379.000000 8.011355e-15 1.889444e-13
7381.000000 8.334557e-15 1.889444e-13
7383.000000 8.307342e-15 1.889444e-13
7385.000000 7.945107e-15 1.889444e-13
7387.000000 7.960800e-15 1.897367e-13
7389.000000 7.790214e-15 1.902630e-13
7391.000000 7.934786e-15 1.918333e-13
7393.000000 8.069023e-15 1.918333e-13
7395.000000 8.086056e-15 1.918333e-13
7397.000000 8.107514e-15 1.918333e-13
7399.000000 7.862641e-15 1.918333e-13
7401.000000 7.298744e-15 1.918333e-13
7403.000000 7.657317e-15 1.918333e-13
7405.000000 8.047562e-15 1.918333e-13
7407.000000 8.246255e-15 1.933908e-13
7409.000000 8.175687e-15 1.931321e-13
7411.000000 8.187347e-15 1.928730e-13
7413.000000 8.056375e-15 1.926136e-13
7415.000000 8.122460e-15 1.926136e-13
7417.000000 8.220207e-15 1.926136e-13
7419.000000 8.310164e-15 1.936492e-13
7421.000000 8.240370e-15 1.936492e-13
7423.000000 8.126160e-15 1.936492e-13
7425.000000 8.072301e-15 1.939072e-13
7427.000000 7.992327e-15 1.939072e-13
7429.000000 7.421617e-15 1.944222e-13
7431.000000 7.621778e-15 1.972308e-13
7433.000000 7.890814e-15 1.972308e-13
7435.000000 8.138063e-15 1.972308e-13
7437.000000 8.182592e-15 1.972308e-13
7439.000000 7.790886e-15 2.002498e-13
7441.000000 8.056829e-15 2.002498e-13
7443.000000 8.123596e-15 2.002498e-13
7445.000000 7.901958e-15 2.004994e-13
7447.000000 7.935754e-15 2.004994e-13
7449.000000 8.076915e-15 2.004994e-13
7451.000000 8.045020e-15 2.004994e-13
7453.000000 7.605567e-15 2.004994e-13
7455.000000 7.867059e-15 2.039608e-13
7457.000000 7.510680e-15 2.039608e-13
7459.000000 7.606755e-15 2.039608e-13
7461.000000 7.448360e-15 2.037155e-13
7463.000000 7.434571e-15 2.037155e-13
7465.000000 7.831650e-15 2.054264e-13
7467.000000 7.604093e-15 2.054264e-13
7469.000000 8.031240e-15 2.054264e-13
7471.000000 7.632201e-15 2.054264e-13
7473.000000 7.633103e-15 2.063977e-13
7475.000000 8.061458e-15 2.061553e-13
7477.000000 8.097717e-15 2.061553e-13
7479.000000 7.924242e-15 2.061553e-13
7481.000000 7.421515e-15 2.061553e-13
7483.000000 7.939542e-15 2.078461e-13
7485.000000 8.107743e-15 2.078461e-13
7487.000000 8.262862e-15 2.078461e-13
7489.000000 8.052810e-15 2.085665e-13
7491.000000 7.761938e-15 2.085665e-13
7493.000000 7.586894e-15 2.085665e-13
7495.000000 7.857790e-15 2.085665e-13
7497.000000 8.150392e-15 2.085665e-13
