3751.000000 2.324815e-16 2.645752e-14
3753.000000 1.542496e-16 2.645753e-14
3755.000000 1.282906e-16 2.645753e-14
3757.000000 1.171019e-16 2.645753e-14
3759.000000 1.994292e-16 2.645753e-14
3761.000000 2.329667e-16 2.645753e-14
3763.000000 1.744673e-16 2.645753e-14
3765.000000 1.792792e-16 2.645755e-14
3767.000000 2.366068e-16 2.645752e-14
3769.000000 2.292158e-16 2.645752e-14
3771.000000 1.678737e-16 2.645752e-14
3773.000000 1.018909e-16 2.645756e-14
3775.000000 7.562463e-17 2.645752e-14
3777.000000 1.228910e-16 2.645752e-14
3779.000000 1.643293e-16 2.645923e-14
3781.000000 1.881865e-16 2.645970e-14
3783.000000 1.797264e-16 2.645752e-14
3785.000000 1.705668e-16 2.645752e-14
3787.000000 1.467465e-16 2.645765e-14
3789.000000 2.798989e-17 2.646115e-14
3791.000000 4.612560e-17 2.645755e-14
3793.000000 1.761997e-16 2.646462e-14
3795.000000 1.406682e-16 2.645775e-14
3797.000000 1.115907e-16 2.645752e-14
3799.000000 9.526235e-17 2.645755e-14
3801.000000 5.943545e-17 2.645753e-14
3803.000000 7.223389e-17 2.645752e-14
3805.000000 1.319413e-16 2.645754e-14
3807.000000 1.251147e-16 1.732053e-14
3809.000000 9.859955e-17 1.732054e-14
3811.000000 9.495843e-17 1.732054e-14
3813.000000 2.489900e-17 1.732060e-14
3815.000000 -7.988266e-17 1.732053e-14
3817.000000 -7.949424e-17 1.732053e-14
3819.000000 2.757891e-17 1.732053e-14
3821.000000 3.213982e-17 1.732052e-14
3823.000000 -3.328234e-17 1.732052e-14
3825.000000 -3.824510e-17 1.732053e-14
3827.000000 6.517936e-17 1.732069e-14
3829.000000 1.344940e-16 1.732054e-14
3831.000000 5.578715e-17 1.732054e-14
3833.000000 2.579179e-18 1.732053e-14
3835.000000 -3.641181e-17 1.732057e-14
3837.000000 -2.193261e-17 1.732059e-14
3839.000000 1.121958e-17 1.732053e-14
3841.000000 4.183799e-17 1.735032e-14
3843.000000 4.992355e-17 1.732057e-14
3845.000000 1.913805e-17 1.732057e-14
3847.000000 3.187150e-17 1.732054e-14
3849.000000 8.430825e-17 1.732052e-14
3851.000000 6.951784e-17 1.732983e-14
3853.000000 5.151579e-17 1.732053e-14
3855.000000 3.567671e-17 1.732059e-14
3857.000000 2.131460e-17 1.732077e-14
3859.000000 6.939691e-17 1.732052e-14
3861.000000 1.461110e-16 1.732052e-14
3863.000000 1.375315e-16 1.732052e-14
3865.000000 5.002257e-17 1.732065e-14
3867.000000 3.586290e-17 1.732086e-14
3869.000000 6.382177e-17 1.732052e-14
3871.000000 4.791604e-17 1.732052e-14
3873.000000 5.733931e-17 1.809286e-14
3875.000000 6.821343e-17 1.732052e-14
3877.000000 7.293895e-17 1.732054e-14
3879.000000 3.361623e-17 1.732054e-14
3881.000000 3.124357e-17 1.732052e-14
3883.000000 3.455981e-17 1.732052e-14
3885.000000 1.740740e-17 1.732056e-14
3887.000000 2.722060e-17 1.732064e-14
3889.000000 5.625956e-17 1.732054e-14
3891.000000 7.203443e-17 1.732058e-14
3893.000000 4.162541e-17 1.770634e-14
3895.000000 2.179855e-17 1.732052e-14
3897.000000 7.671339e-18 1.732082e-14
3899.000000 -9.953865e-17 1.732058e-14
3901.000000 -8.249429e-17 1.732212e-14
3903.000000 8.811588e-17 1.732056e-14
3905.000000 1.295587e-16 1.732075e-14
3907.000000 1.148115e-16 1.732052e-14
3909.000000 1.189071e-16 1.732052e-14
3911.000000 1.183234e-16 1.732409e-14
3913.000000 1.011340e-16 1.732054e-14
3915.000000 4.555737e-17 1.732072e-14
3917.000000 5.997954e-17 1.732106e-14
3919.000000 1.123780e-16 1.732051e-14
3921.000000 1.137394e-16 1.732051e-14
3923.000000 8.649134e-17 1.732062e-14
3925.000000 9.317823e-17 1.732051e-14
3927.000000 9.568546e-17 1.732051e-14
3929.000000 3.009238e-17 1.732333e-14
3931.000000 -1.950255e-18 1.732052e-14
3933.000000 7.461427e-18 1.732053e-14
3935.000000 -6.285106e-18 1.732051e-14
3937.000000 -1.571058e-17 1.732051e-14
3939.000000 8.798088e-18 1.732053e-14
3941.000000 5.050816e-17 1.732052e-14
3943.000000 7.611392e-17 1.732052e-14
3945.000000 1.082882e-16 1.732051e-14
3947.000000 6.218633e-17 1.732063e-14
3949.000000 2.554460e-17 1.748540e-14
3951.000000 3.711431e-17 1.732055e-14
3953.000000 3.817541e-17 1.734482e-14
3955.000000 1.584859e-17 1.732501e-14
3957.000000 1.053276e-17 1.732053e-14
3959.000000 5.597842e-17 1.732052e-14
3961.000000 8.576639e-17 1.732051e-14
3963.000000 6.186753e-17 1.732051e-14
3965.000000 6.535098e-17 1.732052e-14
3967.000000 7.696592e-17 1.732060e-14
3969.000000 8.786518e-17 1.732051e-14
3971.000000 7.939324e-17 1.732056e-14
3973.000000 3.723901e-17 1.732052e-14
3975.000000 4.610969e-17 1.732055e-14
3977.000000 6.286800e-17 1.732056e-14
3979.000000 7.632597e-17 1.732062e-14
3981.000000 6.391178e-17 1.732052e-14
3983.000000 5.462979e-17 1.732052e-14
3985.000000 7.945963e-17 1.732051e-14
3987.000000 9.538081e-17 1.732052e-14
3989.000000 1.069315e-16 1.732057e-14
3991.000000 7.387113e-17 1.732059e-14
3993.000000 4.543081e-17 1.732056e-14
3995.000000 4.991686e-17 1.732052e-14
3997.000000 6.333991e-17 1.732056e-14
3999.000000 6.364891e-17 1.732058e-14
4001.000000 4.811414e-17 1.732062e-14
4003.000000 5.070301e-17 1.732054e-14
4005.000000 6.493590e-17 1.737171e-14
4007.000000 7.141805e-17 1.732212e-14
4009.000000 9.702357e-17 1.732052e-14
4011.000000 1.151083e-16 1.732068e-14
4013.000000 8.147485e-17 1.732051e-14
4015.000000 6.192963e-17 1.732057e-14
4017.000000 6.953763e-17 1.732064e-14
4019.000000 7.596254e-17 1.732151e-14
4021.000000 6.954595e-17 1.732304e-14
4023.000000 8.081748e-17 1.732060e-14
4025.000000 1.076835e-16 1.732187e-14
4027.000000 9.723497e-17 1.732079e-14
4029.000000 5.343512e-17 1.732051e-14
4031.000000 1.422824e-17 1.732051e-14
4033.000000 1.926560e-17 1.735117e-14
4035.000000 6.152317e-17 1.732062e-14
4037.000000 1.009398e-16 1.732051e-14
4039.000000 1.015201e-16 1.732051e-14
4041.000000 7.403266e-17 1.732057e-14
4043.000000 6.183842e-17 1.732052e-14
4045.000000 9.893265e-17 1.732051e-14
4047.000000 9.429951e-17 1.732053e-14
4049.000000 7.377184e-17 1.732052e-14
4051.000000 1.244458e-16 1.732051e-14
4053.000000 1.661346e-16 1.732051e-14
4055.000000 1.476373e-16 1.732051e-14
4057.000000 8.295030e-17 1.990574e-14
4059.000000 6.685480e-17 2.284120e-14
4061.000000 7.376744e-17 1.732053e-14
4063.000000 8.455507e-17 1.732052e-14
4065.000000 7.324872e-17 1.732051e-14
4067.000000 7.832849e-17 1.732051e-14
4069.000000 7.120301e-17 1.732055e-14
4071.000000 8.349283e-17 1.732157e-14
4073.000000 1.069176e-16 1.732051e-14
4075.000000 1.192014e-16 1.732059e-14
4077.000000 9.497589e-17 1.732053e-14
4079.000000 9.166678e-17 1.732051e-14
4081.000000 1.028674e-16 1.732051e-14
4083.000000 1.080900e-16 1.732051e-14
4085.000000 9.894294e-17 1.732051e-14
4087.000000 1.164096e-16 1.732057e-14
4089.000000 1.109264e-16 1.732051e-14
4091.000000 8.547807e-17 1.732051e-14
4093.000000 7.998199e-17 1.732051e-14
4095.000000 4.744133e-17 1.732054e-14
4097.000000 4.316081e-17 1.732057e-14
4099.000000 7.532696e-17 1.732251e-14
4101.000000 9.553430e-17 1.785532e-14
4103.000000 1.086299e-16 1.732051e-14
4105.000000 1.015364e-16 1.732051e-14
4107.000000 6.697145e-17 1.732052e-14
4109.000000 6.213069e-17 1.732051e-14
4111.000000 5.911046e-17 1.732051e-14
4113.000000 3.000181e-17 1.732060e-14
4115.000000 4.657063e-17 1.732057e-14
4117.000000 9.943582e-17 1.732051e-14
4119.000000 1.218558e-16 1.732053e-14
4121.000000 1.319997e-16 1.732051e-14
4123.000000 1.481025e-16 1.732051e-14
4125.000000 1.523709e-16 1.732051e-14
4127.000000 1.277289e-16 1.732051e-14
4129.000000 1.168272e-16 1.733153e-14
4131.000000 1.237529e-16 1.732053e-14
4133.000000 1.301003e-16 1.732051e-14
4135.000000 1.110915e-16 1.732051e-14
4137.000000 8.743479e-17 1.732052e-14
4139.000000 7.662029e-17 1.732051e-14
4141.000000 9.133417e-17 1.732051e-14
4143.000000 1.203578e-16 1.732052e-14
4145.000000 1.020994e-16 1.732059e-14
4147.000000 1.038648e-16 1.733865e-14
4149.000000 9.916319e-17 1.732121e-14
4151.000000 8.224958e-17 2.000001e-14
4153.000000 8.479828e-17 2.000001e-14
4155.000000 9.496637e-17 2.000008e-14
4157.000000 9.452101e-17 2.018958e-14
4159.000000 8.725740e-17 2.008692e-14
4161.000000 1.019766e-16 2.284865e-14
4163.000000 9.832905e-17 2.000001e-14
4165.000000 6.403030e-17 2.000001e-14
4167.000000 6.063804e-17 2.000498e-14
4169.000000 6.877728e-17 2.000007e-14
4171.000000 8.177962e-17 2.000002e-14
4173.000000 1.122556e-16 2.000036e-14
4175.000000 1.036563e-16 2.113544e-14
4177.000000 7.111204e-17 8.087593e-16
4179.000000 9.645170e-17 1.501245e-17
4181.000000 1.002705e-16 2.000003e-14
4183.000000 6.304180e-17 2.000001e-14
4185.000000 4.766189e-17 2.000005e-14
4187.000000 5.197444e-17 4.795843e-14
4189.000000 6.037785e-17 6.244998e-14
4191.000000 6.799088e-17 6.244999e-14
4193.000000 9.192750e-17 6.244998e-14
4195.000000 1.232206e-16 5.000000e-14
4197.000000 1.295060e-16 1.020358e-17
4199.000000 1.493492e-16 1.024154e-17
4201.000000 2.038710e-16 2.741880e-15
4203.000000 2.537968e-16 2.211064e-17
4205.000000 1.868559e-16 1.155952e-17
4207.000000 1.142614e-16 1.023675e-17
4209.000000 7.970409e-17 1.142813e-17
4211.000000 7.313388e-17 2.318527e-17
4213.000000 8.047934e-17 4.687320e-17
4215.000000 1.037060e-16 1.294590e-17
4217.000000 8.662219e-17 2.263759e-17
4219.000000 6.925985e-17 1.831315e-17
4221.000000 9.614045e-17 4.792340e-17
4223.000000 1.191162e-16 1.191189e-17
4225.000000 1.116782e-16 1.115721e-17
4227.000000 1.124658e-16 9.364704e-18
4229.000000 1.076580e-16 9.290006e-18
4231.000000 8.120483e-17 1.423547e-17
4233.000000 8.626116e-17 1.368536e-17
4235.000000 8.657608e-17 1.581836e-17
4237.000000 8.297874e-17 2.970608e-17
4239.000000 9.877675e-17 4.936391e-17
4241.000000 9.572709e-17 5.527994e-17
4243.000000 7.952000e-17 1.635779e-17
4245.000000 6.490652e-17 1.498972e-17
4247.000000 8.784770e-17 4.613536e-17
4249.000000 1.035404e-16 1.987834e-17
4251.000000 1.086904e-16 2.063057e-17
4253.000000 1.087211e-16 1.209014e-17
4255.000000 1.212540e-16 1.322320e-17
4257.000000 1.116287e-16 1.100277e-17
4259.000000 8.210274e-17 1.655591e-17
4261.000000 7.170227e-17 3.248952e-17
4263.000000 7.582401e-17 2.642871e-17
4265.000000 7.188149e-17 1.228003e-14
4267.000000 7.503587e-17 2.603472e-17
4269.000000 1.016746e-16 1.140758e-16
4271.000000 1.040147e-16 9.692262e-17
4273.000000 9.878875e-17 1.334791e-17
4275.000000 9.117738e-17 1.295272e-17
4277.000000 8.800444e-17 5.763275e-16
4279.000000 8.933386e-17 2.933244e-17
4281.000000 9.079300e-17 2.685591e-17
4283.000000 9.255092e-17 1.052748e-17
4285.000000 8.952996e-17 9.592904e-17
4287.000000 7.228680e-17 2.348525e-17
4289.000000 8.531985e-17 2.519451e-17
4291.000000 1.077072e-16 3.457966e-15
4293.000000 1.026550e-16 1.113028e-17
4295.000000 7.779759e-17 1.478367e-17
4297.000000 7.343879e-17 9.430253e-17
4299.000000 8.688436e-17 9.775973e-18
4301.000000 1.094996e-16 2.158740e-17
4303.000000 1.090585e-16 8.706386e-18
4305.000000 9.016090e-17 8.332779e-18
4307.000000 7.162765e-17 2.909783e-16
4309.000000 7.997770e-17 2.699502e-16
4311.000000 1.007562e-16 1.479239e-16
4313.000000 8.998913e-17 1.108258e-16
4315.000000 9.274337e-17 1.355884e-17
4317.000000 1.041449e-16 6.901177e-16
4319.000000 1.131123e-16 2.011147e-17
4321.000000 1.159456e-16 1.609944e-17
4323.000000 9.662374e-17 1.068257e-17
4325.000000 6.805685e-17 5.924112e-17
4327.000000 7.844233e-17 1.769592e-15
4329.000000 9.721662e-17 7.406411e-15
4331.000000 1.085726e-16 2.225133e-17
4333.000000 9.401020e-17 4.297412e-17
4335.000000 8.989760e-17 2.924740e-17
4337.000000 9.334068e-17 2.205099e-15
4339.000000 9.116630e-17 4.774510e-17
4341.000000 8.850929e-17 1.226746e-15
4343.000000 8.734143e-17 3.037755e-16
4345.000000 9.311422e-17 1.351197e-17
4347.000000 8.357847e-17 1.724834e-17
4349.000000 9.674327e-17 8.666745e-17
4351.000000 1.124710e-16 1.644721e-16
4353.000000 1.079981e-16 1.832594e-17
4355.000000 8.759308e-17 1.310088e-17
4357.000000 7.189409e-17 1.974319e-17
4359.000000 8.809293e-17 5.333616e-17
4361.000000 8.527277e-17 1.302671e-17
4363.000000 8.258492e-17 3.434975e-17
4365.000000 8.162626e-17 1.059121e-17
4367.000000 7.822966e-17 1.727575e-17
4369.000000 7.900965e-17 1.596003e-17
4371.000000 9.960278e-17 2.120351e-17
4373.000000 9.889445e-17 3.511632e-14
4375.000000 8.981470e-17 9.447621e-18
4377.000000 7.413150e-17 3.201382e-16
4379.000000 7.205645e-17 6.123156e-17
4381.000000 8.984727e-17 1.373429e-17
4383.000000 9.936417e-17 7.767424e-17
4385.000000 1.033777e-16 1.326071e-17
4387.000000 1.066279e-16 4.179513e-17
4389.000000 1.082701e-16 3.501206e-14
4391.000000 9.451879e-17 2.831731e-16
4393.000000 8.632744e-17 6.568158e-17
4395.000000 8.778535e-17 2.362267e-17
4397.000000 9.700295e-17 3.246040e-17
4399.000000 9.770541e-17 2.630119e-17
4401.000000 9.182947e-17 1.897859e-16
4403.000000 9.773213e-17 3.969043e-14
4405.000000 1.022259e-16 2.396210e-17
4407.000000 9.851669e-17 4.477902e-17
4409.000000 7.605975e-17 3.514929e-17
4411.000000 8.229540e-17 2.244546e-17
4413.000000 7.979379e-17 3.652770e-16
4415.000000 7.914248e-17 3.040152e-17
4417.000000 9.028460e-17 1.255190e-17
4419.000000 1.132450e-16 3.759416e-17
4421.000000 1.252885e-16 2.000003e-14
4423.000000 1.340218e-16 2.000275e-14
4425.000000 1.300163e-16 4.374761e-14
4427.000000 1.232980e-16 6.082763e-14
4429.000000 1.047054e-16 6.403142e-14
4431.000000 1.232130e-16 6.244998e-14
4433.000000 1.279291e-16 5.000000e-14
4435.000000 1.040245e-16 2.236079e-14
4437.000000 9.799013e-17 1.593243e-17
4439.000000 7.925236e-17 1.359726e-17
4441.000000 8.157651e-17 9.706720e-18
4443.000000 7.348416e-17 1.158398e-17
4445.000000 6.675693e-17 6.839161e-17
4447.000000 6.751750e-17 2.747588e-17
4449.000000 8.275337e-17 1.342506e-16
4451.000000 8.990331e-17 1.280424e-17
4453.000000 7.381243e-17 2.484289e-17
4455.000000 6.360460e-17 2.821489e-17
4457.000000 3.276758e-17 1.286639e-17
4459.000000 3.709953e-18 1.242043e-16
4461.000000 5.112864e-17 3.525022e-17
4463.000000 8.064073e-17 1.345043e-17
4465.000000 1.034777e-16 4.036151e-17
4467.000000 1.204472e-16 2.137451e-16
4469.000000 1.287444e-16 2.423285e-17
4471.000000 1.177056e-16 2.417337e-17
4473.000000 1.035188e-16 2.273151e-17
4475.000000 1.054271e-16 1.083107e-17
4477.000000 1.032372e-16 1.178611e-17
4479.000000 9.430282e-17 1.031085e-17
4481.000000 1.094733e-16 1.091274e-16
4483.000000 1.303122e-16 9.244987e-18
4485.000000 1.205127e-16 1.031333e-17
4487.000000 1.004476e-16 1.493877e-17
4489.000000 1.058976e-16 1.503496e-17
4491.000000 1.027127e-16 9.424499e-18
4493.000000 8.682621e-17 2.622528e-17
4495.000000 8.340356e-17 1.608179e-17
4497.000000 7.729633e-17 3.707366e-16
4499.000000 7.890488e-17 2.003542e-16
4501.000000 1.034018e-16 1.106799e-17
4503.000000 9.644090e-17 3.813125e-17
4505.000000 7.538547e-17 1.301085e-16
4507.000000 6.466513e-17 8.577430e-18
4509.000000 5.626451e-17 8.266467e-18
4511.000000 5.360097e-17 9.517948e-18
4513.000000 6.590573e-17 1.178004e-14
4515.000000 7.879117e-17 1.531679e-17
4517.000000 8.432215e-17 3.836847e-17
4519.000000 1.061324e-16 1.475762e-17
4521.000000 1.076392e-16 1.187023e-17
4523.000000 9.316950e-17 1.131263e-17
4525.000000 9.533806e-17 1.062823e-16
4527.000000 9.977745e-17 1.711260e-17
4529.000000 9.751329e-17 3.063590e-16
4531.000000 8.600108e-17 9.413898e-18
4533.000000 8.634223e-17 1.360487e-17
4535.000000 8.239033e-17 6.453232e-16
4537.000000 7.538735e-17 3.452439e-17
4539.000000 8.216563e-17 2.355285e-17
4541.000000 8.218810e-17 2.239798e-16
4543.000000 9.430322e-17 9.325976e-17
4545.000000 1.295981e-16 7.268267e-14
4547.000000 1.351626e-16 1.086266e-15
4549.000000 1.076501e-16 5.146129e-17
4551.000000 9.078572e-17 1.062880e-17
4553.000000 7.264428e-17 9.113472e-18
4555.000000 5.775038e-17 1.586988e-17
4557.000000 6.785158e-17 7.586170e-18
4559.000000 7.879402e-17 8.240511e-18
4561.000000 6.608693e-17 7.387120e-18
4563.000000 6.409224e-17 8.533190e-18
4565.000000 1.751648e-17 7.726072e-18
4567.000000 -1.563074e-16 1.413368e-17
4569.000000 -1.364647e-16 5.700470e-17
4571.000000 4.787904e-17 1.293453e-17
4573.000000 8.295103e-17 2.040578e-16
4575.000000 2.268321e-17 6.485919e-16
4577.000000 6.241702e-18 7.922968e-17
4579.000000 6.157439e-17 7.268962e-18
4581.000000 9.736898e-17 1.360633e-17
4583.000000 1.031589e-16 2.474308e-17
4585.000000 1.115160e-16 7.787426e-17
4587.000000 1.064471e-16 2.479780e-17
4589.000000 1.000185e-16 1.559410e-17
4591.000000 1.066478e-16 6.614108e-17
4593.000000 1.100773e-16 1.184369e-17
4595.000000 9.239562e-17 1.628217e-17
4597.000000 6.124608e-17 3.142582e-16
4599.000000 5.214125e-17 7.972966e-18
4601.000000 7.070171e-17 2.053359e-17
4603.000000 9.855668e-17 1.133360e-17
4605.000000 1.108623e-16 2.011748e-17
4607.000000 1.035070e-16 1.282051e-17
4609.000000 1.027785e-16 2.940955e-17
4611.000000 9.923306e-17 5.900183e-16
4613.000000 8.636397e-17 2.484348e-17
4615.000000 8.559636e-17 8.364566e-18
4617.000000 9.843004e-17 9.569027e-18
4619.000000 1.019627e-16 1.216321e-17
4621.000000 8.516397e-17 2.768472e-17
4623.000000 9.202082e-17 1.554088e-17
4625.000000 1.056049e-16 1.046137e-17
4627.000000 1.196395e-16 4.130524e-16
4629.000000 1.531120e-16 2.153625e-17
4631.000000 1.716832e-16 3.612984e-15
4633.000000 1.971501e-16 3.021201e-15
4635.000000 2.890342e-16 1.218951e-17
4637.000000 4.277305e-16 9.891176e-18
4639.000000 4.980674e-16 1.259485e-17
4641.000000 4.676051e-16 1.478344e-17
4643.000000 3.510165e-16 1.831166e-17
4645.000000 2.188832e-16 2.518314e-17
4647.000000 1.484986e-16 1.945407e-17
4649.000000 1.159186e-16 1.403701e-16
4651.000000 1.002849e-16 4.615568e-17
4653.000000 9.495546e-17 4.690332e-17
4655.000000 1.025832e-16 4.372639e-17
4657.000000 1.057254e-16 4.529653e-17
4659.000000 1.028055e-16 3.731420e-16
4661.000000 9.550994e-17 1.754060e-16
4663.000000 9.742823e-17 3.488113e-17
4665.000000 1.089940e-16 2.190945e-16
4667.000000 1.104848e-16 1.239054e-17
4669.000000 9.560082e-17 1.051879e-17
4671.000000 8.218654e-17 2.196474e-17
4673.000000 9.247619e-17 1.004606e-17
4675.000000 9.921300e-17 1.151125e-17
4677.000000 9.975032e-17 3.677530e-17
4679.000000 1.230472e-16 1.529360e-17
4681.000000 1.399198e-16 3.822645e-17
4683.000000 1.296335e-16 2.875235e-14
4685.000000 1.114804e-16 5.195211e-17
4687.000000 1.065897e-16 3.783380e-16
4689.000000 1.161280e-16 7.537124e-17
4691.000000 1.078868e-16 8.978646e-18
4693.000000 9.887346e-17 2.344513e-15
4695.000000 1.061995e-16 9.773584e-18
4697.000000 1.281299e-16 1.044947e-17
4699.000000 1.319371e-16 1.046530e-17
4701.000000 1.194537e-16 1.692904e-16
4703.000000 1.144151e-16 2.858336e-17
4705.000000 1.458462e-16 1.745431e-16
4707.000000 1.729876e-16 7.967421e-18
4709.000000 1.587391e-16 1.090003e-17
4711.000000 1.359518e-16 2.593601e-17
4713.000000 1.325637e-16 1.446325e-17
4715.000000 1.352392e-16 3.315380e-17
4717.000000 1.144349e-16 1.102031e-16
4719.000000 1.018343e-16 4.301210e-15
4721.000000 1.052940e-16 2.586555e-17
4723.000000 1.162470e-16 2.741707e-16
4725.000000 1.031865e-16 2.367497e-16
4727.000000 8.744519e-17 1.956269e-17
4729.000000 9.318899e-17 2.486168e-17
4731.000000 1.005403e-16 1.194475e-16
4733.000000 1.037910e-16 2.994818e-17
4735.000000 9.431364e-17 1.078731e-17
4737.000000 8.135552e-17 2.864289e-17
4739.000000 9.862981e-17 4.751228e-17
4741.000000 1.160292e-16 2.491747e-17
4743.000000 1.157279e-16 2.259094e-17
4745.000000 1.136463e-16 5.483651e-17
4747.000000 1.131556e-16 3.062336e-17
4749.000000 1.162576e-16 2.687285e-17
4751.000000 1.239633e-16 1.819620e-17
4753.000000 1.257507e-16 1.714315e-16
4755.000000 1.266472e-16 2.395763e-15
4757.000000 1.211861e-16 3.455811e-15
4759.000000 1.180392e-16 2.507109e-17
4761.000000 1.304655e-16 1.842710e-16
4763.000000 1.281718e-16 1.356631e-17
4765.000000 1.044727e-16 4.097385e-17
4767.000000 8.899248e-17 5.241243e-16
4769.000000 8.436777e-17 1.821180e-17
4771.000000 7.741881e-17 9.049143e-18
4773.000000 7.355361e-17 7.735391e-18
4775.000000 7.836876e-17 3.171239e-17
4777.000000 8.070333e-17 8.893093e-17
4779.000000 7.987333e-17 9.853412e-18
4781.000000 8.308199e-17 9.284730e-17
4783.000000 1.017840e-16 1.191255e-17
4785.000000 1.283229e-16 7.721697e-17
4787.000000 1.404591e-16 7.099644e-16
4789.000000 1.440858e-16 1.311812e-17
4791.000000 1.485477e-16 6.908577e-18
4793.000000 1.517172e-16 8.727212e-18
4795.000000 1.511253e-16 1.340120e-17
4797.000000 1.514936e-16 9.539768e-18
4799.000000 1.405749e-16 1.396212e-17
4801.000000 1.329766e-16 1.617620e-14
4803.000000 1.284030e-16 5.460012e-17
4805.000000 1.328267e-16 1.775596e-17
4807.000000 1.441602e-16 8.263492e-18
4809.000000 1.523388e-16 1.569677e-17
4811.000000 1.515073e-16 7.296746e-17
4813.000000 1.486142e-16 1.904382e-17
4815.000000 1.468371e-16 1.045133e-17
4817.000000 1.444070e-16 8.249236e-17
4819.000000 1.418911e-16 9.106992e-18
4821.000000 1.275340e-16 8.258131e-18
4823.000000 1.263899e-16 2.004773e-17
4825.000000 1.403365e-16 6.546179e-16
4827.000000 1.371773e-16 4.528714e-17
4829.000000 1.192237e-16 6.056501e-15
4831.000000 9.497347e-17 2.830965e-17
4833.000000 7.774119e-17 2.125988e-16
4835.000000 8.745361e-17 8.911601e-18
4837.000000 1.115003e-16 1.259809e-17
4839.000000 1.156008e-16 2.555138e-14
4841.000000 1.131235e-16 4.128929e-17
4843.000000 1.137227e-16 2.490404e-15
4845.000000 1.206208e-16 4.525164e-14
4847.000000 1.327897e-16 1.519058e-16
4849.000000 1.393252e-16 7.972836e-17
4851.000000 1.367161e-16 1.108969e-15
4853.000000 1.339526e-16 1.241580e-16
4855.000000 1.298347e-16 1.521627e-15
4857.000000 1.340127e-16 3.390964e-17
4859.000000 1.465147e-16 1.385722e-16
4861.000000 1.532626e-16 1.148932e-17
4863.000000 1.668427e-16 8.374753e-18
4865.000000 1.769363e-16 7.010124e-18
4867.000000 1.691278e-16 7.058425e-18
4869.000000 1.521642e-16 1.647135e-17
4871.000000 1.412794e-16 1.416211e-16
4873.000000 1.380701e-16 1.681322e-17
4875.000000 1.333431e-16 1.157823e-17
4877.000000 1.356327e-16 9.777107e-18
4879.000000 1.364873e-16 1.452486e-17
4881.000000 1.334225e-16 2.366510e-16
4883.000000 1.261384e-16 2.971797e-17
4885.000000 1.263580e-16 4.114198e-17
4887.000000 1.388637e-16 6.055138e-17
4889.000000 1.398058e-16 7.331955e-18
4891.000000 1.360254e-16 9.185608e-18
4893.000000 1.279320e-16 7.871089e-17
4895.000000 1.164393e-16 9.391910e-17
4897.000000 1.277383e-16 5.253821e-17
4899.000000 1.274722e-16 1.277478e-17
4901.000000 1.289082e-16 7.554780e-17
4903.000000 1.389648e-16 1.876219e-17
4905.000000 1.471219e-16 5.762422e-17
4907.000000 1.619895e-16 8.741182e-18
4909.000000 1.555714e-16 8.488846e-18
4911.000000 1.417164e-16 1.307188e-17
4913.000000 1.372708e-16 5.376575e-16
4915.000000 1.431975e-16 7.466528e-17
4917.000000 1.535258e-16 3.613192e-17
4919.000000 1.451424e-16 1.260977e-16
4921.000000 1.254499e-16 3.214469e-16
4923.000000 1.118249e-16 1.943487e-17
4925.000000 1.156053e-16 1.511559e-17
4927.000000 1.271841e-16 6.346155e-16
4929.000000 1.274652e-16 1.520456e-15
4931.000000 1.160545e-16 2.822356e-17
4933.000000 1.086113e-16 1.016504e-17
4935.000000 1.057269e-16 1.534015e-17
4937.000000 1.104226e-16 4.873141e-16
4939.000000 1.197937e-16 2.165670e-16
4941.000000 1.201615e-16 4.600152e-16
4943.000000 1.040913e-16 3.883341e-17
4945.000000 9.971058e-17 8.632083e-17
4947.000000 1.026338e-16 3.866268e-16
4949.000000 7.993275e-17 7.305956e-18
4951.000000 8.069314e-17 6.737009e-18
4953.000000 1.123627e-16 1.226203e-17
4955.000000 1.319034e-16 2.605373e-16
4957.000000 1.358097e-16 1.725633e-17
4959.000000 1.401601e-16 8.488725e-18
4961.000000 1.423066e-16 9.784102e-18
4963.000000 1.367575e-16 8.382419e-17
4965.000000 1.311610e-16 4.054557e-14
4967.000000 1.371419e-16 2.486723e-16
4969.000000 1.411910e-16 2.544134e-17
4971.000000 1.387377e-16 9.304057e-18
4973.000000 1.351380e-16 1.245107e-17
4975.000000 1.393899e-16 3.839226e-14
4977.000000 1.531297e-16 5.947410e-14
4979.000000 1.604888e-16 4.667338e-16
4981.000000 1.539849e-16 7.253354e-17
4983.000000 1.422566e-16 3.312821e-17
4985.000000 1.452686e-16 1.485941e-15
4987.000000 1.591920e-16 3.567564e-17
4989.000000 1.596092e-16 9.834466e-17
4991.000000 1.528382e-16 8.922401e-16
4993.000000 1.469109e-16 5.360516e-17
4995.000000 1.565528e-16 1.189048e-17
4997.000000 1.696608e-16 1.558392e-17
4999.000000 1.675820e-16 2.698146e-17
5001.000000 1.565939e-16 1.361730e-14
5003.000000 1.475199e-16 8.259937e-17
5005.000000 1.400268e-16 1.344868e-16
5007.000000 1.349172e-16 2.404702e-14
5009.000000 1.395442e-16 1.702658e-16
5011.000000 1.447256e-16 4.597067e-17
5013.000000 1.422110e-16 6.487029e-15
5015.000000 1.352251e-16 2.996845e-17
5017.000000 1.535545e-16 1.080284e-17
5019.000000 1.657949e-16 1.015207e-17
5021.000000 1.595177e-16 4.306852e-17
5023.000000 1.610823e-16 1.890624e-17
5025.000000 1.620860e-16 2.149344e-17
5027.000000 1.460217e-16 5.397878e-17
5029.000000 1.306071e-16 3.408681e-17
5031.000000 1.403708e-16 1.854965e-17
5033.000000 1.571907e-16 1.065425e-17
5035.000000 1.543197e-16 2.477385e-17
5037.000000 1.411870e-16 2.496926e-17
5039.000000 1.427117e-16 1.912584e-16
5041.000000 1.506033e-16 6.974125e-17
5043.000000 1.572610e-16 1.911330e-17
5045.000000 1.570759e-16 9.134874e-16
5047.000000 1.429827e-16 1.730108e-17
5049.000000 1.295082e-16 1.294075e-17
5051.000000 1.371230e-16 3.898745e-17
5053.000000 1.481558e-16 1.072900e-17
5055.000000 1.478903e-16 4.814256e-17
5057.000000 1.471821e-16 1.392056e-16
5059.000000 1.530099e-16 2.146505e-17
5061.000000 1.567645e-16 2.625506e-17
5063.000000 1.595782e-16 6.682622e-18
5065.000000 1.664199e-16 7.650084e-18
5067.000000 1.608376e-16 1.011323e-17
5069.000000 1.489067e-16 4.542703e-17
5071.000000 1.439182e-16 9.671554e-17
5073.000000 1.422178e-16 6.967540e-17
5075.000000 1.378857e-16 1.928057e-16
5077.000000 1.316531e-16 1.724051e-17
5079.000000 1.245646e-16 1.036253e-17
5081.000000 1.276423e-16 3.075829e-17
5083.000000 1.402384e-16 3.247169e-17
5085.000000 1.481561e-16 2.833711e-17
5087.000000 1.490569e-16 3.851908e-15
5089.000000 1.366786e-16 1.373966e-17
5091.000000 1.240917e-16 5.727134e-17
5093.000000 1.211136e-16 3.760464e-16
5095.000000 1.242770e-16 6.414670e-17
5097.000000 1.181542e-16 1.609895e-16
5099.000000 1.153846e-16 6.568993e-18
5101.000000 1.195807e-16 7.045032e-18
5103.000000 1.258023e-16 8.886068e-18
5105.000000 1.266465e-16 7.213114e-18
5107.000000 1.146707e-16 7.912749e-18
5109.000000 1.100063e-16 6.696557e-18
5111.000000 1.179449e-16 3.379607e-17
5113.000000 1.126825e-16 9.035651e-18
5115.000000 9.487026e-17 1.034183e-17
5117.000000 1.033173e-16 4.372171e-15
5119.000000 1.271468e-16 2.757437e-16
5121.000000 1.330843e-16 1.651818e-16
5123.000000 1.363290e-16 4.667315e-16
5125.000000 1.335808e-16 7.027620e-14
5127.000000 1.286520e-16 4.925318e-17
5129.000000 1.300900e-16 1.320734e-16
5131.000000 1.432271e-16 2.804488e-17
5133.000000 1.472919e-16 9.739417e-18
5135.000000 1.388379e-16 2.351527e-17
5137.000000 1.363305e-16 3.316571e-17
5139.000000 1.413933e-16 1.462887e-17
5141.000000 1.402373e-16 1.586138e-17
5143.000000 1.320491e-16 3.539892e-17
5145.000000 1.394375e-16 4.248777e-17
5147.000000 1.583341e-16 3.038480e-17
5149.000000 1.643137e-16 3.407403e-17
5151.000000 1.532329e-16 3.924363e-17
5153.000000 1.446625e-16 7.170115e-17
5155.000000 1.444806e-16 3.358136e-17
5157.000000 1.383293e-16 2.329478e-15
5159.000000 1.330442e-16 5.685404e-16
5161.000000 1.388034e-16 2.626509e-17
5163.000000 1.440836e-16 6.523676e-17
5165.000000 1.510323e-16 1.802297e-16
5167.000000 1.527491e-16 2.634791e-14
5169.000000 1.430042e-16 1.238588e-16
5171.000000 1.438719e-16 1.356069e-17
5173.000000 1.450665e-16 1.753285e-17
5175.000000 1.454688e-16 1.299315e-17
5177.000000 1.530655e-16 3.397209e-17
5179.000000 1.503423e-16 1.776705e-17
5181.000000 1.494126e-16 9.004763e-18
5183.000000 1.563416e-16 6.924932e-18
5185.000000 1.572296e-16 5.673495e-17
5187.000000 1.490434e-16 8.509883e-17
5189.000000 1.411554e-16 9.463687e-18
5191.000000 1.416743e-16 1.089541e-17
5193.000000 1.406615e-16 2.532739e-17
5195.000000 1.370820e-16 4.234968e-17
5197.000000 1.477277e-16 5.837659e-16
5199.000000 1.561551e-16 8.321732e-17
5201.000000 1.557237e-16 5.052541e-17
5203.000000 1.609343e-16 1.522841e-17
5205.000000 1.629950e-16 2.395004e-17
5207.000000 1.613403e-16 2.943838e-17
5209.000000 1.655336e-16 2.056395e-17
5211.000000 1.696821e-16 7.786405e-18
5213.000000 1.654988e-16 1.355364e-17
5215.000000 1.534444e-16 3.812886e-17
5217.000000 1.464050e-16 1.258886e-17
5219.000000 1.476664e-16 5.967816e-17
5221.000000 1.488408e-16 2.233526e-17
5223.000000 1.432435e-16 8.673554e-18
5225.000000 1.476840e-16 5.581931e-17
5227.000000 1.576909e-16 9.067298e-14
5229.000000 1.589501e-16 1.420398e-16
5231.000000 1.496718e-16 1.489616e-17
5233.000000 1.457610e-16 1.182255e-17
5235.000000 1.404953e-16 4.812778e-17
5237.000000 1.434190e-16 6.014237e-17
5239.000000 1.636553e-16 1.553293e-14
5241.000000 1.746816e-16 4.690746e-17
5243.000000 1.553060e-16 3.862871e-17
5245.000000 1.403447e-16 2.690889e-16
5247.000000 1.401150e-16 4.273034e-17
5249.000000 1.414986e-16 1.209647e-16
5251.000000 1.472945e-16 1.897922e-16
5253.000000 1.549695e-16 4.980374e-17
5255.000000 1.575197e-16 4.996420e-16
5257.000000 1.535827e-16 7.840919e-16
5259.000000 1.465144e-16 1.443429e-15
5261.000000 1.391610e-16 1.763960e-16
5263.000000 1.458851e-16 4.025819e-17
5265.000000 1.514083e-16 4.218629e-17
5267.000000 1.460357e-16 2.953744e-17
5269.000000 1.453403e-16 9.988261e-17
5271.000000 1.546393e-16 2.041564e-17
5273.000000 1.606448e-16 2.018687e-17
5275.000000 1.551068e-16 5.936779e-15
5277.000000 1.432539e-16 3.212380e-17
5279.000000 1.439884e-16 4.830156e-17
5281.000000 1.520639e-16 1.893650e-15
5283.000000 1.506811e-16 5.425947e-16
5285.000000 1.511544e-16 4.248172e-17
5287.000000 1.527251e-16 8.687825e-16
5289.000000 1.489041e-16 3.095915e-16
5291.000000 1.461976e-16 2.240279e-17
5293.000000 1.541710e-16 1.414816e-17
5295.000000 1.608105e-16 2.269052e-17
5297.000000 1.564608e-16 6.412456e-17
5299.000000 1.506812e-16 3.128669e-17
5301.000000 1.500959e-16 3.543432e-17
5303.000000 1.506679e-16 1.010546e-17
5305.000000 1.511216e-16 1.638091e-17
5307.000000 1.557822e-16 6.151225e-17
5309.000000 1.577109e-16 6.378302e-17
5311.000000 1.532981e-16 3.139579e-17
5313.000000 1.416084e-16 1.966691e-17
5315.000000 1.314832e-16 3.154401e-17
5317.000000 1.417022e-16 1.750653e-17
5319.000000 1.475357e-16 6.226242e-14
5321.000000 1.462250e-16 7.622591e-14
5323.000000 1.504997e-16 5.781495e-17
5325.000000 1.535917e-16 3.430516e-17
5327.000000 1.571316e-16 5.865068e-17
5329.000000 1.604093e-16 2.428241e-15
5331.000000 1.503628e-16 1.034076e-15
5333.000000 1.450906e-16 5.801972e-17
5335.000000 1.520105e-16 5.519053e-17
5337.000000 1.468303e-16 7.159674e-17
5339.000000 1.372949e-16 3.695859e-15
5341.000000 1.365209e-16 3.221899e-17
5343.000000 1.328645e-16 8.881728e-18
5345.000000 1.238979e-16 1.927815e-17
5347.000000 1.208895e-16 2.888691e-17
5349.000000 1.213311e-16 1.898899e-17
5351.000000 1.169531e-16 1.042267e-16
5353.000000 1.178780e-16 3.679880e-17
5355.000000 1.278448e-16 2.091019e-17
5357.000000 1.384314e-16 4.646064e-17
5359.000000 1.450902e-16 5.981086e-17
5361.000000 1.460503e-16 5.692041e-16
5363.000000 1.442985e-16 1.450837e-15
5365.000000 1.444487e-16 2.909315e-17
5367.000000 1.518587e-16 3.839230e-17
5369.000000 1.598218e-16 4.039341e-17
5371.000000 1.548303e-16 7.470243e-17
5373.000000 1.492403e-16 6.378638e-17
5375.000000 1.538708e-16 5.594633e-17
5377.000000 1.554312e-16 1.246244e-16
5379.000000 1.356305e-16 1.261466e-16
5381.000000 1.099449e-16 6.503249e-18
5383.000000 1.149874e-16 1.743553e-17
5385.000000 1.418252e-16 4.395531e-17
5387.000000 1.535486e-16 2.109652e-16
5389.000000 1.476958e-16 1.445102e-17
5391.000000 1.429741e-16 2.516346e-17
5393.000000 1.356446e-16 9.623164e-17
5395.000000 1.318344e-16 7.746150e-17
5397.000000 1.426065e-16 2.336798e-17
5399.000000 1.634016e-16 1.295448e-16
5401.000000 1.791478e-16 6.058973e-17
5403.000000 1.821082e-16 1.020159e-15
5405.000000 1.744465e-16 2.817545e-16
5407.000000 1.604494e-16 1.610978e-16
5409.000000 1.461740e-16 2.424132e-14
5411.000000 1.444044e-16 2.743311e-16
5413.000000 1.503451e-16 1.561265e-17
5415.000000 1.510259e-16 1.843233e-17
5417.000000 1.421042e-16 1.189327e-17
5419.000000 1.357761e-16 6.288422e-17
5421.000000 1.388116e-16 2.492215e-17
5423.000000 1.477259e-16 4.088354e-17
5425.000000 1.612060e-16 1.188234e-17
5427.000000 1.593232e-16 3.029796e-17
5429.000000 1.512443e-16 2.939839e-17
5431.000000 1.582457e-16 1.276822e-17
5433.000000 1.566424e-16 3.142099e-16
5435.000000 1.412725e-16 1.178974e-16
5437.000000 1.444197e-16 8.457489e-17
5439.000000 1.595259e-16 6.413315e-17
5441.000000 1.630648e-16 1.672690e-16
5443.000000 1.612910e-16 6.919052e-17
5445.000000 1.629822e-16 1.061226e-17
5447.000000 1.646448e-16 1.111344e-17
5449.000000 1.629147e-16 1.584061e-16
5451.000000 1.609481e-16 1.321503e-14
5453.000000 1.592028e-16 4.214021e-16
5455.000000 1.539873e-16 6.337856e-17
5457.000000 1.497494e-16 1.481789e-17
5459.000000 1.470016e-16 3.502406e-16
5461.000000 1.537115e-16 1.626436e-16
5463.000000 1.574597e-16 1.836707e-17
5465.000000 1.567562e-16 5.693196e-17
5467.000000 1.631015e-16 2.544904e-14
5469.000000 1.701091e-16 1.404186e-17
5471.000000 1.672358e-16 1.546844e-17
5473.000000 1.547199e-16 8.516131e-16
5475.000000 1.438456e-16 2.451205e-17
5477.000000 1.381357e-16 2.155828e-16
5479.000000 1.400710e-16 1.071909e-16
5481.000000 1.422551e-16 7.781796e-17
5483.000000 1.473881e-16 8.420886e-18
5485.000000 1.525422e-16 9.084010e-18
5487.000000 1.552657e-16 2.037476e-17
5489.000000 1.564685e-16 1.945969e-16
5491.000000 1.538925e-16 2.860950e-17
5493.000000 1.525275e-16 1.015319e-17
5495.000000 1.604683e-16 1.369220e-17
5497.000000 1.680289e-16 2.755600e-17
5499.000000 1.654983e-16 1.259743e-16
5501.000000 1.642166e-16 3.460583e-17
5503.000000 1.534468e-16 2.024952e-17
5505.000000 1.425646e-16 1.064279e-17
5507.000000 1.545937e-16 1.795801e-16
5509.000000 1.712394e-16 6.604701e-17
5511.000000 1.668085e-16 1.902358e-16
5513.000000 1.455320e-16 3.228350e-15
5515.000000 1.446442e-16 1.767878e-17
5517.000000 1.601917e-16 8.321908e-16
5519.000000 1.722849e-16 1.267141e-16
5521.000000 1.738383e-16 6.999965e-16
5523.000000 1.669739e-16 4.533476e-17
5525.000000 1.671995e-16 2.324667e-16
5527.000000 1.714980e-16 6.119398e-16
5529.000000 1.610059e-16 3.025504e-16
5531.000000 1.607200e-16 1.483524e-14
5533.000000 1.736033e-16 3.590693e-17
5535.000000 1.692843e-16 8.046948e-18
5537.000000 1.713685e-16 5.549862e-18
5539.000000 1.751940e-16 6.248790e-18
5541.000000 1.621397e-16 7.704924e-17
5543.000000 1.511662e-16 6.551734e-17
5545.000000 1.546178e-16 3.450309e-17
5547.000000 1.628340e-16 2.625632e-17
5549.000000 1.666183e-16 3.680618e-16
5551.000000 1.700030e-16 6.176478e-17
5553.000000 1.736731e-16 3.706088e-16
5555.000000 1.773503e-16 1.416818e-16
5557.000000 1.827537e-16 3.759662e-14
5559.000000 1.789182e-16 2.997878e-17
5561.000000 1.670855e-16 2.834285e-16
5563.000000 1.669816e-16 1.233607e-17
5565.000000 1.670547e-16 1.647125e-17
5567.000000 1.501102e-16 1.507170e-17
5569.000000 1.396190e-16 1.191200e-14
5571.000000 1.598122e-16 1.780376e-17
5573.000000 2.191713e-16 8.157572e-18
5575.000000 2.731133e-17 1.949170e-17
5577.000000 -2.939279e-16 2.345495e-17
5579.000000 -3.398639e-16 2.130257e-17
5581.000000 -3.849691e-17 7.457172e-17
5583.000000 1.527122e-16 8.737840e-17
5585.000000 1.779509e-16 3.924163e-15
5587.000000 1.617827e-16 1.750259e-17
5589.000000 1.543047e-16 3.075136e-17
5591.000000 1.602683e-16 1.311394e-17
5593.000000 1.621625e-16 1.121859e-17
5595.000000 1.605390e-16 2.289626e-15
5597.000000 1.603170e-16 4.143763e-15
5599.000000 1.645760e-16 2.629804e-17
5601.000000 1.696049e-16 2.043503e-17
5603.000000 1.679494e-16 7.636311e-18
5605.000000 1.721445e-16 1.150718e-17
5607.000000 1.770124e-16 1.236002e-17
5609.000000 1.709674e-16 1.539244e-17
5611.000000 1.713156e-16 8.128399e-18
5613.000000 1.789341e-16 9.571539e-18
5615.000000 1.750216e-16 1.194479e-17
5617.000000 1.609254e-16 4.146403e-17
5619.000000 1.613930e-16 3.751077e-17
5621.000000 1.631401e-16 2.258448e-17
5623.000000 1.511627e-16 2.263601e-16
5625.000000 1.484887e-16 1.957310e-16
5627.000000 1.462165e-16 1.025657e-17
5629.000000 1.438721e-16 7.847082e-18
5631.000000 1.419055e-16 4.582576e-14
5633.000000 9.922850e-17 7.348469e-14
5635.000000 -2.631302e-17 7.681146e-14
5637.000000 -1.811163e-16 8.246211e-14
5639.000000 -4.061692e-17 6.855655e-14
5641.000000 1.234282e-16 4.123108e-14
5643.000000 1.406841e-16 2.236402e-14
5645.000000 1.361606e-16 1.209868e-17
5647.000000 1.403297e-16 2.425623e-16
5649.000000 1.510111e-16 3.506858e-17
5651.000000 1.625568e-16 4.561611e-16
5653.000000 1.719050e-16 6.579436e-17
5655.000000 1.709640e-16 1.058284e-16
5657.000000 1.663053e-16 8.920363e-18
5659.000000 1.629606e-16 9.077055e-18
5661.000000 1.616401e-16 1.994735e-17
5663.000000 1.609007e-16 2.177260e-17
5665.000000 1.572268e-16 5.787447e-17
5667.000000 1.599984e-16 2.421859e-16
5669.000000 1.592367e-16 5.944623e-17
5671.000000 1.646422e-16 4.346001e-17
5673.000000 1.849860e-16 3.030301e-14
5675.000000 1.863193e-16 2.995430e-17
5677.000000 1.717332e-16 2.965461e-17
5679.000000 1.598151e-16 1.014665e-15
5681.000000 1.583054e-16 8.682040e-14
5683.000000 1.649230e-16 4.875749e-17
5685.000000 1.603810e-16 2.345155e-17
5687.000000 1.571410e-16 5.155106e-17
5689.000000 1.645708e-16 1.708788e-17
5691.000000 1.560664e-16 4.875196e-17
5693.000000 1.492211e-16 2.151779e-17
5695.000000 1.647754e-16 9.895212e-18
5697.000000 1.719746e-16 3.606278e-17
5699.000000 1.713883e-16 1.316286e-17
5701.000000 1.655672e-16 1.810240e-17
5703.000000 1.529433e-16 2.650392e-17
5705.000000 1.542916e-16 1.225430e-17
5707.000000 1.641639e-16 8.075025e-17
5709.000000 1.673047e-16 2.837761e-17
5711.000000 1.693238e-16 8.718331e-18
5713.000000 1.649449e-16 2.127525e-17
5715.000000 1.488541e-16 7.201294e-16
5717.000000 1.439722e-16 1.256290e-16
5719.000000 1.505733e-16 1.168649e-17
5721.000000 1.471968e-16 1.143531e-17
5723.000000 1.475384e-16 1.365620e-14
5725.000000 1.596303e-16 1.059060e-17
5727.000000 1.596608e-16 2.551752e-17
5729.000000 1.517421e-16 4.088118e-15
5731.000000 1.498538e-16 4.430461e-17
5733.000000 1.481743e-16 4.509418e-16
5735.000000 1.473781e-16 5.589516e-17
5737.000000 1.482849e-16 5.355088e-17
5739.000000 1.557110e-16 1.700132e-17
5741.000000 1.588754e-16 2.524225e-17
5743.000000 1.557155e-16 1.390277e-17
5745.000000 1.562834e-16 4.006706e-16
5747.000000 1.472925e-16 1.053736e-17
5749.000000 1.407233e-16 8.200833e-18
5751.000000 1.353872e-16 9.371452e-18
5753.000000 1.350455e-16 1.134577e-17
5755.000000 1.413573e-16 7.547480e-17
5757.000000 1.404903e-16 4.323459e-17
5759.000000 1.396909e-16 4.618694e-17
5761.000000 1.504745e-16 3.190202e-17
5763.000000 1.574821e-16 4.705122e-16
5765.000000 1.557621e-16 1.637237e-16
5767.000000 1.541431e-16 7.394506e-17
5769.000000 1.498229e-16 2.048328e-16
5771.000000 1.508086e-16 1.835475e-17
5773.000000 1.837710e-16 2.100324e-17
5775.000000 2.365283e-16 9.270776e-16
5777.000000 2.276906e-16 1.312510e-15
5779.000000 1.582611e-16 1.963090e-17
5781.000000 1.332716e-16 3.854492e-17
5783.000000 1.417795e-16 1.318839e-16
5785.000000 1.449197e-16 4.230575e-17
5787.000000 1.506067e-16 2.456462e-15
5789.000000 1.583283e-16 2.117250e-17
5791.000000 1.592366e-16 7.202046e-17
5793.000000 1.542806e-16 2.390014e-17
5795.000000 1.573454e-16 1.077629e-17
5797.000000 1.741959e-16 1.846193e-16
5799.000000 1.808182e-16 3.117590e-15
5801.000000 1.713946e-16 1.676745e-17
5803.000000 1.664798e-16 8.166887e-18
5805.000000 1.630217e-16 1.014139e-17
5807.000000 1.599602e-16 4.939848e-17
5809.000000 1.522719e-16 2.090569e-17
5811.000000 1.496642e-16 1.458448e-17
5813.000000 1.532980e-16 2.612418e-17
5815.000000 1.626859e-16 1.256900e-16
5817.000000 1.821317e-16 4.762328e-17
5819.000000 1.882383e-16 8.423152e-18
5821.000000 1.743770e-16 5.188144e-16
5823.000000 1.654051e-16 1.065607e-16
5825.000000 1.603892e-16 2.849332e-16
5827.000000 1.417914e-16 4.137543e-17
5829.000000 1.344050e-16 1.276467e-16
5831.000000 1.600709e-16 2.248296e-17
5833.000000 1.821068e-16 1.530899e-16
5835.000000 1.861501e-16 1.346186e-17
5837.000000 1.790108e-16 1.369524e-17
5839.000000 1.664893e-16 1.101066e-16
5841.000000 1.674375e-16 1.503309e-17
5843.000000 1.755818e-16 2.280470e-17
5845.000000 1.712179e-16 1.647194e-17
5847.000000 1.650029e-16 1.176478e-17
5849.000000 1.670362e-16 2.959513e-17
5851.000000 1.668525e-16 1.085725e-17
5853.000000 1.674871e-16 7.284178e-18
5855.000000 1.794377e-16 2.055094e-17
5857.000000 2.091000e-16 1.341438e-15
5859.000000 2.055314e-16 2.448165e-16
5861.000000 1.807486e-16 1.131390e-17
5863.000000 1.663226e-16 7.409114e-18
5865.000000 1.580872e-16 1.187817e-17
5867.000000 1.612284e-16 4.341878e-17
5869.000000 1.631902e-16 2.397219e-17
5871.000000 1.677082e-16 8.728965e-17
5873.000000 1.783367e-16 2.194146e-17
5875.000000 1.849608e-16 1.635605e-17
5877.000000 1.812703e-16 2.791502e-16
5879.000000 1.718420e-16 5.296885e-16
5881.000000 1.645071e-16 1.616364e-17
5883.000000 1.713197e-16 1.012475e-17
5885.000000 1.794227e-16 1.389111e-16
5887.000000 1.542953e-16 9.323057e-18
5889.000000 1.177439e-16 1.565507e-15
5891.000000 1.393884e-16 1.264341e-17
5893.000000 1.781438e-16 4.287814e-17
5895.000000 1.575349e-16 3.334543e-17
5897.000000 1.589277e-16 7.819139e-17
5899.000000 1.790973e-16 1.979354e-16
5901.000000 1.734583e-16 7.667836e-17
5903.000000 1.469773e-16 2.019940e-16
5905.000000 1.420964e-16 2.181767e-16
5907.000000 1.592196e-16 1.952654e-17
5909.000000 1.688917e-16 1.024280e-16
5911.000000 1.692961e-16 1.135217e-17
5913.000000 1.707867e-16 1.005617e-17
5915.000000 1.668997e-16 9.264819e-18
5917.000000 1.613164e-16 7.758002e-18
5919.000000 1.658870e-16 1.030437e-17
5921.000000 1.619690e-16 7.082118e-16
5923.000000 1.368538e-16 1.285083e-15
5925.000000 1.041953e-16 8.486229e-17
5927.000000 1.029570e-16 1.348827e-17
5929.000000 1.341176e-16 1.148785e-17
5931.000000 1.587491e-16 1.910291e-16
5933.000000 1.608788e-16 3.467861e-17
5935.000000 1.604598e-16 6.778352e-16
5937.000000 1.694884e-16 6.441645e-17
5939.000000 1.741786e-16 2.643029e-17
5941.000000 1.693702e-16 1.722115e-16
5943.000000 1.590693e-16 6.913114e-17
5945.000000 1.662668e-16 5.495086e-17
5947.000000 1.717660e-16 1.098650e-16
5949.000000 1.667145e-16 2.068355e-17
5951.000000 1.669987e-16 1.403480e-16
5953.000000 1.599668e-16 3.423553e-17
5955.000000 1.537049e-16 1.751127e-16
5957.000000 1.551534e-16 6.800598e-17
5959.000000 1.505426e-16 1.602803e-17
5961.000000 1.589985e-16 2.204265e-15
5963.000000 1.855580e-16 7.084183e-18
5965.000000 2.007640e-16 6.236114e-18
5967.000000 2.044186e-16 9.509810e-18
5969.000000 1.867120e-16 1.121860e-17
5971.000000 1.624907e-16 1.600742e-16
5973.000000 1.576899e-16 1.170688e-17
5975.000000 1.557074e-16 1.801543e-17
5977.000000 1.580078e-16 9.660855e-17
5979.000000 1.717052e-16 9.224405e-15
5981.000000 1.897393e-16 1.312586e-15
5983.000000 1.988148e-16 1.436974e-15
5985.000000 1.938066e-16 2.222743e-17
5987.000000 1.757150e-16 3.205504e-17
5989.000000 1.578447e-16 6.984697e-16
5991.000000 1.502043e-16 2.929155e-16
5993.000000 1.548320e-16 4.165877e-15
5995.000000 1.666714e-16 6.854888e-15
5997.000000 1.693625e-16 8.991540e-16
5999.000000 1.616291e-16 2.046672e-17
6001.000000 1.503436e-16 3.568710e-17
6003.000000 1.433753e-16 3.364530e-17
6005.000000 1.402463e-16 4.344077e-15
6007.000000 1.398657e-16 2.805550e-16
6009.000000 1.387624e-16 5.797151e-16
6011.000000 1.258636e-16 2.154551e-16
6013.000000 1.358877e-16 7.049738e-15
6015.000000 1.562548e-16 1.195349e-17
6017.000000 1.568750e-16 7.044404e-18
6019.000000 1.593794e-16 7.869547e-18
6021.000000 1.601142e-16 8.530662e-18
6023.000000 1.522790e-16 1.140884e-17
6025.000000 1.511213e-16 5.375249e-15
6027.000000 1.542091e-16 1.412540e-15
6029.000000 1.606732e-16 4.208217e-17
6031.000000 1.594214e-16 4.586968e-16
6033.000000 1.544108e-16 4.912477e-17
6035.000000 1.537003e-16 1.997453e-17
6037.000000 1.464432e-16 1.572685e-17
6039.000000 1.392174e-16 1.621546e-17
6041.000000 1.400203e-16 6.787013e-18
6043.000000 1.577732e-16 9.224641e-18
6045.000000 2.032684e-16 1.113912e-15
6047.000000 2.630231e-16 1.667141e-17
6049.000000 3.048879e-16 1.203878e-17
6051.000000 3.001631e-16 1.124116e-15
6053.000000 2.522896e-16 1.584589e-17
6055.000000 1.940975e-16 1.616976e-17
6057.000000 1.554100e-16 1.621110e-17
6059.000000 1.433202e-16 4.203607e-15
6061.000000 1.357454e-16 4.667299e-15
6063.000000 1.260493e-16 4.912129e-17
6065.000000 1.226787e-16 1.195514e-17
6067.000000 1.266570e-16 6.890029e-18
6069.000000 1.474362e-16 7.314215e-18
6071.000000 1.622530e-16 1.590102e-17
6073.000000 1.534182e-16 3.259003e-16
6075.000000 1.417249e-16 2.864800e-17
6077.000000 1.469251e-16 8.650956e-18
6079.000000 1.477652e-16 6.453833e-18
6081.000000 1.368066e-16 1.120864e-17
6083.000000 1.334486e-16 5.725020e-17
6085.000000 1.526192e-16 2.146553e-17
6087.000000 1.774688e-16 1.229499e-17
6089.000000 1.845729e-16 1.411539e-17
6091.000000 1.727933e-16 3.190190e-17
6093.000000 1.616005e-16 4.393947e-17
6095.000000 1.598499e-16 1.233236e-17
6097.000000 1.642259e-16 4.399342e-16
6099.000000 1.671753e-16 3.194501e-16
6101.000000 1.639574e-16 6.413051e-17
6103.000000 1.650763e-16 6.342403e-17
6105.000000 1.727681e-16 5.419140e-17
6107.000000 1.699157e-16 8.146635e-17
6109.000000 1.622590e-16 5.609172e-16
6111.000000 1.743635e-16 4.253313e-16
6113.000000 1.984041e-16 7.342030e-14
6115.000000 1.984836e-16 4.319231e-17
6117.000000 1.845786e-16 1.538646e-15
6119.000000 1.738104e-16 6.499833e-16
6121.000000 1.584231e-16 1.079583e-17
6123.000000 1.498281e-16 8.703239e-18
6125.000000 1.554311e-16 7.183508e-17
6127.000000 1.621325e-16 4.012051e-17
6129.000000 1.587412e-16 1.602464e-17
6131.000000 1.584653e-16 2.191646e-17
6133.000000 1.612840e-16 1.110602e-17
6135.000000 1.621377e-16 5.734158e-17
6137.000000 1.631735e-16 7.253034e-18
6139.000000 1.678891e-16 9.775149e-18
6141.000000 1.689758e-16 1.216022e-17
6143.000000 1.642486e-16 1.341728e-17
6145.000000 1.569630e-16 5.105998e-17
6147.000000 1.585548e-16 2.043980e-17
6149.000000 1.595529e-16 1.255039e-17
6151.000000 1.551181e-16 9.242169e-18
6153.000000 1.615452e-16 1.547122e-16
6155.000000 1.731726e-16 1.501185e-16
6157.000000 1.722234e-16 4.383226e-16
6159.000000 1.662130e-16 3.602744e-16
6161.000000 1.623976e-16 4.019162e-17
6163.000000 1.613422e-16 9.350843e-18
6165.000000 1.615873e-16 9.313038e-18
6167.000000 1.791434e-16 4.294798e-16
6169.000000 2.114293e-16 1.951610e-17
6171.000000 2.316403e-16 4.469391e-17
6173.000000 2.399183e-16 6.201100e-17
6175.000000 2.296909e-16 2.348898e-17
6177.000000 2.046944e-16 4.158016e-17
6179.000000 1.714893e-16 1.699858e-16
6181.000000 1.417058e-16 4.867500e-16
6183.000000 1.412094e-16 2.364346e-17
6185.000000 1.485814e-16 3.448197e-16
6187.000000 1.467875e-16 8.349928e-15
6189.000000 1.504351e-16 3.101888e-16
6191.000000 1.559222e-16 2.207394e-17
6193.000000 1.635431e-16 1.798700e-17
6195.000000 1.737308e-16 2.761237e-17
6197.000000 1.720359e-16 1.722593e-16
6199.000000 1.730060e-16 1.718013e-16
6201.000000 1.813769e-16 1.977141e-17
6203.000000 1.821011e-16 1.969148e-16
6205.000000 1.740355e-16 4.256567e-17
6207.000000 1.688877e-16 1.516909e-17
6209.000000 1.681284e-16 7.785229e-18
6211.000000 1.620213e-16 1.258429e-17
6213.000000 1.562478e-16 2.095815e-16
6215.000000 1.563674e-16 1.315231e-17
6217.000000 1.526307e-16 5.274019e-16
6219.000000 1.520998e-16 8.874252e-18
6221.000000 1.632193e-16 9.393998e-18
6223.000000 1.703779e-16 6.828447e-18
6225.000000 1.838420e-16 5.560346e-18
6227.000000 2.309024e-16 6.122876e-18
6229.000000 3.040605e-16 4.589694e-17
6231.000000 3.561120e-16 1.020374e-17
6233.000000 3.465393e-16 6.054083e-17
6235.000000 2.871288e-16 3.640172e-17
6237.000000 2.302133e-16 2.707225e-17
6239.000000 2.090818e-16 9.467429e-18
6241.000000 1.984563e-16 2.544408e-17
6243.000000 1.805361e-16 3.467725e-16
6245.000000 1.678348e-16 2.303910e-17
6247.000000 1.592749e-16 1.423518e-17
6249.000000 1.446821e-16 4.467296e-17
6251.000000 1.435873e-16 3.782046e-17
6253.000000 1.633578e-16 3.021991e-17
6255.000000 1.771294e-16 1.936862e-17
6257.000000 1.812976e-16 1.969708e-17
6259.000000 2.083727e-16 5.318157e-16
6261.000000 2.327872e-16 3.326801e-15
6263.000000 2.265572e-16 3.039931e-17
6265.000000 2.032336e-16 3.378155e-17
6267.000000 1.966302e-16 2.993863e-15
6269.000000 1.992917e-16 1.482796e-17
6271.000000 1.900034e-16 9.207399e-18
6273.000000 1.759576e-16 1.255766e-17
6275.000000 1.612055e-16 7.355996e-17
6277.000000 1.491090e-16 2.899962e-17
6279.000000 1.396391e-16 1.392300e-17
6281.000000 1.390127e-16 1.258327e-17
6283.000000 1.537748e-16 2.277301e-17
6285.000000 1.662385e-16 2.262390e-17
6287.000000 1.686438e-16 3.565356e-17
6289.000000 1.677365e-16 3.063557e-17
6291.000000 1.566226e-16 1.222811e-16
6293.000000 1.315424e-16 1.503911e-15
6295.000000 8.311634e-17 5.936426e-18
6297.000000 4.498445e-17 9.463911e-18
6299.000000 1.866498e-17 1.398011e-17
6301.000000 5.149728e-17 1.461188e-17
6303.000000 1.291074e-16 1.821605e-17
6305.000000 1.495980e-16 6.933270e-17
6307.000000 1.492458e-16 3.741198e-17
6309.000000 1.614018e-16 1.475087e-17
6311.000000 1.688665e-16 9.679069e-17
6313.000000 1.722179e-16 3.562502e-16
6315.000000 1.729862e-16 7.036080e-17
6317.000000 1.694667e-16 5.810133e-17
6319.000000 1.695389e-16 5.444893e-17
6321.000000 1.712578e-16 5.031001e-17
6323.000000 1.783991e-16 8.872706e-16
6325.000000 1.879877e-16 7.607818e-16
6327.000000 1.879445e-16 6.495606e-17
6329.000000 1.852896e-16 8.341617e-17
6331.000000 1.888143e-16 1.683087e-17
6333.000000 1.920219e-16 7.875303e-17
6335.000000 1.783368e-16 7.928544e-18
6337.000000 1.693344e-16 1.091915e-17
6339.000000 1.727471e-16 4.999546e-17
6341.000000 1.828855e-16 5.747297e-17
6343.000000 2.176347e-16 1.175057e-14
6345.000000 2.609584e-16 1.583603e-15
6347.000000 2.343175e-16 3.312491e-16
6349.000000 1.772097e-16 1.517712e-17
6351.000000 1.615548e-16 8.018943e-18
6353.000000 1.652685e-16 1.314082e-17
6355.000000 1.703063e-16 2.165926e-17
6357.000000 1.695982e-16 9.433981e-14
6359.000000 1.705483e-16 2.615543e-17
6361.000000 1.634807e-16 1.297493e-17
6363.000000 1.557416e-16 1.908134e-16
6365.000000 1.690945e-16 6.282301e-17
6367.000000 1.814170e-16 7.522847e-17
6369.000000 1.825063e-16 1.923173e-17
6371.000000 1.858931e-16 4.882264e-17
6373.000000 1.889668e-16 3.013523e-17
6375.000000 1.768353e-16 1.850219e-17
6377.000000 1.665149e-16 2.363344e-17
6379.000000 1.679038e-16 4.619036e-17
6381.000000 1.666883e-16 7.447996e-16
6383.000000 1.595914e-16 1.382881e-16
6385.000000 1.454244e-16 3.685620e-15
6387.000000 1.510997e-16 9.113735e-18
6389.000000 1.665898e-16 7.865371e-18
6391.000000 1.675761e-16 8.596789e-18
6393.000000 1.605762e-16 1.718258e-17
6395.000000 1.515879e-16 1.015558e-17
6397.000000 1.459570e-16 9.511071e-18
6399.000000 1.491559e-16 4.248297e-17
6401.000000 1.549877e-16 1.411494e-17
6403.000000 1.649465e-16 3.782197e-17
6405.000000 1.706205e-16 9.625736e-18
6407.000000 1.571425e-16 1.956293e-17
6409.000000 1.414715e-16 8.864544e-18
6411.000000 1.425711e-16 1.145746e-17
6413.000000 1.562219e-16 1.597552e-17
6415.000000 1.691926e-16 8.734069e-18
6417.000000 1.647113e-16 3.810426e-16
6419.000000 1.568204e-16 2.049935e-17
6421.000000 1.542496e-16 7.741010e-17
6423.000000 1.525933e-16 1.036680e-17
6425.000000 1.521148e-16 1.348015e-17
6427.000000 1.479318e-16 5.396667e-17
6429.000000 1.435580e-16 2.764831e-16
6431.000000 1.413387e-16 3.015170e-17
6433.000000 1.416141e-16 1.109577e-17
6435.000000 1.483270e-16 2.412329e-15
6437.000000 1.490403e-16 3.016195e-17
6439.000000 1.634034e-16 1.126434e-17
6441.000000 1.764735e-16 2.312535e-17
6443.000000 1.639848e-16 5.587573e-17
6445.000000 1.539775e-16 3.078276e-17
6447.000000 1.493053e-16 5.328720e-17
6449.000000 1.434202e-16 1.558112e-17
6451.000000 1.480540e-16 6.496327e-17
6453.000000 1.388684e-16 7.002422e-18
6455.000000 1.182761e-16 7.283548e-18
6457.000000 1.250539e-16 6.343000e-18
6459.000000 1.435885e-16 6.792705e-18
6461.000000 1.534903e-16 1.084633e-17
6463.000000 1.563844e-16 4.151381e-17
6465.000000 1.514410e-16 9.790318e-18
6467.000000 1.473291e-16 1.556741e-17
6469.000000 1.495125e-16 8.591370e-18
6471.000000 1.430711e-16 1.006203e-17
6473.000000 1.249547e-16 3.913004e-17
6475.000000 1.202087e-16 2.349191e-17
6477.000000 1.365465e-16 1.949182e-17
6479.000000 1.547060e-16 8.696775e-18
6481.000000 1.555954e-16 2.677125e-17
6483.000000 1.522962e-16 1.751485e-17
6485.000000 1.516567e-16 5.323751e-17
6487.000000 1.489677e-16 2.174752e-16
6489.000000 1.516442e-16 2.491466e-15
6491.000000 1.612832e-16 1.675980e-17
6493.000000 1.696936e-16 1.291197e-16
6495.000000 1.733343e-16 6.479423e-16
6497.000000 1.716549e-16 1.936896e-17
6499.000000 1.640889e-16 4.437019e-16
6501.000000 1.547852e-16 8.388430e-17
6503.000000 1.471064e-16 2.142003e-17
6505.000000 1.459031e-16 2.127676e-16
6507.000000 1.515133e-16 2.866782e-17
6509.000000 1.622227e-16 8.598508e-17
6511.000000 1.651215e-16 8.917783e-18
6513.000000 1.548848e-16 2.282372e-17
6515.000000 1.467240e-16 1.033866e-17
6517.000000 1.478140e-16 1.049048e-15
6519.000000 1.588065e-16 2.513527e-17
6521.000000 1.602402e-16 3.092342e-16
6523.000000 1.545323e-16 2.060023e-16
6525.000000 1.447154e-16 1.059887e-17
6527.000000 1.495951e-16 1.102965e-17
6529.000000 1.641923e-16 4.356804e-16
6531.000000 1.676017e-16 1.676476e-16
6533.000000 1.475180e-16 1.001736e-17
6535.000000 1.381717e-16 9.216550e-17
6537.000000 1.436212e-16 4.731438e-17
6539.000000 1.416813e-16 1.531540e-17
6541.000000 1.463602e-16 6.880734e-17
6543.000000 1.592314e-16 1.568246e-17
6545.000000 1.569558e-16 1.182030e-17
6547.000000 1.398874e-16 2.442201e-17
6549.000000 1.235471e-16 2.487992e-17
6551.000000 1.218084e-16 8.223198e-18
6553.000000 1.334386e-16 1.795096e-17
6555.000000 1.360280e-16 2.027117e-14
6557.000000 1.319152e-16 2.995193e-16
6559.000000 1.316381e-16 1.127913e-17
6561.000000 1.545237e-16 3.103880e-17
6563.000000 1.953174e-16 4.487671e-17
6565.000000 1.822606e-16 6.080897e-16
6567.000000 1.449514e-16 1.847887e-17
6569.000000 1.350730e-16 8.539249e-18
6571.000000 1.374904e-16 1.188106e-16
6573.000000 1.368564e-16 8.402525e-17
6575.000000 1.411075e-16 1.233935e-17
6577.000000 1.483027e-16 1.814299e-17
6579.000000 1.558818e-16 7.325283e-16
6581.000000 1.625385e-16 6.253571e-17
6583.000000 1.702026e-16 1.682511e-17
6585.000000 1.785650e-16 7.728668e-18
6587.000000 1.822744e-16 9.937656e-18
6589.000000 1.666102e-16 3.895105e-17
6591.000000 1.581073e-16 2.163509e-17
6593.000000 1.704923e-16 9.347125e-17
6595.000000 1.694528e-16 8.877036e-17
6597.000000 1.656532e-16 2.302532e-17
6599.000000 1.747836e-16 9.126021e-18
6601.000000 1.694518e-16 2.588789e-17
6603.000000 1.596167e-16 6.281480e-17
6605.000000 1.612620e-16 1.262841e-16
6607.000000 1.678197e-16 2.703618e-14
6609.000000 1.661271e-16 7.621450e-17
6611.000000 1.738213e-16 8.940901e-18
6613.000000 1.778853e-16 6.390471e-18
6615.000000 1.702534e-16 9.825825e-18
6617.000000 1.621834e-16 2.045031e-17
6619.000000 1.694503e-16 7.941396e-18
6621.000000 1.784398e-16 5.947159e-18
6623.000000 1.812789e-16 6.681954e-18
6625.000000 1.815121e-16 1.207467e-17
6627.000000 1.871937e-16 2.588943e-17
6629.000000 2.079652e-16 8.494552e-17
6631.000000 2.399186e-16 8.897170e-18
6633.000000 2.469330e-16 7.687764e-18
6635.000000 2.296136e-16 1.163953e-17
6637.000000 2.031214e-16 7.365324e-18
6639.000000 1.700285e-16 8.164730e-18
6641.000000 1.519267e-16 1.315657e-17
6643.000000 1.654678e-16 1.660895e-16
6645.000000 1.803871e-16 2.383389e-17
6647.000000 1.700870e-16 8.630762e-18
6649.000000 1.583649e-16 2.049458e-16
6651.000000 1.581776e-16 1.096976e-17
6653.000000 1.580612e-16 1.606393e-17
6655.000000 1.630265e-16 7.388893e-17
6657.000000 1.753210e-16 1.513853e-17
6659.000000 1.828994e-16 6.398273e-18
6661.000000 1.725761e-16 8.541431e-18
6663.000000 1.570660e-16 3.419819e-16
6665.000000 1.579933e-16 2.557474e-17
6667.000000 1.572859e-16 2.025148e-17
6669.000000 1.585713e-16 1.654173e-17
6671.000000 1.631232e-16 2.508732e-17
6673.000000 1.659426e-16 1.206921e-17
6675.000000 1.572306e-16 8.319758e-18
6677.000000 1.579591e-16 1.157374e-17
6679.000000 1.621970e-16 2.951483e-17
6681.000000 1.532856e-16 1.857704e-17
6683.000000 1.555496e-16 7.312161e-18
6685.000000 1.601488e-16 7.714139e-18
6687.000000 1.684451e-16 9.947508e-18
6689.000000 1.736518e-16 7.196731e-17
6691.000000 1.639922e-16 1.594233e-17
6693.000000 1.690229e-16 1.107000e-17
6695.000000 1.891303e-16 1.030519e-17
6697.000000 1.932725e-16 6.864646e-18
6699.000000 1.790468e-16 1.035479e-17
6701.000000 1.605521e-16 6.582733e-15
6703.000000 1.695432e-16 2.880477e-17
6705.000000 1.809501e-16 7.169641e-18
6707.000000 1.780211e-16 6.878237e-18
6709.000000 1.762392e-16 7.275158e-18
6711.000000 1.742514e-16 1.937947e-17
6713.000000 1.733798e-16 1.147196e-15
6715.000000 1.556297e-16 5.982649e-18
6717.000000 1.220317e-16 5.539951e-18
6719.000000 1.271276e-16 6.197168e-18
6721.000000 1.465269e-16 2.928822e-17
6723.000000 1.531394e-16 3.053995e-17
6725.000000 1.567631e-16 1.259969e-15
6727.000000 1.433577e-16 6.041886e-18
6729.000000 1.197256e-16 6.680834e-18
6731.000000 1.401526e-16 5.849726e-18
6733.000000 1.649018e-16 8.110930e-18
6735.000000 1.679665e-16 4.746561e-17
6737.000000 1.699715e-16 8.287924e-18
6739.000000 1.641046e-16 8.708604e-18
6741.000000 1.627921e-16 9.827335e-18
6743.000000 1.636894e-16 4.815752e-17
6745.000000 1.631448e-16 1.547466e-17
6747.000000 1.529814e-16 1.316342e-17
6749.000000 1.564676e-16 1.350292e-16
6751.000000 1.780385e-16 1.360666e-17
6753.000000 1.989084e-16 6.927104e-18
6755.000000 1.956767e-16 7.033986e-18
6757.000000 1.682144e-16 7.522372e-18
6759.000000 1.649477e-16 6.480032e-18
6761.000000 1.817206e-16 7.050159e-18
6763.000000 1.835128e-16 5.790424e-18
6765.000000 1.767937e-16 6.081829e-18
6767.000000 1.730100e-16 1.442236e-17
6769.000000 1.725313e-16 1.657867e-17
6771.000000 1.671631e-16 8.006617e-18
6773.000000 1.625182e-16 6.098067e-18
6775.000000 1.674484e-16 5.784271e-18
6777.000000 1.712938e-16 6.171453e-18
6779.000000 1.724935e-16 8.741104e-18
6781.000000 1.649868e-16 1.214392e-16
6783.000000 1.564985e-16 1.267443e-17
6785.000000 1.605502e-16 1.855002e-17
6787.000000 1.628149e-16 2.316887e-15
6789.000000 1.641858e-16 3.487233e-15
6791.000000 1.726157e-16 5.676651e-17
6793.000000 1.748310e-16 3.581071e-17
6795.000000 1.619743e-16 3.292282e-16
6797.000000 1.600354e-16 7.244939e-16
6799.000000 1.623845e-16 1.691566e-17
6801.000000 1.573278e-16 1.012210e-17
6803.000000 1.615512e-16 8.656290e-18
6805.000000 1.748885e-16 8.128082e-18
6807.000000 1.792104e-16 8.937146e-18
6809.000000 1.650303e-16 9.671868e-18
6811.000000 1.527334e-16 1.658692e-16
6813.000000 1.402730e-16 1.226743e-17
6815.000000 1.402373e-16 4.595489e-17
6817.000000 1.521052e-16 1.220620e-16
6819.000000 1.654153e-16 5.393586e-17
6821.000000 1.632630e-16 2.794857e-17
6823.000000 1.489400e-16 7.982515e-18
6825.000000 1.534909e-16 3.386226e-17
6827.000000 1.606020e-16 1.583662e-17
6829.000000 1.446388e-16 4.411570e-16
6831.000000 1.445200e-16 6.167384e-17
6833.000000 1.682007e-16 1.359168e-17
6835.000000 1.846942e-16 2.300000e-15
6837.000000 1.526053e-16 5.673838e-17
6839.000000 1.183180e-16 6.835672e-16
6841.000000 1.225029e-16 1.869360e-16
6843.000000 1.526742e-16 6.408667e-17
6845.000000 1.554275e-16 8.856340e-18
6847.000000 1.519571e-16 1.000446e-14
6849.000000 1.479618e-16 1.132803e-17
6851.000000 1.577622e-16 1.394718e-15
6853.000000 1.685415e-16 6.771043e-18
6855.000000 1.778576e-16 6.418872e-18
6857.000000 1.659273e-16 3.440055e-17
6859.000000 1.568205e-16 6.885712e-18
6861.000000 1.943050e-16 8.467183e-18
6863.000000 2.073317e-16 2.358991e-17
6865.000000 1.658648e-16 4.904217e-17
6867.000000 1.238375e-16 7.261044e-17
6869.000000 1.465016e-16 7.027594e-16
6871.000000 1.700131e-16 1.781337e-16
6873.000000 1.605498e-16 1.161018e-17
6875.000000 1.558275e-16 1.121808e-17
6877.000000 1.742366e-16 1.150497e-17
6879.000000 1.992255e-16 8.527975e-18
6881.000000 2.050381e-16 7.166701e-18
6883.000000 1.983644e-16 7.151232e-18
6885.000000 1.905884e-16 1.104959e-17
6887.000000 1.947639e-16 3.878976e-17
6889.000000 1.939728e-16 1.995817e-17
6891.000000 1.978247e-16 1.168271e-17
6893.000000 1.993949e-16 1.849088e-17
6895.000000 1.780478e-16 1.438657e-16
6897.000000 1.828969e-16 2.997907e-17
6899.000000 2.050182e-16 1.070005e-17
6901.000000 2.023665e-16 1.747037e-17
6903.000000 2.006115e-16 1.952065e-17
6905.000000 1.894256e-16 9.032550e-18
6907.000000 1.899639e-16 1.516056e-17
6909.000000 1.980726e-16 4.266159e-17
6911.000000 2.058673e-16 1.493173e-16
6913.000000 1.929017e-16 3.100926e-14
6915.000000 1.766270e-16 7.982673e-16
6917.000000 1.610495e-16 1.615059e-16
6919.000000 1.762111e-16 1.042519e-17
6921.000000 2.094856e-16 1.352550e-14
6923.000000 2.332447e-16 1.317267e-17
6925.000000 2.179523e-16 8.674264e-18
6927.000000 1.851557e-16 7.243671e-18
6929.000000 1.796818e-16 4.036251e-17
6931.000000 1.777122e-16 3.958271e-16
6933.000000 1.651713e-16 2.267349e-16
6935.000000 1.542072e-16 1.474814e-17
6937.000000 1.665899e-16 1.415095e-16
6939.000000 1.946035e-16 6.900418e-16
6941.000000 2.050991e-16 4.170114e-16
6943.000000 1.770507e-16 2.473340e-17
6945.000000 1.684915e-16 1.116186e-16
6947.000000 1.931777e-16 1.487105e-14
6949.000000 2.066510e-16 1.304322e-15
6951.000000 1.986627e-16 1.498594e-17
6953.000000 1.628220e-16 5.414083e-17
6955.000000 1.431808e-16 1.682357e-17
6957.000000 1.592190e-16 5.648033e-17
6959.000000 1.757761e-16 7.675822e-18
6961.000000 1.720771e-16 2.164393e-17
6963.000000 1.498337e-16 1.335084e-17
6965.000000 1.443499e-16 9.399299e-18
6967.000000 1.621471e-16 5.861846e-17
6969.000000 1.635617e-16 1.152748e-17
6971.000000 1.497526e-16 1.569486e-17
6973.000000 1.394434e-16 5.278324e-17
6975.000000 1.507549e-16 1.983449e-16
6977.000000 1.721164e-16 1.994357e-15
6979.000000 1.673303e-16 4.527391e-17
6981.000000 1.544898e-16 1.443448e-17
6983.000000 1.713132e-16 1.252626e-17
6985.000000 1.832474e-16 4.840569e-16
6987.000000 1.648671e-16 2.790142e-17
6989.000000 1.683244e-16 1.340475e-17
6991.000000 1.759498e-16 1.385407e-17
6993.000000 1.607497e-16 8.531324e-18
6995.000000 1.603644e-16 3.874818e-17
6997.000000 1.518407e-16 6.950484e-17
6999.000000 1.444904e-16 9.603824e-17
7001.000000 1.711601e-16 1.518692e-16
7003.000000 1.890920e-16 2.823227e-17
7005.000000 1.709786e-16 3.666472e-17
7007.000000 1.545057e-16 1.547502e-17
7009.000000 1.683045e-16 1.039032e-16
7011.000000 1.794196e-16 3.614574e-17
7013.000000 1.707254e-16 3.301201e-17
7015.000000 1.490974e-16 2.600189e-17
7017.000000 1.404501e-16 5.880150e-16
7019.000000 1.511817e-16 5.394826e-17
7021.000000 1.461828e-16 3.980553e-17
7023.000000 1.183569e-16 5.893929e-15
7025.000000 1.210308e-16 1.320063e-17
7027.000000 1.408638e-16 2.420113e-17
7029.000000 1.636312e-16 7.613540e-16
7031.000000 1.754203e-16 1.554868e-17
7033.000000 1.757428e-16 9.210753e-18
7035.000000 1.553228e-16 8.156122e-18
7037.000000 1.746065e-16 1.063089e-17
7039.000000 1.810175e-16 1.034661e-17
7041.000000 1.575762e-16 1.993653e-17
7043.000000 1.492537e-16 1.533971e-16
7045.000000 1.523841e-16 1.611789e-17
7047.000000 1.419505e-16 1.173310e-17
7049.000000 1.240624e-16 1.234395e-17
7051.000000 1.237645e-16 1.079586e-17
7053.000000 1.420138e-16 1.503074e-17
7055.000000 1.681147e-16 5.689961e-17
7057.000000 1.960070e-16 1.033946e-17
7059.000000 1.860424e-16 1.177753e-17
7061.000000 1.618231e-16 9.462433e-16
7063.000000 1.509128e-16 4.964111e-17
7065.000000 1.743764e-16 1.483873e-16
7067.000000 1.821098e-16 1.352681e-17
7069.000000 1.742642e-16 1.564110e-17
7071.000000 1.580296e-16 7.868329e-16
7073.000000 1.489305e-16 1.970043e-17
7075.000000 1.532860e-16 3.288995e-17
7077.000000 1.590607e-16 1.050469e-15
7079.000000 1.621241e-16 1.546441e-17
7081.000000 1.662323e-16 1.722092e-15
7083.000000 1.632296e-16 3.432138e-17
7085.000000 1.604101e-16 8.160539e-17
7087.000000 1.588093e-16 1.327912e-17
7089.000000 1.621249e-16 1.632158e-17
7091.000000 1.577174e-16 5.094961e-17
7093.000000 1.451301e-16 3.521354e-16
7095.000000 1.483661e-16 2.181436e-17
7097.000000 1.573428e-16 3.944827e-17
7099.000000 1.600436e-16 7.811661e-17
7101.000000 1.611337e-16 1.073331e-17
7103.000000 1.608381e-16 9.895930e-18
7105.000000 1.587651e-16 7.429662e-18
7107.000000 1.500485e-16 7.137096e-18
7109.000000 1.480761e-16 7.575504e-18
7111.000000 1.669705e-16 3.175078e-17
7113.000000 1.699987e-16 2.235106e-17
7115.000000 1.646059e-16 1.211813e-17
7117.000000 1.794492e-16 7.232599e-18
7119.000000 1.853011e-16 2.901270e-17
7121.000000 1.695560e-16 6.548702e-18
7123.000000 1.730043e-16 6.495924e-18
7125.000000 1.784890e-16 6.694782e-18
7127.000000 1.603145e-16 1.051660e-17
7129.000000 1.609253e-16 1.234299e-17
7131.000000 1.830274e-16 7.225318e-18
7133.000000 1.733936e-16 1.965634e-17
7135.000000 1.485085e-16 6.383233e-18
7137.000000 1.071744e-16 6.389634e-18
7139.000000 1.472600e-16 2.849022e-17
7141.000000 1.831480e-16 7.519075e-18
7143.000000 1.970219e-16 7.661534e-18
7145.000000 1.860429e-16 7.726123e-18
7147.000000 1.889785e-16 8.471737e-18
7149.000000 1.843229e-16 8.536287e-18
7151.000000 1.981738e-16 7.301275e-18
7153.000000 1.873460e-16 7.068538e-18
7155.000000 1.749889e-16 7.557229e-18
7157.000000 1.856574e-16 8.912615e-18
7159.000000 1.606348e-16 4.653795e-17
7161.000000 1.603290e-16 7.289054e-14
7163.000000 1.806821e-16 4.674890e-16
7165.000000 1.702744e-16 8.788374e-18
7167.000000 1.667012e-16 7.819095e-18
7169.000000 1.821649e-16 7.812515e-18
7171.000000 1.838546e-16 7.934838e-18
7173.000000 1.848066e-16 9.221725e-18
7175.000000 1.970518e-16 1.436162e-17
7177.000000 1.760846e-16 9.997911e-17
7179.000000 1.683132e-16 3.022381e-17
7181.000000 1.757453e-16 9.155032e-17
7183.000000 1.882567e-16 3.873728e-17
7185.000000 1.778639e-16 1.098674e-17
7187.000000 1.705768e-16 2.077155e-17
7189.000000 1.639990e-16 5.453537e-17
7191.000000 1.691202e-16 1.813085e-15
7193.000000 2.052448e-16 9.292239e-18
7195.000000 2.005945e-16 9.843695e-18
7197.000000 1.725524e-16 1.991982e-17
7199.000000 1.701302e-16 7.394821e-18
7201.000000 1.710102e-16 1.325963e-16
7203.000000 1.106071e-16 2.646205e-17
7205.000000 -3.857650e-17 1.069660e-17
7207.000000 -1.936458e-17 2.372069e-17
7209.000000 1.195604e-16 2.237795e-17
7211.000000 1.565640e-16 9.875835e-18
7213.000000 1.779667e-16 7.075573e-18
7215.000000 1.841683e-16 6.291599e-18
7217.000000 1.625561e-16 7.843605e-18
7219.000000 1.574494e-16 6.460234e-16
7221.000000 1.656506e-16 1.755054e-15
7223.000000 1.635329e-16 1.414298e-14
7225.000000 1.701518e-16 1.414214e-14
7227.000000 1.660685e-16 1.414214e-14
7229.000000 1.691871e-16 1.414214e-14
7231.000000 1.693079e-16 1.414214e-14
7233.000000 1.572816e-16 1.414217e-14
7235.000000 1.499287e-16 1.414214e-14
7237.000000 1.843243e-16 1.414214e-14
7239.000000 2.042552e-16 1.414215e-14
7241.000000 1.186167e-16 1.414317e-14
7243.000000 1.142793e-16 1.415983e-14
7245.000000 2.030116e-16 1.414256e-14
7247.000000 2.049731e-16 1.414218e-14
7249.000000 2.449851e-16 1.414214e-14
7251.000000 2.669332e-16 1.414214e-14
7253.000000 2.274362e-16 1.414214e-14
7255.000000 2.025075e-16 1.414214e-14
7257.000000 2.082380e-16 1.414214e-14
7259.000000 2.026770e-16 1.414214e-14
7261.000000 1.857823e-16 1.414214e-14
7263.000000 1.903158e-16 1.414214e-14
7265.000000 1.719638e-16 1.414214e-14
7267.000000 1.566087e-16 1.414218e-14
7269.000000 1.296839e-16 1.414214e-14
7271.000000 1.215594e-16 1.414217e-14
7273.000000 2.171854e-16 1.414214e-14
7275.000000 1.862868e-16 1.414281e-14
7277.000000 1.742042e-16 1.414225e-14
7279.000000 1.703519e-16 1.414215e-14
7281.000000 2.377820e-16 1.414215e-14
7283.000000 2.367811e-16 1.414215e-14
7285.000000 1.461367e-16 1.414215e-14
7287.000000 1.257791e-16 1.414214e-14
7289.000000 1.792820e-16 1.414214e-14
7291.000000 1.761494e-16 1.414216e-14
7293.000000 1.806033e-16 1.414214e-14
7295.000000 2.215082e-16 1.414214e-14
7297.000000 1.799228e-16 1.414214e-14
7299.000000 1.783053e-16 1.414214e-14
7301.000000 1.677679e-16 1.414214e-14
7303.000000 1.371177e-16 1.604279e-14
7305.000000 1.731908e-16 1.414214e-14
7307.000000 1.818342e-16 1.414214e-14
7309.000000 1.604371e-16 1.414214e-14
7311.000000 1.440625e-16 1.414229e-14
7313.000000 1.945713e-16 1.414214e-14
7315.000000 1.457224e-16 1.414231e-14
7317.000000 1.769138e-16 1.414215e-14
7319.000000 2.519075e-16 1.414215e-14
7321.000000 2.742520e-16 1.414214e-14
7323.000000 1.851101e-16 1.414214e-14
7325.000000 9.659916e-17 1.414214e-14
7327.000000 1.713640e-16 1.414214e-14
7329.000000 1.776028e-16 1.414214e-14
7331.000000 1.829960e-16 1.414214e-14
7333.000000 2.060912e-16 1.414214e-14
7335.000000 1.656224e-16 1.414214e-14
7337.000000 1.626322e-16 1.414214e-14
7339.000000 1.128232e-16 1.416515e-14
7341.000000 4.581517e-17 1.414215e-14
7343.000000 1.530360e-16 1.414533e-14
7345.000000 3.797138e-16 1.414214e-14
7347.000000 3.243594e-16 1.414214e-14
7349.000000 1.984849e-16 1.414214e-14
7351.000000 1.889737e-16 1.414214e-14
7353.000000 1.725267e-16 1.414214e-14
7355.000000 1.664412e-16 1.414214e-14
7357.000000 1.792270e-16 1.414221e-14
7359.000000 1.688888e-16 1.414214e-14
7361.000000 1.486841e-16 1.414214e-14
7363.000000 1.815284e-16 1.414214e-14
7365.000000 1.533960e-16 1.414214e-14
7367.000000 1.116056e-16 1.414215e-14
7369.000000 8.503054e-17 1.414215e-14
7371.000000 1.062723e-16 1.414215e-14
7373.000000 2.015578e-16 1.414214e-14
7375.000000 2.537881e-16 1.414214e-14
7377.000000 1.988199e-16 1.414216e-14
7379.000000 1.669877e-16 1.414214e-14
7381.000000 1.655042e-16 1.414214e-14
7383.000000 1.790543e-16 1.414214e-14
7385.000000 1.563894e-16 1.414235e-14
7387.000000 1.649754e-16 1.414214e-14
7389.000000 1.524305e-16 1.414218e-14
7391.000000 1.481480e-16 1.414214e-14
7393.000000 1.764616e-16 1.414214e-14
7395.000000 1.860727e-16 1.414214e-14
7397.000000 1.727282e-16 1.414214e-14
7399.000000 1.323798e-16 1.417527e-14
7401.000000 1.991087e-17 1.414214e-14
7403.000000 8.701199e-17 1.414217e-14
7405.000000 2.008017e-16 1.414214e-14
7407.000000 2.068370e-16 1.414214e-14
7409.000000 1.601511e-16 1.414214e-14
7411.000000 1.498945e-16 1.414214e-14
7413.000000 1.686548e-16 1.414214e-14
7415.000000 1.773981e-16 1.414214e-14
7417.000000 1.730789e-16 1.414214e-14
7419.000000 1.719592e-16 1.414214e-14
7421.000000 1.677983e-16 1.414214e-14
7423.000000 1.756480e-16 1.414214e-14
7425.000000 1.629319e-16 1.414214e-14
7427.000000 1.921910e-16 1.414214e-14
7429.000000 1.666838e-16 1.414214e-14
7431.000000 1.433838e-16 1.414214e-14
7433.000000 1.600209e-16 1.414220e-14
7435.000000 1.754778e-16 1.414214e-14
7437.000000 2.357587e-16 1.415905e-14
7439.000000 1.813857e-16 1.414230e-14
7441.000000 1.758011e-16 1.414214e-14
7443.000000 1.894798e-16 1.414214e-14
7445.000000 1.872531e-16 1.414214e-14
7447.000000 1.796580e-16 1.414214e-14
7449.000000 1.798549e-16 1.414214e-14
7451.000000 1.698280e-16 1.414214e-14
7453.000000 1.690851e-16 1.414214e-14
7455.000000 1.769314e-16 1.414214e-14
7457.000000 1.843690e-16 1.414214e-14
7459.000000 1.501690e-16 1.414214e-14
7461.000000 1.477173e-16 1.414214e-14
7463.000000 1.483504e-16 1.451101e-14
7465.000000 1.840943e-16 1.414217e-14
7467.000000 3.111365e-16 1.415811e-14
7469.000000 3.302989e-16 1.415031e-14
7471.000000 1.487560e-16 1.414214e-14
7473.000000 1.311742e-16 1.414366e-14
7475.000000 9.166140e-17 1.414215e-14
7477.000000 1.415241e-16 1.414214e-14
7479.000000 1.290796e-16 1.414214e-14
7481.000000 1.132657e-16 1.414218e-14
7483.000000 1.283486e-16 1.414215e-14
7485.000000 1.980709e-16 1.414214e-14
7487.000000 2.181107e-16 1.414214e-14
7489.000000 2.054442e-16 1.414214e-14
7491.000000 2.005118e-16 1.414214e-14
7493.000000 1.374981e-16 2.705938e-14
7495.000000 1.609649e-16 1.414214e-14
7497.000000 1.969649e-16 1.414214e-14
