3751.000000 5.340157e-18 5.196111e-14
3753.000000 -3.726626e-18 5.195386e-14
3755.000000 -1.337508e-17 5.195547e-14
3757.000000 -3.271465e-17 5.196932e-14
3759.000000 -2.517664e-17 5.195813e-14
3761.000000 -5.531246e-18 5.195558e-14
3763.000000 2.034928e-19 5.195579e-14
3765.000000 -1.289679e-18 5.195407e-14
3767.000000 -1.055748e-17 5.195367e-14
3769.000000 -6.854226e-18 5.195367e-14
3771.000000 -1.422185e-17 5.195378e-14
3773.000000 -2.113357e-17 4.855025e-14
3775.000000 -6.457533e-18 4.855100e-14
3777.000000 4.645193e-18 4.854835e-14
3779.000000 1.216197e-18 4.854774e-14
3781.000000 -2.053192e-18 4.854985e-14
3783.000000 9.751469e-18 4.854921e-14
3785.000000 2.803441e-17 4.854824e-14
3787.000000 2.911268e-17 4.854850e-14
3789.000000 2.234967e-17 4.854774e-14
3791.000000 1.456462e-17 4.854788e-14
3793.000000 -3.802091e-18 4.854734e-14
3795.000000 -4.657727e-18 4.854707e-14
3797.000000 7.889647e-18 4.854765e-14
3799.000000 1.631741e-18 4.854726e-14
3801.000000 4.076431e-18 4.854729e-14
3803.000000 1.153947e-17 4.854717e-14
3805.000000 2.283886e-17 4.854745e-14
3807.000000 3.650207e-17 4.854768e-14
3809.000000 3.423524e-17 4.854818e-14
3811.000000 6.421562e-18 4.854677e-14
3813.000000 -4.310676e-18 4.854698e-14
3815.000000 3.582428e-19 4.854684e-14
3817.000000 6.741336e-18 4.854690e-14
3819.000000 1.654323e-17 4.854696e-14
3821.000000 7.987104e-18 4.854669e-14
3823.000000 9.459093e-19 4.854633e-14
3825.000000 8.810336e-18 4.854659e-14
3827.000000 1.170576e-17 4.854676e-14
3829.000000 1.047834e-17 4.854703e-14
3831.000000 1.436458e-17 4.854723e-14
3833.000000 6.854188e-18 4.854693e-14
3835.000000 -4.725014e-18 4.854653e-14
3837.000000 2.464781e-18 4.854643e-14
3839.000000 2.111267e-17 4.854687e-14
3841.000000 2.883045e-17 4.854705e-14
3843.000000 2.718658e-17 4.854724e-14
3845.000000 2.466543e-17 4.854665e-14
3847.000000 1.412984e-17 4.854620e-14
3849.000000 1.490477e-17 4.854633e-14
3851.000000 1.302941e-17 4.854597e-14
3853.000000 9.431716e-18 4.854599e-14
3855.000000 7.600694e-18 4.854559e-14
3857.000000 1.671376e-17 4.854560e-14
3859.000000 2.473130e-17 4.854555e-14
3861.000000 2.418717e-17 4.854544e-14
3863.000000 2.354433e-17 4.854561e-14
3865.000000 2.957046e-17 4.854557e-14
3867.000000 2.587482e-17 4.854559e-14
3869.000000 1.507117e-17 4.854520e-14
3871.000000 1.274929e-17 4.854517e-14
3873.000000 7.957179e-18 4.854519e-14
3875.000000 -3.090863e-20 4.854487e-14
3877.000000 4.122519e-18 4.854512e-14
3879.000000 6.346085e-18 4.854513e-14
3881.000000 4.125956e-18 4.854504e-14
3883.000000 1.064530e-18 4.854486e-14
3885.000000 -1.209330e-18 4.854475e-14
3887.000000 4.719709e-18 4.854493e-14
3889.000000 9.689861e-18 4.854505e-14
3891.000000 7.010581e-18 4.854492e-14
3893.000000 8.073098e-18 4.854511e-14
3895.000000 6.820307e-18 4.854489e-14
3897.000000 3.207490e-18 4.854490e-14
3899.000000 1.336297e-18 4.854473e-14
3901.000000 2.564445e-18 4.854477e-14
3903.000000 5.311597e-18 4.854501e-14
3905.000000 9.679220e-18 4.854516e-14
3907.000000 7.239946e-18 4.854545e-14
3909.000000 3.870559e-18 4.854531e-14
3911.000000 -2.097630e-19 4.854517e-14
3913.000000 -1.445552e-18 4.854507e-14
3915.000000 3.957398e-18 4.854493e-14
3917.000000 -8.249401e-19 4.854501e-14
3919.000000 -5.950917e-18 4.854477e-14
3921.000000 -2.031311e-18 4.854474e-14
3923.000000 5.966642e-19 4.854480e-14
3925.000000 5.105348e-19 4.854460e-14
3927.000000 -3.353868e-18 4.854456e-14
3929.000000 1.055533e-18 4.854452e-14
3931.000000 3.597139e-18 4.854453e-14
3933.000000 3.806423e-18 4.854442e-14
3935.000000 4.120428e-18 4.854438e-14
3937.000000 9.015575e-18 4.854456e-14
3939.000000 1.599430e-17 4.854477e-14
3941.000000 1.550138e-17 4.854481e-14
3943.000000 1.252032e-17 4.854480e-14
3945.000000 1.385369e-17 4.854468e-14
3947.000000 1.204987e-17 4.854450e-14
3949.000000 1.396669e-17 4.250374e-14
3951.000000 1.944613e-17 4.250348e-14
3953.000000 1.271991e-17 4.250324e-14
3955.000000 8.677229e-18 4.250300e-14
3957.000000 9.822836e-18 4.250311e-14
3959.000000 1.362495e-17 4.250314e-14
3961.000000 9.481172e-18 4.250318e-14
3963.000000 6.418130e-18 4.250265e-14
3965.000000 6.105486e-18 4.250262e-14
3967.000000 -2.159928e-18 4.250229e-14
3969.000000 1.673997e-18 4.250248e-14
3971.000000 1.139864e-18 8.386746e-15
3973.000000 -8.631716e-19 8.387104e-15
3975.000000 3.743644e-18 8.387877e-15
3977.000000 1.044078e-17 8.388877e-15
3979.000000 1.168367e-17 8.387972e-15
3981.000000 1.814383e-17 8.388217e-15
3983.000000 1.784037e-17 8.388280e-15
3985.000000 1.277728e-17 8.387721e-15
3987.000000 9.784819e-18 8.387822e-15
3989.000000 1.448329e-18 8.387336e-15
3991.000000 -3.764751e-18 8.387121e-15
3993.000000 3.119610e-18 8.387145e-15
3995.000000 2.154937e-18 8.386835e-15
3997.000000 -6.456434e-18 8.387790e-15
3999.000000 -9.442372e-18 8.798140e-15
4001.000000 1.688560e-18 8.387187e-15
4003.000000 8.849554e-18 8.386788e-15
4005.000000 1.270680e-17 8.387101e-15
4007.000000 1.445799e-17 8.387126e-15
4009.000000 1.367572e-17 8.387499e-15
4011.000000 1.542434e-17 8.387341e-15
4013.000000 1.156876e-17 8.387334e-15
4015.000000 1.716647e-18 8.386946e-15
4017.000000 2.440650e-18 4.268419e-15
4019.000000 7.294564e-18 4.268931e-15
4021.000000 2.385261e-18 4.268675e-15
4023.000000 -5.931709e-18 4.268253e-15
4025.000000 -6.695170e-18 4.268429e-15
4027.000000 1.237540e-18 4.268404e-15
4029.000000 8.206134e-18 4.269211e-15
4031.000000 4.288745e-18 4.268355e-15
4033.000000 3.215871e-18 4.268350e-15
4035.000000 4.177131e-18 4.268865e-15
4037.000000 -7.062255e-20 4.268152e-15
4039.000000 -3.331819e-19 4.268403e-15
4041.000000 2.362463e-18 4.268887e-15
4043.000000 5.056812e-18 4.268879e-15
4045.000000 6.947569e-18 4.268696e-15
4047.000000 9.129605e-18 4.268908e-15
4049.000000 6.654328e-18 2.819753e-15
4051.000000 6.921604e-19 2.819361e-15
4053.000000 6.587465e-19 2.818828e-15
4055.000000 9.554723e-18 2.819006e-15
4057.000000 1.097186e-17 2.818937e-15
4059.000000 6.693952e-18 2.818936e-15
4061.000000 2.216136e-18 2.819437e-15
4063.000000 2.675324e-18 2.819667e-15
4065.000000 7.881992e-18 2.819884e-15
4067.000000 1.335323e-17 2.820316e-15
4069.000000 8.733448e-18 2.819633e-15
4071.000000 2.195258e-18 2.819555e-15
4073.000000 8.244032e-19 2.819329e-15
4075.000000 5.573712e-18 2.819770e-15
4077.000000 7.460230e-18 2.819854e-15
4079.000000 3.428838e-18 2.819794e-15
4081.000000 5.198610e-18 2.819592e-15
4083.000000 1.236081e-17 2.819762e-15
4085.000000 1.348767e-17 2.819199e-15
4087.000000 1.362199e-17 2.819197e-15
4089.000000 1.036026e-17 2.818836e-15
4091.000000 9.276749e-18 2.818877e-15
4093.000000 5.629588e-18 2.818395e-15
4095.000000 3.923531e-18 2.817986e-15
4097.000000 7.550637e-18 2.818364e-15
4099.000000 1.069032e-17 2.818317e-15
4101.000000 8.926928e-18 2.818044e-15
4103.000000 2.734071e-18 2.817844e-15
4105.000000 1.098671e-18 2.817800e-15
4107.000000 5.360468e-18 2.817940e-15
4109.000000 4.925706e-18 2.817719e-15
4111.000000 8.848819e-19 2.817525e-15
4113.000000 6.048292e-19 2.818007e-15
4115.000000 9.365002e-19 2.817800e-15
4117.000000 1.467833e-18 2.817695e-15
4119.000000 3.178867e-18 2.817755e-15
4121.000000 4.073513e-18 2.818087e-15
4123.000000 7.463047e-18 2.818297e-15
4125.000000 1.528989e-17 2.818684e-15
4127.000000 2.009071e-17 2.818773e-15
4129.000000 1.384370e-17 2.818705e-15
4131.000000 5.126560e-18 2.818089e-15
4133.000000 3.348824e-18 2.818290e-15
4135.000000 4.051976e-18 2.818402e-15
4137.000000 3.555615e-18 2.818435e-15
4139.000000 1.850201e-18 2.818068e-15
4141.000000 1.635542e-18 2.818031e-15
4143.000000 -3.601845e-19 2.830038e-15
4145.000000 5.258674e-18 2.817957e-15
4147.000000 1.078872e-17 2.817606e-15
4149.000000 1.546023e-17 2.817615e-15
4151.000000 1.515946e-17 2.817608e-15
4153.000000 6.940574e-18 2.817442e-15
4155.000000 5.506226e-18 2.817904e-15
4157.000000 1.030863e-17 2.817917e-15
4159.000000 1.667299e-17 2.818052e-15
4161.000000 1.614910e-17 2.817864e-15
4163.000000 1.233481e-17 2.818046e-15
4165.000000 1.480445e-17 2.818186e-15
4167.000000 2.180053e-17 2.818645e-15
4169.000000 2.351905e-17 2.818651e-15
4171.000000 2.039890e-17 2.818749e-15
4173.000000 1.686634e-17 2.818311e-15
4175.000000 1.334438e-17 2.817847e-15
4177.000000 1.506040e-17 2.818049e-15
4179.000000 1.458825e-17 2.817685e-15
4181.000000 1.395980e-17 2.818097e-15
4183.000000 1.045500e-17 2.817670e-15
4185.000000 1.094725e-17 2.817609e-15
4187.000000 1.279287e-17 2.817590e-15
4189.000000 8.471488e-18 5.005545e-14
4191.000000 1.735974e-18 5.005549e-14
4193.000000 3.094515e-18 5.005544e-14
4195.000000 9.757076e-18 5.005540e-14
4197.000000 1.141577e-17 2.817317e-15
4199.000000 1.148802e-17 2.817183e-15
4201.000000 1.515944e-17 2.817195e-15
4203.000000 1.497584e-17 2.817190e-15
4205.000000 1.064022e-17 2.817290e-15
4207.000000 7.598849e-18 2.817307e-15
4209.000000 6.716701e-18 2.817245e-15
4211.000000 9.584848e-18 2.817063e-15
4213.000000 1.182124e-17 2.816953e-15
4215.000000 7.431280e-18 2.816823e-15
4217.000000 2.958056e-18 2.816622e-15
4219.000000 4.136959e-18 2.816820e-15
4221.000000 7.768378e-18 2.816959e-15
4223.000000 1.074767e-17 2.816951e-15
4225.000000 9.699169e-18 2.816731e-15
4227.000000 7.156145e-18 2.249706e-15
4229.000000 6.601127e-18 2.249456e-15
4231.000000 8.834676e-18 2.249721e-15
4233.000000 1.501608e-17 2.249971e-15
4235.000000 1.403627e-17 2.249783e-15
4237.000000 8.863283e-18 2.249787e-15
4239.000000 7.573214e-18 2.249765e-15
4241.000000 5.640339e-18 2.249723e-15
4243.000000 4.461673e-18 2.249638e-15
4245.000000 8.526980e-18 2.249976e-15
4247.000000 1.300225e-17 2.250093e-15
4249.000000 9.031372e-18 2.249829e-15
4251.000000 5.956028e-18 2.250044e-15
4253.000000 5.695049e-18 2.249737e-15
4255.000000 8.496490e-18 2.250133e-15
4257.000000 7.597591e-18 2.249935e-15
4259.000000 5.596673e-18 2.249718e-15
4261.000000 9.168210e-18 2.250004e-15
4263.000000 9.198033e-18 2.249880e-15
4265.000000 8.804711e-18 2.249880e-15
4267.000000 1.013570e-17 2.249700e-15
4269.000000 1.019546e-17 2.249787e-15
4271.000000 1.237710e-17 2.249709e-15
4273.000000 1.434779e-17 2.249473e-15
4275.000000 1.361691e-17 2.249380e-15
4277.000000 1.418790e-17 2.249515e-15
4279.000000 1.264484e-17 2.249295e-15
4281.000000 1.290236e-17 2.249470e-15
4283.000000 1.154206e-17 2.249413e-15
4285.000000 1.005666e-17 2.249253e-15
4287.000000 9.866365e-18 2.249054e-15
4289.000000 9.755154e-18 2.249116e-15
4291.000000 7.784210e-18 2.249100e-15
4293.000000 4.905133e-18 2.249252e-15
4295.000000 5.564066e-18 2.249503e-15
4297.000000 6.256603e-18 2.249283e-15
4299.000000 9.279735e-18 2.249229e-15
4301.000000 1.122683e-17 2.249159e-15
4303.000000 9.191442e-18 2.248957e-15
4305.000000 9.725686e-18 2.249196e-15
4307.000000 1.360625e-17 2.249300e-15
4309.000000 1.785138e-17 2.249759e-15
4311.000000 1.378861e-17 2.249430e-15
4313.000000 9.913067e-18 2.249637e-15
4315.000000 9.494232e-18 2.249614e-15
4317.000000 1.097753e-17 2.249775e-15
4319.000000 8.838840e-18 2.249768e-15
4321.000000 4.771900e-18 2.249491e-15
4323.000000 6.553438e-18 2.249413e-15
4325.000000 1.009543e-17 2.249653e-15
4327.000000 7.039654e-18 2.249265e-15
4329.000000 7.219842e-18 2.249315e-15
4331.000000 1.335867e-17 2.249723e-15
4333.000000 1.498795e-17 2.249462e-15
4335.000000 1.600563e-17 2.249491e-15
4337.000000 1.254894e-17 2.249379e-15
4339.000000 8.585473e-18 2.249188e-15
4341.000000 8.758359e-18 2.249172e-15
4343.000000 1.202014e-17 2.249408e-15
4345.000000 9.930041e-18 2.249315e-15
4347.000000 8.987235e-18 2.249285e-15
4349.000000 9.197600e-18 6.075965e-18
4351.000000 1.002080e-17 6.094575e-18
4353.000000 8.271011e-18 5.827014e-18
4355.000000 1.030416e-17 6.521341e-18
4357.000000 9.781418e-18 6.907140e-18
4359.000000 4.764182e-18 6.534815e-18
4361.000000 3.931005e-18 6.356458e-18
4363.000000 8.919171e-18 6.021726e-18
4365.000000 1.065170e-17 5.653914e-18
4367.000000 7.529129e-18 5.792016e-18
4369.000000 7.123660e-18 5.530509e-18
4371.000000 9.223879e-18 5.765615e-18
4373.000000 5.640868e-18 5.576911e-18
4375.000000 2.570346e-18 5.587106e-18
4377.000000 4.933325e-18 5.526261e-18
4379.000000 7.204582e-18 5.553523e-18
4381.000000 6.400221e-18 5.484251e-18
4383.000000 6.635456e-18 5.396145e-18
4385.000000 9.819369e-18 5.525743e-18
4387.000000 1.324853e-17 5.476139e-18
4389.000000 1.466193e-17 5.467352e-18
4391.000000 1.329887e-17 5.701640e-18
4393.000000 1.261554e-17 5.662276e-18
4395.000000 1.122350e-17 5.738343e-18
4397.000000 6.000400e-18 5.442954e-18
4399.000000 6.090211e-18 5.530098e-18
4401.000000 1.106067e-17 6.009398e-18
4403.000000 1.123134e-17 5.901850e-18
4405.000000 1.295824e-17 6.190846e-18
4407.000000 1.354348e-17 6.416147e-18
4409.000000 1.101975e-17 6.283959e-18
4411.000000 9.462330e-18 6.173827e-18
4413.000000 6.696464e-18 6.351071e-18
4415.000000 5.986140e-18 6.339984e-18
4417.000000 8.059149e-18 6.316260e-18
4419.000000 8.115525e-18 6.257444e-18
4421.000000 7.127317e-18 6.123180e-18
4423.000000 8.079708e-18 6.264806e-18
4425.000000 8.706986e-18 6.158907e-18
4427.000000 1.085710e-17 4.948770e-14
4429.000000 1.427718e-17 4.948772e-14
4431.000000 1.110398e-17 4.948767e-14
4433.000000 1.072966e-17 4.948769e-14
4435.000000 1.238963e-17 6.406867e-18
4437.000000 9.554222e-18 6.298365e-18
4439.000000 9.015980e-18 6.388028e-18
4441.000000 8.939974e-18 6.176355e-18
4443.000000 9.229782e-18 6.056266e-18
4445.000000 1.212313e-17 6.383895e-18
4447.000000 1.046125e-17 6.151042e-18
4449.000000 7.731149e-18 6.315103e-18
4451.000000 4.789507e-18 6.016503e-18
4453.000000 4.297124e-18 6.094563e-18
4455.000000 9.769329e-18 6.219358e-18
4457.000000 1.053837e-17 6.305297e-18
4459.000000 9.505368e-18 6.083665e-18
4461.000000 1.134066e-17 6.232502e-18
4463.000000 5.995719e-18 5.864017e-18
4465.000000 4.839409e-18 5.935854e-18
4467.000000 7.159743e-18 5.884938e-18
4469.000000 6.556050e-18 5.758126e-18
4471.000000 5.605665e-18 5.669610e-18
4473.000000 6.846090e-18 6.209704e-18
4475.000000 5.272397e-18 5.796999e-18
4477.000000 7.517282e-18 5.859730e-18
4479.000000 7.839442e-18 5.770463e-18
4481.000000 4.714318e-18 5.666787e-18
4483.000000 1.812949e-18 5.621258e-18
4485.000000 4.786446e-18 5.736228e-18
4487.000000 9.246612e-18 5.833855e-18
4489.000000 9.347127e-18 5.503400e-18
4491.000000 1.010054e-17 5.685783e-18
4493.000000 1.011141e-17 5.551936e-18
4495.000000 1.147289e-17 5.781755e-18
4497.000000 1.134137e-17 5.698441e-18
4499.000000 1.014856e-17 5.405143e-18
4501.000000 9.050084e-18 5.649616e-18
4503.000000 4.933648e-18 5.443353e-18
4505.000000 1.253057e-18 5.420507e-18
4507.000000 2.530026e-18 5.300485e-18
4509.000000 5.188524e-18 5.506648e-18
4511.000000 7.026716e-18 5.403964e-18
4513.000000 8.601918e-18 5.485321e-18
4515.000000 7.505942e-18 5.366181e-18
4517.000000 6.761125e-18 5.420110e-18
4519.000000 8.746734e-18 5.357944e-18
4521.000000 1.045246e-17 5.349885e-18
4523.000000 5.631654e-18 5.333604e-18
4525.000000 1.184323e-18 5.101166e-18
4527.000000 3.171244e-18 5.269099e-18
4529.000000 6.974355e-18 5.296663e-18
4531.000000 6.815736e-18 5.252402e-18
4533.000000 4.625919e-18 5.192819e-18
4535.000000 7.193134e-18 5.280861e-18
4537.000000 1.051935e-17 5.378880e-18
4539.000000 1.069252e-17 5.257786e-18
4541.000000 8.568110e-18 5.287068e-18
4543.000000 5.913058e-18 5.169474e-18
4545.000000 5.066890e-18 5.193598e-18
4547.000000 5.826503e-18 5.213081e-18
4549.000000 4.832101e-18 5.056434e-18
4551.000000 3.357108e-18 5.024269e-18
4553.000000 3.685424e-18 5.075951e-18
4555.000000 5.711912e-18 5.058349e-18
4557.000000 5.376577e-18 4.774986e-18
4559.000000 5.973346e-18 4.860168e-18
4561.000000 8.612523e-18 4.742294e-18
4563.000000 7.934347e-18 4.868163e-18
4565.000000 5.978767e-18 4.815475e-18
4567.000000 3.684262e-18 4.606704e-18
4569.000000 4.172366e-18 4.720005e-18
4571.000000 6.306283e-18 4.827397e-18
4573.000000 6.347793e-18 4.657182e-18
4575.000000 6.226478e-18 4.638848e-18
4577.000000 7.683024e-18 4.802995e-18
4579.000000 6.254852e-18 4.782404e-18
4581.000000 3.204440e-18 4.833107e-18
4583.000000 3.434717e-18 4.576525e-18
4585.000000 8.251121e-18 4.736772e-18
4587.000000 8.774211e-18 4.781552e-18
4589.000000 7.719628e-18 4.631777e-18
4591.000000 6.869263e-18 4.596656e-18
4593.000000 5.014441e-18 4.506803e-18
4595.000000 4.219265e-18 4.452634e-18
4597.000000 7.608140e-18 4.490410e-18
4599.000000 7.200893e-18 4.544410e-18
4601.000000 6.692014e-18 4.485783e-18
4603.000000 8.160399e-18 4.406102e-18
4605.000000 8.216242e-18 4.544901e-18
4607.000000 6.562260e-18 4.485360e-18
4609.000000 5.298782e-18 4.393565e-18
4611.000000 6.016466e-18 4.522621e-18
4613.000000 6.311787e-18 4.310128e-18
4615.000000 6.225445e-18 4.510191e-18
4617.000000 5.473991e-18 4.321238e-18
4619.000000 5.625730e-18 4.315305e-18
4621.000000 7.378138e-18 4.495852e-18
4623.000000 6.562868e-18 4.210576e-18
4625.000000 6.385568e-18 4.222332e-18
4627.000000 8.438413e-18 4.312597e-18
4629.000000 9.502086e-18 4.301314e-18
4631.000000 1.086320e-17 4.334986e-18
4633.000000 1.082630e-17 4.260764e-18
4635.000000 8.622228e-18 4.290889e-18
4637.000000 9.172552e-18 4.256607e-18
4639.000000 1.139289e-17 4.194562e-18
4641.000000 9.685148e-18 4.296294e-18
4643.000000 6.980986e-18 4.260582e-18
4645.000000 7.947203e-18 4.267712e-18
4647.000000 9.174532e-18 4.182649e-18
4649.000000 7.990637e-18 4.187105e-18
4651.000000 6.306287e-18 4.149594e-18
4653.000000 7.748006e-18 4.187357e-18
4655.000000 8.358896e-18 4.299582e-18
4657.000000 8.137045e-18 4.265159e-18
4659.000000 9.019790e-18 4.454515e-18
4661.000000 8.139309e-18 4.380181e-18
4663.000000 6.103319e-18 4.400647e-18
4665.000000 5.359485e-18 4.172560e-18
4667.000000 6.102026e-18 4.156347e-18
4669.000000 6.781414e-18 4.219798e-18
4671.000000 5.395255e-18 4.253100e-18
4673.000000 6.622660e-18 4.278999e-18
4675.000000 8.083133e-18 4.270412e-18
4677.000000 5.283422e-18 4.221627e-18
4679.000000 5.196275e-18 4.235916e-18
4681.000000 7.343093e-18 4.264110e-18
4683.000000 5.980245e-18 4.142452e-18
4685.000000 4.596872e-18 4.089863e-18
4687.000000 2.813532e-18 4.152519e-18
4689.000000 3.189219e-18 4.089147e-18
4691.000000 4.094647e-18 4.068199e-18
4693.000000 4.960131e-18 4.084240e-18
4695.000000 5.535482e-18 4.217190e-18
4697.000000 4.385659e-18 4.015249e-18
4699.000000 6.198173e-18 4.100233e-18
4701.000000 9.553853e-18 3.952903e-18
4703.000000 1.013747e-17 4.087352e-18
4705.000000 8.767489e-18 3.985871e-18
4707.000000 8.542026e-18 4.030500e-18
4709.000000 7.759445e-18 4.078265e-18
4711.000000 6.152861e-18 4.001078e-18
4713.000000 6.400646e-18 3.998769e-18
4715.000000 7.111566e-18 3.916613e-18
4717.000000 7.071994e-18 3.965641e-18
4719.000000 4.355978e-18 3.951312e-18
4721.000000 2.760194e-18 3.886730e-18
4723.000000 4.129568e-18 3.908028e-18
4725.000000 7.760659e-18 3.905628e-18
4727.000000 9.183637e-18 3.890803e-18
4729.000000 7.938424e-18 3.900390e-18
4731.000000 6.232532e-18 3.818495e-18
4733.000000 7.290617e-18 3.860486e-18
4735.000000 8.214882e-18 3.827213e-18
4737.000000 8.628175e-18 3.934836e-18
4739.000000 8.190392e-18 3.754842e-18
4741.000000 8.645418e-18 3.789770e-18
4743.000000 9.248659e-18 3.845249e-18
4745.000000 8.450144e-18 3.774821e-18
4747.000000 8.576323e-18 3.776176e-18
4749.000000 8.903677e-18 3.886429e-18
4751.000000 7.716828e-18 3.901570e-18
4753.000000 3.355185e-18 3.825324e-18
4755.000000 2.763614e-18 3.702896e-18
4757.000000 4.469233e-18 3.761567e-18
4759.000000 5.961833e-18 3.679072e-18
4761.000000 8.084077e-18 3.682233e-18
4763.000000 9.245070e-18 3.711880e-18
4765.000000 9.283133e-18 3.768269e-18
4767.000000 7.863359e-18 3.692998e-18
4769.000000 6.197258e-18 3.688329e-18
4771.000000 5.461038e-18 3.736117e-18
4773.000000 5.156503e-18 3.671403e-18
4775.000000 6.319625e-18 3.749522e-18
4777.000000 7.467096e-18 3.740409e-18
4779.000000 8.591516e-18 3.756169e-18
4781.000000 9.009287e-18 3.753254e-18
4783.000000 7.338899e-18 3.723588e-18
4785.000000 5.394051e-18 3.583176e-18
4787.000000 7.750824e-18 3.667784e-18
4789.000000 1.105050e-17 3.742374e-18
4791.000000 1.126197e-17 3.758646e-18
4793.000000 1.016292e-17 3.660095e-18
4795.000000 9.398982e-18 3.830392e-18
4797.000000 8.622542e-18 3.733066e-18
4799.000000 8.637881e-18 3.607610e-18
4801.000000 8.216900e-18 3.604988e-18
4803.000000 7.917964e-18 3.609196e-18
4805.000000 7.613994e-18 3.686622e-18
4807.000000 7.122070e-18 3.456992e-18
4809.000000 5.699715e-18 3.529530e-18
4811.000000 6.233603e-18 3.619307e-18
4813.000000 8.675992e-18 3.713527e-18
4815.000000 8.121844e-18 3.726443e-18
4817.000000 7.884977e-18 3.735833e-18
4819.000000 9.884643e-18 3.786960e-18
4821.000000 1.093788e-17 3.886665e-18
4823.000000 7.547713e-18 3.843358e-18
4825.000000 3.315241e-18 3.720488e-18
4827.000000 2.690622e-18 3.645128e-18
4829.000000 -9.367928e-19 4.550134e-18
4831.000000 -7.716197e-18 3.751979e-18
4833.000000 -2.727043e-18 1.245044e-17
4835.000000 2.382457e-18 3.613387e-18
4837.000000 3.589852e-18 3.730972e-18
4839.000000 4.514608e-18 3.526616e-18
4841.000000 7.192691e-18 3.607033e-18
4843.000000 8.948462e-18 3.561149e-18
4845.000000 1.071015e-17 3.621342e-18
4847.000000 1.112846e-17 3.710991e-18
4849.000000 8.521895e-18 3.516804e-18
4851.000000 6.249313e-18 3.408570e-18
4853.000000 4.940611e-18 3.363622e-18
4855.000000 5.505777e-18 3.264324e-18
4857.000000 7.063025e-18 3.287369e-18
4859.000000 8.103613e-18 3.249940e-18
4861.000000 9.811538e-18 3.318510e-18
4863.000000 9.833264e-18 3.261487e-18
4865.000000 9.506901e-18 3.240301e-18
4867.000000 8.005387e-18 3.335601e-18
4869.000000 5.634658e-18 3.241615e-18
4871.000000 6.893005e-18 3.349992e-18
4873.000000 7.019786e-18 3.196765e-18
4875.000000 4.367869e-18 3.127553e-18
4877.000000 2.013704e-18 3.202925e-18
4879.000000 1.301482e-18 3.129341e-18
4881.000000 2.362316e-18 3.257796e-18
4883.000000 4.243406e-18 3.257404e-18
4885.000000 5.520465e-18 3.330386e-18
4887.000000 5.028974e-18 3.339970e-18
4889.000000 5.810913e-18 3.403223e-18
4891.000000 6.591739e-18 3.219973e-18
4893.000000 7.549211e-18 3.254539e-18
4895.000000 8.377051e-18 3.324290e-18
4897.000000 7.410707e-18 3.196403e-18
4899.000000 6.880413e-18 3.328876e-18
4901.000000 6.053053e-18 3.277743e-18
4903.000000 5.122695e-18 3.293353e-18
4905.000000 5.715333e-18 3.346755e-18
4907.000000 7.933732e-18 3.228323e-18
4909.000000 9.768754e-18 3.311955e-18
4911.000000 9.670178e-18 3.308191e-18
4913.000000 1.005038e-17 3.361725e-18
4915.000000 1.037622e-17 3.378008e-18
4917.000000 8.048726e-18 3.365094e-18
4919.000000 5.746134e-18 3.207990e-18
4921.000000 4.682974e-18 3.323818e-18
4923.000000 4.191127e-18 3.397249e-18
4925.000000 5.597928e-18 3.466939e-18
4927.000000 6.772032e-18 3.391683e-18
4929.000000 7.005607e-18 3.494107e-18
4931.000000 6.897451e-18 3.460476e-18
4933.000000 7.054331e-18 3.497708e-18
4935.000000 8.045135e-18 3.553525e-18
4937.000000 8.113311e-18 3.419278e-18
4939.000000 7.348824e-18 3.387202e-18
4941.000000 6.622756e-18 3.463127e-18
4943.000000 6.792330e-18 3.487208e-18
4945.000000 7.700444e-18 3.602971e-18
4947.000000 8.236653e-18 3.555918e-18
4949.000000 6.854691e-18 3.587233e-18
4951.000000 5.803541e-18 3.609634e-18
4953.000000 6.713932e-18 3.610167e-18
4955.000000 5.816924e-18 3.430658e-18
4957.000000 5.110264e-18 3.553951e-18
4959.000000 6.251097e-18 3.490633e-18
4961.000000 6.752463e-18 3.646299e-18
4963.000000 6.145763e-18 3.612445e-18
4965.000000 6.886841e-18 3.699853e-18
4967.000000 7.132391e-18 3.674743e-18
4969.000000 5.822420e-18 3.701280e-18
4971.000000 5.403299e-18 3.617706e-18
4973.000000 5.225672e-18 3.742624e-18
4975.000000 5.906527e-18 3.682617e-18
4977.000000 7.033317e-18 3.791551e-18
4979.000000 7.702845e-18 3.795200e-18
4981.000000 8.679294e-18 3.780235e-18
4983.000000 7.862693e-18 3.696955e-18
4985.000000 5.737805e-18 3.682683e-18
4987.000000 5.653436e-18 3.655691e-18
4989.000000 5.599902e-18 3.679910e-18
4991.000000 4.033847e-18 3.550579e-18
4993.000000 3.235149e-18 3.570930e-18
4995.000000 3.899450e-18 3.562313e-18
4997.000000 6.910938e-18 3.513634e-18
4999.000000 8.224207e-18 3.437792e-18
5001.000000 7.557887e-18 3.407217e-18
5003.000000 5.809335e-18 3.350025e-18
5005.000000 3.406514e-18 3.285744e-18
5007.000000 3.251377e-18 3.389815e-18
5009.000000 5.387840e-18 3.286239e-18
5011.000000 6.702732e-18 3.296753e-18
5013.000000 8.009045e-18 3.301962e-18
5015.000000 9.411089e-18 3.319170e-18
5017.000000 8.603540e-18 3.197464e-18
5019.000000 7.928469e-18 3.237615e-18
5021.000000 8.099773e-18 3.180310e-18
5023.000000 7.052018e-18 3.244763e-18
5025.000000 5.256703e-18 3.234247e-18
5027.000000 4.541805e-18 3.149692e-18
5029.000000 6.370015e-18 3.231798e-18
5031.000000 9.436223e-18 3.177923e-18
5033.000000 1.198931e-17 3.213904e-18
5035.000000 1.139180e-17 3.263152e-18
5037.000000 9.003662e-18 3.215109e-18
5039.000000 7.376329e-18 3.204796e-18
5041.000000 5.538713e-18 3.150573e-18
5043.000000 4.927893e-18 3.303998e-18
5045.000000 3.792928e-18 3.232716e-18
5047.000000 3.581652e-18 3.293533e-18
5049.000000 4.710790e-18 3.273419e-18
5051.000000 6.504012e-18 3.364795e-18
5053.000000 9.516769e-18 3.463307e-18
5055.000000 9.907915e-18 3.382548e-18
5057.000000 7.021539e-18 3.290961e-18
5059.000000 4.618210e-18 3.351646e-18
5061.000000 3.792964e-18 3.421210e-18
5063.000000 5.148817e-18 3.440734e-18
5065.000000 5.553113e-18 3.409222e-18
5067.000000 5.751355e-18 3.390952e-18
5069.000000 5.834556e-18 3.404946e-18
5071.000000 4.431049e-18 3.465888e-18
5073.000000 5.288630e-18 3.551213e-18
5075.000000 7.826297e-18 3.386370e-18
5077.000000 9.263911e-18 3.548383e-18
5079.000000 8.238944e-18 3.529027e-18
5081.000000 6.893258e-18 3.367790e-18
5083.000000 6.884832e-18 3.390230e-18
5085.000000 6.801284e-18 3.251755e-18
5087.000000 7.950655e-18 3.587271e-18
5089.000000 7.253759e-18 3.329200e-18
5091.000000 4.980054e-18 3.357726e-18
5093.000000 4.541589e-18 3.335421e-18
5095.000000 6.534112e-18 3.350133e-18
5097.000000 6.350435e-18 3.242988e-18
5099.000000 5.596062e-18 3.180473e-18
5101.000000 6.814129e-18 3.257655e-18
5103.000000 7.217850e-18 3.230960e-18
5105.000000 8.187790e-18 3.246616e-18
5107.000000 8.810981e-18 3.216725e-18
5109.000000 9.980717e-18 3.158063e-18
5111.000000 9.499534e-18 3.287962e-18
5113.000000 6.992023e-18 3.149021e-18
5115.000000 6.296009e-18 3.185756e-18
5117.000000 6.065246e-18 3.095576e-18
5119.000000 5.601249e-18 3.159712e-18
5121.000000 6.469054e-18 3.242358e-18
5123.000000 7.702778e-18 3.016004e-18
5125.000000 8.145924e-18 3.088967e-18
5127.000000 6.101951e-18 3.125333e-18
5129.000000 5.855704e-18 3.242787e-18
5131.000000 7.727148e-18 3.174023e-18
5133.000000 9.173125e-18 3.273740e-18
5135.000000 9.653936e-18 3.360262e-18
5137.000000 7.041518e-18 3.356058e-18
5139.000000 4.978817e-18 3.279201e-18
5141.000000 5.108419e-18 3.308315e-18
5143.000000 5.639588e-18 3.305814e-18
5145.000000 6.398788e-18 3.379031e-18
5147.000000 6.897438e-18 3.427755e-18
5149.000000 6.309371e-18 3.428086e-18
5151.000000 7.866616e-18 3.362220e-18
5153.000000 8.168917e-18 3.490341e-18
5155.000000 5.841258e-18 3.524583e-18
5157.000000 2.175345e-18 3.420932e-18
5159.000000 1.364902e-18 3.413523e-18
5161.000000 2.762747e-18 3.344078e-18
5163.000000 3.454613e-18 3.383399e-18
5165.000000 5.058576e-18 3.381324e-18
5167.000000 7.119016e-18 3.208010e-18
5169.000000 7.787577e-18 3.267430e-18
5171.000000 6.839379e-18 3.209388e-18
5173.000000 4.979025e-18 3.307435e-18
5175.000000 3.187209e-18 3.231603e-18
5177.000000 1.812852e-18 3.324996e-18
5179.000000 2.649466e-18 3.246645e-18
5181.000000 7.102022e-18 3.210505e-18
5183.000000 9.862046e-18 3.188041e-18
5185.000000 1.067369e-17 3.276930e-18
5187.000000 1.300471e-17 3.350892e-18
5189.000000 1.380233e-17 3.357468e-18
5191.000000 9.193078e-18 3.247787e-18
5193.000000 3.993875e-18 3.184663e-18
5195.000000 4.236450e-18 3.229199e-18
5197.000000 5.379315e-18 3.403446e-18
5199.000000 6.143777e-18 3.436736e-18
5201.000000 6.156057e-18 3.385509e-18
5203.000000 5.629671e-18 3.253237e-18
5205.000000 7.033154e-18 3.131619e-18
5207.000000 8.469588e-18 3.165588e-18
5209.000000 8.489846e-18 3.220108e-18
5211.000000 8.151657e-18 3.081384e-18
5213.000000 7.611291e-18 3.195803e-18
5215.000000 7.151258e-18 3.128657e-18
5217.000000 6.264677e-18 3.230966e-18
5219.000000 6.638724e-18 3.163337e-18
5221.000000 8.288029e-18 3.327967e-18
5223.000000 6.747450e-18 3.305886e-18
5225.000000 5.153246e-18 3.281477e-18
5227.000000 6.405259e-18 3.288155e-18
5229.000000 6.713050e-18 3.164406e-18
5231.000000 4.960837e-18 3.299308e-18
5233.000000 3.268376e-18 3.214327e-18
5235.000000 3.584679e-18 3.202410e-18
5237.000000 5.406163e-18 3.304051e-18
5239.000000 6.358221e-18 3.334857e-18
5241.000000 6.357498e-18 3.379455e-18
5243.000000 5.182931e-18 3.293659e-18
5245.000000 4.922185e-18 3.280736e-18
5247.000000 5.125982e-18 3.224289e-18
5249.000000 4.819128e-18 3.397343e-18
5251.000000 5.744942e-18 3.283935e-18
5253.000000 6.829490e-18 3.455154e-18
5255.000000 5.821690e-18 3.347325e-18
5257.000000 4.869163e-18 3.368004e-18
5259.000000 3.756214e-18 3.328824e-18
5261.000000 3.352516e-18 3.077242e-18
5263.000000 5.347553e-18 3.107779e-18
5265.000000 4.903079e-18 3.149296e-18
5267.000000 2.909600e-18 3.009704e-18
5269.000000 1.113252e-18 3.034117e-18
5271.000000 2.238646e-19 3.155786e-18
5273.000000 2.276318e-18 3.252590e-18
5275.000000 4.155501e-18 3.154107e-18
5277.000000 5.740133e-18 3.213251e-18
5279.000000 6.531990e-18 3.102621e-18
5281.000000 5.628723e-18 3.158961e-18
5283.000000 4.012023e-18 3.058798e-18
5285.000000 4.373009e-18 3.158539e-18
5287.000000 5.983831e-18 3.148042e-18
5289.000000 7.360300e-18 3.177917e-18
5291.000000 7.421420e-18 3.075285e-18
5293.000000 7.104654e-18 3.159160e-18
5295.000000 5.684612e-18 3.149455e-18
5297.000000 5.311383e-18 3.295306e-18
5299.000000 5.412297e-18 3.133492e-18
5301.000000 4.954118e-18 3.259888e-18
5303.000000 4.899856e-18 3.164639e-18
5305.000000 2.935798e-18 3.204832e-18
5307.000000 2.077655e-18 3.272403e-18
5309.000000 4.739817e-18 3.354697e-18
5311.000000 5.614089e-18 3.345997e-18
5313.000000 5.173888e-18 3.358972e-18
5315.000000 6.411493e-18 3.324114e-18
5317.000000 8.884707e-18 3.372072e-18
5319.000000 1.107413e-17 3.461867e-18
5321.000000 1.182699e-17 3.543039e-18
5323.000000 9.488058e-18 3.311652e-18
5325.000000 6.337806e-18 3.283384e-18
5327.000000 2.959717e-18 3.316305e-18
5329.000000 2.163516e-19 3.114128e-18
5331.000000 -6.639612e-19 3.318639e-18
5333.000000 1.874288e-18 3.290447e-18
5335.000000 5.470055e-18 3.235903e-18
5337.000000 5.769219e-18 3.166119e-18
5339.000000 5.232938e-18 3.198241e-18
5341.000000 7.437803e-18 3.193742e-18
5343.000000 7.695117e-18 3.286932e-18
5345.000000 6.564084e-18 3.266084e-18
5347.000000 6.533467e-18 3.320741e-18
5349.000000 6.450184e-18 3.337380e-18
5351.000000 5.835149e-18 3.298885e-18
5353.000000 5.268729e-18 3.337565e-18
5355.000000 4.797000e-18 3.362354e-18
5357.000000 4.309583e-18 3.361563e-18
5359.000000 3.216099e-18 3.334543e-18
5361.000000 3.901126e-18 3.311103e-18
5363.000000 5.843047e-18 3.281299e-18
5365.000000 4.409840e-18 3.264522e-18
5367.000000 3.154574e-18 3.229634e-18
5369.000000 4.169761e-18 3.330285e-18
5371.000000 4.654485e-18 3.303134e-18
5373.000000 3.136442e-18 3.385745e-18
5375.000000 2.304915e-18 3.178984e-18
5377.000000 3.519007e-18 3.355341e-18
5379.000000 4.231709e-18 3.279905e-18
5381.000000 6.348105e-18 3.311937e-18
5383.000000 8.451412e-18 3.312202e-18
5385.000000 8.006437e-18 3.310518e-18
5387.000000 5.752829e-18 3.219771e-18
5389.000000 4.131536e-18 3.149650e-18
5391.000000 4.643967e-18 3.162783e-18
5393.000000 5.947810e-18 3.108316e-18
5395.000000 4.996535e-18 3.078907e-18
5397.000000 2.733558e-18 3.078633e-18
5399.000000 4.445159e-18 3.028459e-18
5401.000000 8.330006e-18 3.107472e-18
5403.000000 8.498285e-18 3.039332e-18
5405.000000 6.785922e-18 3.008569e-18
5407.000000 5.350902e-18 2.972896e-18
5409.000000 3.739211e-18 2.933737e-18
5411.000000 4.430286e-18 2.956327e-18
5413.000000 4.817886e-18 3.029606e-18
5415.000000 4.164748e-18 3.054616e-18
5417.000000 3.874729e-18 3.020041e-18
5419.000000 3.870707e-18 3.106554e-18
5421.000000 4.083735e-18 3.143201e-18
5423.000000 5.303298e-18 3.201759e-18
5425.000000 6.462465e-18 3.118899e-18
5427.000000 7.013195e-18 3.170736e-18
5429.000000 8.688505e-18 3.276555e-18
5431.000000 8.412782e-18 3.184693e-18
5433.000000 7.395339e-18 3.204910e-18
5435.000000 8.051269e-18 3.089167e-18
5437.000000 7.500424e-18 3.230155e-18
5439.000000 3.792872e-18 3.179407e-18
5441.000000 3.194291e-18 3.159335e-18
5443.000000 5.862606e-18 3.126344e-18
5445.000000 7.004576e-18 3.162552e-18
5447.000000 7.083257e-18 3.124369e-18
5449.000000 7.981847e-18 3.038328e-18
5451.000000 9.430648e-18 3.167276e-18
5453.000000 8.422418e-18 3.139473e-18
5455.000000 6.261932e-18 2.982530e-18
5457.000000 7.633128e-18 3.203091e-18
5459.000000 8.892785e-18 3.456483e-18
5461.000000 8.605099e-18 3.492401e-18
5463.000000 9.070920e-18 3.382878e-18
5465.000000 8.423418e-18 3.189998e-18
5467.000000 7.015585e-18 3.203324e-18
5469.000000 6.237913e-18 3.022802e-18
5471.000000 5.136181e-18 3.107687e-18
5473.000000 4.849924e-18 3.010200e-18
5475.000000 6.468911e-18 3.098919e-18
5477.000000 7.643414e-18 3.072403e-18
5479.000000 7.962625e-18 3.129801e-18
5481.000000 7.467514e-18 3.128271e-18
5483.000000 7.478085e-18 3.178803e-18
5485.000000 7.307406e-18 3.211459e-18
5487.000000 4.883378e-18 3.072875e-18
5489.000000 3.817779e-18 3.170021e-18
5491.000000 4.889815e-18 3.110471e-18
5493.000000 6.133207e-18 3.133606e-18
5495.000000 8.074515e-18 3.146894e-18
5497.000000 9.644247e-18 3.212599e-18
5499.000000 9.732111e-18 3.192907e-18
5501.000000 8.852270e-18 3.111699e-18
5503.000000 8.842861e-18 3.085766e-18
5505.000000 7.218855e-18 3.027392e-18
5507.000000 6.226223e-18 3.057123e-18
5509.000000 8.294163e-18 3.063268e-18
5511.000000 7.938682e-18 3.180980e-18
5513.000000 6.092466e-18 3.009422e-18
5515.000000 7.745519e-18 3.044382e-18
5517.000000 9.058657e-18 3.061884e-18
5519.000000 9.180746e-18 3.093861e-18
5521.000000 8.723454e-18 3.071722e-18
5523.000000 8.787938e-18 3.121971e-18
5525.000000 9.297374e-18 3.126672e-18
5527.000000 9.273972e-18 3.171902e-18
5529.000000 8.381473e-18 3.114704e-18
5531.000000 7.811074e-18 3.159822e-18
5533.000000 7.500018e-18 3.199891e-18
5535.000000 7.087646e-18 3.255283e-18
5537.000000 5.865797e-18 3.214208e-18
5539.000000 4.805050e-18 3.184951e-18
5541.000000 4.362391e-18 3.263584e-18
5543.000000 3.855834e-18 3.322284e-18
5545.000000 4.832892e-18 3.257705e-18
5547.000000 6.484074e-18 3.191704e-18
5549.000000 8.321174e-18 3.242127e-18
5551.000000 8.387582e-18 3.194320e-18
5553.000000 5.707501e-18 3.054172e-18
5555.000000 4.020174e-18 3.009269e-18
5557.000000 3.880476e-18 3.058639e-18
5559.000000 4.054918e-18 3.047925e-18
5561.000000 4.457363e-18 3.113445e-18
5563.000000 3.559834e-18 3.286379e-18
5565.000000 3.032736e-18 3.203880e-18
5567.000000 4.477428e-18 3.265446e-18
5569.000000 5.757459e-18 3.234564e-18
5571.000000 3.971318e-18 3.578623e-18
5573.000000 -2.538045e-18 7.955115e-18
5575.000000 9.293916e-18 5.833466e-16
5577.000000 3.277417e-17 5.883903e-16
5579.000000 7.502408e-17 5.949600e-16
5581.000000 6.496851e-17 9.499501e-15
5583.000000 5.432386e-17 4.250031e-14
5585.000000 4.047614e-17 4.250016e-14
5587.000000 1.216937e-17 6.254370e-14
5589.000000 8.821503e-18 6.030045e-14
5591.000000 7.035367e-18 3.149515e-14
5593.000000 5.561278e-18 3.214372e-18
5595.000000 5.627703e-18 1.436634e-15
5597.000000 5.545946e-18 1.436697e-15
5599.000000 4.887419e-18 1.436665e-15
5601.000000 4.426618e-18 1.436562e-15
5603.000000 4.730559e-18 3.278080e-18
5605.000000 6.027744e-18 3.271642e-18
5607.000000 7.005837e-18 3.299372e-18
5609.000000 7.344765e-18 3.196646e-18
5611.000000 7.619706e-18 3.215582e-18
5613.000000 5.837199e-18 3.050009e-18
5615.000000 4.667506e-18 3.159743e-18
5617.000000 5.523969e-18 3.241270e-18
5619.000000 6.068672e-18 3.206933e-18
5621.000000 7.664487e-18 3.307997e-18
5623.000000 8.389213e-18 3.424302e-18
5625.000000 5.814424e-18 3.363200e-18
5627.000000 4.260971e-18 3.183165e-18
5629.000000 6.023573e-18 3.246282e-18
5631.000000 7.128884e-18 3.270980e-18
5633.000000 6.858069e-18 3.305771e-18
5635.000000 6.099457e-18 2.210998e-17
5637.000000 5.711829e-18 3.271530e-18
5639.000000 6.862405e-18 3.278131e-18
5641.000000 6.103912e-18 3.117233e-18
5643.000000 4.744350e-18 3.261551e-18
5645.000000 5.462195e-18 3.183569e-18
5647.000000 6.146396e-18 3.119638e-18
5649.000000 6.500501e-18 3.156083e-18
5651.000000 7.060643e-18 3.087747e-18
5653.000000 8.024581e-18 3.115201e-18
5655.000000 7.317032e-18 3.088948e-18
5657.000000 6.223195e-18 3.132053e-18
5659.000000 5.858516e-18 3.091337e-18
5661.000000 6.060304e-18 3.109946e-18
5663.000000 5.958529e-18 3.191946e-18
5665.000000 5.481300e-18 3.226180e-18
5667.000000 6.557612e-18 3.347339e-18
5669.000000 8.728062e-18 3.368779e-18
5671.000000 7.947343e-18 3.449039e-18
5673.000000 5.299039e-18 3.419811e-18
5675.000000 3.819853e-18 3.301119e-18
5677.000000 4.067106e-18 3.375469e-18
5679.000000 5.072634e-18 3.419089e-18
5681.000000 5.770536e-18 3.503648e-18
5683.000000 5.836315e-18 3.640701e-18
5685.000000 7.002403e-18 3.679146e-18
5687.000000 6.818813e-18 3.563570e-18
5689.000000 7.309026e-18 3.760596e-18
5691.000000 8.639743e-18 3.636558e-18
5693.000000 8.727544e-18 3.509085e-18
5695.000000 7.474869e-18 3.374488e-18
5697.000000 5.618736e-18 3.234269e-18
5699.000000 4.828795e-18 3.233139e-18
5701.000000 5.563365e-18 3.288225e-18
5703.000000 4.754939e-18 3.260584e-18
5705.000000 3.941314e-18 3.172556e-18
5707.000000 5.328879e-18 3.250145e-18
5709.000000 6.729059e-18 3.289799e-18
5711.000000 5.351076e-18 3.245134e-18
5713.000000 4.063549e-18 3.295746e-18
5715.000000 4.619998e-18 3.298536e-18
5717.000000 5.219817e-18 3.297267e-18
5719.000000 4.771841e-18 3.240814e-18
5721.000000 5.369438e-18 3.310015e-18
5723.000000 5.519145e-18 3.319184e-18
5725.000000 4.715182e-18 3.176165e-18
5727.000000 4.695477e-18 3.224334e-18
5729.000000 5.993001e-18 3.155885e-18
5731.000000 7.006829e-18 3.079967e-18
5733.000000 6.925919e-18 3.086379e-18
5735.000000 7.082508e-18 3.151205e-18
5737.000000 7.692657e-18 3.157597e-18
5739.000000 7.306334e-18 3.038831e-18
5741.000000 7.591578e-18 3.120692e-18
5743.000000 9.541105e-18 3.150107e-18
5745.000000 1.079254e-17 3.293071e-18
5747.000000 1.036149e-17 3.228930e-18
5749.000000 8.800373e-18 3.209137e-18
5751.000000 6.759288e-18 3.079834e-18
5753.000000 5.844696e-18 3.155288e-18
5755.000000 5.423804e-18 3.212343e-18
5757.000000 5.242899e-18 3.410229e-18
5759.000000 5.735804e-18 3.159614e-18
5761.000000 5.958457e-18 3.286209e-18
5763.000000 5.683576e-18 3.227570e-18
5765.000000 7.059271e-18 3.370747e-18
5767.000000 9.204485e-18 3.249184e-18
5769.000000 9.642236e-18 3.337157e-18
5771.000000 7.116135e-18 3.212772e-18
5773.000000 5.360509e-18 3.165533e-18
5775.000000 6.310705e-18 3.212763e-18
5777.000000 6.585594e-18 3.161580e-18
5779.000000 4.622282e-18 3.122603e-18
5781.000000 1.563450e-18 3.072243e-18
5783.000000 8.651481e-19 3.061691e-18
5785.000000 3.330217e-18 3.152985e-18
5787.000000 4.976096e-18 3.276062e-18
5789.000000 1.997050e-18 3.215509e-18
5791.000000 3.637815e-19 3.314770e-18
5793.000000 3.666028e-18 3.486629e-18
5795.000000 6.211456e-18 3.279281e-18
5797.000000 6.170355e-18 3.255838e-18
5799.000000 5.003572e-18 3.314161e-18
5801.000000 4.125771e-18 3.285862e-18
5803.000000 7.620076e-18 3.259745e-18
5805.000000 1.729813e-17 3.476744e-18
5807.000000 1.865192e-17 3.568027e-18
5809.000000 8.745209e-18 3.235695e-18
5811.000000 4.626758e-18 3.128118e-18
5813.000000 4.359451e-18 3.110571e-18
5815.000000 5.271511e-18 3.120058e-18
5817.000000 6.984811e-18 3.217554e-18
5819.000000 7.650067e-18 3.242618e-18
5821.000000 7.670667e-18 3.329214e-18
5823.000000 5.229403e-18 3.295339e-18
5825.000000 3.019687e-18 3.310399e-18
5827.000000 2.720446e-18 3.316242e-18
5829.000000 2.878568e-18 3.357905e-18
5831.000000 4.540488e-18 3.474873e-18
5833.000000 5.321406e-18 3.356473e-18
5835.000000 5.967145e-18 3.377073e-18
5837.000000 6.090366e-18 3.556722e-18
5839.000000 5.112831e-18 3.370013e-18
5841.000000 4.700263e-18 3.393584e-18
5843.000000 5.384827e-18 3.392729e-18
5845.000000 7.870844e-18 3.379848e-18
5847.000000 8.737595e-18 3.349668e-18
5849.000000 7.022768e-18 3.277024e-18
5851.000000 3.749723e-18 3.224307e-18
5853.000000 2.548886e-18 3.214449e-18
5855.000000 4.293597e-18 3.272778e-18
5857.000000 7.187252e-18 3.264518e-18
5859.000000 8.704577e-18 3.372623e-18
5861.000000 7.538386e-18 3.499723e-18
5863.000000 4.985781e-18 3.568924e-18
5865.000000 4.519895e-18 3.935560e-18
5867.000000 4.934152e-18 4.143833e-18
5869.000000 5.016496e-18 3.842072e-18
5871.000000 6.050882e-18 3.689768e-18
5873.000000 6.522428e-18 3.562189e-18
5875.000000 6.334771e-18 3.543895e-18
5877.000000 6.556473e-18 3.414702e-18
5879.000000 5.627255e-18 3.423777e-18
5881.000000 4.465360e-18 3.283649e-18
5883.000000 5.026498e-18 3.315063e-18
5885.000000 6.572737e-18 3.677587e-18
5887.000000 6.959730e-18 5.904283e-18
5889.000000 8.270253e-18 2.533366e-17
5891.000000 9.464344e-18 2.779992e-17
5893.000000 1.105667e-17 7.716141e-18
5895.000000 1.475011e-17 6.519476e-18
5897.000000 1.481397e-17 6.076495e-18
5899.000000 7.873024e-18 4.126769e-18
5901.000000 6.911845e-18 3.345168e-18
5903.000000 1.014554e-17 3.490288e-18
5905.000000 9.929073e-18 3.628922e-18
5907.000000 8.455549e-18 3.585600e-18
5909.000000 7.497816e-18 3.540441e-18
5911.000000 7.123229e-18 3.453905e-18
5913.000000 8.714195e-18 3.668675e-18
5915.000000 8.211807e-18 3.777245e-18
5917.000000 6.075091e-18 3.658677e-18
5919.000000 7.433593e-18 3.297416e-18
5921.000000 1.058263e-17 3.461784e-18
5923.000000 9.471847e-18 3.508204e-18
5925.000000 6.826768e-18 3.354750e-18
5927.000000 7.940391e-18 3.476842e-18
5929.000000 1.168395e-17 3.643220e-18
5931.000000 1.061690e-17 3.947478e-18
5933.000000 6.578463e-18 3.921219e-18
5935.000000 4.046908e-18 3.804694e-18
5937.000000 4.680974e-18 3.519249e-18
5939.000000 6.137725e-18 3.417308e-18
5941.000000 5.816060e-18 3.427560e-18
5943.000000 4.069726e-18 3.464376e-18
5945.000000 2.774360e-18 3.576418e-18
5947.000000 1.768215e-18 3.529210e-18
5949.000000 4.100533e-18 3.502799e-18
5951.000000 7.463674e-18 3.608563e-18
5953.000000 7.800165e-18 3.884586e-18
5955.000000 6.795473e-18 3.715946e-18
5957.000000 8.051353e-18 3.513357e-18
5959.000000 9.698471e-18 3.350184e-18
5961.000000 9.168801e-18 3.418523e-18
5963.000000 8.169899e-18 3.272930e-18
5965.000000 1.013161e-17 3.356722e-18
5967.000000 1.031565e-17 3.513207e-18
5969.000000 8.772461e-18 3.523415e-18
5971.000000 7.791571e-18 3.582930e-18
5973.000000 6.496475e-18 3.559326e-18
5975.000000 5.375083e-18 3.599528e-18
5977.000000 4.824534e-18 3.693671e-18
5979.000000 3.664183e-18 3.638600e-18
5981.000000 3.680554e-18 3.373997e-18
5983.000000 6.910390e-18 3.436535e-18
5985.000000 8.644122e-18 3.352054e-18
5987.000000 7.959211e-18 3.245541e-18
5989.000000 6.246163e-18 3.227462e-18
5991.000000 4.123159e-18 3.192351e-18
5993.000000 4.493879e-18 3.211267e-18
5995.000000 6.474574e-18 3.291878e-18
5997.000000 8.280527e-18 3.352792e-18
5999.000000 1.050785e-17 3.347518e-18
6001.000000 1.088197e-17 3.327229e-18
6003.000000 8.703910e-18 3.582209e-18
6005.000000 4.947612e-18 3.377688e-18
6007.000000 3.798869e-18 3.386929e-18
6009.000000 4.282735e-18 3.288595e-18
6011.000000 4.654538e-18 3.400093e-18
6013.000000 6.099518e-18 3.251173e-18
6015.000000 7.363223e-18 3.271956e-18
6017.000000 7.911324e-18 3.162818e-18
6019.000000 9.098341e-18 3.253075e-18
6021.000000 9.084654e-18 3.244704e-18
6023.000000 7.376147e-18 3.075547e-18
6025.000000 7.485661e-18 3.069037e-18
6027.000000 7.866324e-18 3.222521e-18
6029.000000 6.493614e-18 3.179639e-18
6031.000000 5.820359e-18 3.160886e-18
6033.000000 6.156539e-18 3.302041e-18
6035.000000 6.776018e-18 3.246134e-18
6037.000000 7.391731e-18 3.269882e-18
6039.000000 4.776455e-18 3.331000e-18
6041.000000 2.206634e-18 3.263429e-18
6043.000000 1.984142e-18 3.201450e-18
6045.000000 3.889365e-18 3.219760e-18
6047.000000 8.434102e-18 3.218917e-18
6049.000000 1.132366e-17 3.236264e-18
6051.000000 9.795921e-18 3.228342e-18
6053.000000 6.835452e-18 3.188880e-18
6055.000000 5.566313e-18 3.086002e-18
6057.000000 6.303043e-18 3.045709e-18
6059.000000 7.733637e-18 3.039797e-18
6061.000000 7.583395e-18 3.093934e-18
6063.000000 6.728033e-18 3.125799e-18
6065.000000 6.147439e-18 3.117446e-18
6067.000000 6.346025e-18 3.198137e-18
6069.000000 7.378172e-18 3.262780e-18
6071.000000 6.609789e-18 3.208129e-18
6073.000000 4.433116e-18 3.159235e-18
6075.000000 4.137767e-18 3.179697e-18
6077.000000 4.907160e-18 3.157884e-18
6079.000000 6.317440e-18 3.100080e-18
6081.000000 7.068148e-18 3.138332e-18
6083.000000 6.896849e-18 3.221777e-18
6085.000000 6.296466e-18 2.944834e-18
6087.000000 6.038771e-18 2.966115e-18
6089.000000 6.214632e-18 3.029492e-18
6091.000000 4.979824e-18 2.985546e-18
6093.000000 2.231887e-18 2.991627e-18
6095.000000 3.156236e-18 2.989524e-18
6097.000000 6.312407e-18 3.068713e-18
6099.000000 6.746336e-18 3.105082e-18
6101.000000 5.142074e-18 3.108660e-18
6103.000000 4.615932e-18 3.144164e-18
6105.000000 4.494731e-18 3.200692e-18
6107.000000 5.480203e-18 3.214137e-18
6109.000000 6.684384e-18 3.176326e-18
6111.000000 5.262982e-18 3.078241e-18
6113.000000 3.187478e-18 3.019182e-18
6115.000000 2.526775e-18 2.978828e-18
6117.000000 3.892537e-18 2.965520e-18
6119.000000 5.519593e-18 3.037663e-18
6121.000000 5.710464e-18 2.960224e-18
6123.000000 5.626486e-18 2.972612e-18
6125.000000 6.417613e-18 2.949311e-18
6127.000000 6.718061e-18 2.954577e-18
6129.000000 6.667520e-18 3.055508e-18
6131.000000 7.372413e-18 3.087115e-18
6133.000000 8.614447e-18 3.158143e-18
6135.000000 8.743389e-18 3.217537e-18
6137.000000 7.505107e-18 3.267659e-18
6139.000000 6.382933e-18 3.190262e-18
6141.000000 5.775245e-18 3.254572e-18
6143.000000 6.056221e-18 3.267572e-18
6145.000000 4.985941e-18 3.167231e-18
6147.000000 4.660018e-18 3.068736e-18
6149.000000 5.982621e-18 2.948195e-18
6151.000000 6.256323e-18 2.938708e-18
6153.000000 7.931276e-18 3.022423e-18
6155.000000 8.486425e-18 3.099001e-18
6157.000000 6.873913e-18 3.125186e-18
6159.000000 5.805505e-18 3.167226e-18
6161.000000 4.340082e-18 3.220513e-18
6163.000000 3.403834e-18 3.193449e-18
6165.000000 4.221333e-18 3.167129e-18
6167.000000 4.668684e-18 3.184797e-18
6169.000000 6.118369e-18 3.351150e-18
6171.000000 8.398444e-18 3.359293e-18
6173.000000 9.366592e-18 3.399924e-18
6175.000000 8.167012e-18 3.012685e-18
6177.000000 7.244696e-18 3.084583e-18
6179.000000 6.456309e-18 2.930735e-18
6181.000000 5.392301e-18 2.909524e-18
6183.000000 4.484343e-18 2.909801e-18
6185.000000 6.194906e-18 2.879334e-18
6187.000000 9.254864e-18 3.016034e-18
6189.000000 8.435285e-18 2.896195e-18
6191.000000 4.704096e-18 2.976590e-18
6193.000000 2.614598e-18 3.012756e-18
6195.000000 3.311399e-18 3.072915e-18
6197.000000 4.045800e-18 3.057040e-18
6199.000000 4.154151e-18 3.011327e-18
6201.000000 5.047589e-18 3.179140e-18
6203.000000 5.241651e-18 3.163632e-18
6205.000000 5.212549e-18 3.013418e-18
6207.000000 5.326615e-18 2.963567e-18
6209.000000 4.524918e-18 2.813425e-18
6211.000000 3.504707e-18 2.783036e-18
6213.000000 3.942325e-18 2.932960e-18
6215.000000 3.128320e-18 2.907259e-18
6217.000000 3.302888e-18 3.014280e-18
6219.000000 5.597304e-18 3.176810e-18
6221.000000 6.316427e-18 3.270704e-18
6223.000000 6.052860e-18 3.209382e-18
6225.000000 4.560165e-18 3.126738e-18
6227.000000 4.264248e-18 2.980351e-18
6229.000000 6.486424e-18 2.951057e-18
6231.000000 8.154053e-18 3.220484e-18
6233.000000 7.701483e-18 3.534293e-18
6235.000000 7.896969e-18 4.126505e-18
6237.000000 7.189168e-18 4.031230e-18
6239.000000 6.350251e-18 3.442393e-18
6241.000000 5.598174e-18 3.344649e-18
6243.000000 4.058887e-18 3.156811e-18
6245.000000 4.212249e-18 3.042639e-18
6247.000000 5.146751e-18 3.004647e-18
6249.000000 6.042867e-18 3.018357e-18
6251.000000 6.643310e-18 2.962539e-18
6253.000000 7.191291e-18 3.076625e-18
6255.000000 6.429045e-18 3.573748e-18
6257.000000 4.456220e-18 3.998232e-18
6259.000000 3.261745e-18 3.874090e-18
6261.000000 5.998860e-18 3.449818e-18
6263.000000 8.914355e-18 3.295417e-18
6265.000000 8.069408e-18 3.359941e-18
6267.000000 5.862283e-18 3.272506e-18
6269.000000 4.800002e-18 3.017431e-18
6271.000000 4.572353e-18 2.881612e-18
6273.000000 5.009630e-18 2.909647e-18
6275.000000 5.703953e-18 2.914264e-18
6277.000000 5.827151e-18 3.013346e-18
6279.000000 5.378024e-18 2.955983e-18
6281.000000 4.811002e-18 2.975046e-18
6283.000000 4.908512e-18 2.942005e-18
6285.000000 4.735234e-18 3.528395e-18
6287.000000 4.123168e-18 3.806441e-18
6289.000000 3.646568e-18 3.592446e-18
6291.000000 4.934618e-18 3.133296e-18
6293.000000 5.975306e-18 2.911483e-18
6295.000000 5.489397e-18 3.089122e-18
6297.000000 4.134165e-18 4.527024e-18
6299.000000 3.196418e-18 1.097038e-17
6301.000000 3.225529e-18 5.817253e-18
6303.000000 3.354852e-18 4.567108e-18
6305.000000 3.730220e-18 3.860832e-18
6307.000000 3.934915e-18 3.924630e-18
6309.000000 5.147345e-18 3.686445e-18
6311.000000 5.770370e-18 3.054694e-18
6313.000000 6.813235e-18 2.944591e-18
6315.000000 6.751057e-18 2.929775e-18
6317.000000 5.393985e-18 2.891740e-18
6319.000000 5.632617e-18 3.077893e-18
6321.000000 4.010798e-18 3.111092e-18
6323.000000 3.442115e-18 2.954646e-18
6325.000000 5.046229e-18 2.909287e-18
6327.000000 5.353346e-18 3.272745e-18
6329.000000 1.873785e-18 3.501927e-18
6331.000000 -8.702524e-19 3.454056e-18
6333.000000 1.467021e-18 3.052215e-18
6335.000000 3.119479e-18 2.803079e-18
6337.000000 4.375969e-18 2.963110e-18
6339.000000 6.833160e-18 2.986846e-18
6341.000000 8.612545e-18 3.048688e-18
6343.000000 8.601797e-18 2.960336e-18
6345.000000 6.568901e-18 2.959029e-18
6347.000000 4.453045e-18 3.036376e-18
6349.000000 5.382493e-18 2.972155e-18
6351.000000 6.826481e-18 2.928749e-18
6353.000000 7.006282e-18 2.953750e-18
6355.000000 7.990531e-18 3.289962e-18
6357.000000 7.299337e-18 3.295197e-18
6359.000000 5.980016e-18 3.183729e-18
6361.000000 6.743620e-18 3.716154e-18
6363.000000 8.048520e-18 4.410333e-18
6365.000000 6.599531e-18 4.225617e-18
6367.000000 6.318562e-18 3.456305e-18
6369.000000 8.164727e-18 3.136314e-18
6371.000000 6.590803e-18 2.838395e-18
6373.000000 5.807347e-18 2.953872e-18
6375.000000 5.708493e-18 2.864248e-18
6377.000000 3.546211e-18 2.805670e-18
6379.000000 1.564230e-18 2.807755e-18
6381.000000 2.791157e-18 2.717836e-18
6383.000000 4.424187e-18 2.755052e-18
6385.000000 4.695922e-18 3.149394e-18
6387.000000 5.542168e-18 3.100973e-18
6389.000000 5.767478e-18 2.927641e-18
6391.000000 3.722854e-18 2.819810e-18
6393.000000 7.776211e-19 2.760572e-18
6395.000000 7.944136e-20 2.783288e-18
6397.000000 1.854091e-18 2.873114e-18
6399.000000 3.334207e-18 2.782140e-18
6401.000000 4.440235e-18 2.766658e-18
6403.000000 5.566935e-18 2.738943e-18
6405.000000 6.062231e-18 2.674074e-18
6407.000000 6.919431e-18 2.577535e-18
6409.000000 6.985112e-18 2.583487e-18
6411.000000 5.669263e-18 2.617832e-18
6413.000000 5.446804e-18 2.756104e-18
6415.000000 5.641757e-18 2.773767e-18
6417.000000 5.639596e-18 2.797410e-18
6419.000000 4.105199e-18 2.959873e-18
6421.000000 2.861848e-18 2.867526e-18
6423.000000 5.312218e-18 2.836070e-18
6425.000000 7.874990e-18 2.838419e-18
6427.000000 8.221720e-18 2.722083e-18
6429.000000 6.911572e-18 2.670308e-18
6431.000000 5.728134e-18 2.672759e-18
6433.000000 5.435687e-18 2.523043e-18
6435.000000 5.936869e-18 2.545530e-18
6437.000000 1.203781e-18 2.593089e-18
6439.000000 -3.420617e-18 2.628530e-18
6441.000000 1.619026e-18 2.615708e-18
6443.000000 6.061628e-18 2.694080e-18
6445.000000 6.648572e-18 2.756764e-18
6447.000000 4.396941e-18 2.805813e-18
6449.000000 5.009739e-18 2.845379e-18
6451.000000 1.185015e-17 2.862064e-18
6453.000000 1.638952e-17 3.174635e-18
6455.000000 1.027709e-17 2.885400e-18
6457.000000 4.966794e-18 2.738929e-18
6459.000000 4.857039e-18 2.717550e-18
6461.000000 5.938573e-18 2.782470e-18
6463.000000 5.911633e-18 3.103720e-18
6465.000000 5.740195e-18 3.429875e-18
6467.000000 4.692964e-18 3.385453e-18
6469.000000 5.352855e-18 3.344394e-18
6471.000000 6.012568e-18 3.429532e-18
6473.000000 4.864874e-18 3.166841e-18
6475.000000 5.297601e-18 2.946712e-18
6477.000000 4.817762e-18 2.875529e-18
6479.000000 4.364923e-18 2.818823e-18
6481.000000 5.681255e-18 2.659360e-18
6483.000000 6.371440e-18 2.568285e-18
6485.000000 5.889078e-18 2.479288e-18
6487.000000 6.314549e-18 2.449425e-18
6489.000000 6.101070e-18 2.455813e-18
6491.000000 4.936830e-18 2.513123e-18
6493.000000 5.461768e-18 2.710547e-18
6495.000000 4.724866e-18 3.048228e-18
6497.000000 3.553674e-18 3.778460e-18
6499.000000 3.840560e-18 3.935938e-18
6501.000000 5.593670e-18 3.784142e-18
6503.000000 6.585898e-18 3.085375e-18
6505.000000 6.990550e-18 3.147849e-18
6507.000000 7.217491e-18 2.862263e-18
6509.000000 6.812327e-18 2.609593e-18
6511.000000 7.536550e-18 2.600268e-18
6513.000000 6.316903e-18 2.607385e-18
6515.000000 3.220975e-18 2.512769e-18
6517.000000 4.421083e-18 2.547810e-18
6519.000000 4.734406e-18 2.693535e-18
6521.000000 2.504062e-18 2.959804e-18
6523.000000 4.026813e-18 2.972308e-18
6525.000000 5.435084e-18 2.939619e-18
6527.000000 5.925352e-18 2.840659e-18
6529.000000 5.786735e-18 2.817509e-18
6531.000000 4.424562e-18 3.271190e-18
6533.000000 3.250765e-18 3.438552e-18
6535.000000 3.784863e-18 3.174394e-18
6537.000000 4.509147e-18 2.704296e-18
6539.000000 4.491556e-18 2.603741e-18
6541.000000 4.558099e-18 2.730622e-18
6543.000000 4.427966e-18 2.859170e-18
6545.000000 4.853323e-18 3.038626e-18
6547.000000 4.870559e-18 2.880164e-18
6549.000000 4.437346e-18 2.795164e-18
6551.000000 6.146619e-18 3.500289e-18
6553.000000 7.856693e-18 3.775236e-18
6555.000000 6.820768e-18 3.491931e-18
6557.000000 6.227490e-18 2.981726e-18
6559.000000 6.934585e-18 2.703555e-18
6561.000000 7.191927e-18 2.810234e-18
6563.000000 5.505192e-18 2.663796e-18
6565.000000 5.037481e-18 2.783904e-18
6567.000000 6.637036e-18 2.935201e-18
6569.000000 7.414376e-18 2.909601e-18
6571.000000 7.498571e-18 2.860265e-18
6573.000000 6.134080e-18 2.909036e-18
6575.000000 5.330006e-18 3.351841e-18
6577.000000 5.273976e-18 3.566102e-18
6579.000000 4.379307e-18 3.300474e-18
6581.000000 5.276945e-18 2.975657e-18
6583.000000 5.527976e-18 2.581375e-18
6585.000000 4.120194e-18 2.430820e-18
6587.000000 3.330739e-18 2.441347e-18
6589.000000 3.315320e-18 2.401174e-18
6591.000000 5.340169e-18 2.534486e-18
6593.000000 6.927669e-18 2.623950e-18
6595.000000 6.069909e-18 2.811617e-18
6597.000000 4.955212e-18 2.923595e-18
6599.000000 4.023277e-18 2.705470e-18
6601.000000 4.883042e-18 3.003016e-18
6603.000000 4.293538e-18 3.103513e-18
6605.000000 2.570555e-18 3.049155e-18
6607.000000 2.592822e-18 2.789120e-18
6609.000000 2.197658e-18 2.483192e-18
6611.000000 2.565534e-18 2.406613e-18
6613.000000 5.873820e-18 2.427763e-18
6615.000000 8.291965e-18 2.455613e-18
6617.000000 6.913411e-18 2.516706e-18
6619.000000 5.402611e-18 2.505902e-18
6621.000000 4.787025e-18 2.651186e-18
6623.000000 4.155256e-18 2.601044e-18
6625.000000 5.887842e-18 2.796030e-18
6627.000000 5.756630e-18 2.834134e-18
6629.000000 4.153280e-18 2.723959e-18
6631.000000 5.744650e-18 2.682478e-18
6633.000000 6.444857e-18 2.647022e-18
6635.000000 5.109964e-18 2.625657e-18
6637.000000 4.732173e-18 2.539795e-18
6639.000000 4.616133e-18 2.454416e-18
6641.000000 4.141052e-18 2.430190e-18
6643.000000 3.989341e-18 2.501820e-18
6645.000000 4.064474e-18 2.524470e-18
6647.000000 5.258200e-18 2.619720e-18
6649.000000 5.541924e-18 2.738208e-18
6651.000000 3.738577e-18 2.625312e-18
6653.000000 3.372398e-18 2.563015e-18
6655.000000 4.929405e-18 2.556525e-18
6657.000000 4.534132e-18 2.537561e-18
6659.000000 2.668500e-18 2.370767e-18
6661.000000 2.721906e-18 2.440326e-18
6663.000000 4.723685e-18 2.537875e-18
6665.000000 6.167020e-18 2.629383e-18
6667.000000 5.735789e-18 2.753795e-18
6669.000000 5.728414e-18 2.648952e-18
6671.000000 5.694235e-18 2.669987e-18
6673.000000 5.806045e-18 2.649836e-18
6675.000000 5.388460e-18 2.664006e-18
6677.000000 5.191851e-18 2.616259e-18
6679.000000 5.303624e-18 2.506176e-18
6681.000000 5.076149e-18 2.504922e-18
6683.000000 3.891790e-18 2.406386e-18
6685.000000 4.016222e-18 2.398625e-18
6687.000000 3.750257e-18 2.425100e-18
6689.000000 3.322748e-18 2.448103e-18
6691.000000 4.506406e-18 2.468336e-18
6693.000000 5.574694e-18 2.635500e-18
6695.000000 4.722307e-18 2.665595e-18
6697.000000 3.883315e-18 2.705918e-18
6699.000000 4.640315e-18 2.788503e-18
6701.000000 4.394747e-18 2.684113e-18
6703.000000 3.515559e-18 2.640645e-18
6705.000000 2.908268e-18 2.598606e-18
6707.000000 2.574396e-18 2.503967e-18
6709.000000 5.990766e-18 2.484524e-18
6711.000000 3.768426e-17 3.208733e-18
6713.000000 1.012243e-16 5.268305e-18
6715.000000 8.347991e-17 4.527942e-18
6717.000000 2.282762e-17 2.945594e-18
6719.000000 6.373967e-18 2.762391e-18
6721.000000 3.814165e-18 2.635864e-18
6723.000000 2.785173e-18 2.579855e-18
6725.000000 4.771225e-18 2.625518e-18
6727.000000 7.044832e-18 2.609324e-18
6729.000000 8.803706e-18 2.570844e-18
6731.000000 7.909776e-18 2.557995e-18
6733.000000 5.476386e-18 2.445525e-18
6735.000000 4.658899e-18 2.413192e-18
6737.000000 5.086817e-18 2.436500e-18
6739.000000 6.520250e-18 2.621501e-18
6741.000000 7.389948e-18 2.671840e-18
6743.000000 6.957428e-18 2.676729e-18
6745.000000 6.545997e-18 2.757087e-18
6747.000000 6.032658e-18 2.662058e-18
6749.000000 5.941138e-18 2.720404e-18
6751.000000 6.576517e-18 2.550183e-18
6753.000000 5.773365e-18 2.524822e-18
6755.000000 4.013509e-18 2.431734e-18
6757.000000 3.213783e-18 2.439199e-18
6759.000000 3.643266e-18 2.368021e-18
6761.000000 5.696224e-18 2.461090e-18
6763.000000 7.535766e-18 2.434678e-18
6765.000000 7.225141e-18 2.571622e-18
6767.000000 5.538791e-18 2.619597e-18
6769.000000 4.927927e-18 2.544684e-18
6771.000000 4.721577e-18 2.589541e-18
6773.000000 4.734502e-18 2.656524e-18
6775.000000 5.118026e-18 2.505905e-18
6777.000000 4.906515e-18 2.461021e-18
6779.000000 4.862866e-18 2.421594e-18
6781.000000 4.110918e-18 2.500016e-18
6783.000000 3.019155e-18 2.370395e-18
6785.000000 4.527007e-18 2.505129e-18
6787.000000 5.324163e-18 2.493833e-18
6789.000000 3.294544e-18 2.562889e-18
6791.000000 3.160860e-18 2.564104e-18
6793.000000 5.667231e-18 2.629033e-18
6795.000000 1.223074e-17 2.690930e-18
6797.000000 2.045095e-17 2.778795e-18
6799.000000 2.170198e-17 2.830004e-18
6801.000000 1.436326e-17 2.671793e-18
6803.000000 5.996336e-18 2.448554e-18
6805.000000 2.989203e-18 2.389067e-18
6807.000000 3.751125e-18 2.387913e-18
6809.000000 5.188209e-18 2.512675e-18
6811.000000 5.235726e-18 2.503927e-18
6813.000000 5.172901e-18 2.610898e-18
6815.000000 4.915595e-18 2.559661e-18
6817.000000 6.181209e-18 2.609571e-18
6819.000000 7.351453e-18 2.678401e-18
6821.000000 7.917860e-18 2.600981e-18
6823.000000 8.015771e-18 2.688459e-18
6825.000000 5.734605e-18 3.183087e-18
6827.000000 2.770858e-18 3.938164e-18
6829.000000 2.687806e-18 4.540749e-18
6831.000000 3.885564e-18 4.457801e-18
6833.000000 4.327079e-18 4.232968e-18
6835.000000 3.544275e-18 4.097553e-18
6837.000000 3.092219e-18 3.406138e-18
6839.000000 2.417475e-18 3.150520e-18
6841.000000 4.677074e-18 3.293096e-18
6843.000000 6.510911e-18 3.198305e-18
6845.000000 5.706657e-18 2.788337e-18
6847.000000 5.023025e-18 2.681693e-18
6849.000000 5.141997e-18 2.632738e-18
6851.000000 4.172852e-18 2.555136e-18
6853.000000 1.788388e-18 2.423567e-18
6855.000000 1.589528e-18 2.458867e-18
6857.000000 3.061428e-18 2.476843e-18
6859.000000 2.788095e-18 2.960547e-18
6861.000000 1.329008e-18 4.497865e-18
6863.000000 4.134568e-18 5.686610e-18
6865.000000 9.085469e-18 5.800984e-18
6867.000000 4.095192e-18 4.864699e-18
6869.000000 -6.993679e-19 4.305022e-18
6871.000000 3.672547e-18 4.438014e-18
6873.000000 5.396400e-18 3.966416e-18
6875.000000 3.754025e-18 3.455288e-18
6877.000000 3.729502e-18 3.385099e-18
6879.000000 6.589003e-18 3.443497e-18
6881.000000 6.603036e-18 3.400714e-18
6883.000000 4.161987e-18 3.248880e-18
6885.000000 3.083186e-18 3.240236e-18
6887.000000 4.818388e-18 3.782641e-18
6889.000000 6.178569e-18 4.161900e-18
6891.000000 5.404349e-18 3.832637e-18
6893.000000 5.937953e-18 3.527239e-18
6895.000000 4.358671e-18 3.130459e-18
6897.000000 3.754418e-18 3.013990e-18
6899.000000 6.894542e-18 3.461181e-18
6901.000000 8.494458e-18 3.496118e-18
6903.000000 8.664443e-18 3.381919e-18
6905.000000 7.396125e-18 3.006291e-18
6907.000000 5.917717e-18 3.114461e-18
6909.000000 5.389664e-18 3.370953e-18
6911.000000 8.770458e-18 4.110935e-18
6913.000000 1.141421e-17 4.393869e-18
6915.000000 9.326765e-18 3.670299e-18
6917.000000 5.663009e-18 2.922240e-18
6919.000000 4.653374e-18 3.028626e-18
6921.000000 8.537321e-18 3.915558e-18
6923.000000 1.304348e-17 4.429377e-18
6925.000000 1.092501e-17 3.924083e-18
6927.000000 5.198330e-18 3.066611e-18
6929.000000 1.713747e-18 2.859581e-18
6931.000000 2.838871e-18 2.957877e-18
6933.000000 3.358407e-18 2.877615e-18
6935.000000 3.859831e-18 3.030002e-18
6937.000000 5.040607e-18 3.510187e-18
6939.000000 5.786487e-18 3.693756e-18
6941.000000 3.557190e-18 3.609221e-18
6943.000000 2.298989e-18 3.061921e-18
6945.000000 2.421708e-18 3.261960e-18
6947.000000 2.937850e-18 4.241225e-18
6949.000000 5.848624e-18 4.762160e-18
6951.000000 6.338871e-18 4.245129e-18
6953.000000 3.658556e-18 3.246556e-18
6955.000000 3.956551e-18 3.063326e-18
6957.000000 8.455360e-18 3.238072e-18
6959.000000 1.189473e-17 3.238364e-18
6961.000000 1.051233e-17 3.058080e-18
6963.000000 7.398004e-18 2.844865e-18
6965.000000 5.732068e-18 2.832988e-18
6967.000000 6.103684e-18 3.132742e-18
6969.000000 8.604782e-18 3.260885e-18
6971.000000 1.009673e-17 3.373720e-18
6973.000000 8.405960e-18 3.129809e-18
6975.000000 7.847107e-18 3.591743e-18
6977.000000 7.830100e-18 4.496129e-18
6979.000000 6.001343e-18 4.429616e-18
6981.000000 6.043060e-18 3.807854e-18
6983.000000 4.249926e-18 3.090827e-18
6985.000000 4.008938e-18 2.887804e-18
6987.000000 5.393141e-18 2.802253e-18
6989.000000 3.973847e-18 2.744638e-18
6991.000000 3.439162e-18 2.679739e-18
6993.000000 4.286544e-18 2.861732e-18
6995.000000 5.113403e-18 2.889101e-18
6997.000000 3.638060e-18 2.971384e-18
6999.000000 2.888737e-18 3.004122e-18
7001.000000 4.825442e-18 3.289100e-18
7003.000000 6.558404e-18 3.453160e-18
7005.000000 5.727886e-18 3.218913e-18
7007.000000 4.790153e-18 2.986730e-18
7009.000000 5.968845e-18 3.303400e-18
7011.000000 6.132319e-18 3.482769e-18
7013.000000 8.642752e-18 3.308423e-18
7015.000000 8.716329e-18 2.979404e-18
7017.000000 6.585712e-18 2.805575e-18
7019.000000 5.596301e-18 2.871075e-18
7021.000000 4.598953e-18 2.896930e-18
7023.000000 4.525509e-18 2.966608e-18
7025.000000 4.032635e-18 2.952896e-18
7027.000000 2.136322e-18 2.939533e-18
7029.000000 2.195377e-18 2.866771e-18
7031.000000 3.401139e-18 2.838922e-18
7033.000000 5.924597e-18 2.824613e-18
7035.000000 8.673829e-18 2.906252e-18
7037.000000 8.646428e-18 2.928369e-18
7039.000000 6.862410e-18 3.069318e-18
7041.000000 8.550263e-18 3.282333e-18
7043.000000 8.589804e-18 3.352138e-18
7045.000000 7.421035e-18 3.644415e-18
7047.000000 8.973523e-18 4.061715e-18
7049.000000 7.962279e-18 3.936721e-18
7051.000000 5.163666e-18 3.615874e-18
7053.000000 3.110710e-18 3.144373e-18
7055.000000 4.181749e-18 3.095905e-18
7057.000000 6.744552e-18 2.935015e-18
7059.000000 7.486776e-18 3.043545e-18
7061.000000 6.631431e-18 3.013830e-18
7063.000000 6.948416e-18 3.193382e-18
7065.000000 6.340551e-18 3.236515e-18
7067.000000 6.364965e-18 3.462680e-18
7069.000000 6.304331e-18 3.481076e-18
7071.000000 4.749177e-18 3.350854e-18
7073.000000 4.077872e-18 3.358846e-18
7075.000000 4.199949e-18 3.248969e-18
7077.000000 6.307352e-18 3.175952e-18
7079.000000 7.614503e-18 3.114651e-18
7081.000000 9.948594e-18 3.288096e-18
7083.000000 8.979726e-18 3.257459e-18
7085.000000 7.075586e-18 3.246203e-18
7087.000000 6.480461e-18 3.417659e-18
7089.000000 7.782055e-18 3.725622e-18
7091.000000 6.669671e-18 3.581102e-18
7093.000000 5.210146e-18 3.247280e-18
7095.000000 5.856572e-18 3.399552e-18
7097.000000 4.666388e-18 2.999659e-18
7099.000000 5.075588e-18 3.004006e-18
7101.000000 6.812152e-18 3.044655e-18
7103.000000 5.589925e-18 2.920987e-18
7105.000000 4.116826e-18 2.948458e-18
7107.000000 4.582761e-18 3.103811e-18
7109.000000 4.776643e-18 3.024178e-18
7111.000000 4.927057e-18 3.384479e-18
7113.000000 3.690291e-18 3.180787e-18
7115.000000 2.994167e-18 3.349486e-18
7117.000000 3.972291e-18 3.209942e-18
7119.000000 4.588990e-18 3.066251e-18
7121.000000 6.355101e-18 5.700649e-16
7123.000000 6.327940e-18 5.701463e-16
7125.000000 5.924847e-18 5.702111e-16
7127.000000 4.116166e-18 5.702131e-16
7129.000000 2.703241e-18 5.703478e-16
7131.000000 2.606504e-18 5.703776e-16
7133.000000 4.907009e-18 5.707075e-16
7135.000000 9.651203e-18 5.705290e-16
7137.000000 6.401651e-18 5.704923e-16
7139.000000 3.587312e-18 5.703484e-16
7141.000000 3.477236e-18 5.705162e-16
7143.000000 5.219941e-18 5.706595e-16
7145.000000 6.261168e-18 5.707491e-16
7147.000000 7.848430e-18 5.705409e-16
7149.000000 9.069255e-18 5.704766e-16
7151.000000 7.918452e-18 5.704110e-16
7153.000000 6.405506e-18 5.704024e-16
7155.000000 5.883280e-18 5.705529e-16
7157.000000 4.154834e-18 5.705455e-16
7159.000000 2.081463e-18 5.706107e-16
7161.000000 2.557928e-18 5.706828e-16
7163.000000 4.242064e-18 5.705637e-16
7165.000000 6.551664e-18 5.707328e-16
7167.000000 3.368518e-18 5.706089e-16
7169.000000 1.768560e-18 5.707189e-16
7171.000000 3.057347e-18 5.707241e-16
7173.000000 6.646358e-18 5.710543e-16
7175.000000 8.527620e-18 5.714108e-16
7177.000000 4.231037e-18 5.715257e-16
7179.000000 2.715362e-18 5.711849e-16
7181.000000 5.656300e-18 5.713452e-16
7183.000000 7.827912e-18 5.713646e-16
7185.000000 5.834114e-18 5.711317e-16
7187.000000 5.733510e-18 5.712756e-16
7189.000000 4.164009e-18 5.709415e-16
7191.000000 4.565122e-18 5.708754e-16
7193.000000 6.548636e-18 5.710460e-16
7195.000000 8.484682e-18 5.711098e-16
7197.000000 9.497498e-18 5.711991e-16
7199.000000 6.213790e-18 5.712256e-16
7201.000000 2.653508e-18 5.712303e-16
7203.000000 4.233327e-18 5.712868e-16
7205.000000 6.966524e-18 5.710949e-16
7207.000000 5.013233e-18 5.710849e-16
7209.000000 3.226276e-18 5.708220e-16
7211.000000 3.476906e-18 5.706583e-16
7213.000000 4.048815e-18 5.705328e-16
7215.000000 3.367165e-18 5.705574e-16
7217.000000 3.180843e-18 5.705872e-16
7219.000000 3.383404e-18 5.708336e-16
7221.000000 -4.037088e-18 5.708242e-16
7223.000000 4.803777e-18 9.431826e-15
7225.000000 3.477934e-18 9.431558e-15
7227.000000 6.339225e-19 9.431775e-15
7229.000000 3.040669e-18 9.431609e-15
7231.000000 4.206567e-18 9.431805e-15
7233.000000 6.713038e-18 9.432014e-15
7235.000000 6.843117e-18 9.432723e-15
7237.000000 3.837700e-18 9.434487e-15
7239.000000 1.299820e-17 9.436470e-15
7241.000000 1.654285e-17 9.437124e-15
7243.000000 9.964812e-18 9.437621e-15
7245.000000 1.044495e-17 9.437401e-15
7247.000000 1.219882e-17 9.436059e-15
7249.000000 5.258794e-18 9.433499e-15
7251.000000 3.476018e-18 9.433184e-15
7253.000000 8.211402e-18 9.433523e-15
7255.000000 7.158885e-18 9.433315e-15
7257.000000 5.284935e-18 9.432649e-15
7259.000000 3.296312e-18 9.432018e-15
7261.000000 2.965465e-18 9.431902e-15
7263.000000 5.497095e-18 9.432061e-15
7265.000000 3.705624e-18 9.432355e-15
7267.000000 8.987917e-20 9.432354e-15
7269.000000 2.949511e-18 9.432531e-15
7271.000000 4.012042e-18 9.432532e-15
7273.000000 -3.473353e-19 9.434451e-15
7275.000000 2.939472e-18 9.437685e-15
7277.000000 1.098609e-17 9.438358e-15
7279.000000 1.611736e-17 1.579814e-14
7281.000000 -1.052647e-17 1.579618e-14
7283.000000 -1.688187e-17 1.579685e-14
7285.000000 -2.226442e-18 1.579689e-14
7287.000000 5.458258e-18 1.579600e-14
7289.000000 3.046453e-18 1.579456e-14
7291.000000 -1.481157e-19 1.579441e-14
7293.000000 3.890781e-18 1.579495e-14
7295.000000 3.799128e-18 1.579528e-14
7297.000000 1.479068e-18 1.579502e-14
7299.000000 -5.816056e-19 1.579427e-14
7301.000000 -7.615633e-18 1.579472e-14
7303.000000 -8.224179e-18 1.579550e-14
7305.000000 -1.116610e-18 1.579561e-14
7307.000000 7.230475e-18 1.579476e-14
7309.000000 4.400404e-18 1.579433e-14
7311.000000 4.894644e-18 1.579475e-14
7313.000000 -4.341893e-18 1.579619e-14
7315.000000 -1.250655e-17 1.579925e-14
7317.000000 2.157624e-18 1.579955e-14
7319.000000 1.720796e-17 1.579804e-14
7321.000000 5.442154e-18 1.579483e-14
7323.000000 -1.336148e-18 1.579438e-14
7325.000000 -3.734300e-17 1.579532e-14
7327.000000 -8.600160e-17 4.584251e-14
7329.000000 -1.118146e-18 7.237758e-14
7331.000000 4.674825e-18 7.237758e-14
7333.000000 4.532366e-18 7.237754e-14
7335.000000 5.655269e-18 7.237751e-14
7337.000000 2.615621e-19 7.237756e-14
7339.000000 4.361726e-18 7.237767e-14
7341.000000 -3.488502e-18 7.237771e-14
7343.000000 1.378607e-18 7.237768e-14
7345.000000 1.600804e-17 7.237758e-14
7347.000000 9.128879e-18 7.237752e-14
7349.000000 4.392043e-18 7.237751e-14
7351.000000 8.327707e-18 6.254405e-14
7353.000000 5.013107e-18 6.254405e-14
7355.000000 6.593431e-18 6.254415e-14
7357.000000 6.857596e-18 6.254436e-14
7359.000000 6.670933e-18 6.254441e-14
7361.000000 1.116358e-17 6.254434e-14
7363.000000 3.300450e-18 6.254406e-14
7365.000000 3.001023e-18 6.254420e-14
7367.000000 3.090641e-18 6.254463e-14
7369.000000 2.599012e-18 6.254504e-14
7371.000000 7.201239e-18 6.254505e-14
7373.000000 3.938072e-18 6.254448e-14
7375.000000 9.328885e-18 6.254416e-14
7377.000000 3.206666e-18 6.254395e-14
7379.000000 3.078329e-18 6.254390e-14
7381.000000 7.363378e-18 6.254393e-14
7383.000000 2.754334e-18 6.254391e-14
7385.000000 3.713816e-18 6.254398e-14
7387.000000 5.151262e-18 6.254405e-14
7389.000000 3.479686e-18 6.254422e-14
7391.000000 8.460491e-19 6.254446e-14
7393.000000 3.492147e-18 6.254441e-14
7395.000000 6.834553e-18 6.254428e-14
7397.000000 1.455952e-18 6.254406e-14
7399.000000 6.716539e-18 6.254438e-14
7401.000000 -3.014402e-19 6.254462e-14
7403.000000 -2.327278e-18 6.254464e-14
7405.000000 4.969700e-18 6.254442e-14
7407.000000 7.069056e-18 6.254414e-14
7409.000000 5.662525e-18 6.254408e-14
7411.000000 7.357285e-18 6.254401e-14
7413.000000 3.426265e-18 6.254403e-14
7415.000000 1.872747e-18 6.254397e-14
7417.000000 3.162885e-18 6.254395e-14
7419.000000 1.687835e-18 6.254396e-14
7421.000000 1.373596e-18 6.254395e-14
7423.000000 2.575237e-18 6.254398e-14
7425.000000 1.855693e-18 6.254401e-14
7427.000000 4.039172e-18 6.254415e-14
7429.000000 4.341686e-18 6.254434e-14
7431.000000 6.366336e-18 6.254431e-14
7433.000000 6.833208e-18 6.254425e-14
7435.000000 1.609118e-18 6.254415e-14
7437.000000 8.212454e-18 6.254433e-14
7439.000000 3.786935e-18 6.254446e-14
7441.000000 6.890429e-18 6.254436e-14
7443.000000 8.357596e-18 6.254414e-14
7445.000000 6.754836e-18 6.254407e-14
7447.000000 5.372785e-18 6.254405e-14
7449.000000 2.553695e-18 6.254404e-14
7451.000000 2.105529e-18 6.254393e-14
7453.000000 2.362967e-18 6.254396e-14
7455.000000 2.594993e-18 6.254396e-14
7457.000000 6.443138e-18 6.254398e-14
7459.000000 7.855204e-18 6.254407e-14
7461.000000 5.340888e-18 6.254414e-14
7463.000000 3.821706e-18 6.254419e-14
7465.000000 5.834000e-18 6.397763e-14
7467.000000 5.945698e-18 6.397768e-14
7469.000000 2.545119e-18 6.397771e-14
7471.000000 2.152379e-18 6.397780e-14
7473.000000 1.651139e-18 6.397777e-14
7475.000000 4.667692e-18 6.397772e-14
7477.000000 6.993802e-18 6.397773e-14
7479.000000 1.821132e-18 6.397775e-14
7481.000000 5.281150e-18 6.397792e-14
7483.000000 -8.028071e-19 6.397788e-14
7485.000000 9.719643e-18 6.397795e-14
7487.000000 8.347637e-18 6.397777e-14
7489.000000 6.464833e-18 6.397751e-14
7491.000000 5.529315e-18 6.397747e-14
7493.000000 4.908148e-18 6.397751e-14
7495.000000 2.352030e-18 6.397747e-14
7497.000000 7.086039e-18 6.397747e-14
