3751.000000 5.148124e-18 3.710250e-14
3753.000000 -2.332204e-18 3.709587e-14
3755.000000 -1.116465e-17 3.709733e-14
3757.000000 -2.760094e-17 3.710998e-14
3759.000000 -2.134162e-17 3.709978e-14
3761.000000 -5.587586e-18 3.709744e-14
3763.000000 -9.019609e-19 3.709762e-14
3765.000000 -1.604321e-18 3.709613e-14
3767.000000 -9.376146e-18 3.709576e-14
3769.000000 -5.837775e-18 3.709577e-14
3771.000000 -1.136773e-17 3.709576e-14
3773.000000 -1.582057e-17 3.662339e-14
3775.000000 -5.026637e-18 3.662352e-14
3777.000000 3.049446e-18 3.662237e-14
3779.000000 4.908497e-19 3.662181e-14
3781.000000 -8.826731e-19 3.662272e-14
3783.000000 8.714345e-18 3.662245e-14
3785.000000 2.222258e-17 3.662223e-14
3787.000000 2.209882e-17 3.662233e-14
3789.000000 1.700635e-17 3.662181e-14
3791.000000 1.133036e-17 3.662195e-14
3793.000000 -2.707737e-18 3.662162e-14
3795.000000 -3.782641e-18 3.662146e-14
3797.000000 5.137710e-18 3.662177e-14
3799.000000 -5.112616e-20 3.662150e-14
3801.000000 3.856065e-18 3.662170e-14
3803.000000 1.106114e-17 3.662166e-14
3805.000000 1.936011e-17 3.662180e-14
3807.000000 2.934001e-17 3.662200e-14
3809.000000 2.695176e-17 3.662239e-14
3811.000000 4.527935e-18 3.662126e-14
3813.000000 -3.870209e-18 3.662148e-14
3815.000000 -5.642145e-19 3.662136e-14
3817.000000 4.931742e-18 3.662138e-14
3819.000000 1.333618e-17 3.662150e-14
3821.000000 5.933569e-18 3.662113e-14
3823.000000 4.090227e-19 3.662090e-14
3825.000000 7.192770e-18 3.662112e-14
3827.000000 1.019803e-17 3.662125e-14
3829.000000 9.913815e-18 3.662153e-14
3831.000000 1.257021e-17 3.662163e-14
3833.000000 5.470485e-18 3.662144e-14
3835.000000 -4.388471e-18 3.662113e-14
3837.000000 1.829950e-18 3.662115e-14
3839.000000 1.670779e-17 3.662148e-14
3841.000000 2.289720e-17 3.662168e-14
3843.000000 2.203714e-17 3.662188e-14
3845.000000 2.037947e-17 3.662138e-14
3847.000000 1.130494e-17 3.662097e-14
3849.000000 1.107458e-17 3.662106e-14
3851.000000 9.758624e-18 3.662074e-14
3853.000000 7.801083e-18 3.662081e-14
3855.000000 5.965126e-18 3.662043e-14
3857.000000 1.268580e-17 3.662045e-14
3859.000000 1.933206e-17 3.662039e-14
3861.000000 1.929873e-17 3.662030e-14
3863.000000 1.881942e-17 3.662050e-14
3865.000000 2.330414e-17 3.662044e-14
3867.000000 2.030099e-17 3.662049e-14
3869.000000 1.175109e-17 3.662019e-14
3871.000000 1.009208e-17 3.662019e-14
3873.000000 6.528864e-18 3.662024e-14
3875.000000 4.988893e-20 3.661997e-14
3877.000000 3.369578e-18 3.662021e-14
3879.000000 5.161750e-18 3.662023e-14
3881.000000 2.897799e-18 3.662014e-14
3883.000000 -2.112284e-19 3.661992e-14
3885.000000 -1.971452e-18 3.661985e-14
3887.000000 3.399895e-18 3.662004e-14
3889.000000 7.634153e-18 3.662017e-14
3891.000000 5.324630e-18 3.662002e-14
3893.000000 6.131288e-18 3.662015e-14
3895.000000 5.113070e-18 3.662001e-14
3897.000000 2.262767e-18 3.661996e-14
3899.000000 8.106015e-19 3.661984e-14
3901.000000 1.558916e-18 3.661986e-14
3903.000000 3.867530e-18 3.662004e-14
3905.000000 7.565257e-18 3.662019e-14
3907.000000 5.285054e-18 3.662041e-14
3909.000000 2.292243e-18 3.662029e-14
3911.000000 -8.252185e-19 3.662021e-14
3913.000000 -1.945219e-18 3.662014e-14
3915.000000 2.554477e-18 3.662006e-14
3917.000000 -1.011809e-18 3.662016e-14
3919.000000 -4.966457e-18 3.661995e-14
3921.000000 -1.864833e-18 3.661995e-14
3923.000000 -2.434470e-19 3.661997e-14
3925.000000 -1.389164e-19 3.661978e-14
3927.000000 -2.789446e-18 3.661981e-14
3929.000000 8.610203e-19 3.661976e-14
3931.000000 2.988087e-18 3.661977e-14
3933.000000 3.179099e-18 3.661967e-14
3935.000000 3.502248e-18 3.661965e-14
3937.000000 7.153077e-18 3.661973e-14
3939.000000 1.225858e-17 3.661991e-14
3941.000000 1.137385e-17 3.661989e-14
3943.000000 9.494224e-18 3.661993e-14
3945.000000 1.118109e-17 3.661988e-14
3947.000000 9.517062e-18 3.661972e-14
3949.000000 1.082802e-17 3.268366e-14
3951.000000 1.536990e-17 3.268353e-14
3953.000000 1.052737e-17 3.268336e-14
3955.000000 7.274901e-18 3.268321e-14
3957.000000 7.938428e-18 3.268328e-14
3959.000000 1.048110e-17 3.268330e-14
3961.000000 7.094039e-18 3.268334e-14
3963.000000 4.745501e-18 3.268296e-14
3965.000000 4.773352e-18 3.268296e-14
3967.000000 -1.143615e-18 3.268274e-14
3969.000000 1.787923e-18 3.268286e-14
3971.000000 1.172116e-18 3.077120e-15
3973.000000 -6.102491e-19 3.077404e-15
3975.000000 2.572277e-18 3.077983e-15
3977.000000 7.406008e-18 3.078752e-15
3979.000000 8.781476e-18 3.078073e-15
3981.000000 1.432000e-17 3.078300e-15
3983.000000 1.417483e-17 3.078306e-15
3985.000000 9.893008e-18 3.077860e-15
3987.000000 7.646528e-18 3.077950e-15
3989.000000 1.132935e-18 3.077560e-15
3991.000000 -3.086111e-18 3.077402e-15
3993.000000 2.174963e-18 3.077413e-15
3995.000000 1.684753e-18 3.077179e-15
3997.000000 -4.337974e-18 3.077856e-15
3999.000000 -6.280865e-18 3.380708e-15
4001.000000 1.545307e-18 3.077467e-15
4003.000000 6.313769e-18 3.077160e-15
4005.000000 9.002683e-18 3.077380e-15
4007.000000 1.075562e-17 3.077451e-15
4009.000000 1.042972e-17 3.077724e-15
4011.000000 1.169002e-17 3.077615e-15
4013.000000 8.783731e-18 3.077588e-15
4015.000000 1.194238e-18 3.077339e-15
4017.000000 1.197001e-18 1.063877e-15
4019.000000 5.949706e-18 1.064344e-15
4021.000000 2.208643e-18 1.064142e-15
4023.000000 -4.423873e-18 1.063788e-15
4025.000000 -4.811006e-18 1.063930e-15
4027.000000 1.131101e-18 1.063933e-15
4029.000000 6.551820e-18 1.064552e-15
4031.000000 3.749084e-18 1.063900e-15
4033.000000 3.068904e-18 1.063905e-15
4035.000000 3.234335e-18 1.064298e-15
4037.000000 -6.456663e-19 1.063691e-15
4039.000000 -6.062035e-19 1.063892e-15
4041.000000 1.998693e-18 1.064298e-15
4043.000000 3.647063e-18 1.064264e-15
4045.000000 5.073859e-18 1.064095e-15
4047.000000 7.174847e-18 1.064326e-15
4049.000000 5.081272e-18 7.144122e-16
4051.000000 -3.792656e-20 7.140661e-16
4053.000000 -1.627702e-19 7.136885e-16
4055.000000 6.774862e-18 7.138178e-16
4057.000000 7.814969e-18 7.137902e-16
4059.000000 4.686235e-18 7.137606e-16
4061.000000 1.762955e-18 7.141661e-16
4063.000000 2.104821e-18 7.143291e-16
4065.000000 5.821675e-18 7.144939e-16
4067.000000 9.845185e-18 7.148173e-16
4069.000000 5.951144e-18 7.143026e-16
4071.000000 1.331772e-18 7.142909e-16
4073.000000 8.019157e-19 7.141278e-16
4075.000000 4.332498e-18 7.144809e-16
4077.000000 5.872355e-18 7.145244e-16
4079.000000 2.935638e-18 7.144847e-16
4081.000000 4.434718e-18 7.143614e-16
4083.000000 9.499413e-18 7.145048e-16
4085.000000 9.983091e-18 7.140243e-16
4087.000000 9.989807e-18 7.140415e-16
4089.000000 7.198517e-18 7.137331e-16
4091.000000 6.434996e-18 7.137811e-16
4093.000000 3.833153e-18 7.134730e-16
4095.000000 2.465999e-18 7.131086e-16
4097.000000 5.236175e-18 7.134098e-16
4099.000000 8.230670e-18 7.133810e-16
4101.000000 7.285136e-18 7.131561e-16
4103.000000 2.492621e-18 7.130216e-16
4105.000000 1.074134e-18 7.129666e-16
4107.000000 4.257074e-18 7.130755e-16
4109.000000 4.235524e-18 7.129082e-16
4111.000000 1.257311e-18 7.127703e-16
4113.000000 8.820551e-19 7.131269e-16
4115.000000 1.119686e-18 7.129590e-16
4117.000000 1.271807e-18 7.128886e-16
4119.000000 2.313032e-18 7.129378e-16
4121.000000 3.243057e-18 7.131994e-16
4123.000000 5.832161e-18 7.133602e-16
4125.000000 1.198216e-17 7.136910e-16
4127.000000 1.584445e-17 7.137568e-16
4129.000000 1.087627e-17 7.136832e-16
4131.000000 4.076830e-18 7.132157e-16
4133.000000 2.463936e-18 7.133888e-16
4135.000000 2.896785e-18 7.134443e-16
4137.000000 2.907127e-18 7.134990e-16
4139.000000 1.496015e-18 7.132085e-16
4141.000000 1.162344e-18 7.131829e-16
4143.000000 -3.192903e-19 7.226656e-16
4145.000000 4.186673e-18 7.131658e-16
4147.000000 8.515661e-18 7.128739e-16
4149.000000 1.193677e-17 7.128756e-16
4151.000000 1.184970e-17 7.129240e-16
4153.000000 5.358481e-18 7.127602e-16
4155.000000 4.017517e-18 7.131008e-16
4157.000000 7.732960e-18 7.131319e-16
4159.000000 1.284076e-17 7.132255e-16
4161.000000 1.246213e-17 7.130685e-16
4163.000000 9.423208e-18 7.131900e-16
4165.000000 1.086565e-17 7.132816e-16
4167.000000 1.600399e-17 7.136215e-16
4169.000000 1.822486e-17 7.136622e-16
4171.000000 1.640216e-17 7.137496e-16
4173.000000 1.307634e-17 7.133847e-16
4175.000000 9.716447e-18 7.130203e-16
4177.000000 1.102395e-17 7.131691e-16
4179.000000 1.088216e-17 7.128964e-16
4181.000000 1.034464e-17 7.132197e-16
4183.000000 7.534482e-18 7.128773e-16
4185.000000 7.837335e-18 7.128368e-16
4187.000000 9.364762e-18 7.128154e-16
4189.000000 6.160002e-18 4.134751e-14
4191.000000 1.016132e-18 4.134754e-14
4193.000000 1.560735e-18 4.134751e-14
4195.000000 6.514526e-18 4.134749e-14
4197.000000 8.226599e-18 7.126459e-16
4199.000000 8.593872e-18 7.125693e-16
4201.000000 1.165550e-17 7.125762e-16
4203.000000 1.146799e-17 7.125795e-16
4205.000000 7.931888e-18 7.126525e-16
4207.000000 5.709079e-18 7.126899e-16
4209.000000 5.146391e-18 7.126590e-16
4211.000000 7.122630e-18 7.124916e-16
4213.000000 8.575474e-18 7.124105e-16
4215.000000 4.971082e-18 7.123135e-16
4217.000000 1.385770e-18 7.121584e-16
4219.000000 2.496326e-18 7.123380e-16
4221.000000 5.472144e-18 7.124474e-16
4223.000000 8.020550e-18 7.124433e-16
4225.000000 7.420650e-18 7.122736e-16
4227.000000 5.341782e-18 6.998229e-16
4229.000000 4.912149e-18 6.996236e-16
4231.000000 6.937430e-18 6.998344e-16
4233.000000 1.157898e-17 7.000089e-16
4235.000000 1.049948e-17 6.998603e-16
4237.000000 6.444788e-18 6.998409e-16
4239.000000 5.711609e-18 6.998469e-16
4241.000000 4.322833e-18 6.998258e-16
4243.000000 3.173046e-18 6.997435e-16
4245.000000 6.495936e-18 6.999962e-16
4247.000000 1.038745e-17 7.000893e-16
4249.000000 7.269423e-18 6.998827e-16
4251.000000 4.777571e-18 7.000579e-16
4253.000000 4.406881e-18 6.997907e-16
4255.000000 6.555199e-18 7.001146e-16
4257.000000 6.096819e-18 6.999598e-16
4259.000000 4.596142e-18 6.998031e-16
4261.000000 7.456833e-18 7.000198e-16
4263.000000 7.413934e-18 6.999202e-16
4265.000000 6.860875e-18 6.999141e-16
4267.000000 7.749397e-18 6.997784e-16
4269.000000 7.895598e-18 6.998575e-16
4271.000000 9.318412e-18 6.997964e-16
4273.000000 1.077016e-17 6.996093e-16
4275.000000 1.029324e-17 6.995491e-16
4277.000000 1.088818e-17 6.996742e-16
4279.000000 9.859529e-18 6.995165e-16
4281.000000 9.775686e-18 6.996329e-16
4283.000000 8.606103e-18 6.995938e-16
4285.000000 7.478872e-18 6.994713e-16
4287.000000 7.229135e-18 6.993036e-16
4289.000000 7.155447e-18 6.993794e-16
4291.000000 5.852780e-18 6.993755e-16
4293.000000 4.059441e-18 6.994860e-16
4295.000000 4.768192e-18 6.997062e-16
4297.000000 5.319524e-18 6.995149e-16
4299.000000 7.643472e-18 6.994608e-16
4301.000000 9.174690e-18 6.994500e-16
4303.000000 7.575810e-18 6.992896e-16
4305.000000 7.983401e-18 6.994987e-16
4307.000000 1.072755e-17 6.995638e-16
4309.000000 1.416167e-17 6.999217e-16
4311.000000 1.115501e-17 6.996638e-16
4313.000000 7.882154e-18 6.998008e-16
4315.000000 7.194238e-18 6.997734e-16
4317.000000 8.325788e-18 6.999265e-16
4319.000000 6.736037e-18 6.999002e-16
4321.000000 3.575229e-18 6.996640e-16
4323.000000 4.799857e-18 6.996186e-16
4325.000000 7.557203e-18 6.997912e-16
4327.000000 4.995551e-18 6.994713e-16
4329.000000 5.228210e-18 6.995383e-16
4331.000000 9.968783e-18 6.998405e-16
4333.000000 1.134085e-17 6.996552e-16
4335.000000 1.222125e-17 6.996734e-16
4337.000000 9.618957e-18 6.995830e-16
4339.000000 6.639049e-18 6.994377e-16
4341.000000 6.732906e-18 6.994359e-16
4343.000000 9.156445e-18 6.996157e-16
4345.000000 7.556677e-18 6.995466e-16
4347.000000 6.793585e-18 6.995075e-16
4349.000000 7.024906e-18 4.485073e-18
4351.000000 7.704742e-18 4.493418e-18
4353.000000 6.442885e-18 4.272229e-18
4355.000000 8.326585e-18 4.847213e-18
4357.000000 8.141981e-18 5.108456e-18
4359.000000 3.893300e-18 4.810269e-18
4361.000000 3.345671e-18 4.687921e-18
4363.000000 7.440250e-18 4.456629e-18
4365.000000 8.200715e-18 4.140132e-18
4367.000000 5.387369e-18 4.267878e-18
4369.000000 5.065371e-18 4.067363e-18
4371.000000 6.836830e-18 4.230973e-18
4373.000000 4.215470e-18 4.116406e-18
4375.000000 1.844514e-18 4.119485e-18
4377.000000 3.911189e-18 4.066331e-18
4379.000000 5.744345e-18 4.099039e-18
4381.000000 5.259067e-18 4.065585e-18
4383.000000 5.632090e-18 3.991133e-18
4385.000000 8.089884e-18 4.098791e-18
4387.000000 1.070943e-17 4.054624e-18
4389.000000 1.178677e-17 4.030667e-18
4391.000000 1.059251e-17 4.222892e-18
4393.000000 1.025918e-17 4.188935e-18
4395.000000 9.435569e-18 4.249570e-18
4397.000000 5.392526e-18 4.033736e-18
4399.000000 5.460141e-18 4.091765e-18
4401.000000 9.308462e-18 4.478995e-18
4403.000000 9.401493e-18 4.383177e-18
4405.000000 1.068547e-17 4.598778e-18
4407.000000 1.077579e-17 4.765612e-18
4409.000000 8.601678e-18 4.655283e-18
4411.000000 7.600107e-18 4.592444e-18
4413.000000 5.463255e-18 4.721864e-18
4415.000000 4.857744e-18 4.708133e-18
4417.000000 6.295540e-18 4.692969e-18
4419.000000 6.300340e-18 4.637190e-18
4421.000000 5.774874e-18 4.536336e-18
4423.000000 6.771675e-18 4.660305e-18
4425.000000 7.227678e-18 4.591823e-18
4427.000000 8.633353e-18 4.133463e-14
4429.000000 1.117343e-17 4.133464e-14
4431.000000 8.749995e-18 4.133461e-14
4433.000000 8.465283e-18 4.133463e-14
4435.000000 9.779822e-18 4.789563e-18
4437.000000 7.486308e-18 4.688203e-18
4439.000000 6.833606e-18 4.766684e-18
4441.000000 6.839115e-18 4.586928e-18
4443.000000 7.373341e-18 4.501152e-18
4445.000000 9.802965e-18 4.785944e-18
4447.000000 8.381696e-18 4.607379e-18
4449.000000 6.157502e-18 4.712680e-18
4451.000000 3.878585e-18 4.478245e-18
4453.000000 3.677962e-18 4.547552e-18
4455.000000 7.874344e-18 4.640557e-18
4457.000000 8.583112e-18 4.721469e-18
4459.000000 7.636071e-18 4.544269e-18
4461.000000 8.905697e-18 4.649095e-18
4463.000000 4.715644e-18 4.378531e-18
4465.000000 3.760457e-18 4.431798e-18
4467.000000 5.719994e-18 4.396163e-18
4469.000000 5.298953e-18 4.305042e-18
4471.000000 4.572524e-18 4.230013e-18
4473.000000 6.023081e-18 4.666486e-18
4475.000000 4.648831e-18 4.341240e-18
4477.000000 6.029322e-18 4.391654e-18
4479.000000 6.395361e-18 4.326267e-18
4481.000000 4.113570e-18 4.245689e-18
4483.000000 1.602930e-18 4.193591e-18
4485.000000 3.991148e-18 4.285689e-18
4487.000000 7.738957e-18 4.411576e-18
4489.000000 7.661001e-18 4.113068e-18
4491.000000 8.069362e-18 4.259715e-18
4493.000000 7.990054e-18 4.141947e-18
4495.000000 9.151810e-18 4.343169e-18
4497.000000 9.077481e-18 4.288037e-18
4499.000000 8.015155e-18 4.023741e-18
4501.000000 7.178522e-18 4.239222e-18
4503.000000 4.000876e-18 4.079858e-18
4505.000000 1.158059e-18 4.052848e-18
4507.000000 2.200026e-18 3.962070e-18
4509.000000 4.255144e-18 4.128734e-18
4511.000000 5.507239e-18 4.041473e-18
4513.000000 6.766788e-18 4.110498e-18
4515.000000 6.009047e-18 3.999013e-18
4517.000000 5.664017e-18 4.059717e-18
4519.000000 7.279665e-18 4.004049e-18
4521.000000 8.486319e-18 4.007770e-18
4523.000000 4.427177e-18 3.996187e-18
4525.000000 7.834846e-19 3.809427e-18
4527.000000 2.274734e-18 3.934432e-18
4529.000000 5.234751e-18 3.954816e-18
4531.000000 5.207462e-18 3.913407e-18
4533.000000 3.528868e-18 3.862965e-18
4535.000000 5.669051e-18 3.959482e-18
4537.000000 8.441580e-18 4.028579e-18
4539.000000 8.512503e-18 3.938372e-18
4541.000000 6.898445e-18 3.961404e-18
4543.000000 5.017999e-18 3.880865e-18
4545.000000 4.105582e-18 3.886814e-18
4547.000000 4.265501e-18 3.898403e-18
4549.000000 3.462747e-18 3.770667e-18
4551.000000 2.391489e-18 3.754190e-18
4553.000000 2.722975e-18 3.790969e-18
4555.000000 4.718363e-18 3.802045e-18
4557.000000 4.816314e-18 3.579937e-18
4559.000000 5.079883e-18 3.644139e-18
4561.000000 6.660459e-18 3.539315e-18
4563.000000 6.026818e-18 3.637540e-18
4565.000000 4.769729e-18 3.612408e-18
4567.000000 2.962183e-18 3.441032e-18
4569.000000 3.094170e-18 3.517834e-18
4571.000000 4.801909e-18 3.625330e-18
4573.000000 4.772780e-18 3.477226e-18
4575.000000 4.407770e-18 3.455706e-18
4577.000000 5.534376e-18 3.581868e-18
4579.000000 4.762868e-18 3.556369e-18
4581.000000 2.653277e-18 3.618456e-18
4583.000000 2.903347e-18 3.411517e-18
4585.000000 6.631132e-18 3.533052e-18
4587.000000 6.937968e-18 3.564258e-18
4589.000000 6.022268e-18 3.454656e-18
4591.000000 5.270361e-18 3.439731e-18
4593.000000 3.828577e-18 3.356240e-18
4595.000000 3.060702e-18 3.334568e-18
4597.000000 5.703822e-18 3.345016e-18
4599.000000 5.453174e-18 3.400643e-18
4601.000000 5.082735e-18 3.344402e-18
4603.000000 6.596343e-18 3.305245e-18
4605.000000 6.918999e-18 3.405159e-18
4607.000000 5.511837e-18 3.364314e-18
4609.000000 4.192271e-18 3.276980e-18
4611.000000 4.683510e-18 3.385986e-18
4613.000000 4.953585e-18 3.206692e-18
4615.000000 5.012231e-18 3.372319e-18
4617.000000 4.472964e-18 3.226706e-18
4619.000000 4.754145e-18 3.231583e-18
4621.000000 6.170743e-18 3.374739e-18
4623.000000 5.297780e-18 3.143619e-18
4625.000000 4.930171e-18 3.142283e-18
4627.000000 6.525278e-18 3.213795e-18
4629.000000 7.557887e-18 3.215426e-18
4631.000000 8.856583e-18 3.246858e-18
4633.000000 8.836944e-18 3.190443e-18
4635.000000 6.941253e-18 3.213760e-18
4637.000000 7.242728e-18 3.192739e-18
4639.000000 8.967027e-18 3.118300e-18
4641.000000 7.677223e-18 3.218185e-18
4643.000000 5.446266e-18 3.188114e-18
4645.000000 6.072848e-18 3.181467e-18
4647.000000 7.065692e-18 3.131264e-18
4649.000000 6.097877e-18 3.124867e-18
4651.000000 4.825030e-18 3.089605e-18
4653.000000 6.144604e-18 3.135591e-18
4655.000000 6.540366e-18 3.224719e-18
4657.000000 6.238304e-18 3.190239e-18
4659.000000 7.018739e-18 3.335268e-18
4661.000000 6.390279e-18 3.283105e-18
4663.000000 4.783978e-18 3.289795e-18
4665.000000 4.208393e-18 3.107368e-18
4667.000000 4.893862e-18 3.108004e-18
4669.000000 5.403147e-18 3.153769e-18
4671.000000 4.152784e-18 3.178048e-18
4673.000000 5.039077e-18 3.192101e-18
4675.000000 6.213557e-18 3.193074e-18
4677.000000 3.954896e-18 3.153080e-18
4679.000000 3.945689e-18 3.167893e-18
4681.000000 5.674373e-18 3.190190e-18
4683.000000 4.632997e-18 3.099144e-18
4685.000000 3.526059e-18 3.053293e-18
4687.000000 2.257947e-18 3.115790e-18
4689.000000 2.683979e-18 3.069485e-18
4691.000000 3.383928e-18 3.042750e-18
4693.000000 4.115029e-18 3.061914e-18
4695.000000 4.598562e-18 3.175991e-18
4697.000000 3.592285e-18 3.008427e-18
4699.000000 4.890449e-18 3.075304e-18
4701.000000 7.670795e-18 2.967135e-18
4703.000000 8.194533e-18 3.074602e-18
4705.000000 6.978478e-18 2.988625e-18
4707.000000 6.784293e-18 3.022420e-18
4709.000000 6.277700e-18 3.060676e-18
4711.000000 5.056908e-18 3.010151e-18
4713.000000 5.245527e-18 3.000704e-18
4715.000000 5.660183e-18 2.942440e-18
4717.000000 5.427162e-18 2.978021e-18
4719.000000 3.247427e-18 2.967499e-18
4721.000000 1.954168e-18 2.904547e-18
4723.000000 3.062195e-18 2.930596e-18
4725.000000 5.984196e-18 2.936973e-18
4727.000000 7.140086e-18 2.923231e-18
4729.000000 6.109941e-18 2.929117e-18
4731.000000 4.666040e-18 2.851428e-18
4733.000000 5.627783e-18 2.903147e-18
4735.000000 6.519499e-18 2.884892e-18
4737.000000 6.775285e-18 2.968186e-18
4739.000000 6.354434e-18 2.822572e-18
4741.000000 6.630846e-18 2.841824e-18
4743.000000 7.077751e-18 2.888516e-18
4745.000000 6.643485e-18 2.841898e-18
4747.000000 6.865739e-18 2.833122e-18
4749.000000 7.241824e-18 2.929834e-18
4751.000000 6.439018e-18 2.952603e-18
4753.000000 3.038854e-18 2.875613e-18
4755.000000 2.418829e-18 2.782133e-18
4757.000000 3.691470e-18 2.837139e-18
4759.000000 4.792206e-18 2.773867e-18
4761.000000 6.328077e-18 2.773677e-18
4763.000000 7.201865e-18 2.796716e-18
4765.000000 7.214952e-18 2.846530e-18
4767.000000 6.108880e-18 2.783784e-18
4769.000000 4.823690e-18 2.781421e-18
4771.000000 4.133434e-18 2.821928e-18
4773.000000 3.843722e-18 2.772953e-18
4775.000000 4.843102e-18 2.837265e-18
4777.000000 5.920645e-18 2.814578e-18
4779.000000 6.843173e-18 2.838169e-18
4781.000000 7.055299e-18 2.828507e-18
4783.000000 5.641831e-18 2.806690e-18
4785.000000 3.977915e-18 2.695769e-18
4787.000000 5.803745e-18 2.758622e-18
4789.000000 8.416845e-18 2.826044e-18
4791.000000 8.366064e-18 2.828472e-18
4793.000000 7.393597e-18 2.748307e-18
4795.000000 7.148197e-18 2.895552e-18
4797.000000 6.704604e-18 2.821373e-18
4799.000000 6.676567e-18 2.718447e-18
4801.000000 6.338756e-18 2.721825e-18
4803.000000 6.094479e-18 2.714338e-18
4805.000000 5.993058e-18 2.782376e-18
4807.000000 5.769235e-18 2.603765e-18
4809.000000 4.623198e-18 2.657227e-18
4811.000000 4.924033e-18 2.726711e-18
4813.000000 6.921790e-18 2.807105e-18
4815.000000 6.534550e-18 2.805044e-18
4817.000000 6.314681e-18 2.813536e-18
4819.000000 7.877404e-18 2.852719e-18
4821.000000 8.810112e-18 2.938988e-18
4823.000000 6.135540e-18 2.905250e-18
4825.000000 2.753519e-18 2.808973e-18
4827.000000 2.147684e-18 2.742027e-18
4829.000000 -8.451696e-19 3.477337e-18
4831.000000 -6.209320e-18 2.832752e-18
4833.000000 -2.081157e-18 9.703254e-18
4835.000000 2.054454e-18 2.714383e-18
4837.000000 2.980202e-18 2.805053e-18
4839.000000 3.527262e-18 2.657031e-18
4841.000000 5.434911e-18 2.708469e-18
4843.000000 6.924696e-18 2.680188e-18
4845.000000 8.461676e-18 2.724667e-18
4847.000000 8.692372e-18 2.799896e-18
4849.000000 6.585274e-18 2.644830e-18
4851.000000 4.872848e-18 2.554862e-18
4853.000000 3.815226e-18 2.525177e-18
4855.000000 4.204345e-18 2.445836e-18
4857.000000 5.469876e-18 2.464603e-18
4859.000000 6.232654e-18 2.439108e-18
4861.000000 7.526731e-18 2.485218e-18
4863.000000 7.688050e-18 2.451051e-18
4865.000000 7.527053e-18 2.432792e-18
4867.000000 6.169890e-18 2.499064e-18
4869.000000 4.176508e-18 2.418191e-18
4871.000000 5.255802e-18 2.507260e-18
4873.000000 5.429711e-18 2.392537e-18
4875.000000 3.274634e-18 2.329897e-18
4877.000000 1.391021e-18 2.389534e-18
4879.000000 8.540462e-19 2.334810e-18
4881.000000 1.638074e-18 2.430702e-18
4883.000000 3.163024e-18 2.434799e-18
4885.000000 4.346805e-18 2.494867e-18
4887.000000 4.037855e-18 2.514572e-18
4889.000000 4.509384e-18 2.558021e-18
4891.000000 5.002563e-18 2.403766e-18
4893.000000 5.929795e-18 2.439111e-18
4895.000000 6.708773e-18 2.495512e-18
4897.000000 5.763304e-18 2.396157e-18
4899.000000 5.177601e-18 2.493852e-18
4901.000000 4.510827e-18 2.455663e-18
4903.000000 3.832721e-18 2.469739e-18
4905.000000 4.423923e-18 2.518458e-18
4907.000000 6.306771e-18 2.419426e-18
4909.000000 7.765650e-18 2.487780e-18
4911.000000 7.621026e-18 2.486837e-18
4913.000000 7.859410e-18 2.524774e-18
4915.000000 8.179165e-18 2.535359e-18
4917.000000 6.426708e-18 2.538655e-18
4919.000000 4.491133e-18 2.408889e-18
4921.000000 3.545655e-18 2.499962e-18
4923.000000 3.270833e-18 2.558552e-18
4925.000000 4.444465e-18 2.615368e-18
4927.000000 5.219557e-18 2.553510e-18
4929.000000 5.298689e-18 2.630099e-18
4931.000000 5.318842e-18 2.610677e-18
4933.000000 5.568730e-18 2.640337e-18
4935.000000 6.380598e-18 2.686233e-18
4937.000000 6.434761e-18 2.574475e-18
4939.000000 5.915941e-18 2.544185e-18
4941.000000 5.405704e-18 2.610307e-18
4943.000000 5.504467e-18 2.623659e-18
4945.000000 6.089250e-18 2.719400e-18
4947.000000 6.422278e-18 2.679319e-18
4949.000000 5.316901e-18 2.707205e-18
4951.000000 4.564110e-18 2.719711e-18
4953.000000 5.381120e-18 2.714655e-18
4955.000000 4.768738e-18 2.586382e-18
4957.000000 4.266613e-18 2.678938e-18
4959.000000 5.247780e-18 2.635796e-18
4961.000000 5.575323e-18 2.762655e-18
4963.000000 4.924258e-18 2.720044e-18
4965.000000 5.438022e-18 2.782514e-18
4967.000000 5.505874e-18 2.760879e-18
4969.000000 4.445683e-18 2.773588e-18
4971.000000 4.260865e-18 2.723144e-18
4973.000000 4.126012e-18 2.816753e-18
4975.000000 4.560584e-18 2.763848e-18
4977.000000 5.488180e-18 2.850201e-18
4979.000000 6.142768e-18 2.849710e-18
4981.000000 6.977437e-18 2.850003e-18
4983.000000 6.187834e-18 2.774769e-18
4985.000000 4.474298e-18 2.762129e-18
4987.000000 4.482174e-18 2.754194e-18
4989.000000 4.376661e-18 2.769220e-18
4991.000000 3.083387e-18 2.663839e-18
4993.000000 2.584903e-18 2.682137e-18
4995.000000 3.133576e-18 2.677996e-18
4997.000000 5.351763e-18 2.637730e-18
4999.000000 6.344918e-18 2.575296e-18
5001.000000 5.890464e-18 2.556489e-18
5003.000000 4.596282e-18 2.510258e-18
5005.000000 2.800172e-18 2.457575e-18
5007.000000 2.689678e-18 2.543549e-18
5009.000000 4.258226e-18 2.458192e-18
5011.000000 5.240006e-18 2.470771e-18
5013.000000 6.300486e-18 2.480055e-18
5015.000000 7.336226e-18 2.487917e-18
5017.000000 6.691076e-18 2.385854e-18
5019.000000 6.141688e-18 2.425844e-18
5021.000000 6.268939e-18 2.379900e-18
5023.000000 5.452115e-18 2.433698e-18
5025.000000 3.998952e-18 2.429466e-18
5027.000000 3.509025e-18 2.362249e-18
5029.000000 5.075622e-18 2.427892e-18
5031.000000 7.537069e-18 2.385668e-18
5033.000000 9.456550e-18 2.416700e-18
5035.000000 8.937539e-18 2.452437e-18
5037.000000 7.172425e-18 2.419380e-18
5039.000000 5.801655e-18 2.411050e-18
5041.000000 4.229104e-18 2.373613e-18
5043.000000 3.879481e-18 2.493180e-18
5045.000000 3.140048e-18 2.435289e-18
5047.000000 2.959776e-18 2.486309e-18
5049.000000 3.805916e-18 2.469351e-18
5051.000000 5.278163e-18 2.545366e-18
5053.000000 7.634513e-18 2.625001e-18
5055.000000 7.833237e-18 2.550229e-18
5057.000000 5.532273e-18 2.482653e-18
5059.000000 3.623618e-18 2.527059e-18
5061.000000 2.950877e-18 2.580339e-18
5063.000000 3.970788e-18 2.596671e-18
5065.000000 4.262632e-18 2.564177e-18
5067.000000 4.581927e-18 2.566701e-18
5069.000000 4.642863e-18 2.569289e-18
5071.000000 3.459448e-18 2.615220e-18
5073.000000 4.211973e-18 2.687264e-18
5075.000000 6.330520e-18 2.543232e-18
5077.000000 7.563357e-18 2.678185e-18
5079.000000 6.696243e-18 2.665170e-18
5081.000000 5.636302e-18 2.533354e-18
5083.000000 5.598070e-18 2.547993e-18
5085.000000 5.365781e-18 2.439343e-18
5087.000000 6.224203e-18 2.696547e-18
5089.000000 5.684887e-18 2.503549e-18
5091.000000 3.797550e-18 2.515864e-18
5093.000000 3.396982e-18 2.501689e-18
5095.000000 4.959490e-18 2.519294e-18
5097.000000 4.817454e-18 2.416998e-18
5099.000000 4.209778e-18 2.381518e-18
5101.000000 5.196036e-18 2.439216e-18
5103.000000 5.520372e-18 2.416118e-18
5105.000000 6.325590e-18 2.437031e-18
5107.000000 6.826640e-18 2.414089e-18
5109.000000 7.647770e-18 2.362250e-18
5111.000000 7.388035e-18 2.471369e-18
5113.000000 5.677276e-18 2.361253e-18
5115.000000 5.194915e-18 2.402277e-18
5117.000000 4.826083e-18 2.322275e-18
5119.000000 4.350931e-18 2.372712e-18
5121.000000 5.009210e-18 2.438019e-18
5123.000000 5.999448e-18 2.260486e-18
5125.000000 6.440979e-18 2.322322e-18
5127.000000 4.882460e-18 2.355022e-18
5129.000000 4.744981e-18 2.447306e-18
5131.000000 6.088710e-18 2.388612e-18
5133.000000 7.065852e-18 2.465754e-18
5135.000000 7.375192e-18 2.529854e-18
5137.000000 5.315364e-18 2.537160e-18
5139.000000 3.698737e-18 2.471844e-18
5141.000000 3.857404e-18 2.491157e-18
5143.000000 4.449946e-18 2.491644e-18
5145.000000 5.110293e-18 2.552921e-18
5147.000000 5.506213e-18 2.589520e-18
5149.000000 5.024583e-18 2.587277e-18
5151.000000 6.232987e-18 2.533531e-18
5153.000000 6.526982e-18 2.637968e-18
5155.000000 4.694380e-18 2.656763e-18
5157.000000 1.698026e-18 2.578989e-18
5159.000000 9.624942e-19 2.572068e-18
5161.000000 2.035102e-18 2.519146e-18
5163.000000 2.676948e-18 2.548610e-18
5165.000000 4.103052e-18 2.543513e-18
5167.000000 5.743662e-18 2.413000e-18
5169.000000 6.146709e-18 2.461351e-18
5171.000000 5.338112e-18 2.403557e-18
5173.000000 3.792380e-18 2.487050e-18
5175.000000 2.335253e-18 2.421243e-18
5177.000000 1.345759e-18 2.496321e-18
5179.000000 1.982216e-18 2.436520e-18
5181.000000 5.476874e-18 2.406746e-18
5183.000000 7.660422e-18 2.390309e-18
5185.000000 8.284078e-18 2.457006e-18
5187.000000 1.020896e-17 2.515312e-18
5189.000000 1.090104e-17 2.523068e-18
5191.000000 7.260124e-18 2.436953e-18
5193.000000 3.142497e-18 2.385497e-18
5195.000000 3.353049e-18 2.421462e-18
5197.000000 4.182086e-18 2.551451e-18
5199.000000 4.594241e-18 2.576672e-18
5201.000000 4.628830e-18 2.537268e-18
5203.000000 4.312573e-18 2.446123e-18
5205.000000 5.396774e-18 2.348146e-18
5207.000000 6.618482e-18 2.389328e-18
5209.000000 6.722191e-18 2.428487e-18
5211.000000 6.415619e-18 2.317152e-18
5213.000000 5.884325e-18 2.407916e-18
5215.000000 5.539557e-18 2.348423e-18
5217.000000 4.971644e-18 2.439960e-18
5219.000000 5.300308e-18 2.386863e-18
5221.000000 6.541506e-18 2.515854e-18
5223.000000 5.322225e-18 2.497370e-18
5225.000000 4.084584e-18 2.482814e-18
5227.000000 5.045160e-18 2.477096e-18
5229.000000 5.226560e-18 2.374802e-18
5231.000000 3.848399e-18 2.491827e-18
5233.000000 2.442178e-18 2.416303e-18
5235.000000 2.697441e-18 2.399102e-18
5237.000000 4.225964e-18 2.485672e-18
5239.000000 4.916794e-18 2.504994e-18
5241.000000 4.851769e-18 2.535734e-18
5243.000000 3.934736e-18 2.476327e-18
5245.000000 3.754486e-18 2.459320e-18
5247.000000 4.030333e-18 2.415111e-18
5249.000000 3.889891e-18 2.553716e-18
5251.000000 4.656524e-18 2.460235e-18
5253.000000 5.567821e-18 2.600673e-18
5255.000000 4.708227e-18 2.515172e-18
5257.000000 3.801072e-18 2.522682e-18
5259.000000 2.867285e-18 2.496499e-18
5261.000000 2.582894e-18 2.298724e-18
5263.000000 4.266048e-18 2.325730e-18
5265.000000 4.040351e-18 2.367181e-18
5267.000000 2.440235e-18 2.257036e-18
5269.000000 9.187677e-19 2.269364e-18
5271.000000 3.064299e-19 2.366868e-18
5273.000000 1.992635e-18 2.447942e-18
5275.000000 3.365829e-18 2.375233e-18
5277.000000 4.548510e-18 2.424483e-18
5279.000000 5.193809e-18 2.331783e-18
5281.000000 4.442107e-18 2.382597e-18
5283.000000 3.056726e-18 2.301059e-18
5285.000000 3.385101e-18 2.381264e-18
5287.000000 4.719027e-18 2.372690e-18
5289.000000 5.834897e-18 2.392504e-18
5291.000000 5.921329e-18 2.319075e-18
5293.000000 5.659862e-18 2.388089e-18
5295.000000 4.503047e-18 2.370038e-18
5297.000000 4.240596e-18 2.493958e-18
5299.000000 4.323492e-18 2.357199e-18
5301.000000 4.058684e-18 2.457999e-18
5303.000000 4.089981e-18 2.382088e-18
5305.000000 2.417173e-18 2.412831e-18
5307.000000 1.720015e-18 2.461380e-18
5309.000000 3.851951e-18 2.523596e-18
5311.000000 4.404950e-18 2.512412e-18
5313.000000 3.970554e-18 2.522772e-18
5315.000000 5.009930e-18 2.501307e-18
5317.000000 7.099761e-18 2.535404e-18
5319.000000 8.905315e-18 2.606595e-18
5321.000000 9.497898e-18 2.668603e-18
5323.000000 7.606606e-18 2.482291e-18
5325.000000 5.043839e-18 2.466199e-18
5327.000000 2.238681e-18 2.492143e-18
5329.000000 6.736557e-20 2.324806e-18
5331.000000 -5.753516e-19 2.488339e-18
5333.000000 1.512018e-18 2.463390e-18
5335.000000 4.459958e-18 2.434289e-18
5337.000000 4.611224e-18 2.372351e-18
5339.000000 4.055319e-18 2.409793e-18
5341.000000 5.725374e-18 2.402482e-18
5343.000000 5.918003e-18 2.475447e-18
5345.000000 5.092728e-18 2.453955e-18
5347.000000 5.233480e-18 2.501042e-18
5349.000000 5.326683e-18 2.518514e-18
5351.000000 4.910078e-18 2.493731e-18
5353.000000 4.384393e-18 2.518703e-18
5355.000000 3.905420e-18 2.536564e-18
5357.000000 3.398000e-18 2.533753e-18
5359.000000 2.423061e-18 2.504679e-18
5361.000000 3.017147e-18 2.489663e-18
5363.000000 4.662050e-18 2.469693e-18
5365.000000 3.554639e-18 2.455265e-18
5367.000000 2.536390e-18 2.433091e-18
5369.000000 3.390920e-18 2.511005e-18
5371.000000 3.886908e-18 2.480866e-18
5373.000000 2.605570e-18 2.546129e-18
5375.000000 1.776644e-18 2.378366e-18
5377.000000 2.704270e-18 2.516744e-18
5379.000000 3.242817e-18 2.460996e-18
5381.000000 4.878217e-18 2.483333e-18
5383.000000 6.609211e-18 2.480844e-18
5385.000000 6.294557e-18 2.480602e-18
5387.000000 4.548471e-18 2.412840e-18
5389.000000 3.356911e-18 2.360196e-18
5391.000000 3.734290e-18 2.375681e-18
5393.000000 4.535726e-18 2.328425e-18
5395.000000 3.807375e-18 2.311194e-18
5397.000000 2.230663e-18 2.322751e-18
5399.000000 3.594674e-18 2.283053e-18
5401.000000 6.592399e-18 2.339032e-18
5403.000000 6.694734e-18 2.284776e-18
5405.000000 5.343879e-18 2.264416e-18
5407.000000 4.163346e-18 2.234488e-18
5409.000000 2.872611e-18 2.208647e-18
5411.000000 3.480491e-18 2.226629e-18
5413.000000 3.784776e-18 2.283645e-18
5415.000000 3.160434e-18 2.296305e-18
5417.000000 2.850730e-18 2.260061e-18
5419.000000 2.945741e-18 2.339881e-18
5421.000000 3.137574e-18 2.362892e-18
5423.000000 4.039908e-18 2.408615e-18
5425.000000 5.016460e-18 2.348779e-18
5427.000000 5.521427e-18 2.388043e-18
5429.000000 6.800250e-18 2.468470e-18
5431.000000 6.514001e-18 2.385935e-18
5433.000000 5.730814e-18 2.411155e-18
5435.000000 6.341329e-18 2.320112e-18
5437.000000 5.927444e-18 2.424921e-18
5439.000000 3.021232e-18 2.386705e-18
5441.000000 2.585295e-18 2.371642e-18
5443.000000 4.551185e-18 2.340427e-18
5445.000000 5.340310e-18 2.371295e-18
5447.000000 5.461628e-18 2.349088e-18
5449.000000 6.320992e-18 2.276655e-18
5451.000000 7.503533e-18 2.382429e-18
5453.000000 6.651310e-18 2.359616e-18
5455.000000 4.946790e-18 2.244376e-18
5457.000000 6.113027e-18 2.411236e-18
5459.000000 7.251810e-18 2.607203e-18
5461.000000 7.057609e-18 2.634330e-18
5463.000000 7.322642e-18 2.544326e-18
5465.000000 6.710047e-18 2.399098e-18
5467.000000 5.486287e-18 2.419352e-18
5469.000000 4.844974e-18 2.268768e-18
5471.000000 4.103527e-18 2.343554e-18
5473.000000 3.940696e-18 2.261522e-18
5475.000000 5.225351e-18 2.338833e-18
5477.000000 6.060879e-18 2.312408e-18
5479.000000 6.153486e-18 2.350543e-18
5481.000000 5.792126e-18 2.352349e-18
5483.000000 5.835610e-18 2.384000e-18
5485.000000 5.654686e-18 2.419856e-18
5487.000000 3.705518e-18 2.306655e-18
5489.000000 2.758670e-18 2.365952e-18
5491.000000 3.650885e-18 2.327005e-18
5493.000000 4.754801e-18 2.353423e-18
5495.000000 6.302395e-18 2.361747e-18
5497.000000 7.544713e-18 2.410512e-18
5499.000000 7.711838e-18 2.402377e-18
5501.000000 6.989574e-18 2.341127e-18
5503.000000 6.902982e-18 2.312110e-18
5505.000000 5.662096e-18 2.273039e-18
5507.000000 4.963709e-18 2.304597e-18
5509.000000 6.517830e-18 2.306074e-18
5511.000000 6.077829e-18 2.402374e-18
5513.000000 4.625486e-18 2.268884e-18
5515.000000 6.062657e-18 2.293999e-18
5517.000000 7.201492e-18 2.302205e-18
5519.000000 7.337469e-18 2.331307e-18
5521.000000 6.859649e-18 2.301133e-18
5523.000000 6.889980e-18 2.353688e-18
5525.000000 7.258727e-18 2.349773e-18
5527.000000 7.136552e-18 2.388639e-18
5529.000000 6.452784e-18 2.341755e-18
5531.000000 6.057611e-18 2.373636e-18
5533.000000 5.845144e-18 2.404176e-18
5535.000000 5.530623e-18 2.444550e-18
5537.000000 4.589142e-18 2.413840e-18
5539.000000 3.817174e-18 2.384989e-18
5541.000000 3.481687e-18 2.445154e-18
5543.000000 3.026850e-18 2.496808e-18
5545.000000 3.759477e-18 2.440728e-18
5547.000000 5.044814e-18 2.391332e-18
5549.000000 6.500850e-18 2.436179e-18
5551.000000 6.594252e-18 2.403564e-18
5553.000000 4.482569e-18 2.296709e-18
5555.000000 3.122332e-18 2.259487e-18
5557.000000 2.978810e-18 2.297380e-18
5559.000000 3.089564e-18 2.287673e-18
5561.000000 3.453029e-18 2.339500e-18
5563.000000 2.704489e-18 2.475816e-18
5565.000000 2.195076e-18 2.406482e-18
5567.000000 3.346789e-18 2.458740e-18
5569.000000 4.462924e-18 2.435304e-18
5571.000000 3.320985e-18 2.693829e-18
5573.000000 -1.373150e-18 5.947076e-18
5575.000000 1.122821e-17 2.479552e-17
5577.000000 3.614140e-17 2.839207e-17
5579.000000 6.385822e-17 3.411300e-17
5581.000000 4.877052e-17 5.653758e-15
5583.000000 3.711154e-17 3.268136e-14
5585.000000 2.707745e-17 3.268123e-14
5587.000000 1.049414e-17 4.801005e-14
5589.000000 7.055437e-18 4.731505e-14
5591.000000 5.689778e-18 2.568038e-14
5593.000000 4.425357e-18 2.409356e-18
5595.000000 4.521777e-18 1.649378e-16
5597.000000 4.415024e-18 1.649869e-16
5599.000000 3.770498e-18 1.649686e-16
5601.000000 3.428282e-18 1.648809e-16
5603.000000 3.728801e-18 2.465963e-18
5605.000000 4.785561e-18 2.458589e-18
5607.000000 5.556813e-18 2.481404e-18
5609.000000 5.758881e-18 2.405096e-18
5611.000000 6.145202e-18 2.433343e-18
5613.000000 4.897554e-18 2.299315e-18
5615.000000 3.805977e-18 2.373968e-18
5617.000000 4.406498e-18 2.443114e-18
5619.000000 4.885407e-18 2.415185e-18
5621.000000 6.100833e-18 2.494839e-18
5623.000000 6.646774e-18 2.573630e-18
5625.000000 4.645774e-18 2.529079e-18
5627.000000 3.432711e-18 2.389411e-18
5629.000000 4.820117e-18 2.437154e-18
5631.000000 5.669391e-18 2.456375e-18
5633.000000 5.497778e-18 2.488208e-18
5635.000000 4.864917e-18 1.540983e-17
5637.000000 4.441615e-18 2.452427e-18
5639.000000 5.388979e-18 2.461323e-18
5641.000000 4.865461e-18 2.339589e-18
5643.000000 3.704330e-18 2.447207e-18
5645.000000 4.251373e-18 2.384985e-18
5647.000000 4.863255e-18 2.346218e-18
5649.000000 5.124205e-18 2.375788e-18
5651.000000 5.522092e-18 2.320471e-18
5653.000000 6.324922e-18 2.344238e-18
5655.000000 5.832923e-18 2.320991e-18
5657.000000 4.924526e-18 2.351201e-18
5659.000000 4.611328e-18 2.331009e-18
5661.000000 4.774052e-18 2.339620e-18
5663.000000 4.684198e-18 2.405100e-18
5665.000000 4.350553e-18 2.427644e-18
5667.000000 5.247938e-18 2.519281e-18
5669.000000 6.978054e-18 2.539845e-18
5671.000000 6.346765e-18 2.596965e-18
5673.000000 4.330210e-18 2.565318e-18
5675.000000 3.205199e-18 2.474418e-18
5677.000000 3.314867e-18 2.531757e-18
5679.000000 4.009144e-18 2.568595e-18
5681.000000 4.513867e-18 2.630965e-18
5683.000000 4.633271e-18 2.739899e-18
5685.000000 5.529048e-18 2.766678e-18
5687.000000 5.289389e-18 2.665078e-18
5689.000000 5.691511e-18 2.826169e-18
5691.000000 6.824814e-18 2.731164e-18
5693.000000 7.045468e-18 2.637724e-18
5695.000000 6.135276e-18 2.534588e-18
5697.000000 4.609511e-18 2.429191e-18
5699.000000 3.878896e-18 2.430217e-18
5701.000000 4.337878e-18 2.474976e-18
5703.000000 3.595240e-18 2.444676e-18
5705.000000 2.921615e-18 2.384514e-18
5707.000000 4.029698e-18 2.446832e-18
5709.000000 5.239701e-18 2.473681e-18
5711.000000 4.271553e-18 2.438460e-18
5713.000000 3.292196e-18 2.476135e-18
5715.000000 3.721394e-18 2.480640e-18
5717.000000 4.155993e-18 2.474125e-18
5719.000000 3.694723e-18 2.431675e-18
5721.000000 4.122487e-18 2.484240e-18
5723.000000 4.334467e-18 2.491982e-18
5725.000000 3.814621e-18 2.382597e-18
5727.000000 3.826843e-18 2.425272e-18
5729.000000 4.748554e-18 2.366280e-18
5731.000000 5.421111e-18 2.305877e-18
5733.000000 5.339077e-18 2.313171e-18
5735.000000 5.403975e-18 2.364423e-18
5737.000000 5.860112e-18 2.372370e-18
5739.000000 5.679260e-18 2.287655e-18
5741.000000 6.016767e-18 2.350589e-18
5743.000000 7.593532e-18 2.373436e-18
5745.000000 8.516907e-18 2.485048e-18
5747.000000 8.087755e-18 2.434160e-18
5749.000000 6.817098e-18 2.412581e-18
5751.000000 5.240247e-18 2.315984e-18
5753.000000 4.702100e-18 2.374001e-18
5755.000000 4.406824e-18 2.415727e-18
5757.000000 4.171191e-18 2.562932e-18
5759.000000 4.531658e-18 2.367751e-18
5761.000000 4.637340e-18 2.465234e-18
5763.000000 4.381611e-18 2.417553e-18
5765.000000 5.570383e-18 2.528378e-18
5767.000000 7.336849e-18 2.441281e-18
5769.000000 7.593952e-18 2.504933e-18
5771.000000 5.553789e-18 2.414569e-18
5773.000000 4.169656e-18 2.379757e-18
5775.000000 4.900795e-18 2.415035e-18
5777.000000 5.163173e-18 2.373068e-18
5779.000000 3.688258e-18 2.346125e-18
5781.000000 1.302036e-18 2.314037e-18
5783.000000 7.526830e-19 2.302973e-18
5785.000000 2.654825e-18 2.367369e-18
5787.000000 3.863163e-18 2.461478e-18
5789.000000 1.519239e-18 2.418098e-18
5791.000000 3.026264e-19 2.495209e-18
5793.000000 2.945220e-18 2.628451e-18
5795.000000 4.811397e-18 2.467048e-18
5797.000000 4.756863e-18 2.438677e-18
5799.000000 3.867971e-18 2.486653e-18
5801.000000 3.138209e-18 2.465057e-18
5803.000000 6.026995e-18 2.446721e-18
5805.000000 1.402855e-17 2.628248e-18
5807.000000 1.512916e-17 2.709502e-18
5809.000000 6.943843e-18 2.429877e-18
5811.000000 3.608790e-18 2.350989e-18
5813.000000 3.367797e-18 2.325008e-18
5815.000000 4.092210e-18 2.337955e-18
5817.000000 5.569380e-18 2.420003e-18
5819.000000 6.171641e-18 2.442886e-18
5821.000000 6.178652e-18 2.509475e-18
5823.000000 4.195563e-18 2.484917e-18
5825.000000 2.334886e-18 2.486898e-18
5827.000000 2.154106e-18 2.495279e-18
5829.000000 2.357477e-18 2.535149e-18
5831.000000 3.652959e-18 2.615598e-18
5833.000000 4.186873e-18 2.521924e-18
5835.000000 4.606325e-18 2.533185e-18
5837.000000 4.689764e-18 2.675438e-18
5839.000000 3.918231e-18 2.518811e-18
5841.000000 3.742802e-18 2.541493e-18
5843.000000 4.399439e-18 2.547483e-18
5845.000000 6.340876e-18 2.534684e-18
5847.000000 7.018191e-18 2.515595e-18
5849.000000 5.602406e-18 2.464901e-18
5851.000000 2.907095e-18 2.421291e-18
5853.000000 2.048549e-18 2.414647e-18
5855.000000 3.497366e-18 2.457782e-18
5857.000000 5.715368e-18 2.460733e-18
5859.000000 6.894241e-18 2.540596e-18
5861.000000 5.998555e-18 2.639789e-18
5863.000000 4.025193e-18 2.682084e-18
5865.000000 3.759561e-18 2.951423e-18
5867.000000 4.173025e-18 3.122835e-18
5869.000000 4.111640e-18 2.887973e-18
5871.000000 4.736020e-18 2.768261e-18
5873.000000 5.124756e-18 2.673074e-18
5875.000000 5.100188e-18 2.665089e-18
5877.000000 5.256843e-18 2.565421e-18
5879.000000 4.335063e-18 2.567204e-18
5881.000000 3.407616e-18 2.461978e-18
5883.000000 4.036581e-18 2.490911e-18
5885.000000 5.525324e-18 2.761409e-18
5887.000000 6.020872e-18 4.412612e-18
5889.000000 6.956337e-18 1.900222e-17
5891.000000 8.087426e-18 2.149292e-17
5893.000000 9.366412e-18 5.673096e-18
5895.000000 1.206545e-17 4.889785e-18
5897.000000 1.203629e-17 4.594124e-18
5899.000000 6.487031e-18 3.097869e-18
5901.000000 5.524105e-18 2.521913e-18
5903.000000 7.898480e-18 2.622102e-18
5905.000000 7.749962e-18 2.729162e-18
5907.000000 6.690782e-18 2.695506e-18
5909.000000 5.971776e-18 2.665713e-18
5911.000000 5.658249e-18 2.601357e-18
5913.000000 6.927739e-18 2.755225e-18
5915.000000 6.536108e-18 2.833676e-18
5917.000000 4.790514e-18 2.747056e-18
5919.000000 5.393568e-18 2.461101e-18
5921.000000 7.309472e-18 2.565513e-18
5923.000000 6.828586e-18 2.628899e-18
5925.000000 5.234923e-18 2.511656e-18
5927.000000 6.250609e-18 2.618007e-18
5929.000000 9.281042e-18 2.743279e-18
5931.000000 8.459442e-18 2.977748e-18
5933.000000 5.223325e-18 2.952058e-18
5935.000000 3.244676e-18 2.865272e-18
5937.000000 3.701432e-18 2.648677e-18
5939.000000 4.784305e-18 2.567288e-18
5941.000000 4.558356e-18 2.576943e-18
5943.000000 3.075676e-18 2.596288e-18
5945.000000 1.979753e-18 2.676446e-18
5947.000000 1.375243e-18 2.643725e-18
5949.000000 3.368322e-18 2.632838e-18
5951.000000 6.057770e-18 2.709967e-18
5953.000000 6.250840e-18 2.921717e-18
5955.000000 5.307329e-18 2.790440e-18
5957.000000 6.309729e-18 2.643053e-18
5959.000000 7.667414e-18 2.519652e-18
5961.000000 7.191918e-18 2.572508e-18
5963.000000 6.379464e-18 2.450967e-18
5965.000000 7.978026e-18 2.527386e-18
5967.000000 8.133350e-18 2.642570e-18
5969.000000 6.948143e-18 2.655403e-18
5971.000000 6.172826e-18 2.695628e-18
5973.000000 5.122120e-18 2.681165e-18
5975.000000 4.273557e-18 2.703190e-18
5977.000000 3.858063e-18 2.769428e-18
5979.000000 2.889481e-18 2.734481e-18
5981.000000 2.998198e-18 2.531745e-18
5983.000000 5.588101e-18 2.587608e-18
5985.000000 6.823980e-18 2.519268e-18
5987.000000 6.258834e-18 2.433099e-18
5989.000000 4.948052e-18 2.425387e-18
5991.000000 3.221195e-18 2.391174e-18
5993.000000 3.496265e-18 2.415158e-18
5995.000000 5.125597e-18 2.475855e-18
5997.000000 6.630191e-18 2.521183e-18
5999.000000 8.351097e-18 2.518941e-18
6001.000000 8.496648e-18 2.498331e-18
6003.000000 6.806044e-18 2.692745e-18
6005.000000 3.991609e-18 2.545637e-18
6007.000000 3.136223e-18 2.546517e-18
6009.000000 3.568596e-18 2.467885e-18
6011.000000 3.857585e-18 2.559559e-18
6013.000000 4.855024e-18 2.441846e-18
6015.000000 5.759098e-18 2.453024e-18
6017.000000 6.376515e-18 2.372627e-18
6019.000000 7.379170e-18 2.449057e-18
6021.000000 7.190791e-18 2.435137e-18
6023.000000 5.767028e-18 2.307943e-18
6025.000000 5.860527e-18 2.307212e-18
6027.000000 6.106320e-18 2.422045e-18
6029.000000 4.993787e-18 2.392458e-18
6031.000000 4.486368e-18 2.376366e-18
6033.000000 4.678909e-18 2.481330e-18
6035.000000 5.164032e-18 2.440888e-18
6037.000000 5.757954e-18 2.458413e-18
6039.000000 3.817635e-18 2.511560e-18
6041.000000 1.794118e-18 2.455751e-18
6043.000000 1.535475e-18 2.405281e-18
6045.000000 3.054350e-18 2.417417e-18
6047.000000 6.771072e-18 2.421925e-18
6049.000000 9.086314e-18 2.437136e-18
6051.000000 7.770135e-18 2.424672e-18
6053.000000 5.432896e-18 2.398598e-18
6055.000000 4.517012e-18 2.316519e-18
6057.000000 5.006338e-18 2.293785e-18
6059.000000 5.965140e-18 2.281109e-18
6061.000000 5.946047e-18 2.321959e-18
6063.000000 5.449859e-18 2.352759e-18
6065.000000 5.013945e-18 2.341599e-18
6067.000000 5.130878e-18 2.403745e-18
6069.000000 5.879256e-18 2.464151e-18
6071.000000 5.198395e-18 2.415267e-18
6073.000000 3.417948e-18 2.377764e-18
6075.000000 3.120391e-18 2.388526e-18
6077.000000 3.726706e-18 2.379750e-18
6079.000000 4.922420e-18 2.331829e-18
6081.000000 5.535429e-18 2.361078e-18
6083.000000 5.344682e-18 2.426012e-18
6085.000000 4.857218e-18 2.208626e-18
6087.000000 4.649409e-18 2.228172e-18
6089.000000 4.742266e-18 2.273698e-18
6091.000000 3.803522e-18 2.241089e-18
6093.000000 1.730676e-18 2.246998e-18
6095.000000 2.530155e-18 2.245662e-18
6097.000000 5.035044e-18 2.312940e-18
6099.000000 5.328951e-18 2.335519e-18
6101.000000 3.975898e-18 2.334434e-18
6103.000000 3.590696e-18 2.369314e-18
6105.000000 3.607568e-18 2.417525e-18
6107.000000 4.384883e-18 2.428939e-18
6109.000000 5.303170e-18 2.389781e-18
6111.000000 4.134819e-18 2.314722e-18
6113.000000 2.364678e-18 2.252036e-18
6115.000000 1.873468e-18 2.232406e-18
6117.000000 3.074631e-18 2.218139e-18
6119.000000 4.434395e-18 2.283410e-18
6121.000000 4.626367e-18 2.226393e-18
6123.000000 4.503639e-18 2.229909e-18
6125.000000 5.019411e-18 2.217444e-18
6127.000000 5.208726e-18 2.221072e-18
6129.000000 5.182908e-18 2.302388e-18
6131.000000 5.701961e-18 2.321148e-18
6133.000000 6.723531e-18 2.377035e-18
6135.000000 6.998657e-18 2.429572e-18
6137.000000 6.031722e-18 2.467309e-18
6139.000000 5.011010e-18 2.399302e-18
6141.000000 4.528647e-18 2.442060e-18
6143.000000 4.809638e-18 2.457856e-18
6145.000000 4.025745e-18 2.382393e-18
6147.000000 3.723690e-18 2.307953e-18
6149.000000 4.566318e-18 2.211089e-18
6151.000000 4.695553e-18 2.202002e-18
6153.000000 6.132610e-18 2.263617e-18
6155.000000 6.802180e-18 2.331674e-18
6157.000000 5.632814e-18 2.353694e-18
6159.000000 4.705991e-18 2.388193e-18
6161.000000 3.501012e-18 2.427515e-18
6163.000000 2.780969e-18 2.406203e-18
6165.000000 3.356178e-18 2.390177e-18
6167.000000 3.669308e-18 2.392970e-18
6169.000000 4.922469e-18 2.524633e-18
6171.000000 6.756452e-18 2.529417e-18
6173.000000 7.378719e-18 2.559277e-18
6175.000000 6.291841e-18 2.253287e-18
6177.000000 5.631047e-18 2.316627e-18
6179.000000 5.155402e-18 2.200357e-18
6181.000000 4.403745e-18 2.180909e-18
6183.000000 3.692150e-18 2.183188e-18
6185.000000 4.881509e-18 2.161330e-18
6187.000000 7.259880e-18 2.269832e-18
6189.000000 6.715570e-18 2.178219e-18
6191.000000 3.759647e-18 2.245337e-18
6193.000000 1.996479e-18 2.266477e-18
6195.000000 2.475042e-18 2.311108e-18
6197.000000 3.013710e-18 2.300956e-18
6199.000000 3.137767e-18 2.266057e-18
6201.000000 3.917903e-18 2.389897e-18
6203.000000 4.057011e-18 2.372691e-18
6205.000000 4.009180e-18 2.258291e-18
6207.000000 3.956150e-18 2.221540e-18
6209.000000 3.219458e-18 2.103176e-18
6211.000000 2.601130e-18 2.090629e-18
6213.000000 3.039611e-18 2.202255e-18
6215.000000 2.417362e-18 2.181274e-18
6217.000000 2.612621e-18 2.275672e-18
6219.000000 4.459216e-18 2.394954e-18
6221.000000 4.999223e-18 2.470645e-18
6223.000000 4.477763e-18 2.420993e-18
6225.000000 2.918180e-18 2.337980e-18
6227.000000 2.762097e-18 2.231782e-18
6229.000000 4.891180e-18 2.220239e-18
6231.000000 6.477132e-18 2.429053e-18
6233.000000 6.284950e-18 2.658151e-18
6235.000000 6.540824e-18 3.101340e-18
6237.000000 5.952434e-18 3.030713e-18
6239.000000 5.213145e-18 2.574769e-18
6241.000000 4.552871e-18 2.513257e-18
6243.000000 3.188885e-18 2.369139e-18
6245.000000 3.243832e-18 2.280144e-18
6247.000000 4.118906e-18 2.259967e-18
6249.000000 4.902745e-18 2.277905e-18
6251.000000 5.318506e-18 2.231358e-18
6253.000000 5.680076e-18 2.323409e-18
6255.000000 5.102611e-18 2.699005e-18
6257.000000 3.579318e-18 3.014341e-18
6259.000000 2.567808e-18 2.917704e-18
6261.000000 4.793746e-18 2.595784e-18
6263.000000 7.126004e-18 2.482015e-18
6265.000000 6.322992e-18 2.528397e-18
6267.000000 4.553218e-18 2.458135e-18
6269.000000 3.878680e-18 2.272514e-18
6271.000000 3.804982e-18 2.165921e-18
6273.000000 4.029275e-18 2.178769e-18
6275.000000 4.466156e-18 2.187048e-18
6277.000000 4.570928e-18 2.264585e-18
6279.000000 4.240171e-18 2.234570e-18
6281.000000 3.758309e-18 2.250753e-18
6283.000000 3.784427e-18 2.210970e-18
6285.000000 3.546647e-18 2.655159e-18
6287.000000 3.082384e-18 2.865039e-18
6289.000000 2.819795e-18 2.699024e-18
6291.000000 3.895256e-18 2.353232e-18
6293.000000 4.756130e-18 2.190816e-18
6295.000000 4.442730e-18 2.315781e-18
6297.000000 3.541447e-18 3.358959e-18
6299.000000 2.925661e-18 7.770797e-18
6301.000000 2.906874e-18 4.367402e-18
6303.000000 2.872993e-18 3.420427e-18
6305.000000 3.150938e-18 2.911545e-18
6307.000000 3.299913e-18 2.967077e-18
6309.000000 4.162387e-18 2.784711e-18
6311.000000 4.560997e-18 2.304462e-18
6313.000000 5.347408e-18 2.224921e-18
6315.000000 5.208856e-18 2.212068e-18
6317.000000 4.157548e-18 2.171444e-18
6319.000000 4.386458e-18 2.313776e-18
6321.000000 3.054583e-18 2.338404e-18
6323.000000 2.529303e-18 2.212621e-18
6325.000000 3.765483e-18 2.179266e-18
6327.000000 4.215575e-18 2.459523e-18
6329.000000 1.924000e-18 2.626225e-18
6331.000000 -7.203737e-20 2.588712e-18
6333.000000 1.435202e-18 2.288472e-18
6335.000000 2.479348e-18 2.109559e-18
6337.000000 3.389826e-18 2.239793e-18
6339.000000 5.242119e-18 2.256407e-18
6341.000000 6.620380e-18 2.300546e-18
6343.000000 6.704312e-18 2.229239e-18
6345.000000 5.131019e-18 2.228318e-18
6347.000000 3.347974e-18 2.278164e-18
6349.000000 4.045785e-18 2.227729e-18
6351.000000 5.215977e-18 2.197279e-18
6353.000000 5.424048e-18 2.211154e-18
6355.000000 6.359116e-18 2.474246e-18
6357.000000 5.954028e-18 2.477637e-18
6359.000000 4.897417e-18 2.399976e-18
6361.000000 5.424951e-18 2.801420e-18
6363.000000 6.480473e-18 3.331521e-18
6365.000000 5.336554e-18 3.194033e-18
6367.000000 5.016345e-18 2.605234e-18
6369.000000 6.456149e-18 2.379627e-18
6371.000000 5.207149e-18 2.142624e-18
6373.000000 4.520021e-18 2.229319e-18
6375.000000 4.365051e-18 2.149865e-18
6377.000000 2.716721e-18 2.105351e-18
6379.000000 1.239369e-18 2.103843e-18
6381.000000 2.174216e-18 2.033836e-18
6383.000000 3.364931e-18 2.060386e-18
6385.000000 3.576044e-18 2.369469e-18
6387.000000 4.311612e-18 2.332147e-18
6389.000000 4.525830e-18 2.202999e-18
6391.000000 2.884103e-18 2.127987e-18
6393.000000 5.543343e-19 2.076223e-18
6395.000000 3.384236e-20 2.104079e-18
6397.000000 1.385619e-18 2.169702e-18
6399.000000 2.468014e-18 2.089791e-18
6401.000000 3.335342e-18 2.089004e-18
6403.000000 4.243444e-18 2.058944e-18
6405.000000 4.661591e-18 2.007921e-18
6407.000000 5.340069e-18 1.934652e-18
6409.000000 5.344051e-18 1.935372e-18
6411.000000 4.335188e-18 1.963036e-18
6413.000000 4.207052e-18 2.072413e-18
6415.000000 4.495357e-18 2.089874e-18
6417.000000 4.509480e-18 2.113495e-18
6419.000000 3.166120e-18 2.237536e-18
6421.000000 2.069978e-18 2.162054e-18
6423.000000 3.945949e-18 2.138646e-18
6425.000000 5.965178e-18 2.141705e-18
6427.000000 6.273162e-18 2.041070e-18
6429.000000 5.354408e-18 2.012176e-18
6431.000000 4.515408e-18 2.011418e-18
6433.000000 4.226165e-18 1.888426e-18
6435.000000 4.548533e-18 1.906377e-18
6437.000000 7.636448e-19 1.951320e-18
6439.000000 -2.946530e-18 1.971155e-18
6441.000000 1.091367e-18 1.968092e-18
6443.000000 4.640777e-18 2.030214e-18
6445.000000 5.104160e-18 2.080083e-18
6447.000000 3.290362e-18 2.119482e-18
6449.000000 3.660717e-18 2.140452e-18
6451.000000 9.093840e-18 2.158117e-18
6453.000000 1.286049e-17 2.403074e-18
6455.000000 8.094319e-18 2.173743e-18
6457.000000 3.813193e-18 2.056814e-18
6459.000000 3.640233e-18 2.038273e-18
6461.000000 4.535475e-18 2.090030e-18
6463.000000 4.623780e-18 2.329706e-18
6465.000000 4.623616e-18 2.584066e-18
6467.000000 3.942494e-18 2.562812e-18
6469.000000 4.427451e-18 2.520845e-18
6471.000000 4.886841e-18 2.595298e-18
6473.000000 3.897819e-18 2.393913e-18
6475.000000 4.115263e-18 2.224760e-18
6477.000000 3.734251e-18 2.166200e-18
6479.000000 3.405099e-18 2.124119e-18
6481.000000 4.258871e-18 1.999922e-18
6483.000000 4.465209e-18 1.919975e-18
6485.000000 4.194692e-18 1.853519e-18
6487.000000 4.774797e-18 1.835294e-18
6489.000000 4.710146e-18 1.842549e-18
6491.000000 3.815294e-18 1.888087e-18
6493.000000 4.155407e-18 2.040888e-18
6495.000000 3.618747e-18 2.302433e-18
6497.000000 2.865363e-18 2.864648e-18
6499.000000 3.171476e-18 2.983838e-18
6501.000000 4.526790e-18 2.869187e-18
6503.000000 5.219597e-18 2.327807e-18
6505.000000 5.473686e-18 2.378883e-18
6507.000000 5.704023e-18 2.149880e-18
6509.000000 5.411115e-18 1.961325e-18
6511.000000 5.933556e-18 1.955274e-18
6513.000000 4.972680e-18 1.957448e-18
6515.000000 2.517256e-18 1.885423e-18
6517.000000 3.394919e-18 1.916477e-18
6519.000000 3.638350e-18 2.031253e-18
6521.000000 1.903655e-18 2.241335e-18
6523.000000 3.136541e-18 2.245814e-18
6525.000000 4.295783e-18 2.231904e-18
6527.000000 4.767659e-18 2.149466e-18
6529.000000 4.706468e-18 2.131027e-18
6531.000000 3.534311e-18 2.456893e-18
6533.000000 2.609343e-18 2.592267e-18
6535.000000 3.036271e-18 2.387651e-18
6537.000000 3.536422e-18 2.028134e-18
6539.000000 3.477937e-18 1.955740e-18
6541.000000 3.555186e-18 2.048621e-18
6543.000000 3.473193e-18 2.152413e-18
6545.000000 3.770949e-18 2.295334e-18
6547.000000 3.729641e-18 2.175401e-18
6549.000000 3.487379e-18 2.110277e-18
6551.000000 4.932173e-18 2.653756e-18
6553.000000 6.223401e-18 2.858945e-18
6555.000000 5.343451e-18 2.635345e-18
6557.000000 4.906868e-18 2.249681e-18
6559.000000 5.517872e-18 2.036302e-18
6561.000000 5.730158e-18 2.115188e-18
6563.000000 4.335806e-18 1.996127e-18
6565.000000 3.968440e-18 2.092736e-18
6567.000000 5.321866e-18 2.214188e-18
6569.000000 5.934065e-18 2.195559e-18
6571.000000 6.006373e-18 2.158683e-18
6573.000000 4.990570e-18 2.203593e-18
6575.000000 4.345631e-18 2.530947e-18
6577.000000 4.236737e-18 2.700879e-18
6579.000000 3.403732e-18 2.492433e-18
6581.000000 4.015720e-18 2.247920e-18
6583.000000 4.203351e-18 1.941182e-18
6585.000000 3.108859e-18 1.826703e-18
6587.000000 2.498409e-18 1.830979e-18
6589.000000 2.476042e-18 1.797382e-18
6591.000000 4.086427e-18 1.907373e-18
6593.000000 5.361095e-18 1.977749e-18
6595.000000 4.768657e-18 2.126262e-18
6597.000000 3.992894e-18 2.214520e-18
6599.000000 3.217446e-18 2.039089e-18
6601.000000 3.861098e-18 2.274631e-18
6603.000000 3.339104e-18 2.347102e-18
6605.000000 1.921585e-18 2.296895e-18
6607.000000 1.986919e-18 2.104101e-18
6609.000000 1.660243e-18 1.865462e-18
6611.000000 1.873434e-18 1.805493e-18
6613.000000 4.505379e-18 1.819684e-18
6615.000000 6.551574e-18 1.844693e-18
6617.000000 5.554056e-18 1.894143e-18
6619.000000 4.319588e-18 1.890572e-18
6621.000000 3.777220e-18 2.004541e-18
6623.000000 3.313677e-18 1.963904e-18
6625.000000 4.721646e-18 2.118829e-18
6627.000000 4.547910e-18 2.151262e-18
6629.000000 3.283026e-18 2.053159e-18
6631.000000 4.644722e-18 2.025761e-18
6633.000000 5.133463e-18 1.988667e-18
6635.000000 4.013328e-18 1.975893e-18
6637.000000 3.742327e-18 1.909258e-18
6639.000000 3.644212e-18 1.847406e-18
6641.000000 3.221661e-18 1.825367e-18
6643.000000 3.039014e-18 1.880864e-18
6645.000000 3.031976e-18 1.899733e-18
6647.000000 4.001376e-18 1.979650e-18
6649.000000 4.275181e-18 2.077264e-18
6651.000000 2.836219e-18 1.982405e-18
6653.000000 2.523544e-18 1.932396e-18
6655.000000 3.794310e-18 1.927883e-18
6657.000000 3.575678e-18 1.908191e-18
6659.000000 2.148190e-18 1.777947e-18
6661.000000 2.213801e-18 1.829364e-18
6663.000000 3.700389e-18 1.908096e-18
6665.000000 4.710020e-18 1.977154e-18
6667.000000 4.452265e-18 2.077205e-18
6669.000000 4.568419e-18 1.999562e-18
6671.000000 4.548801e-18 2.018803e-18
6673.000000 4.585300e-18 2.005846e-18
6675.000000 4.183905e-18 2.014130e-18
6677.000000 3.920923e-18 1.971679e-18
6679.000000 4.050965e-18 1.887026e-18
6681.000000 3.948682e-18 1.882738e-18
6683.000000 3.003265e-18 1.809950e-18
6685.000000 3.085518e-18 1.795104e-18
6687.000000 2.873858e-18 1.819960e-18
6689.000000 2.508479e-18 1.837943e-18
6691.000000 3.496772e-18 1.859415e-18
6693.000000 4.376484e-18 1.993857e-18
6695.000000 3.723985e-18 2.009683e-18
6697.000000 3.070905e-18 2.044830e-18
6699.000000 3.662056e-18 2.111215e-18
6701.000000 3.433460e-18 2.021695e-18
6703.000000 2.742016e-18 1.990765e-18
6705.000000 2.272878e-18 1.954337e-18
6707.000000 2.020799e-18 1.882142e-18
6709.000000 4.787745e-18 1.865877e-18
6711.000000 3.120089e-17 2.470836e-18
6713.000000 8.449068e-17 4.210332e-18
6715.000000 6.973076e-17 3.592538e-18
6717.000000 1.883740e-17 2.243077e-18
6719.000000 5.049487e-18 2.089620e-18
6721.000000 3.004697e-18 1.991636e-18
6723.000000 2.154756e-18 1.942509e-18
6725.000000 3.679382e-18 1.981528e-18
6727.000000 5.374660e-18 1.971936e-18
6729.000000 6.607996e-18 1.932769e-18
6731.000000 5.863321e-18 1.925257e-18
6733.000000 4.043189e-18 1.831673e-18
6735.000000 3.559176e-18 1.813528e-18
6737.000000 3.932398e-18 1.833993e-18
6739.000000 5.043689e-18 1.975485e-18
6741.000000 5.717111e-18 2.013607e-18
6743.000000 5.347090e-18 2.020298e-18
6745.000000 5.048055e-18 2.080376e-18
6747.000000 4.679509e-18 2.007708e-18
6749.000000 4.618989e-18 2.054131e-18
6751.000000 5.063020e-18 1.918256e-18
6753.000000 4.425940e-18 1.903992e-18
6755.000000 3.099055e-18 1.829943e-18
6757.000000 2.431843e-18 1.840853e-18
6759.000000 2.705823e-18 1.773219e-18
6761.000000 4.366813e-18 1.849404e-18
6763.000000 5.942554e-18 1.830926e-18
6765.000000 5.784720e-18 1.945136e-18
6767.000000 4.384371e-18 1.979011e-18
6769.000000 3.777280e-18 1.919538e-18
6771.000000 3.585592e-18 1.948294e-18
6773.000000 3.611385e-18 2.010040e-18
6775.000000 3.861368e-18 1.889094e-18
6777.000000 3.679205e-18 1.845303e-18
6779.000000 3.678526e-18 1.817765e-18
6781.000000 3.093303e-18 1.883330e-18
6783.000000 2.246398e-18 1.778008e-18
6785.000000 3.518532e-18 1.884076e-18
6787.000000 4.159534e-18 1.879435e-18
6789.000000 2.411485e-18 1.926240e-18
6791.000000 2.185041e-18 1.929188e-18
6793.000000 4.201170e-18 1.979842e-18
6795.000000 9.352348e-18 2.026527e-18
6797.000000 1.564360e-17 2.098327e-18
6799.000000 1.659897e-17 2.136311e-18
6801.000000 1.094663e-17 2.013418e-18
6803.000000 4.420335e-18 1.841278e-18
6805.000000 2.036205e-18 1.791137e-18
6807.000000 2.678092e-18 1.790416e-18
6809.000000 3.925036e-18 1.888325e-18
6811.000000 4.084042e-18 1.885209e-18
6813.000000 4.017743e-18 1.965182e-18
6815.000000 3.790833e-18 1.927613e-18
6817.000000 4.756421e-18 1.968829e-18
6819.000000 5.614372e-18 2.022667e-18
6821.000000 6.071486e-18 1.960324e-18
6823.000000 6.232677e-18 2.030654e-18
6825.000000 4.587284e-18 2.397589e-18
6827.000000 2.512861e-18 2.934280e-18
6829.000000 2.490526e-18 3.343980e-18
6831.000000 3.210552e-18 3.348551e-18
6833.000000 3.359620e-18 3.174822e-18
6835.000000 2.626327e-18 3.077458e-18
6837.000000 2.331374e-18 2.555557e-18
6839.000000 1.889153e-18 2.379718e-18
6841.000000 3.623724e-18 2.482775e-18
6843.000000 5.075261e-18 2.422457e-18
6845.000000 4.450853e-18 2.101037e-18
6847.000000 3.925358e-18 2.023711e-18
6849.000000 3.949981e-18 1.982178e-18
6851.000000 3.111838e-18 1.916223e-18
6853.000000 1.311110e-18 1.819729e-18
6855.000000 1.187010e-18 1.851779e-18
6857.000000 2.283560e-18 1.858739e-18
6859.000000 2.038737e-18 2.231668e-18
6861.000000 7.626013e-19 3.390044e-18
6863.000000 2.898571e-18 4.303591e-18
6865.000000 7.027940e-18 4.408155e-18
6867.000000 3.274590e-18 3.688779e-18
6869.000000 -4.819796e-19 3.250448e-18
6871.000000 2.755103e-18 3.342090e-18
6873.000000 4.122723e-18 2.971497e-18
6875.000000 2.825378e-18 2.594301e-18
6877.000000 2.799900e-18 2.548989e-18
6879.000000 5.126829e-18 2.594369e-18
6881.000000 5.117785e-18 2.560753e-18
6883.000000 3.181740e-18 2.449520e-18
6885.000000 2.370180e-18 2.450988e-18
6887.000000 3.656918e-18 2.853534e-18
6889.000000 4.646712e-18 3.140833e-18
6891.000000 4.084575e-18 2.894751e-18
6893.000000 4.531675e-18 2.662347e-18
6895.000000 3.336038e-18 2.347275e-18
6897.000000 2.915496e-18 2.255461e-18
6899.000000 5.507618e-18 2.593509e-18
6901.000000 6.790271e-18 2.627054e-18
6903.000000 6.873638e-18 2.544699e-18
6905.000000 5.878985e-18 2.273771e-18
6907.000000 4.691636e-18 2.349156e-18
6909.000000 4.193843e-18 2.546099e-18
6911.000000 6.788524e-18 3.099686e-18
6913.000000 8.918324e-18 3.330503e-18
6915.000000 7.299022e-18 2.774311e-18
6917.000000 4.387652e-18 2.202349e-18
6919.000000 3.565145e-18 2.276108e-18
6921.000000 6.470893e-18 2.932233e-18
6923.000000 1.000152e-17 3.326637e-18
6925.000000 8.452858e-18 2.944595e-18
6927.000000 4.081219e-18 2.307567e-18
6929.000000 1.302737e-18 2.147679e-18
6931.000000 2.062549e-18 2.231137e-18
6933.000000 2.474651e-18 2.171120e-18
6935.000000 2.914823e-18 2.281584e-18
6937.000000 3.899839e-18 2.644901e-18
6939.000000 4.456591e-18 2.779865e-18
6941.000000 2.653145e-18 2.711794e-18
6943.000000 1.813452e-18 2.298366e-18
6945.000000 2.054741e-18 2.461374e-18
6947.000000 2.314396e-18 3.191080e-18
6949.000000 4.350162e-18 3.582957e-18
6951.000000 4.601612e-18 3.191116e-18
6953.000000 2.593511e-18 2.439436e-18
6955.000000 2.839495e-18 2.313119e-18
6957.000000 6.492268e-18 2.448751e-18
6959.000000 9.279601e-18 2.447672e-18
6961.000000 8.203873e-18 2.311899e-18
6963.000000 5.722024e-18 2.140235e-18
6965.000000 4.338288e-18 2.124775e-18
6967.000000 4.667167e-18 2.354706e-18
6969.000000 6.629915e-18 2.452330e-18
6971.000000 7.727927e-18 2.541984e-18
6973.000000 6.490984e-18 2.357340e-18
6975.000000 6.142070e-18 2.708975e-18
6977.000000 6.130613e-18 3.412925e-18
6979.000000 4.722773e-18 3.346696e-18
6981.000000 4.751875e-18 2.885749e-18
6983.000000 3.372410e-18 2.336582e-18
6985.000000 3.133671e-18 2.178262e-18
6987.000000 4.051514e-18 2.106432e-18
6989.000000 2.851129e-18 2.052152e-18
6991.000000 2.395009e-18 2.004180e-18
6993.000000 3.193338e-18 2.160805e-18
6995.000000 4.022132e-18 2.189245e-18
6997.000000 2.847849e-18 2.249017e-18
6999.000000 2.172052e-18 2.266439e-18
7001.000000 3.634020e-18 2.471096e-18
7003.000000 5.062246e-18 2.614563e-18
7005.000000 4.356381e-18 2.426238e-18
7007.000000 3.630549e-18 2.245760e-18
7009.000000 4.533544e-18 2.478389e-18
7011.000000 4.672527e-18 2.621746e-18
7013.000000 6.639430e-18 2.485875e-18
7015.000000 6.824912e-18 2.245509e-18
7017.000000 5.156866e-18 2.118641e-18
7019.000000 4.339401e-18 2.168659e-18
7021.000000 3.611297e-18 2.183348e-18
7023.000000 3.638231e-18 2.251463e-18
7025.000000 3.163128e-18 2.222288e-18
7027.000000 1.599794e-18 2.207258e-18
7029.000000 1.628719e-18 2.155209e-18
7031.000000 2.551500e-18 2.136427e-18
7033.000000 4.495856e-18 2.122706e-18
7035.000000 6.638328e-18 2.190427e-18
7037.000000 6.728558e-18 2.202382e-18
7039.000000 5.405518e-18 2.320417e-18
7041.000000 6.639772e-18 2.480526e-18
7043.000000 6.594228e-18 2.534860e-18
7045.000000 5.748914e-18 2.758543e-18
7047.000000 7.013647e-18 3.078135e-18
7049.000000 6.177696e-18 2.977872e-18
7051.000000 3.975603e-18 2.738518e-18
7053.000000 2.270725e-18 2.352350e-18
7055.000000 3.044040e-18 2.327980e-18
7057.000000 5.069453e-18 2.199050e-18
7059.000000 5.730775e-18 2.292125e-18
7061.000000 5.124974e-18 2.267783e-18
7063.000000 5.313345e-18 2.403849e-18
7065.000000 4.797811e-18 2.440517e-18
7067.000000 4.832274e-18 2.618073e-18
7069.000000 4.800148e-18 2.639674e-18
7071.000000 3.686547e-18 2.532153e-18
7073.000000 3.205460e-18 2.543818e-18
7075.000000 3.268662e-18 2.457368e-18
7077.000000 4.977298e-18 2.394045e-18
7079.000000 6.010515e-18 2.346342e-18
7081.000000 7.801676e-18 2.473464e-18
7083.000000 6.967700e-18 2.450722e-18
7085.000000 5.419548e-18 2.452667e-18
7087.000000 4.997911e-18 2.581511e-18
7089.000000 6.173885e-18 2.827855e-18
7091.000000 5.314737e-18 2.713293e-18
7093.000000 4.147479e-18 2.445864e-18
7095.000000 4.699129e-18 2.579440e-18
7097.000000 3.712196e-18 2.258857e-18
7099.000000 3.980073e-18 2.262886e-18
7101.000000 5.298908e-18 2.293375e-18
7103.000000 4.296149e-18 2.197353e-18
7105.000000 3.167987e-18 2.219457e-18
7107.000000 3.637304e-18 2.347944e-18
7109.000000 3.724622e-18 2.276634e-18
7111.000000 3.764418e-18 2.572363e-18
7113.000000 2.870735e-18 2.403605e-18
7115.000000 2.243929e-18 2.536124e-18
7117.000000 2.917504e-18 2.418508e-18
7119.000000 3.747941e-18 2.318545e-18
7121.000000 4.784867e-18 1.470336e-17
7123.000000 4.785129e-18 1.476709e-17
7125.000000 4.494517e-18 1.482589e-17
7127.000000 3.151677e-18 1.482127e-17
7129.000000 2.269157e-18 1.494113e-17
7131.000000 2.233720e-18 1.495793e-17
7133.000000 3.789540e-18 1.522515e-17
7135.000000 6.836581e-18 1.505961e-17
7137.000000 4.101600e-18 1.503531e-17
7139.000000 2.279562e-18 1.492928e-17
7141.000000 2.574592e-18 1.505820e-17
7143.000000 4.035815e-18 1.516273e-17
7145.000000 4.841834e-18 1.523069e-17
7147.000000 6.016376e-18 1.507450e-17
7149.000000 6.827710e-18 1.501460e-17
7151.000000 5.952209e-18 1.497289e-17
7153.000000 4.857587e-18 1.497317e-17
7155.000000 4.559978e-18 1.510094e-17
7157.000000 3.293506e-18 1.509842e-17
7159.000000 1.651821e-18 1.513794e-17
7161.000000 2.116838e-18 1.519560e-17
7163.000000 3.407541e-18 1.510314e-17
7165.000000 5.117265e-18 1.522926e-17
7167.000000 2.632525e-18 1.513044e-17
7169.000000 1.344373e-18 1.520427e-17
7171.000000 2.327985e-18 1.521603e-17
7173.000000 5.185990e-18 1.546816e-17
7175.000000 6.606843e-18 1.575357e-17
7177.000000 3.237891e-18 1.584324e-17
7179.000000 1.853584e-18 1.556387e-17
7181.000000 4.257896e-18 1.569583e-17
7183.000000 6.103513e-18 1.572408e-17
7185.000000 4.461499e-18 1.551375e-17
7187.000000 4.271872e-18 1.562809e-17
7189.000000 2.932071e-18 1.536390e-17
7191.000000 3.251138e-18 1.530490e-17
7193.000000 4.913923e-18 1.546034e-17
7195.000000 6.404947e-18 1.550822e-17
7197.000000 7.182819e-18 1.558181e-17
7199.000000 4.626424e-18 1.559948e-17
7201.000000 1.936640e-18 1.560530e-17
7203.000000 3.171821e-18 1.565121e-17
7205.000000 5.280269e-18 1.549878e-17
7207.000000 3.724286e-18 1.549358e-17
7209.000000 2.298949e-18 1.527429e-17
7211.000000 2.553950e-18 1.516156e-17
7213.000000 2.850641e-18 1.506290e-17
7215.000000 2.222584e-18 1.506790e-17
7217.000000 2.211427e-18 1.511036e-17
7219.000000 2.449208e-18 1.528863e-17
7221.000000 -2.510528e-18 1.529613e-17
7223.000000 3.472439e-18 5.598476e-15
7225.000000 2.392503e-18 5.598247e-15
7227.000000 2.502191e-19 5.598428e-15
7229.000000 2.272211e-18 5.598286e-15
7231.000000 3.303926e-18 5.598444e-15
7233.000000 5.295795e-18 5.598612e-15
7235.000000 5.316515e-18 5.599163e-15
7237.000000 2.911430e-18 5.600523e-15
7239.000000 1.040718e-17 5.602098e-15
7241.000000 1.318349e-17 5.602603e-15
7243.000000 7.666079e-18 5.602997e-15
7245.000000 7.792857e-18 5.602845e-15
7247.000000 9.091464e-18 5.601789e-15
7249.000000 3.819725e-18 5.599765e-15
7251.000000 2.388190e-18 5.599510e-15
7253.000000 6.113092e-18 5.599776e-15
7255.000000 5.318790e-18 5.599615e-15
7257.000000 3.755236e-18 5.599096e-15
7259.000000 2.207661e-18 5.598592e-15
7261.000000 2.002863e-18 5.598518e-15
7263.000000 4.110399e-18 5.598649e-15
7265.000000 2.734131e-18 5.598887e-15
7267.000000 -1.182410e-19 5.598888e-15
7269.000000 2.147181e-18 5.599019e-15
7271.000000 3.081914e-18 5.599018e-15
7273.000000 -6.775728e-19 5.600480e-15
7275.000000 1.897920e-18 5.603012e-15
7277.000000 8.188034e-18 5.603559e-15
7279.000000 1.224926e-17 8.310358e-15
7281.000000 -8.584892e-18 8.308746e-15
7283.000000 -1.358266e-17 8.309306e-15
7285.000000 -2.018684e-18 8.309341e-15
7287.000000 4.125264e-18 8.308623e-15
7289.000000 2.229621e-18 8.307444e-15
7291.000000 -4.055546e-19 8.307317e-15
7293.000000 2.796260e-18 8.307771e-15
7295.000000 2.914735e-18 8.308039e-15
7297.000000 1.014544e-18 8.307821e-15
7299.000000 -7.004530e-19 8.307201e-15
7301.000000 -6.294966e-18 8.307567e-15
7303.000000 -6.681023e-18 8.308200e-15
7305.000000 -1.152471e-18 8.308295e-15
7307.000000 5.345163e-18 8.307599e-15
7309.000000 3.069840e-18 8.307260e-15
7311.000000 3.737087e-18 8.307609e-15
7313.000000 -3.772399e-18 8.308774e-15
7315.000000 -9.928055e-18 8.311292e-15
7317.000000 1.178085e-18 8.311536e-15
7319.000000 1.294594e-17 8.310297e-15
7321.000000 3.678623e-18 8.307652e-15
7323.000000 -1.357985e-18 8.307289e-15
7325.000000 -3.003964e-17 8.308077e-15
7327.000000 -6.962822e-17 3.363991e-14
7329.000000 -1.046090e-18 5.678268e-14
7331.000000 3.729140e-18 5.678268e-14
7333.000000 3.249765e-18 5.678268e-14
7335.000000 4.469611e-18 5.678267e-14
7337.000000 4.163719e-19 5.678268e-14
7339.000000 3.544753e-18 5.678270e-14
7341.000000 -2.203585e-18 5.678270e-14
7343.000000 5.163802e-19 5.678270e-14
7345.000000 1.220167e-17 5.678268e-14
7347.000000 6.723801e-18 5.678268e-14
7349.000000 3.203027e-18 5.678267e-14
7351.000000 6.560911e-18 4.801033e-14
7353.000000 3.916287e-18 4.801033e-14
7355.000000 4.938113e-18 4.801040e-14
7357.000000 5.195612e-18 4.801055e-14
7359.000000 5.046740e-18 4.801058e-14
7361.000000 8.803180e-18 4.801054e-14
7363.000000 2.324076e-18 4.801032e-14
7365.000000 2.234299e-18 4.801044e-14
7367.000000 1.679268e-18 4.801076e-14
7369.000000 2.107846e-18 4.801107e-14
7371.000000 5.696342e-18 4.801108e-14
7373.000000 2.364235e-18 4.801066e-14
7375.000000 6.783069e-18 4.801041e-14
7377.000000 2.220584e-18 4.801025e-14
7379.000000 2.036717e-18 4.801021e-14
7381.000000 5.855241e-18 4.801023e-14
7383.000000 2.045017e-18 4.801022e-14
7385.000000 2.936193e-18 4.801028e-14
7387.000000 3.805998e-18 4.801033e-14
7389.000000 2.744391e-18 4.801046e-14
7391.000000 2.056569e-19 4.801063e-14
7393.000000 2.289899e-18 4.801059e-14
7395.000000 5.192163e-18 4.801050e-14
7397.000000 1.095093e-18 4.801033e-14
7399.000000 5.171868e-18 4.801056e-14
7401.000000 -1.512393e-19 4.801073e-14
7403.000000 -1.848119e-18 4.801075e-14
7405.000000 3.527840e-18 4.801059e-14
7407.000000 5.113080e-18 4.801039e-14
7409.000000 4.501796e-18 4.801035e-14
7411.000000 5.707013e-18 4.801030e-14
7413.000000 2.244534e-18 4.801031e-14
7415.000000 1.343699e-18 4.801026e-14
7417.000000 2.166268e-18 4.801024e-14
7419.000000 1.095070e-18 4.801025e-14
7421.000000 9.150431e-19 4.801025e-14
7423.000000 1.753897e-18 4.801027e-14
7425.000000 1.087723e-18 4.801029e-14
7427.000000 3.085652e-18 4.801040e-14
7429.000000 3.218751e-18 4.801055e-14
7431.000000 4.916741e-18 4.801053e-14
7433.000000 5.090479e-18 4.801048e-14
7435.000000 1.132742e-18 4.801039e-14
7437.000000 6.212192e-18 4.801052e-14
7439.000000 2.996548e-18 4.801062e-14
7441.000000 5.377252e-18 4.801056e-14
7443.000000 6.355499e-18 4.801039e-14
7445.000000 5.260459e-18 4.801034e-14
7447.000000 4.218213e-18 4.801033e-14
7449.000000 2.095069e-18 4.801033e-14
7451.000000 1.548325e-18 4.801023e-14
7453.000000 1.659198e-18 4.801025e-14
7455.000000 1.875879e-18 4.801025e-14
7457.000000 4.741292e-18 4.801026e-14
7459.000000 6.132530e-18 4.801033e-14
7461.000000 4.151265e-18 4.801039e-14
7463.000000 2.981349e-18 4.801043e-14
7465.000000 4.008600e-18 4.817300e-14
7467.000000 4.143471e-18 4.817303e-14
7469.000000 1.440083e-18 4.817305e-14
7471.000000 1.404056e-18 4.817312e-14
7473.000000 1.215464e-18 4.817309e-14
7475.000000 3.913950e-18 4.817305e-14
7477.000000 5.486935e-18 4.817306e-14
7479.000000 1.100361e-18 4.817308e-14
7481.000000 4.500471e-18 4.817322e-14
7483.000000 -8.365020e-19 4.817319e-14
7485.000000 7.495884e-18 4.817326e-14
7487.000000 6.172796e-18 4.817311e-14
7489.000000 4.667057e-18 4.817289e-14
7491.000000 4.110679e-18 4.817286e-14
7493.000000 3.795546e-18 4.817288e-14
7495.000000 1.606776e-18 4.817285e-14
7497.000000 5.571059e-18 4.817285e-14
