4.1500e+03	1.2288e-17
4.1533e+03	-6.0751e-18
4.1565e+03	6.5720e-18
4.1598e+03	4.1060e-18
4.1631e+03	-8.8427e-19
4.1663e+03	3.4488e-17
4.1696e+03	3.1888e-17
4.1729e+03	2.5545e-17
4.1761e+03	1.9481e-17
4.1794e+03	2.0131e-17
4.1827e+03	3.0312e-17
4.1859e+03	2.6393e-17
4.1892e+03	4.1441e-17
4.1925e+03	4.0908e-17
4.1957e+03	8.9128e-18
4.1990e+03	9.5511e-18
4.2023e+03	2.6983e-17
4.2055e+03	2.9393e-17
4.2088e+03	9.7129e-18
4.2121e+03	-4.6904e-18
4.2153e+03	-4.0768e-18
4.2186e+03	1.8636e-17
4.2218e+03	1.9604e-17
4.2251e+03	1.2818e-17
4.2284e+03	1.0845e-17
4.2316e+03	4.7269e-18
4.2349e+03	1.8568e-17
4.2382e+03	1.8225e-17
4.2414e+03	1.3176e-17
4.2447e+03	1.5009e-17
4.2480e+03	1.9988e-17
4.2512e+03	1.6066e-17
4.2545e+03	3.7982e-18
4.2578e+03	-5.5575e-18
4.2610e+03	-1.6264e-17
4.2643e+03	-1.3136e-17
4.2676e+03	-3.2146e-18
4.2708e+03	-6.7382e-18
4.2741e+03	-8.9184e-18
4.2774e+03	-2.1385e-17
4.2806e+03	-1.2488e-17
4.2839e+03	1.9594e-17
4.2872e+03	6.0577e-18
4.2904e+03	1.3478e-18
4.2937e+03	-1.2715e-17
4.2970e+03	-2.4629e-17
4.3002e+03	-5.1151e-19
4.3035e+03	1.6852e-17
4.3068e+03	-5.7186e-18
4.3100e+03	-1.7373e-18
4.3133e+03	2.1716e-17
4.3166e+03	7.2156e-18
4.3198e+03	-1.4980e-17
4.3231e+03	-1.6218e-17
4.3264e+03	1.0587e-17
4.3296e+03	2.5752e-17
4.3329e+03	1.6934e-17
4.3362e+03	6.9264e-18
4.3394e+03	-1.8192e-17
4.3427e+03	-2.7258e-17
4.3460e+03	-1.9812e-17
4.3492e+03	7.1324e-18
4.3525e+03	2.7931e-17
4.3558e+03	2.8990e-17
4.3590e+03	1.0165e-18
4.3623e+03	-6.0065e-18
4.3655e+03	2.0693e-18
4.3688e+03	-3.5223e-18
4.3721e+03	4.2098e-18
4.3753e+03	1.9396e-18
4.3786e+03	-5.0349e-18
4.3819e+03	-1.3202e-17
4.3851e+03	-1.1687e-17
4.3884e+03	-2.4244e-20
4.3917e+03	4.9784e-18
4.3949e+03	1.4872e-17
4.3982e+03	1.7626e-17
4.4015e+03	1.0800e-17
4.4047e+03	9.5164e-18
4.4080e+03	9.7016e-18
4.4113e+03	1.0588e-17
4.4145e+03	1.9092e-17
4.4178e+03	2.4708e-17
4.4211e+03	1.1583e-17
4.4243e+03	1.2400e-17
4.4276e+03	4.3796e-18
4.4309e+03	-1.2047e-17
4.4341e+03	-3.4755e-18
4.4374e+03	2.0540e-17
4.4407e+03	3.6406e-17
4.4439e+03	3.1814e-17
4.4472e+03	1.4983e-17
4.4505e+03	1.5817e-17
4.4537e+03	3.4753e-17
4.4570e+03	2.9131e-17
4.4603e+03	1.0919e-17
4.4635e+03	2.9756e-18
4.4668e+03	1.0093e-17
4.4701e+03	2.5436e-17
4.4733e+03	2.4289e-17
4.4766e+03	2.2101e-17
4.4799e+03	1.1035e-17
4.4831e+03	-5.3910e-18
4.4864e+03	-1.2098e-18
4.4897e+03	5.3398e-18
4.4929e+03	7.1701e-18
4.4962e+03	5.6061e-18
4.4994e+03	-9.5327e-18
4.5027e+03	-1.3665e-17
4.5060e+03	-1.5155e-17
4.5092e+03	-4.9896e-18
4.5125e+03	5.3513e-18
4.5158e+03	5.5894e-18
4.5190e+03	7.2116e-18
4.5223e+03	6.7635e-18
4.5256e+03	3.6622e-18
4.5288e+03	7.3136e-18
4.5321e+03	1.4965e-17
4.5354e+03	2.1563e-17
4.5386e+03	3.1030e-17
4.5419e+03	3.0062e-17
4.5452e+03	2.1210e-17
4.5484e+03	2.4318e-17
4.5517e+03	2.8800e-17
4.5550e+03	4.0906e-18
4.5582e+03	5.9336e-18
4.5615e+03	2.9063e-17
4.5648e+03	1.9644e-17
4.5680e+03	8.8675e-18
4.5713e+03	2.7292e-17
4.5746e+03	3.3092e-17
4.5778e+03	7.7518e-18
4.5811e+03	-4.6853e-18
4.5844e+03	-1.6925e-18
4.5876e+03	2.2397e-18
4.5909e+03	2.0286e-18
4.5942e+03	-4.5210e-19
4.5974e+03	6.9609e-18
4.6007e+03	1.9932e-17
4.6040e+03	3.6090e-17
4.6072e+03	2.9071e-17
4.6105e+03	1.0553e-17
4.6138e+03	1.7559e-17
4.6170e+03	2.2061e-17
4.6203e+03	1.8041e-17
4.6236e+03	2.5740e-17
4.6268e+03	2.3955e-17
4.6301e+03	2.7269e-17
4.6334e+03	2.1365e-17
4.6366e+03	5.3690e-18
4.6399e+03	8.9702e-18
4.6431e+03	2.2831e-17
4.6464e+03	3.5511e-17
4.6497e+03	3.4229e-17
4.6529e+03	2.4795e-17
4.6562e+03	3.8766e-17
4.6595e+03	3.6486e-17
4.6627e+03	3.2197e-17
4.6660e+03	2.8673e-17
4.6693e+03	1.7995e-17
4.6725e+03	2.6167e-17
4.6758e+03	4.3389e-17
4.6791e+03	3.0364e-17
4.6823e+03	1.2432e-17
4.6856e+03	2.7563e-17
4.6889e+03	5.8044e-17
4.6921e+03	6.0886e-17
4.6954e+03	4.3268e-17
4.6987e+03	3.5412e-17
4.7019e+03	2.0343e-17
4.7052e+03	1.3173e-17
4.7085e+03	2.0132e-17
4.7117e+03	2.1413e-17
4.7150e+03	1.7987e-17
4.7183e+03	2.3078e-17
4.7215e+03	4.1606e-17
4.7248e+03	5.4096e-17
4.7281e+03	3.9806e-17
4.7313e+03	1.9936e-17
4.7346e+03	2.4014e-17
4.7379e+03	2.8380e-17
4.7411e+03	2.3680e-17
4.7444e+03	2.7947e-17
4.7477e+03	4.3100e-17
4.7509e+03	4.2295e-17
4.7542e+03	4.3696e-17
4.7575e+03	4.6453e-17
4.7607e+03	4.4537e-17
4.7640e+03	4.5780e-17
4.7673e+03	4.2407e-17
4.7705e+03	1.5373e-17
4.7738e+03	9.7425e-18
4.7770e+03	2.0041e-17
4.7803e+03	2.5129e-17
4.7836e+03	3.0631e-17
4.7868e+03	1.9085e-17
4.7901e+03	4.4301e-18
4.7934e+03	-3.8713e-18
4.7966e+03	1.2194e-17
4.7999e+03	3.2859e-17
4.8032e+03	2.2215e-17
4.8064e+03	5.7542e-18
4.8097e+03	6.6602e-18
4.8130e+03	1.8421e-17
4.8162e+03	1.6384e-17
4.8195e+03	-5.3417e-19
4.8228e+03	-8.3449e-18
4.8260e+03	-7.4187e-18
4.8293e+03	3.1490e-18
4.8326e+03	1.1020e-17
4.8358e+03	1.9361e-18
4.8391e+03	2.5008e-18
4.8424e+03	2.6882e-17
4.8456e+03	2.5219e-17
4.8489e+03	9.8625e-18
4.8522e+03	1.3741e-17
4.8554e+03	1.4137e-17
4.8587e+03	8.1068e-18
4.8620e+03	1.3692e-17
4.8652e+03	2.1498e-17
4.8685e+03	1.9985e-17
4.8718e+03	2.5788e-17
4.8750e+03	2.4136e-17
4.8783e+03	2.0869e-17
4.8816e+03	2.5924e-17
4.8848e+03	2.6914e-17
4.8881e+03	1.3521e-17
4.8914e+03	2.9099e-18
4.8946e+03	-1.1752e-18
4.8979e+03	7.5511e-18
4.9012e+03	2.4054e-17
4.9044e+03	3.4697e-17
4.9077e+03	3.5774e-17
4.9110e+03	2.8870e-17
4.9142e+03	1.6421e-17
4.9175e+03	1.9620e-17
4.9207e+03	3.0435e-17
4.9240e+03	2.9920e-17
4.9273e+03	4.0591e-17
4.9305e+03	2.8206e-17
4.9338e+03	8.3960e-18
4.9371e+03	1.0242e-17
4.9403e+03	8.5982e-18
4.9436e+03	1.0884e-17
4.9469e+03	8.6480e-18
4.9501e+03	1.7515e-17
4.9534e+03	3.0360e-17
4.9567e+03	2.0711e-17
4.9599e+03	2.5979e-17
4.9632e+03	4.2535e-17
4.9665e+03	3.7782e-17
4.9697e+03	2.9287e-17
4.9730e+03	2.2114e-17
4.9763e+03	1.9981e-17
4.9795e+03	1.0712e-17
4.9828e+03	1.4239e-17
4.9861e+03	5.8918e-18
4.9893e+03	-1.5167e-19
4.9926e+03	1.7551e-17
4.9959e+03	3.3048e-17
4.9991e+03	2.0909e-17
5.0024e+03	1.1942e-17
5.0057e+03	6.6552e-18
5.0089e+03	-5.7476e-19
5.0122e+03	-6.1283e-18
5.0155e+03	-1.0835e-18
5.0187e+03	1.9460e-17
5.0220e+03	3.0769e-17
5.0253e+03	2.3367e-17
5.0285e+03	1.1036e-17
5.0318e+03	6.4152e-18
5.0351e+03	1.4167e-17
5.0383e+03	3.2664e-17
5.0416e+03	3.0577e-17
5.0449e+03	3.1722e-17
5.0481e+03	4.5806e-17
5.0514e+03	5.6398e-17
5.0547e+03	4.9965e-17
5.0579e+03	4.2046e-17
5.0612e+03	3.8392e-17
5.0644e+03	2.9066e-17
5.0677e+03	2.4874e-17
5.0710e+03	3.8641e-17
5.0742e+03	5.4623e-17
5.0775e+03	4.5372e-17
5.0808e+03	3.1168e-17
5.0840e+03	3.8094e-17
5.0873e+03	3.6570e-17
5.0906e+03	3.1490e-17
5.0938e+03	3.4937e-17
5.0971e+03	2.7411e-17
5.1004e+03	3.0198e-17
5.1036e+03	3.7389e-17
5.1069e+03	4.5823e-17
5.1102e+03	4.5839e-17
5.1134e+03	3.8466e-17
5.1167e+03	2.5318e-17
5.1200e+03	2.3391e-17
5.1232e+03	2.0024e-17
5.1265e+03	2.0270e-17
5.1298e+03	1.9251e-17
5.1330e+03	3.5338e-17
5.1363e+03	4.4544e-17
5.1396e+03	2.7060e-17
5.1428e+03	1.5832e-17
5.1461e+03	1.4223e-17
5.1494e+03	2.9604e-17
5.1526e+03	3.7200e-17
5.1559e+03	2.4312e-17
5.1592e+03	1.4511e-17
5.1624e+03	4.5533e-18
5.1657e+03	3.7229e-18
5.1690e+03	1.6609e-17
5.1722e+03	1.4794e-17
5.1755e+03	1.4456e-17
5.1788e+03	1.2111e-17
5.1820e+03	8.7364e-18
5.1853e+03	3.1236e-18
5.1886e+03	1.9772e-18
5.1918e+03	8.3276e-18
5.1951e+03	1.7735e-17
5.1983e+03	2.0712e-17
5.2016e+03	2.2552e-17
5.2049e+03	2.4917e-17
5.2081e+03	1.5275e-17
5.2114e+03	3.1343e-18
5.2147e+03	-1.4212e-18
5.2179e+03	1.5425e-18
5.2212e+03	1.4996e-17
5.2245e+03	2.2420e-17
5.2277e+03	1.4062e-17
5.2310e+03	6.7130e-18
5.2343e+03	1.6081e-17
5.2375e+03	2.6886e-17
5.2408e+03	3.2256e-17
5.2441e+03	3.1698e-17
5.2473e+03	2.2521e-17
5.2506e+03	1.1708e-17
5.2539e+03	1.6137e-17
5.2571e+03	2.4501e-17
5.2604e+03	2.8782e-17
5.2637e+03	2.8960e-17
5.2669e+03	1.4306e-17
5.2702e+03	5.7485e-18
5.2735e+03	1.1433e-17
5.2767e+03	1.2930e-17
5.2800e+03	1.4091e-17
5.2833e+03	1.2925e-17
5.2865e+03	7.1260e-18
5.2898e+03	1.8399e-17
5.2931e+03	2.5528e-17
5.2963e+03	1.6590e-17
5.2996e+03	1.5491e-17
5.3029e+03	2.6956e-17
5.3061e+03	2.4893e-17
5.3094e+03	2.1063e-17
5.3127e+03	2.0480e-17
5.3159e+03	1.2093e-17
5.3192e+03	1.4407e-17
5.3225e+03	1.7664e-17
5.3257e+03	2.1824e-17
5.3290e+03	2.3257e-17
5.3323e+03	1.8900e-17
5.3355e+03	2.2019e-17
5.3388e+03	3.1265e-17
5.3420e+03	3.5423e-17
5.3453e+03	3.5054e-17
5.3486e+03	4.3696e-17
5.3518e+03	3.8027e-17
5.3551e+03	2.9641e-17
5.3584e+03	3.2635e-17
5.3616e+03	3.7284e-17
5.3649e+03	3.3503e-17
5.3682e+03	2.6527e-17
5.3714e+03	2.5467e-17
5.3747e+03	2.1009e-17
5.3780e+03	3.3652e-17
5.3812e+03	3.7050e-17
5.3845e+03	3.6476e-17
5.3878e+03	3.4760e-17
5.3910e+03	2.2437e-17
5.3943e+03	2.6956e-17
5.3976e+03	3.8092e-17
5.4008e+03	3.9891e-17
5.4041e+03	4.5389e-17
5.4074e+03	4.9371e-17
5.4106e+03	3.3141e-17
5.4139e+03	2.6216e-17
5.4172e+03	4.7475e-17
5.4204e+03	5.9508e-17
5.4237e+03	4.5853e-17
5.4270e+03	3.6193e-17
5.4302e+03	2.5702e-17
5.4335e+03	2.3983e-17
5.4368e+03	3.5804e-17
5.4400e+03	4.3704e-17
5.4433e+03	3.6955e-17
5.4466e+03	3.0176e-17
5.4498e+03	3.7927e-17
5.4531e+03	4.0279e-17
5.4564e+03	4.1538e-17
5.4596e+03	4.4995e-17
5.4629e+03	3.4927e-17
5.4662e+03	3.0855e-17
5.4694e+03	4.1888e-17
5.4727e+03	5.4294e-17
5.4759e+03	5.6993e-17
5.4792e+03	5.0145e-17
5.4825e+03	4.2868e-17
5.4857e+03	4.1922e-17
5.4890e+03	2.6908e-17
5.4923e+03	2.1667e-17
5.4955e+03	2.8092e-17
5.4988e+03	2.5867e-17
5.5021e+03	2.2038e-17
5.5053e+03	2.1367e-17
5.5086e+03	3.5206e-17
5.5119e+03	4.1561e-17
5.5151e+03	3.6677e-17
5.5184e+03	3.4523e-17
5.5217e+03	3.5532e-17
5.5249e+03	3.8980e-17
5.5282e+03	3.3137e-17
5.5315e+03	2.8256e-17
5.5347e+03	4.0666e-17
5.5380e+03	4.3766e-17
5.5413e+03	4.0119e-17
5.5445e+03	4.1702e-17
5.5478e+03	4.0872e-17
5.5511e+03	3.9012e-17
5.5543e+03	4.7149e-17
5.5576e+03	5.7946e-17
5.5609e+03	6.1104e-17
5.5641e+03	5.6740e-17
5.5674e+03	6.0803e-17
5.5707e+03	5.5220e-17
5.5739e+03	5.8178e-17
5.5772e+03	6.5597e-17
5.5805e+03	6.1533e-17
5.5837e+03	6.6343e-17
5.5870e+03	6.7848e-17
5.5903e+03	5.9846e-17
5.5935e+03	6.2968e-17
5.5968e+03	7.2547e-17
5.6001e+03	7.7972e-17
5.6033e+03	7.7663e-17
5.6066e+03	6.5007e-17
5.6099e+03	6.5620e-17
5.6131e+03	8.0335e-17
5.6164e+03	7.9862e-17
5.6196e+03	8.5725e-17
5.6229e+03	8.2996e-17
5.6262e+03	6.8260e-17
5.6294e+03	7.1906e-17
5.6327e+03	8.2740e-17
5.6360e+03	9.1952e-17
5.6392e+03	8.8345e-17
5.6425e+03	7.7406e-17
5.6458e+03	7.5194e-17
5.6490e+03	7.3393e-17
5.6523e+03	7.2421e-17
5.6556e+03	8.0754e-17
5.6588e+03	9.2040e-17
5.6621e+03	9.1484e-17
5.6654e+03	8.6537e-17
5.6686e+03	8.5536e-17
5.6719e+03	8.0061e-17
5.6752e+03	7.2537e-17
5.6784e+03	6.7839e-17
5.6817e+03	6.3736e-17
5.6850e+03	6.7880e-17
5.6882e+03	7.8752e-17
5.6915e+03	8.0312e-17
5.6948e+03	7.1202e-17
5.6980e+03	6.3515e-17
5.7013e+03	6.0362e-17
5.7046e+03	5.3279e-17
5.7078e+03	5.3618e-17
5.7111e+03	6.4354e-17
5.7144e+03	5.9131e-17
5.7176e+03	5.5640e-17
5.7209e+03	7.3330e-17
5.7242e+03	8.0801e-17
5.7274e+03	7.0092e-17
5.7307e+03	5.2400e-17
5.7340e+03	4.7628e-17
5.7372e+03	5.8405e-17
5.7405e+03	5.3289e-17
5.7438e+03	5.1119e-17
5.7470e+03	5.8043e-17
5.7503e+03	5.9480e-17
5.7535e+03	5.8014e-17
5.7568e+03	5.4498e-17
5.7601e+03	4.3955e-17
5.7633e+03	4.3213e-17
5.7666e+03	5.4028e-17
5.7699e+03	4.9566e-17
5.7731e+03	3.8568e-17
5.7764e+03	4.2270e-17
5.7797e+03	4.5669e-17
5.7829e+03	4.2497e-17
5.7862e+03	4.4962e-17
5.7895e+03	3.9343e-17
5.7927e+03	2.8391e-17
5.7960e+03	2.4610e-17
5.7993e+03	2.1380e-17
5.8025e+03	2.2559e-17
5.8058e+03	2.3434e-17
5.8091e+03	2.0340e-17
5.8123e+03	1.9796e-17
5.8156e+03	2.2810e-17
5.8189e+03	2.2813e-17
5.8221e+03	2.5386e-17
5.8254e+03	3.1184e-17
5.8287e+03	2.2785e-17
5.8319e+03	1.8179e-17
5.8352e+03	1.9376e-17
5.8385e+03	1.6749e-17
5.8417e+03	1.8740e-17
5.8450e+03	1.7664e-17
5.8483e+03	1.9119e-17
5.8515e+03	2.5150e-17
5.8548e+03	2.6542e-17
5.8581e+03	2.9255e-17
5.8613e+03	3.1558e-17
5.8646e+03	2.2984e-17
5.8679e+03	2.2297e-17
5.8711e+03	2.8521e-17
5.8744e+03	3.8041e-17
5.8777e+03	4.1462e-17
5.8809e+03	4.0254e-17
5.8842e+03	3.5089e-17
5.8875e+03	2.7206e-17
5.8907e+03	2.3761e-17
5.8940e+03	2.5296e-17
5.8972e+03	2.7404e-17
5.9005e+03	3.3529e-17
5.9038e+03	3.4184e-17
5.9070e+03	3.0050e-17
5.9103e+03	2.2962e-17
5.9136e+03	1.5227e-17
5.9168e+03	2.3925e-17
5.9201e+03	3.1985e-17
5.9234e+03	3.6187e-17
5.9266e+03	4.0177e-17
5.9299e+03	2.5441e-17
5.9332e+03	1.7165e-17
5.9364e+03	3.1074e-17
5.9397e+03	3.4048e-17
5.9430e+03	2.5261e-17
5.9462e+03	3.0903e-17
5.9495e+03	4.1255e-17
5.9528e+03	3.8391e-17
5.9560e+03	3.7701e-17
5.9593e+03	4.3223e-17
5.9626e+03	4.3063e-17
5.9658e+03	3.6935e-17
5.9691e+03	3.0082e-17
5.9724e+03	3.0720e-17
5.9756e+03	3.2121e-17
5.9789e+03	2.3557e-17
5.9822e+03	3.3483e-17
5.9854e+03	5.0192e-17
5.9887e+03	5.2482e-17
5.9920e+03	4.2798e-17
5.9952e+03	3.4314e-17
5.9985e+03	3.6211e-17
6.0018e+03	2.7382e-17
6.0050e+03	2.4988e-17
6.0083e+03	3.1483e-17
6.0116e+03	2.8570e-17
6.0148e+03	2.6715e-17
6.0181e+03	3.1370e-17
6.0214e+03	3.5760e-17
6.0246e+03	4.0923e-17
6.0279e+03	4.0043e-17
6.0311e+03	3.2693e-17
6.0344e+03	3.6281e-17
6.0377e+03	4.4414e-17
6.0409e+03	4.6018e-17
6.0442e+03	3.5944e-17
6.0475e+03	2.3881e-17
6.0507e+03	2.5458e-17
6.0540e+03	2.9943e-17
6.0573e+03	3.8456e-17
6.0605e+03	5.0487e-17
6.0638e+03	4.2704e-17
6.0671e+03	2.6563e-17
6.0703e+03	3.3229e-17
6.0736e+03	4.6976e-17
6.0769e+03	4.4574e-17
6.0801e+03	4.0052e-17
6.0834e+03	3.7441e-17
6.0867e+03	3.2741e-17
6.0899e+03	3.1510e-17
6.0932e+03	3.2262e-17
6.0965e+03	3.5373e-17
6.0997e+03	3.6289e-17
6.1030e+03	3.1577e-17
6.1063e+03	2.5603e-17
6.1095e+03	3.1470e-17
6.1128e+03	3.7957e-17
6.1161e+03	3.9951e-17
6.1193e+03	4.7903e-17
6.1226e+03	4.4468e-17
6.1259e+03	3.5349e-17
6.1291e+03	3.5293e-17
6.1324e+03	3.9319e-17
6.1357e+03	4.1108e-17
6.1389e+03	3.3681e-17
6.1422e+03	3.7340e-17
6.1455e+03	4.4180e-17
6.1487e+03	3.5555e-17
6.1520e+03	3.3494e-17
6.1553e+03	3.4232e-17
6.1585e+03	2.9861e-17
6.1618e+03	3.6628e-17
6.1651e+03	4.3612e-17
6.1683e+03	4.0278e-17
6.1716e+03	3.4623e-17
6.1748e+03	2.8706e-17
6.1781e+03	2.9977e-17
6.1814e+03	3.6749e-17
6.1846e+03	4.1524e-17
6.1879e+03	3.6536e-17
6.1912e+03	3.0097e-17
6.1944e+03	3.1716e-17
6.1977e+03	3.1085e-17
6.2010e+03	3.0703e-17
6.2042e+03	3.5516e-17
6.2075e+03	3.7725e-17
6.2108e+03	4.1116e-17
6.2140e+03	4.1845e-17
6.2173e+03	3.4951e-17
6.2206e+03	2.9951e-17
6.2238e+03	2.9424e-17
6.2271e+03	2.8622e-17
6.2304e+03	2.4931e-17
6.2336e+03	2.8083e-17
6.2369e+03	3.4105e-17
6.2402e+03	2.9372e-17
6.2434e+03	2.3871e-17
6.2467e+03	3.0959e-17
6.2500e+03	3.3846e-17
6.2532e+03	3.4350e-17
6.2565e+03	3.6638e-17
6.2598e+03	3.8427e-17
6.2630e+03	3.1909e-17
6.2663e+03	2.8445e-17
6.2696e+03	3.1458e-17
6.2728e+03	3.1531e-17
6.2761e+03	3.0067e-17
6.2794e+03	2.9253e-17
6.2826e+03	3.0255e-17
6.2859e+03	2.7276e-17
6.2892e+03	2.1659e-17
6.2924e+03	2.7095e-17
6.2957e+03	3.8331e-17
6.2990e+03	4.3697e-17
6.3022e+03	3.8234e-17
6.3055e+03	2.4812e-17
6.3087e+03	1.9736e-17
6.3120e+03	1.9289e-17
6.3153e+03	2.1276e-17
6.3185e+03	2.7929e-17
6.3218e+03	3.1464e-17
6.3251e+03	2.7154e-17
6.3283e+03	2.3310e-17
6.3316e+03	2.9321e-17
6.3349e+03	3.6939e-17
6.3381e+03	3.5447e-17
6.3414e+03	3.1596e-17
6.3447e+03	3.2850e-17
6.3479e+03	3.0407e-17
6.3512e+03	1.9499e-17
6.3545e+03	1.9081e-17
6.3577e+03	3.0741e-17
6.3610e+03	2.7039e-17
6.3643e+03	1.9137e-17
6.3675e+03	2.2575e-17
6.3708e+03	2.9558e-17
6.3741e+03	3.0580e-17
6.3773e+03	2.3827e-17
6.3806e+03	1.3654e-17
6.3839e+03	1.3912e-17
6.3871e+03	2.7004e-17
6.3904e+03	3.6141e-17
6.3937e+03	2.8265e-17
6.3969e+03	1.7420e-17
6.4002e+03	2.1995e-17
6.4035e+03	2.8843e-17
6.4067e+03	2.8485e-17
6.4100e+03	2.3802e-17
6.4133e+03	2.6047e-17
6.4165e+03	3.3385e-17
6.4198e+03	3.0593e-17
6.4231e+03	2.9741e-17
6.4263e+03	3.6854e-17
6.4296e+03	3.1901e-17
6.4329e+03	2.3335e-17
6.4361e+03	3.1055e-17
6.4394e+03	3.4913e-17
6.4427e+03	3.1319e-17
6.4459e+03	2.9836e-17
6.4492e+03	2.8809e-17
6.4524e+03	2.9618e-17
6.4557e+03	2.4023e-17
6.4590e+03	2.0379e-17
6.4622e+03	2.5214e-17
6.4655e+03	2.6316e-17
6.4688e+03	2.5723e-17
6.4720e+03	2.7234e-17
6.4753e+03	3.1708e-17
6.4786e+03	3.2144e-17
6.4818e+03	2.6041e-17
6.4851e+03	2.0925e-17
6.4884e+03	3.0079e-17
6.4916e+03	4.7026e-17
6.4949e+03	4.8969e-17
6.4982e+03	3.6103e-17
6.5014e+03	3.4377e-17
6.5047e+03	4.2927e-17
6.5080e+03	5.2534e-17
6.5112e+03	5.1421e-17
6.5145e+03	4.6845e-17
6.5178e+03	4.8651e-17
6.5210e+03	5.4429e-17
6.5243e+03	5.5510e-17
6.5276e+03	4.8167e-17
6.5308e+03	4.1740e-17
6.5341e+03	4.6706e-17
6.5374e+03	5.3664e-17
6.5406e+03	5.3319e-17
6.5439e+03	5.2102e-17
6.5472e+03	5.3335e-17
6.5504e+03	5.3025e-17
6.5537e+03	5.3155e-17
6.5570e+03	5.4445e-17
6.5602e+03	5.2308e-17
6.5635e+03	4.9819e-17
6.5668e+03	5.0149e-17
6.5700e+03	5.4513e-17
6.5733e+03	5.9160e-17
6.5766e+03	5.3990e-17
6.5798e+03	5.1148e-17
6.5831e+03	6.1987e-17
6.5863e+03	7.0697e-17
6.5896e+03	6.7538e-17
6.5929e+03	5.6175e-17
6.5961e+03	5.1268e-17
6.5994e+03	5.2329e-17
6.6027e+03	6.0630e-17
6.6059e+03	6.9455e-17
6.6092e+03	7.0413e-17
6.6125e+03	6.8889e-17
6.6157e+03	5.9458e-17
6.6190e+03	5.5422e-17
6.6223e+03	6.3064e-17
6.6255e+03	6.4083e-17
6.6288e+03	6.2758e-17
6.6321e+03	6.2375e-17
6.6353e+03	6.0399e-17
6.6386e+03	6.3789e-17
6.6419e+03	6.8473e-17
6.6451e+03	7.0839e-17
6.6484e+03	6.5841e-17
6.6517e+03	6.3119e-17
6.6549e+03	6.5677e-17
6.6582e+03	6.4391e-17
6.6615e+03	6.8792e-17
6.6647e+03	7.2595e-17
6.6680e+03	6.1831e-17
6.6713e+03	5.9044e-17
6.6745e+03	6.4491e-17
6.6778e+03	6.5179e-17
6.6811e+03	7.0720e-17
6.6843e+03	7.3206e-17
6.6876e+03	6.8212e-17
6.6909e+03	6.7012e-17
6.6941e+03	6.1460e-17
6.6974e+03	5.9511e-17
6.7007e+03	5.7091e-17
6.7039e+03	5.2719e-17
6.7072e+03	5.1627e-17
6.7105e+03	4.8181e-17
6.7137e+03	4.5737e-17
6.7170e+03	4.8414e-17
6.7203e+03	5.5832e-17
6.7235e+03	5.6480e-17
6.7268e+03	5.1888e-17
6.7300e+03	4.9330e-17
6.7333e+03	4.6810e-17
6.7366e+03	4.8064e-17
6.7398e+03	4.6365e-17
6.7431e+03	4.1473e-17
6.7464e+03	3.9603e-17
6.7496e+03	3.7299e-17
6.7529e+03	3.7431e-17
6.7562e+03	4.2982e-17
6.7594e+03	4.4783e-17
6.7627e+03	3.9942e-17
6.7660e+03	3.6025e-17
6.7692e+03	3.3853e-17
6.7725e+03	3.5558e-17
6.7758e+03	4.2541e-17
6.7790e+03	4.4877e-17
6.7823e+03	3.6300e-17
6.7856e+03	2.5896e-17
6.7888e+03	2.8153e-17
6.7921e+03	3.7727e-17
6.7954e+03	3.7130e-17
6.7986e+03	2.5472e-17
6.8019e+03	2.5191e-17
6.8052e+03	3.0176e-17
6.8084e+03	2.5832e-17
6.8117e+03	2.3259e-17
6.8150e+03	3.0157e-17
6.8182e+03	3.3918e-17
6.8215e+03	2.6889e-17
6.8248e+03	1.9391e-17
6.8280e+03	1.8606e-17
6.8313e+03	1.9286e-17
6.8346e+03	1.9324e-17
6.8378e+03	2.7244e-17
6.8411e+03	3.0510e-17
6.8444e+03	1.7484e-17
6.8476e+03	6.9853e-18
6.8509e+03	8.4637e-18
6.8542e+03	1.6555e-17
6.8574e+03	2.8026e-17
6.8607e+03	3.2959e-17
6.8640e+03	2.7898e-17
6.8672e+03	1.9527e-17
6.8705e+03	1.4779e-17
6.8737e+03	1.9568e-17
6.8770e+03	1.5061e-17
6.8803e+03	7.4194e-18
6.8835e+03	1.3091e-17
6.8868e+03	2.2928e-17
6.8901e+03	2.1306e-17
6.8933e+03	1.4868e-17
6.8966e+03	1.2504e-17
6.8999e+03	1.9126e-17
6.9031e+03	2.8605e-17
6.9064e+03	2.9240e-17
6.9097e+03	2.6941e-17
6.9129e+03	1.9905e-17
6.9162e+03	8.9652e-18
6.9195e+03	6.9902e-18
6.9227e+03	1.4980e-17
6.9260e+03	2.3544e-17
6.9293e+03	2.4851e-17
6.9325e+03	1.7210e-17
6.9358e+03	1.1039e-17
6.9391e+03	1.1527e-17
6.9423e+03	1.5942e-17
6.9456e+03	1.9895e-17
6.9489e+03	1.5454e-17
6.9521e+03	8.7321e-18
6.9554e+03	7.2839e-18
6.9587e+03	8.7718e-18
6.9619e+03	1.0517e-17
6.9652e+03	1.4387e-17
6.9685e+03	1.8691e-17
6.9717e+03	1.8126e-17
6.9750e+03	1.9358e-17
6.9783e+03	2.1712e-17
6.9815e+03	1.8174e-17
6.9848e+03	1.7826e-17
6.9881e+03	2.0763e-17
6.9913e+03	1.3613e-17
6.9946e+03	1.0767e-17
6.9979e+03	2.1953e-17
7.0011e+03	2.5894e-17
7.0044e+03	1.7601e-17
7.0076e+03	1.0092e-17
7.0109e+03	1.2252e-17
7.0142e+03	2.0247e-17
7.0174e+03	2.6553e-17
7.0207e+03	2.7502e-17
7.0240e+03	2.2126e-17
7.0272e+03	1.3730e-17
7.0305e+03	1.0117e-17
7.0338e+03	1.5738e-17
7.0370e+03	2.3572e-17
7.0403e+03	2.5393e-17
7.0436e+03	1.6524e-17
7.0468e+03	9.6816e-18
7.0501e+03	2.1046e-17
7.0534e+03	2.8870e-17
7.0566e+03	1.8258e-17
7.0599e+03	1.0607e-17
7.0632e+03	1.2888e-17
7.0664e+03	1.7382e-17
7.0697e+03	2.2865e-17
7.0730e+03	2.5397e-17
7.0762e+03	2.5663e-17
7.0795e+03	2.7706e-17
7.0828e+03	2.4283e-17
7.0860e+03	1.9431e-17
7.0893e+03	1.9562e-17
7.0926e+03	1.9822e-17
7.0958e+03	1.7814e-17
7.0991e+03	1.8199e-17
7.1024e+03	1.9648e-17
7.1056e+03	2.1729e-17
7.1089e+03	2.5500e-17
7.1122e+03	1.9573e-17
7.1154e+03	1.1788e-17
7.1187e+03	1.5433e-17
7.1220e+03	1.8568e-17
7.1252e+03	2.0558e-17
7.1285e+03	2.3679e-17
7.1318e+03	1.9054e-17
7.1350e+03	1.6654e-17
7.1383e+03	2.6619e-17
7.1416e+03	3.2287e-17
7.1448e+03	2.2887e-17
7.1481e+03	1.3739e-17
7.1513e+03	2.0247e-17
7.1546e+03	3.0404e-17
7.1579e+03	3.0082e-17
7.1611e+03	2.8062e-17
7.1644e+03	2.8857e-17
7.1677e+03	2.8057e-17
7.1709e+03	2.2725e-17
7.1742e+03	1.8519e-17
7.1775e+03	2.6330e-17
7.1807e+03	3.7833e-17
7.1840e+03	3.4809e-17
7.1873e+03	2.6632e-17
7.1905e+03	2.9042e-17
7.1938e+03	3.3628e-17
7.1971e+03	3.1764e-17
7.2003e+03	3.0025e-17
7.2036e+03	3.1684e-17
7.2069e+03	3.2604e-17
7.2101e+03	3.5886e-17
7.2134e+03	3.9415e-17
7.2167e+03	3.2786e-17
7.2199e+03	2.1253e-17
7.2232e+03	2.4665e-17
7.2265e+03	3.4559e-17
7.2297e+03	3.0624e-17
7.2330e+03	2.4575e-17
7.2363e+03	2.7984e-17
7.2395e+03	2.3599e-17
7.2428e+03	2.0446e-17
7.2461e+03	2.9709e-17
7.2493e+03	3.8458e-17
7.2526e+03	4.1719e-17
7.2559e+03	3.7974e-17
7.2591e+03	3.0749e-17
7.2624e+03	3.0409e-17
7.2657e+03	3.5854e-17
7.2689e+03	3.5169e-17
7.2722e+03	3.6922e-17
7.2755e+03	4.4448e-17
7.2787e+03	3.9385e-17
7.2820e+03	3.5910e-17
7.2852e+03	4.4853e-17
7.2885e+03	4.1290e-17
7.2918e+03	3.4900e-17
7.2950e+03	4.1170e-17
7.2983e+03	4.5056e-17
7.3016e+03	4.1218e-17
7.3048e+03	3.8898e-17
7.3081e+03	3.9520e-17
7.3114e+03	3.1956e-17
7.3146e+03	2.4257e-17
7.3179e+03	3.6152e-17
7.3212e+03	5.1548e-17
7.3244e+03	5.0989e-17
7.3277e+03	4.2124e-17
7.3310e+03	3.3904e-17
7.3342e+03	3.2206e-17
7.3375e+03	3.3483e-17
7.3408e+03	3.1029e-17
7.3440e+03	3.1113e-17
7.3473e+03	3.7152e-17
7.3506e+03	4.0486e-17
7.3538e+03	3.6005e-17
7.3571e+03	3.5798e-17
7.3604e+03	4.4701e-17
7.3636e+03	5.0521e-17
7.3669e+03	5.0072e-17
7.3702e+03	4.5800e-17
7.3734e+03	4.5736e-17
7.3767e+03	5.1912e-17
7.3800e+03	5.1513e-17
7.3832e+03	4.3034e-17
7.3865e+03	3.4732e-17
7.3898e+03	3.5004e-17
7.3930e+03	4.4355e-17
7.3963e+03	5.2819e-17
7.3996e+03	5.4519e-17
7.4028e+03	5.3296e-17
7.4061e+03	5.4873e-17
7.4094e+03	5.1472e-17
7.4126e+03	4.4093e-17
7.4159e+03	4.2690e-17
7.4192e+03	4.4206e-17
7.4224e+03	4.7270e-17
7.4257e+03	4.7490e-17
7.4289e+03	3.9965e-17
7.4322e+03	3.7076e-17
7.4355e+03	4.2135e-17
7.4387e+03	4.4119e-17
7.4420e+03	4.0597e-17
7.4453e+03	3.4207e-17
7.4485e+03	3.4665e-17
7.4518e+03	3.9126e-17
7.4551e+03	3.9729e-17
7.4583e+03	4.5926e-17
7.4616e+03	4.9308e-17
7.4649e+03	4.5981e-17
7.4681e+03	4.6040e-17
7.4714e+03	4.4979e-17
7.4747e+03	4.6036e-17
7.4779e+03	5.2992e-17
7.4812e+03	5.4675e-17
7.4845e+03	4.4529e-17
7.4877e+03	4.1497e-17
7.4910e+03	4.4813e-17
7.4943e+03	4.2791e-17
7.4975e+03	3.9304e-17
7.5008e+03	3.6335e-17
7.5041e+03	4.2513e-17
7.5073e+03	4.8611e-17
7.5106e+03	4.8662e-17
7.5139e+03	4.4204e-17
7.5171e+03	3.7479e-17
7.5204e+03	3.2094e-17
7.5237e+03	3.3633e-17
7.5269e+03	4.0764e-17
7.5302e+03	4.0490e-17
7.5335e+03	3.6812e-17
7.5367e+03	3.1910e-17
7.5400e+03	3.0876e-17
7.5433e+03	3.4514e-17
7.5465e+03	3.4520e-17
7.5498e+03	3.1616e-17
7.5531e+03	3.3608e-17
7.5563e+03	3.1993e-17
7.5596e+03	2.9842e-17
7.5628e+03	3.0892e-17
7.5661e+03	2.6319e-17
7.5694e+03	3.1651e-17
7.5726e+03	3.3219e-17
7.5759e+03	2.5013e-17
7.5792e+03	2.7533e-17
7.5824e+03	3.5316e-17
7.5857e+03	4.1382e-17
7.5890e+03	3.9467e-17
7.5922e+03	3.3477e-17
7.5955e+03	3.5764e-17
7.5988e+03	3.7751e-17
7.6020e+03	2.6701e-17
7.6053e+03	1.4253e-17
7.6086e+03	1.8290e-17
7.6118e+03	2.3297e-17
7.6151e+03	2.7454e-17
7.6184e+03	2.8994e-17
7.6216e+03	1.9117e-17
7.6249e+03	1.8020e-17
7.6282e+03	2.1800e-17
7.6314e+03	1.6470e-17
7.6347e+03	1.1727e-17
7.6380e+03	1.7356e-17
7.6412e+03	2.9194e-17
7.6445e+03	3.2938e-17
7.6478e+03	2.5925e-17
7.6510e+03	2.0027e-17
7.6543e+03	1.8204e-17
7.6576e+03	1.4595e-17
7.6608e+03	1.5339e-17
7.6641e+03	2.0404e-17
7.6674e+03	2.6518e-17
7.6706e+03	2.8635e-17
7.6739e+03	3.1399e-17
7.6772e+03	3.2828e-17
7.6804e+03	2.6527e-17
7.6837e+03	1.9576e-17
7.6870e+03	1.9953e-17
7.6902e+03	2.4881e-17
7.6935e+03	2.5237e-17
7.6968e+03	1.9926e-17
7.7000e+03	1.9444e-17
7.7033e+03	2.4786e-17
7.7065e+03	2.2813e-17
7.7098e+03	1.6023e-17
7.7131e+03	1.1662e-17
7.7163e+03	9.6501e-18
7.7196e+03	1.1630e-17
7.7229e+03	1.4969e-17
7.7261e+03	2.1950e-17
7.7294e+03	2.7871e-17
7.7327e+03	2.9748e-17
7.7359e+03	2.7608e-17
7.7392e+03	2.3120e-17
7.7425e+03	1.8618e-17
7.7457e+03	1.4202e-17
7.7490e+03	1.1362e-17
7.7523e+03	1.3299e-17
7.7555e+03	1.7910e-17
7.7588e+03	2.1820e-17
7.7621e+03	2.2131e-17
7.7653e+03	2.3782e-17
7.7686e+03	2.7444e-17
7.7719e+03	2.6092e-17
7.7751e+03	2.6104e-17
7.7784e+03	3.4204e-17
7.7817e+03	3.7923e-17
7.7849e+03	3.5472e-17
7.7882e+03	3.6561e-17
7.7915e+03	3.8253e-17
7.7947e+03	3.6604e-17
7.7980e+03	3.2798e-17
7.8013e+03	3.3001e-17
7.8045e+03	3.2643e-17
7.8078e+03	2.8717e-17
7.8111e+03	3.1810e-17
7.8143e+03	3.4749e-17
7.8176e+03	3.6938e-17
7.8209e+03	4.2324e-17
7.8241e+03	3.8271e-17
7.8274e+03	3.0804e-17
7.8307e+03	3.4472e-17
7.8339e+03	4.0684e-17
7.8372e+03	4.5126e-17
7.8404e+03	4.8971e-17
7.8437e+03	4.4196e-17
7.8470e+03	3.3382e-17
7.8502e+03	2.9845e-17
7.8535e+03	3.5185e-17
7.8568e+03	4.1144e-17
7.8600e+03	4.8298e-17
7.8633e+03	4.7522e-17
7.8666e+03	4.0217e-17
7.8698e+03	4.3931e-17
7.8731e+03	4.3568e-17
7.8764e+03	4.0502e-17
7.8796e+03	3.7540e-17
7.8829e+03	3.7167e-17
7.8862e+03	4.7854e-17
7.8894e+03	4.8884e-17
7.8927e+03	4.5579e-17
7.8960e+03	4.7315e-17
7.8992e+03	4.5749e-17
7.9025e+03	4.4573e-17
7.9058e+03	4.3467e-17
7.9090e+03	3.7254e-17
7.9123e+03	3.7270e-17
7.9156e+03	4.1436e-17
7.9188e+03	3.7305e-17
7.9221e+03	3.7373e-17
7.9254e+03	4.0758e-17
7.9286e+03	3.3228e-17
7.9319e+03	3.0355e-17
7.9352e+03	3.7620e-17
7.9384e+03	3.9684e-17
7.9417e+03	3.5635e-17
7.9450e+03	3.3163e-17
7.9482e+03	3.3006e-17
7.9515e+03	3.2397e-17
7.9548e+03	2.9791e-17
7.9580e+03	3.2005e-17
7.9613e+03	3.5617e-17
7.9646e+03	3.7684e-17
7.9678e+03	4.5286e-17
7.9711e+03	4.3372e-17
7.9744e+03	3.5116e-17
7.9776e+03	3.8178e-17
7.9809e+03	4.1035e-17
7.9841e+03	3.4674e-17
7.9874e+03	2.9422e-17
7.9907e+03	3.1961e-17
7.9939e+03	3.8122e-17
7.9972e+03	4.0040e-17
8.0005e+03	3.8844e-17
8.0037e+03	3.5800e-17
8.0070e+03	3.1897e-17
8.0103e+03	3.4744e-17
8.0135e+03	3.7068e-17
8.0168e+03	3.1859e-17
8.0201e+03	2.4861e-17
8.0233e+03	2.4937e-17
8.0266e+03	3.1874e-17
8.0299e+03	3.1546e-17
8.0331e+03	3.0519e-17
8.0364e+03	3.3177e-17
8.0397e+03	3.0662e-17
8.0429e+03	2.1096e-17
8.0462e+03	1.8210e-17
8.0495e+03	2.1210e-17
8.0527e+03	2.0779e-17
8.0560e+03	2.4867e-17
8.0593e+03	3.1608e-17
8.0625e+03	3.2998e-17
8.0658e+03	2.6160e-17
8.0691e+03	1.7152e-17
8.0723e+03	1.7226e-17
8.0756e+03	2.3037e-17
8.0789e+03	2.7384e-17
8.0821e+03	2.9982e-17
8.0854e+03	2.7712e-17
8.0887e+03	1.8555e-17
8.0919e+03	1.2350e-17
8.0952e+03	1.8778e-17
8.0985e+03	2.9458e-17
8.1017e+03	3.2296e-17
8.1050e+03	2.5428e-17
8.1083e+03	2.0527e-17
8.1115e+03	1.8138e-17
8.1148e+03	1.1974e-17
8.1180e+03	9.6731e-18
8.1213e+03	1.7604e-17
8.1246e+03	2.1889e-17
8.1278e+03	1.9991e-17
8.1311e+03	1.7730e-17
8.1344e+03	1.5023e-17
8.1376e+03	1.3001e-17
8.1409e+03	9.4282e-18
8.1442e+03	1.3522e-17
8.1474e+03	2.6880e-17
8.1507e+03	2.7299e-17
8.1540e+03	2.2879e-17
8.1572e+03	2.7676e-17
8.1605e+03	2.9481e-17
8.1638e+03	2.7249e-17
8.1670e+03	1.8880e-17
8.1703e+03	1.2937e-17
8.1736e+03	2.0090e-17
8.1768e+03	2.6024e-17
8.1801e+03	2.4616e-17
8.1834e+03	2.7677e-17
8.1866e+03	2.6961e-17
8.1899e+03	2.0743e-17
8.1932e+03	1.7434e-17
8.1964e+03	2.0908e-17
8.1997e+03	2.5596e-17
8.2030e+03	2.8484e-17
8.2062e+03	2.9503e-17
8.2095e+03	2.3355e-17
8.2128e+03	1.3311e-17
8.2160e+03	1.6205e-17
8.2193e+03	2.6056e-17
8.2226e+03	2.6189e-17
8.2258e+03	2.5561e-17
8.2291e+03	2.4971e-17
8.2324e+03	2.0678e-17
8.2356e+03	2.0925e-17
8.2389e+03	2.0202e-17
8.2422e+03	1.9240e-17
8.2454e+03	2.0796e-17
8.2487e+03	1.8912e-17
8.2520e+03	1.6803e-17
8.2552e+03	1.8255e-17
8.2585e+03	1.8052e-17
8.2617e+03	1.9057e-17
8.2650e+03	2.1709e-17
8.2683e+03	1.9058e-17
8.2715e+03	1.4111e-17
8.2748e+03	1.4865e-17
8.2781e+03	2.2718e-17
8.2813e+03	1.8948e-17
8.2846e+03	1.1257e-17
8.2879e+03	9.5427e-18
8.2911e+03	1.6808e-17
8.2944e+03	2.1857e-17
8.2977e+03	1.9587e-17
8.3009e+03	2.3387e-17
8.3042e+03	2.2879e-17
8.3075e+03	1.5998e-17
8.3107e+03	1.5311e-17
8.3140e+03	1.3530e-17
8.3173e+03	1.4222e-17
8.3205e+03	1.7069e-17
8.3238e+03	1.6702e-17
8.3271e+03	1.2301e-17
8.3303e+03	5.6141e-18
8.3336e+03	7.0997e-18
8.3369e+03	6.3450e-18
8.3401e+03	7.0539e-18
8.3434e+03	1.5662e-17
8.3467e+03	2.1594e-17
8.3499e+03	2.2195e-17
8.3532e+03	2.1652e-17
8.3565e+03	1.7930e-17
8.3597e+03	1.1874e-17
8.3630e+03	1.0229e-17
8.3663e+03	5.2111e-18
8.3695e+03	1.7193e-18
8.3728e+03	4.8657e-18
8.3761e+03	4.4682e-18
8.3793e+03	7.4553e-19
8.3826e+03	1.8771e-18
8.3859e+03	7.1974e-18
8.3891e+03	4.7260e-18
8.3924e+03	-5.3084e-18
8.3956e+03	-7.5783e-18
8.3989e+03	-8.5082e-19
8.4022e+03	6.4220e-18
8.4054e+03	2.8400e-18
8.4087e+03	-4.3910e-18
8.4120e+03	-4.6637e-18
8.4152e+03	-4.1478e-18
8.4185e+03	-2.8695e-18
8.4218e+03	-4.0172e-18
8.4250e+03	-3.8239e-18
8.4283e+03	5.2688e-19
8.4316e+03	5.1787e-18
8.4348e+03	5.4834e-18
8.4381e+03	1.9562e-18
8.4414e+03	6.1865e-18
8.4446e+03	4.3365e-18
8.4479e+03	1.9681e-18
8.4512e+03	6.2116e-18
8.4544e+03	1.2539e-18
8.4577e+03	-6.1206e-18
8.4610e+03	-2.9291e-18
8.4642e+03	1.8065e-18
8.4675e+03	-3.3847e-18
8.4708e+03	-9.0997e-19
8.4740e+03	5.0812e-18
8.4773e+03	2.5276e-18
8.4806e+03	4.9554e-18
8.4838e+03	5.4810e-18
8.4871e+03	4.6946e-18
8.4904e+03	5.8181e-18
8.4936e+03	5.9857e-18
8.4969e+03	8.6932e-18
8.5002e+03	1.3207e-17
8.5034e+03	8.7084e-18
8.5067e+03	7.6032e-18
8.5100e+03	7.4655e-18
8.5132e+03	7.6163e-18
8.5165e+03	1.1872e-17
8.5198e+03	9.5290e-18
8.5230e+03	1.0435e-17
8.5263e+03	1.0645e-17
8.5296e+03	3.8364e-18
8.5328e+03	-5.9837e-19
8.5361e+03	-7.9738e-19
8.5393e+03	2.4868e-18
8.5426e+03	2.8172e-18
8.5459e+03	8.6126e-21
8.5491e+03	1.2335e-18
8.5524e+03	5.2854e-18
8.5557e+03	8.7376e-18
8.5589e+03	7.1423e-18
8.5622e+03	1.1203e-17
8.5655e+03	1.6437e-17
8.5687e+03	1.6767e-17
8.5720e+03	1.4395e-17
8.5753e+03	9.8235e-18
8.5785e+03	5.8827e-18
8.5818e+03	7.4100e-18
8.5851e+03	1.3309e-17
8.5883e+03	1.0894e-17
8.5916e+03	1.0993e-17
8.5949e+03	1.2921e-17
8.5981e+03	1.5814e-17
8.6014e+03	1.6320e-17
8.6047e+03	1.9010e-17
8.6079e+03	2.0877e-17
8.6112e+03	2.5634e-17
8.6145e+03	3.0961e-17
8.6177e+03	2.2037e-17
8.6210e+03	1.4560e-17
8.6243e+03	2.3421e-17
8.6275e+03	3.2649e-17
8.6308e+03	3.3730e-17
8.6341e+03	3.1548e-17
8.6373e+03	3.0141e-17
8.6406e+03	2.9315e-17
8.6439e+03	2.8035e-17
8.6471e+03	2.8517e-17
8.6504e+03	2.9244e-17
8.6537e+03	2.4960e-17
8.6569e+03	2.3232e-17
8.6602e+03	3.1445e-17
8.6635e+03	3.8677e-17
8.6667e+03	4.8781e-17
8.6700e+03	5.1202e-17
8.6732e+03	4.8171e-17
8.6765e+03	4.6593e-17
8.6798e+03	4.6165e-17
8.6830e+03	4.4572e-17
8.6863e+03	4.3788e-17
8.6896e+03	4.5584e-17
8.6928e+03	4.6047e-17
8.6961e+03	4.5582e-17
8.6994e+03	4.8636e-17
8.7026e+03	5.4528e-17
8.7059e+03	5.9701e-17
8.7092e+03	5.9141e-17
8.7124e+03	5.1562e-17
8.7157e+03	5.0927e-17
8.7190e+03	5.8229e-17
8.7222e+03	6.1575e-17
8.7255e+03	6.8468e-17
8.7288e+03	6.7583e-17
8.7320e+03	6.0017e-17
8.7353e+03	5.8897e-17
8.7386e+03	6.3703e-17
8.7418e+03	6.4479e-17
8.7451e+03	6.6717e-17
8.7484e+03	7.0121e-17
8.7516e+03	7.2873e-17
8.7549e+03	6.9584e-17
8.7582e+03	5.7702e-17
8.7614e+03	6.0283e-17
8.7647e+03	6.8292e-17
8.7680e+03	7.1050e-17
8.7712e+03	7.1221e-17
8.7745e+03	8.2367e-17
8.7778e+03	8.3781e-17
8.7810e+03	7.3807e-17
8.7843e+03	7.6120e-17
8.7876e+03	7.8295e-17
8.7908e+03	7.4602e-17
8.7941e+03	7.8187e-17
8.7974e+03	8.4872e-17
8.8006e+03	8.7638e-17
8.8039e+03	8.2189e-17
8.8072e+03	7.8373e-17
8.8104e+03	7.8671e-17
8.8137e+03	7.5524e-17
8.8169e+03	7.1081e-17
8.8202e+03	6.6909e-17
8.8235e+03	7.3646e-17
8.8267e+03	8.6498e-17
8.8300e+03	8.2454e-17
8.8333e+03	6.7734e-17
8.8365e+03	7.1365e-17
8.8398e+03	8.5800e-17
8.8431e+03	8.5139e-17
8.8463e+03	8.4364e-17
8.8496e+03	8.2897e-17
8.8529e+03	7.5652e-17
8.8561e+03	7.1867e-17
8.8594e+03	7.6173e-17
8.8627e+03	8.7441e-17
8.8659e+03	9.2059e-17
8.8692e+03	8.8202e-17
8.8725e+03	7.8842e-17
8.8757e+03	6.9261e-17
8.8790e+03	6.6998e-17
8.8823e+03	7.3849e-17
8.8855e+03	7.9663e-17
8.8888e+03	7.2169e-17
8.8921e+03	6.7874e-17
8.8953e+03	7.0558e-17
8.8986e+03	7.9447e-17
8.9019e+03	8.1607e-17
8.9051e+03	7.4383e-17
8.9084e+03	7.0474e-17
8.9117e+03	6.5749e-17
8.9149e+03	6.2791e-17
8.9182e+03	6.1984e-17
8.9215e+03	6.0433e-17
8.9247e+03	6.2470e-17
8.9280e+03	6.1874e-17
8.9313e+03	5.7068e-17
8.9345e+03	6.3365e-17
8.9378e+03	6.9430e-17
8.9411e+03	6.6591e-17
8.9443e+03	6.2516e-17
8.9476e+03	6.6016e-17
8.9509e+03	7.2133e-17
8.9541e+03	7.4899e-17
8.9574e+03	6.7742e-17
8.9606e+03	5.7842e-17
8.9639e+03	6.0297e-17
8.9672e+03	5.8393e-17
8.9704e+03	5.2297e-17
8.9737e+03	4.9442e-17
8.9770e+03	4.8022e-17
8.9802e+03	5.1751e-17
8.9835e+03	5.1091e-17
8.9868e+03	4.6802e-17
8.9900e+03	4.8899e-17
8.9933e+03	5.3627e-17
8.9966e+03	5.6694e-17
8.9998e+03	5.0369e-17
9.0031e+03	4.5962e-17
9.0064e+03	3.9254e-17
9.0096e+03	3.7803e-17
9.0129e+03	4.7935e-17
9.0162e+03	4.5072e-17
9.0194e+03	4.0874e-17
9.0227e+03	4.5113e-17
9.0260e+03	4.3874e-17
9.0292e+03	4.5073e-17
9.0325e+03	4.4521e-17
9.0358e+03	3.7034e-17
9.0390e+03	3.7164e-17
9.0423e+03	4.2141e-17
9.0456e+03	4.1323e-17
9.0488e+03	3.9914e-17
9.0521e+03	3.8136e-17
9.0554e+03	3.8107e-17
9.0586e+03	4.2926e-17
9.0619e+03	4.2660e-17
9.0652e+03	3.8083e-17
9.0684e+03	3.2291e-17
9.0717e+03	3.5422e-17
9.0750e+03	4.3168e-17
9.0782e+03	3.7891e-17
9.0815e+03	2.9779e-17
9.0848e+03	2.7710e-17
9.0880e+03	2.8648e-17
9.0913e+03	2.8816e-17
9.0945e+03	3.5160e-17
9.0978e+03	3.5804e-17
9.1011e+03	3.0586e-17
9.1043e+03	2.9422e-17
9.1076e+03	2.7111e-17
9.1109e+03	2.8031e-17
9.1141e+03	3.0646e-17
9.1174e+03	2.9242e-17
9.1207e+03	2.9062e-17
9.1239e+03	2.9203e-17
9.1272e+03	2.3174e-17
9.1305e+03	1.9200e-17
9.1337e+03	2.0087e-17
9.1370e+03	2.2841e-17
9.1403e+03	2.2778e-17
9.1435e+03	1.9927e-17
9.1468e+03	2.3206e-17
9.1501e+03	2.9273e-17
9.1533e+03	3.1520e-17
9.1566e+03	2.9288e-17
9.1599e+03	2.7017e-17
9.1631e+03	2.2560e-17
9.1664e+03	1.8473e-17
9.1697e+03	2.0123e-17
9.1729e+03	1.8751e-17
9.1762e+03	1.5895e-17
9.1795e+03	1.7411e-17
9.1827e+03	1.9492e-17
9.1860e+03	1.7839e-17
9.1893e+03	1.7184e-17
9.1925e+03	1.7686e-17
9.1958e+03	1.5900e-17
9.1991e+03	1.7236e-17
9.2023e+03	2.1335e-17
9.2056e+03	1.8917e-17
9.2089e+03	1.4431e-17
9.2121e+03	1.7894e-17
9.2154e+03	2.4272e-17
9.2187e+03	2.4647e-17
9.2219e+03	1.6558e-17
9.2252e+03	1.1698e-17
9.2285e+03	1.3174e-17
9.2317e+03	1.4873e-17
9.2350e+03	1.2993e-17
9.2382e+03	9.3483e-18
9.2415e+03	9.0384e-18
9.2448e+03	1.2072e-17
9.2480e+03	1.3928e-17
9.2513e+03	1.2274e-17
9.2546e+03	9.4639e-18
9.2578e+03	1.0356e-17
9.2611e+03	2.1049e-17
9.2644e+03	2.1463e-17
9.2676e+03	1.9110e-17
9.2709e+03	2.0458e-17
9.2742e+03	1.9564e-17
9.2774e+03	1.1709e-17
9.2807e+03	1.2609e-17
9.2840e+03	1.2544e-17
9.2872e+03	1.4436e-17
9.2905e+03	1.9958e-17
9.2938e+03	1.6116e-17
9.2970e+03	8.3396e-18
9.3003e+03	9.5417e-18
9.3036e+03	1.5052e-17
9.3068e+03	2.0539e-17
9.3101e+03	2.4637e-17
9.3134e+03	1.1046e-17
9.3166e+03	1.3945e-17
9.3199e+03	3.0899e-17
9.3232e+03	2.9582e-17
9.3264e+03	1.7358e-17
9.3297e+03	1.3145e-17
9.3330e+03	1.8398e-17
9.3362e+03	2.9169e-17
9.3395e+03	2.9186e-17
9.3428e+03	2.5871e-17
9.3460e+03	3.3121e-17
9.3493e+03	3.3031e-17
9.3526e+03	3.2870e-17
9.3558e+03	3.4677e-17
9.3591e+03	2.7386e-17
9.3624e+03	3.2376e-17
9.3656e+03	3.7003e-17
9.3689e+03	4.3063e-17
9.3721e+03	4.5020e-17
9.3754e+03	4.0644e-17
9.3787e+03	3.4435e-17
9.3819e+03	3.4307e-17
9.3852e+03	3.2078e-17
9.3885e+03	2.5706e-17
9.3917e+03	2.2312e-17
9.3950e+03	2.9131e-17
9.3983e+03	2.7135e-17
9.4015e+03	1.6632e-17
9.4048e+03	1.2818e-17
9.4081e+03	1.9602e-17
9.4113e+03	2.3482e-17
9.4146e+03	3.1335e-17
9.4179e+03	3.9069e-17
9.4211e+03	3.4416e-17
9.4244e+03	3.2964e-17
9.4277e+03	2.1569e-17
9.4309e+03	1.4377e-17
9.4342e+03	2.2129e-17
9.4375e+03	2.5217e-17
9.4407e+03	1.5748e-17
9.4440e+03	1.3803e-17
9.4473e+03	2.7872e-17
9.4505e+03	2.7111e-17
9.4538e+03	2.5029e-17
9.4571e+03	2.3890e-17
9.4603e+03	2.6442e-17
9.4636e+03	3.0405e-17
9.4669e+03	3.6477e-17
9.4701e+03	2.0764e-17
9.4734e+03	1.6156e-17
9.4767e+03	2.7791e-17
9.4799e+03	3.5277e-17
9.4832e+03	2.9182e-17
9.4865e+03	2.2663e-17
9.4897e+03	2.6162e-17
9.4930e+03	2.9608e-17
9.4963e+03	2.1536e-17
9.4995e+03	2.2142e-17
9.5028e+03	3.3450e-17
9.5061e+03	4.0322e-17
9.5093e+03	3.8622e-17
9.5126e+03	3.4396e-17
9.5158e+03	3.5982e-17
9.5191e+03	3.6224e-17
9.5224e+03	3.3657e-17
9.5256e+03	2.8975e-17
9.5289e+03	2.6267e-17
9.5322e+03	2.0140e-17
9.5354e+03	1.6538e-17
9.5387e+03	2.5101e-17
9.5420e+03	3.2786e-17
9.5452e+03	3.5198e-17
9.5485e+03	3.3101e-17
9.5518e+03	2.6449e-17
9.5550e+03	3.4928e-17
9.5583e+03	4.7426e-17
9.5616e+03	4.7843e-17
9.5648e+03	3.6174e-17
9.5681e+03	2.3409e-17
9.5714e+03	2.7089e-17
9.5746e+03	3.3065e-17
9.5779e+03	2.9998e-17
9.5812e+03	2.4779e-17
9.5844e+03	2.5251e-17
