MJDOBS    53486.0
JDOBS    2.45349e+06
DATE    20050426
AGE_OBS    NaN
TELESCOPE    TNG-
DETECTOR    LRS-
SOURCE    Asiago-Catalogue(SUSPECT)
       3295.0000 -3.74249e-18
       3297.9068  4.46852e-17
       3300.8135  3.93854e-17
       3303.7202  8.25867e-17
       3306.6270  4.16512e-17
       3309.5337 -1.14674e-17
       3312.4404 -2.46821e-17
       3315.3472  1.25168e-17
       3318.2539  5.14205e-17
       3321.1607  8.89592e-17
       3324.0674  5.42393e-17
       3326.9741  3.08871e-17
       3329.8809 -7.87495e-18
       3332.7876  4.62315e-18
       3335.6943  2.59568e-17
       3338.6011  3.61709e-17
       3341.5078  1.34046e-17
       3344.4146  1.08074e-17
       3347.3213  1.10685e-17
       3350.2280  3.03099e-18
       3353.1348  1.16192e-17
       3356.0415  3.57971e-17
       3358.9482  6.24494e-17
       3361.8550  5.02340e-17
       3364.7617  1.18808e-17
       3367.6685 -1.25297e-17
       3370.5752  2.28796e-18
       3373.4819  3.28029e-17
       3376.3887  5.08459e-17
       3379.2954  4.03382e-17
       3382.2021  3.22502e-17
       3385.1089  3.96691e-17
       3388.0156  2.21682e-17
       3390.9224  1.11287e-17
       3393.8291  2.24030e-17
       3396.7358  6.30286e-17
       3399.6426  5.69756e-17
       3402.5493  1.80588e-17
       3405.4561 -7.76161e-20
       3408.3628 -4.29158e-18
       3411.2695  6.33623e-17
       3414.1763  8.00140e-17
       3417.0830  6.21496e-17
       3419.9897  2.20796e-17
       3422.8965  1.62888e-17
       3425.8032  8.81612e-18
       3428.7100  3.59739e-17
       3431.6167  5.81383e-17
       3434.5234  6.76483e-17
       3437.4302  5.65212e-17
       3440.3369  1.72710e-17
       3443.2436  3.18830e-17
       3446.1504  5.00165e-17
       3449.0571  5.27527e-17
       3451.9639  5.08642e-17
       3454.8706  4.77143e-17
       3457.7773  1.18055e-17
       3460.6841  1.60247e-17
       3463.5908  4.35459e-17
       3466.4975  4.63532e-17
       3469.4043  3.95564e-17
       3472.3110  3.40447e-17
       3475.2178  2.93969e-17
       3478.1245  3.13254e-17
       3481.0312  1.90501e-17
       3483.9380  1.26058e-17
       3486.8447  2.15055e-17
       3489.7514  2.20351e-17
       3492.6582  2.51541e-17
       3495.5649  3.17706e-17
       3498.4717  3.33376e-17
       3501.3784  3.37322e-17
       3504.2851  3.04417e-17
       3507.1919  1.83129e-17
       3510.0986  2.05534e-17
       3513.0053  2.67487e-17
       3515.9121  2.94553e-17
       3518.8188  3.03565e-17
       3521.7256  3.91555e-17
       3524.6323  3.40077e-17
       3527.5390  2.70585e-17
       3530.4458  2.58291e-17
       3533.3525  2.24207e-17
       3536.2593  2.95914e-17
       3539.1660  3.05277e-17
       3542.0727  4.15040e-17
       3544.9795  3.33785e-17
       3547.8862  2.01486e-17
       3550.7929  2.43497e-17
       3553.6997  3.60449e-17
       3556.6064  3.89432e-17
       3559.5132  4.29270e-17
       3562.4199  3.46845e-17
       3565.3266  2.23625e-17
       3568.2334  1.64930e-17
       3571.1401  2.47997e-17
       3574.0468  3.15590e-17
       3576.9536  3.58248e-17
       3579.8603  3.98348e-17
       3582.7671  3.38008e-17
       3585.6738  2.86521e-17
       3588.5805  2.25584e-17
       3591.4873  2.20160e-17
       3594.3940  3.85155e-17
       3597.3007  4.49062e-17
       3600.2075  4.06610e-17
       3603.1142  3.42737e-17
       3606.0210  2.34459e-17
       3608.9277  3.42524e-17
       3611.8344  4.67337e-17
       3614.7412  4.04181e-17
       3617.6479  3.43584e-17
       3620.5546  3.03085e-17
       3623.4614  3.15643e-17
       3626.3681  3.11621e-17
       3629.2749  3.97081e-17
       3632.1816  3.71514e-17
       3635.0883  3.50788e-17
       3637.9951  2.85602e-17
       3640.9018  2.58321e-17
       3643.8085  2.47485e-17
       3646.7153  3.60989e-17
       3649.6220  3.51724e-17
       3652.5288  3.18010e-17
       3655.4355  3.90632e-17
       3658.3422  3.22438e-17
       3661.2490  2.21705e-17
       3664.1557  3.15235e-17
       3667.0625  3.55531e-17
       3669.9692  3.99095e-17
       3672.8759  3.68411e-17
       3675.7827  2.79780e-17
       3678.6894  2.96521e-17
       3681.5961  3.17599e-17
       3684.5029  3.53219e-17
       3687.4096  3.60145e-17
       3690.3164  3.53393e-17
       3693.2231  4.03387e-17
       3696.1298  3.65315e-17
       3699.0366  2.70337e-17
       3701.9433  3.18582e-17
       3704.8500  4.78260e-17
       3707.7568  4.87530e-17
       3710.6635  3.61955e-17
       3713.5703  3.35127e-17
       3716.4770  4.15271e-17
       3719.3837  4.55609e-17
       3722.2905  4.74063e-17
       3725.1972  5.15191e-17
       3728.1039  4.26187e-17
       3731.0107  4.08925e-17
       3733.9174  5.40160e-17
       3736.8242  5.80789e-17
       3739.7309  5.69838e-17
       3742.6376  6.04272e-17
       3745.5444  5.81473e-17
       3748.4511  5.78282e-17
       3751.3578  5.50729e-17
       3754.2646  5.48419e-17
       3757.1713  5.66313e-17
       3760.0781  5.71695e-17
       3762.9848  5.29173e-17
       3765.8915  5.75465e-17
       3768.7983  5.94475e-17
       3771.7050  5.98180e-17
       3774.6117  6.62417e-17
       3777.5185  6.79554e-17
       3780.4252  6.23809e-17
       3783.3320  6.16753e-17
       3786.2387  6.01147e-17
       3789.1454  5.17082e-17
       3792.0522  5.35545e-17
       3794.9589  5.98740e-17
       3797.8657  5.73481e-17
       3800.7724  5.69074e-17
       3803.6791  5.71117e-17
       3806.5859  5.30783e-17
       3809.4926  5.03953e-17
       3812.3993  5.29897e-17
       3815.3061  4.84784e-17
       3818.2128  4.50677e-17
       3821.1196  4.72223e-17
       3824.0263  4.56542e-17
       3826.9330  4.38022e-17
       3829.8398  4.30137e-17
       3832.7465  4.14391e-17
       3835.6532  4.27872e-17
       3838.5600  4.64217e-17
       3841.4667  4.15531e-17
       3844.3735  3.29574e-17
       3847.2802  3.39551e-17
       3850.1869  3.73827e-17
       3853.0937  3.72098e-17
       3856.0004  3.63161e-17
       3858.9071  3.41996e-17
       3861.8139  3.38504e-17
       3864.7206  3.31288e-17
       3867.6274  3.36043e-17
       3870.5341  3.32584e-17
       3873.4408  3.23317e-17
       3876.3476  3.32252e-17
       3879.2543  3.27893e-17
       3882.1610  2.99390e-17
       3885.0678  3.07206e-17
       3887.9745  3.50032e-17
       3890.8813  3.87042e-17
       3893.7880  3.51316e-17
       3896.6947  3.95063e-17
       3899.6015  3.82061e-17
       3902.5082  3.63914e-17
       3905.4149  4.02428e-17
       3908.3217  4.17513e-17
       3911.2284  4.32974e-17
       3914.1352  4.86674e-17
       3917.0419  4.57876e-17
       3919.9486  4.22264e-17
       3922.8554  4.65060e-17
       3925.7621  4.96475e-17
       3928.6688  5.56961e-17
       3931.5756  5.58214e-17
       3934.4823  5.24769e-17
       3937.3891  5.35960e-17
       3940.2958  5.29472e-17
       3943.2025  5.37868e-17
       3946.1093  5.81238e-17
       3949.0160  6.31640e-17
       3951.9228  6.20944e-17
       3954.8295  5.82216e-17
       3957.7362  6.03995e-17
       3960.6430  6.28771e-17
       3963.5497  7.07523e-17
       3966.4564  7.28711e-17
       3969.3632  6.47715e-17
       3972.2699  6.65830e-17
       3975.1767  7.14771e-17
       3978.0834  7.63450e-17
       3980.9901  8.25122e-17
       3983.8969  8.22386e-17
       3986.8036  7.77970e-17
       3989.7103  7.79450e-17
       3992.6171  8.45281e-17
       3995.5238  8.92391e-17
       3998.4306  9.16530e-17
       4001.3373  9.90894e-17
       4004.2440  1.04062e-16
       4007.1508  1.06917e-16
       4010.0575  1.06786e-16
       4012.9642  1.13712e-16
       4015.8710  1.17821e-16
       4018.7777  1.20509e-16
       4021.6845  1.28402e-16
       4024.5912  1.29055e-16
       4027.4979  1.27873e-16
       4030.4047  1.34346e-16
       4033.3114  1.40465e-16
       4036.2181  1.44212e-16
       4039.1249  1.49895e-16
       4042.0316  1.52190e-16
       4044.9384  1.54691e-16
       4047.8451  1.53917e-16
       4050.7518  1.54881e-16
       4053.6586  1.57704e-16
       4056.5653  1.58928e-16
       4059.4720  1.65582e-16
       4062.3788  1.71726e-16
       4065.2855  1.69194e-16
       4068.1923  1.62014e-16
       4071.0990  1.58268e-16
       4074.0057  1.56470e-16
       4076.9125  1.53977e-16
       4079.8192  1.51072e-16
       4082.7260  1.40841e-16
       4085.6327  1.33001e-16
       4088.5394  1.30227e-16
       4091.4462  1.30168e-16
       4094.3529  1.26127e-16
       4097.2596  1.22393e-16
       4100.1664  1.19483e-16
       4103.0731  1.12635e-16
       4105.9799  1.08979e-16
       4108.8866  1.07601e-16
       4111.7933  1.11869e-16
       4114.7001  1.09546e-16
       4117.6068  1.02892e-16
       4120.5135  1.03601e-16
       4123.4203  1.05950e-16
       4126.3270  1.08085e-16
       4129.2338  1.10225e-16
       4132.1405  1.11437e-16
       4135.0472  1.09263e-16
       4137.9540  1.05033e-16
       4140.8607  1.03245e-16
       4143.7674  1.02837e-16
       4146.6742  9.96426e-17
       4149.5809  1.02414e-16
       4152.4877  1.03703e-16
       4155.3944  1.02902e-16
       4158.3011  1.00705e-16
       4161.2079  9.90241e-17
       4164.1146  9.94596e-17
       4167.0213  1.01950e-16
       4169.9281  1.03559e-16
       4172.8348  9.95757e-17
       4175.7416  9.52088e-17
       4178.6483  9.50368e-17
       4181.5550  9.38172e-17
       4184.4618  9.34025e-17
       4187.3685  9.26658e-17
       4190.2752  8.86989e-17
       4193.1820  8.82796e-17
       4196.0887  8.77318e-17
       4198.9955  8.25197e-17
       4201.9022  7.59010e-17
       4204.8089  7.54500e-17
       4207.7157  7.60417e-17
       4210.6224  7.43333e-17
       4213.5292  7.13908e-17
       4216.4359  6.88591e-17
       4219.3426  6.61947e-17
       4222.2494  6.29668e-17
       4225.1561  6.12911e-17
       4228.0628  6.16141e-17
       4230.9696  6.22583e-17
       4233.8763  6.07229e-17
       4236.7831  5.77643e-17
       4239.6898  5.92778e-17
       4242.5965  6.27115e-17
       4245.5033  6.07985e-17
       4248.4100  5.71510e-17
       4251.3167  5.88516e-17
       4254.2235  5.87689e-17
       4257.1302  5.81176e-17
       4260.0370  5.87441e-17
       4262.9437  6.07329e-17
       4265.8504  6.14707e-17
       4268.7572  6.13336e-17
       4271.6639  6.04963e-17
       4274.5706  6.27283e-17
       4277.4774  6.32014e-17
       4280.3841  6.30998e-17
       4283.2909  6.62879e-17
       4286.1976  6.84981e-17
       4289.1043  6.71638e-17
       4292.0111  6.38098e-17
       4294.9178  6.29738e-17
       4297.8245  6.36068e-17
       4300.7313  6.23568e-17
       4303.6380  6.24902e-17
       4306.5448  6.38720e-17
       4309.4515  6.29552e-17
       4312.3582  6.24903e-17
       4315.2650  6.33979e-17
       4318.1717  6.23525e-17
       4321.0784  6.38680e-17
       4323.9852  6.47634e-17
       4326.8919  6.25396e-17
       4329.7987  6.10290e-17
       4332.7054  6.06299e-17
       4335.6121  6.15743e-17
       4338.5189  6.36221e-17
       4341.4256  6.18281e-17
       4344.3324  5.92837e-17
       4347.2391  6.08820e-17
       4350.1458  6.24768e-17
       4353.0526  6.10798e-17
       4355.9593  6.01276e-17
       4358.8660  6.27347e-17
       4361.7728  5.93350e-17
       4364.6795  5.90625e-17
       4367.5863  5.68424e-17
       4370.4930  5.82304e-17
       4373.3997  5.96304e-17
       4376.3065  5.95332e-17
       4379.2132  5.90945e-17
       4382.1199  6.01138e-17
       4385.0267  6.19778e-17
       4387.9334  6.17184e-17
       4390.8402  6.00556e-17
       4393.7469  6.28568e-17
       4396.6536  6.45006e-17
       4399.5604  6.32923e-17
       4402.4671  6.37250e-17
       4405.3738  6.39920e-17
       4408.2806  6.21733e-17
       4411.1873  6.10303e-17
       4414.0941  6.19501e-17
       4417.0008  6.48768e-17
       4419.9075  6.85083e-17
       4422.8143  6.72646e-17
       4425.7210  6.27129e-17
       4428.6277  6.23732e-17
       4431.5345  6.60604e-17
       4434.4412  6.75868e-17
       4437.3480  6.39382e-17
       4440.2547  6.20999e-17
       4443.1614  6.17912e-17
       4446.0682  6.13951e-17
       4448.9749  6.17017e-17
       4451.8816  6.15514e-17
       4454.7884  6.35441e-17
       4457.6951  6.27778e-17
       4460.6019  6.00568e-17
       4463.5086  5.69310e-17
       4466.4153  5.75362e-17
       4469.3221  5.88151e-17
       4472.2288  5.97105e-17
       4475.1356  6.17805e-17
       4478.0423  6.42026e-17
       4480.9490  6.22400e-17
       4483.8558  6.10536e-17
       4486.7625  5.90548e-17
       4489.6692  5.96684e-17
       4492.5760  6.03290e-17
       4495.4827  6.02484e-17
       4498.3895  6.13469e-17
       4501.2962  6.32175e-17
       4504.2029  6.60981e-17
       4507.1097  6.96836e-17
       4510.0164  7.21335e-17
       4512.9231  7.37200e-17
       4515.8299  7.48831e-17
       4518.7366  7.64254e-17
       4521.6434  7.88744e-17
       4524.5501  8.44466e-17
       4527.4568  8.83435e-17
       4530.3636  9.03847e-17
       4533.2703  9.51897e-17
       4536.1770  9.75676e-17
       4539.0838  9.84422e-17
       4541.9905  1.01655e-16
       4544.8973  1.06862e-16
       4547.8040  1.13233e-16
       4550.7107  1.15344e-16
       4553.6175  1.15602e-16
       4556.5242  1.17225e-16
       4559.4309  1.20213e-16
       4562.3377  1.26088e-16
       4565.2444  1.28656e-16
       4568.1512  1.29648e-16
       4571.0579  1.33349e-16
       4573.9646  1.35087e-16
       4576.8714  1.37789e-16
       4579.7781  1.40684e-16
       4582.6848  1.44791e-16
       4585.5916  1.47940e-16
       4588.4983  1.49857e-16
       4591.4051  1.52182e-16
       4594.3118  1.52011e-16
       4597.2185  1.54471e-16
       4600.1253  1.62278e-16
       4603.0320  1.61178e-16
       4605.9388  1.63179e-16
       4608.8455  1.64690e-16
       4611.7522  1.66633e-16
       4614.6590  1.67889e-16
       4617.5657  1.76275e-16
       4620.4724  1.77950e-16
       4623.3792  1.77572e-16
       4626.2859  1.80959e-16
       4629.1927  1.83748e-16
       4632.0994  1.88366e-16
       4635.0061  1.91419e-16
       4637.9129  1.91189e-16
       4640.8196  1.94512e-16
       4643.7263  2.01307e-16
       4646.6331  2.08476e-16
       4649.5398  2.11605e-16
       4652.4466  2.15597e-16
       4655.3533  2.23712e-16
       4658.2600  2.28716e-16
       4661.1668  2.34187e-16
       4664.0735  2.36292e-16
       4666.9802  2.37177e-16
       4669.8870  2.43364e-16
       4672.7937  2.43932e-16
       4675.7005  2.44801e-16
       4678.6072  2.44448e-16
       4681.5139  2.41029e-16
       4684.4207  2.42299e-16
       4687.3274  2.40918e-16
       4690.2341  2.37692e-16
       4693.1409  2.34652e-16
       4696.0476  2.35134e-16
       4698.9544  2.33350e-16
       4701.8611  2.30322e-16
       4704.7678  2.27317e-16
       4707.6746  2.16057e-16
       4710.5813  2.12303e-16
       4713.4880  2.13361e-16
       4716.3948  2.07718e-16
       4719.3015  2.00803e-16
       4722.2083  2.03806e-16
       4725.1150  2.08087e-16
       4728.0217  2.12605e-16
       4730.9285  2.14156e-16
       4733.8352  2.14890e-16
       4736.7420  2.16017e-16
       4739.6487  2.16475e-16
       4742.5554  2.16599e-16
       4745.4622  2.16195e-16
       4748.3689  2.18473e-16
       4751.2756  2.18997e-16
       4754.1824  2.20312e-16
       4757.0891  2.23909e-16
       4759.9959  2.25929e-16
       4762.9026  2.23211e-16
       4765.8093  2.17498e-16
       4768.7161  2.13361e-16
       4771.6228  2.12354e-16
       4774.5295  2.12649e-16
       4777.4363  2.11140e-16
       4780.3430  2.06376e-16
       4783.2498  2.00131e-16
       4786.1565  1.97738e-16
       4789.0632  1.92803e-16
       4791.9700  1.88137e-16
       4794.8767  1.84834e-16
       4797.7834  1.79995e-16
       4800.6902  1.79911e-16
       4803.5969  1.77679e-16
       4806.5037  1.71498e-16
       4809.4104  1.70420e-16
       4812.3171  1.69174e-16
       4815.2239  1.67832e-16
       4818.1306  1.67709e-16
       4821.0373  1.66356e-16
       4823.9441  1.60260e-16
       4826.8508  1.60113e-16
       4829.7576  1.63045e-16
       4832.6643  1.62045e-16
       4835.5710  1.63699e-16
       4838.4778  1.64199e-16
       4841.3845  1.66133e-16
       4844.2912  1.66301e-16
       4847.1980  1.69802e-16
       4850.1047  1.72392e-16
       4853.0115  1.73160e-16
       4855.9182  1.74135e-16
       4858.8249  1.75902e-16
       4861.7317  1.78964e-16
       4864.6384  1.83401e-16
       4867.5452  1.86031e-16
       4870.4519  1.86125e-16
       4873.3586  1.87518e-16
       4876.2654  1.89316e-16
       4879.1721  1.89252e-16
       4882.0788  1.89523e-16
       4884.9856  1.92699e-16
       4887.8923  1.93184e-16
       4890.7991  1.92401e-16
       4893.7058  1.96577e-16
       4896.6125  1.96970e-16
       4899.5193  1.94458e-16
       4902.4260  1.96404e-16
       4905.3327  1.99124e-16
       4908.2395  2.01751e-16
       4911.1462  2.04983e-16
       4914.0530  2.03976e-16
       4916.9597  2.01813e-16
       4919.8664  2.02191e-16
       4922.7732  2.06417e-16
       4925.6799  2.08146e-16
       4928.5866  2.12372e-16
       4931.4934  2.15244e-16
       4934.4001  2.16185e-16
       4937.3069  2.15940e-16
       4940.2136  2.14274e-16
       4943.1203  2.13148e-16
       4946.0271  2.13210e-16
       4948.9338  2.15204e-16
       4951.8405  2.17512e-16
       4954.7473  2.17192e-16
       4957.6540  2.16693e-16
       4960.5608  2.14547e-16
       4963.4675  2.14217e-16
       4966.3742  2.11664e-16
       4969.2810  2.09104e-16
       4972.1877  2.05778e-16
       4975.0944  1.97909e-16
       4978.0012  1.92729e-16
       4980.9079  1.92938e-16
       4983.8147  1.90304e-16
       4986.7214  1.87205e-16
       4989.6281  1.86230e-16
       4992.5349  1.81162e-16
       4995.4416  1.75512e-16
       4998.3484  1.72866e-16
       5001.2551  1.69802e-16
       5004.1618  1.70127e-16
       5007.0686  1.72959e-16
       5009.9753  1.71610e-16
       5012.8820  1.71941e-16
       5015.7888  1.72855e-16
       5018.6955  1.72577e-16
       5021.6023  1.76348e-16
       5024.5090  1.74578e-16
       5027.4157  1.77092e-16
       5030.3225  1.82874e-16
       5033.2292  1.83478e-16
       5036.1359  1.80687e-16
       5039.0427  1.82054e-16
       5041.9494  1.84730e-16
       5044.8562  1.85606e-16
       5047.7629  1.87193e-16
       5050.6696  1.89016e-16
       5053.5764  1.88180e-16
       5056.4831  1.89756e-16
       5059.3898  1.88371e-16
       5062.2966  1.88796e-16
       5065.2033  1.87016e-16
       5068.1101  1.85522e-16
       5071.0168  1.79685e-16
       5073.9235  1.72331e-16
       5076.8303  1.66973e-16
       5079.7370  1.65756e-16
       5082.6437  1.66000e-16
       5085.5505  1.61133e-16
       5088.4572  1.57548e-16
       5091.3640  1.53436e-16
       5094.2707  1.52105e-16
       5097.1774  1.51387e-16
       5100.0842  1.45223e-16
       5102.9909  1.38782e-16
       5105.8976  1.37860e-16
       5108.8044  1.38154e-16
       5111.7111  1.34327e-16
       5114.6179  1.29597e-16
       5117.5246  1.27688e-16
       5120.4313  1.29699e-16
       5123.3381  1.28967e-16
       5126.2448  1.24695e-16
       5129.1516  1.25115e-16
       5132.0583  1.26694e-16
       5134.9650  1.26107e-16
       5137.8718  1.23996e-16
       5140.7785  1.24357e-16
       5143.6852  1.26189e-16
       5146.5920  1.27705e-16
       5149.4987  1.28803e-16
       5152.4055  1.31699e-16
       5155.3122  1.33431e-16
       5158.2189  1.30815e-16
       5161.1257  1.31461e-16
       5164.0324  1.37458e-16
       5166.9391  1.42723e-16
       5169.8459  1.41314e-16
       5172.7526  1.40373e-16
       5175.6594  1.37576e-16
       5178.5661  1.42534e-16
       5181.4728  1.46682e-16
       5184.3796  1.50731e-16
       5187.2863  1.54236e-16
       5190.1930  1.55581e-16
       5193.0998  1.54606e-16
       5196.0065  1.61480e-16
       5198.9133  1.66997e-16
       5201.8200  1.71524e-16
       5204.7267  1.70364e-16
       5207.6335  1.69784e-16
       5210.5402  1.70219e-16
       5213.4469  1.69938e-16
       5216.3537  1.73939e-16
       5219.2604  1.76436e-16
       5222.1672  1.76497e-16
       5225.0739  1.77238e-16
       5227.9806  1.76366e-16
       5230.8874  1.78051e-16
       5233.7941  1.78337e-16
       5236.7008  1.75975e-16
       5239.6076  1.75718e-16
       5242.5143  1.77127e-16
       5245.4211  1.80763e-16
       5248.3278  1.81696e-16
       5251.2345  1.76618e-16
       5254.1413  1.73470e-16
       5257.0480  1.76415e-16
       5259.9548  1.78647e-16
       5262.8615  1.77393e-16
       5265.7682  1.78162e-16
       5268.6750  1.78646e-16
       5271.5817  1.77111e-16
       5274.4884  1.76682e-16
       5277.3952  1.79625e-16
       5280.3019  1.84040e-16
       5283.2087  1.84384e-16
       5286.1154  1.81994e-16
       5289.0221  1.80856e-16
       5291.9289  1.79816e-16
       5294.8356  1.81608e-16
       5297.7423  1.85798e-16
       5300.6491  1.89747e-16
       5303.5558  1.92340e-16
       5306.4626  1.93359e-16
       5309.3693  1.92975e-16
       5312.2760  1.94141e-16
       5315.1828  1.98744e-16
       5318.0895  2.05513e-16
       5320.9962  2.07326e-16
       5323.9030  2.06274e-16
       5326.8097  2.09379e-16
       5329.7165  2.11961e-16
       5332.6232  2.13380e-16
       5335.5299  2.16759e-16
       5338.4367  2.20619e-16
       5341.3434  2.22986e-16
       5344.2501  2.24542e-16
       5347.1569  2.28800e-16
       5350.0636  2.34906e-16
       5352.9704  2.38278e-16
       5355.8771  2.41252e-16
       5358.7838  2.44247e-16
       5361.6906  2.45993e-16
       5364.5973  2.47789e-16
       5367.5040  2.49691e-16
       5370.4108  2.52025e-16
       5373.3175  2.55142e-16
       5376.2243  2.55406e-16
       5379.1310  2.56341e-16
       5382.0377  2.61076e-16
       5384.9445  2.63588e-16
       5387.8512  2.61958e-16
       5390.7580  2.61389e-16
       5393.6647  2.63118e-16
       5396.5714  2.63661e-16
       5399.4782  2.64162e-16
       5402.3849  2.66008e-16
       5405.2916  2.68508e-16
       5408.1984  2.68149e-16
       5411.1051  2.66769e-16
       5414.0119  2.64527e-16
       5416.9186  2.65981e-16
       5419.8253  2.64524e-16
       5422.7321  2.62136e-16
       5425.6388  2.57803e-16
       5428.5455  2.53858e-16
       5431.4523  2.54030e-16
       5434.3590  2.55129e-16
       5437.2658  2.52045e-16
       5440.1725  2.48545e-16
       5443.0792  2.46133e-16
       5445.9860  2.42285e-16
       5448.8927  2.39185e-16
       5451.7994  2.39148e-16
       5454.7062  2.41070e-16
       5457.6129  2.42159e-16
       5460.5197  2.39194e-16
       5463.4264  2.36658e-16
       5466.3331  2.36585e-16
       5469.2399  2.35786e-16
       5472.1466  2.39144e-16
       5475.0533  2.43896e-16
       5477.9601  2.42760e-16
       5480.8668  2.41325e-16
       5483.7736  2.42044e-16
       5486.6803  2.43907e-16
       5489.5870  2.48607e-16
       5492.4938  2.52173e-16
       5495.4005  2.53742e-16
       5498.3072  2.57103e-16
       5501.2140  2.62718e-16
       5504.1207  2.63758e-16
       5507.0275  2.65943e-16
       5509.9342  2.72249e-16
       5512.8409  2.76497e-16
       5515.7477  2.78375e-16
       5518.6544  2.82394e-16
       5521.5612  2.83136e-16
       5524.4679  2.84242e-16
       5527.3746  2.88545e-16
       5530.2814  2.89101e-16
       5533.1881  2.90018e-16
       5536.0948  2.94409e-16
       5539.0016  2.93953e-16
       5541.9083  2.91300e-16
       5544.8151  2.90903e-16
       5547.7218  2.89196e-16
       5550.6285  2.86656e-16
       5553.5353  2.83270e-16
       5556.4420  2.77713e-16
       5559.3487  2.73586e-16
       5562.2555  2.71078e-16
       5565.1622  2.68261e-16
       5568.0690  2.71832e-16
       5570.9757  2.89975e-16
       5573.8824  3.03761e-16
       5576.7892  3.13676e-16
       5579.6959  3.15967e-16
       5582.6026  3.15269e-16
       5585.5094  3.07930e-16
       5588.4161  2.96950e-16
       5591.3229  2.86668e-16
       5594.2296  2.82060e-16
       5597.1363  2.82011e-16
       5600.0431  2.79442e-16
       5602.9498  2.74261e-16
       5605.8565  2.70238e-16
       5608.7633  2.69181e-16
       5611.6700  2.66240e-16
       5614.5768  2.67908e-16
       5617.4835  2.70194e-16
       5620.3902  2.69963e-16
       5623.2970  2.65713e-16
       5626.2037  2.60422e-16
       5629.1104  2.61809e-16
       5632.0172  2.63396e-16
       5634.9239  2.59662e-16
       5637.8307  2.60867e-16
       5640.7374  2.60911e-16
       5643.6441  2.60956e-16
       5646.5509  2.59294e-16
       5649.4576  2.62280e-16
       5652.3644  2.62177e-16
       5655.2711  2.62789e-16
       5658.1778  2.62013e-16
       5661.0846  2.64266e-16
       5663.9913  2.67922e-16
       5666.8980  2.69188e-16
       5669.8048  2.70479e-16
       5672.7115  2.74251e-16
       5675.6183  2.75720e-16
       5678.5250  2.77425e-16
       5681.4317  2.80364e-16
       5684.3385  2.83187e-16
       5687.2452  2.85929e-16
       5690.1519  2.85338e-16
       5693.0587  2.85852e-16
       5695.9654  2.88613e-16
       5698.8722  2.93173e-16
       5701.7789  2.97327e-16
       5704.6856  2.99644e-16
       5707.5924  3.04914e-16
       5710.4991  3.09740e-16
       5713.4058  3.09873e-16
       5716.3126  3.09533e-16
       5719.2193  3.08731e-16
       5722.1261  3.08528e-16
       5725.0328  3.13358e-16
       5727.9395  3.14571e-16
       5730.8463  3.12712e-16
       5733.7530  3.13657e-16
       5736.6597  3.15608e-16
       5739.5665  3.18008e-16
       5742.4732  3.17842e-16
       5745.3800  3.13402e-16
       5748.2867  3.08709e-16
       5751.1934  3.08239e-16
       5754.1002  3.09965e-16
       5757.0069  3.15786e-16
       5759.9136  3.12769e-16
       5762.8204  3.06946e-16
       5765.7271  3.03429e-16
       5768.6339  2.99965e-16
       5771.5406  2.98673e-16
       5774.4473  2.97846e-16
       5777.3541  2.96364e-16
       5780.2608  2.97541e-16
       5783.1676  2.90867e-16
       5786.0743  2.84963e-16
       5788.9810  2.84809e-16
       5791.8878  2.85998e-16
       5794.7945  2.84885e-16
       5797.7012  2.80384e-16
       5800.6080  2.75400e-16
       5803.5147  2.71015e-16
       5806.4215  2.68335e-16
       5809.3282  2.65741e-16
       5812.2349  2.63306e-16
       5815.1417  2.63425e-16
       5818.0484  2.64180e-16
       5820.9551  2.61036e-16
       5823.8619  2.55670e-16
       5826.7686  2.53489e-16
       5829.6754  2.51831e-16
       5832.5821  2.49844e-16
       5835.4888  2.52751e-16
       5838.3956  2.50846e-16
       5841.3023  2.47439e-16
       5844.2090  2.49631e-16
       5847.1158  2.51393e-16
       5850.0225  2.51029e-16
       5852.9293  2.46895e-16
       5855.8360  2.44788e-16
       5858.7427  2.45373e-16
       5861.6495  2.47793e-16
       5864.5562  2.50785e-16
       5867.4629  2.50877e-16
       5870.3697  2.51808e-16
       5873.2764  2.49357e-16
       5876.1832  2.44795e-16
       5879.0899  2.41119e-16
       5881.9966  2.41269e-16
       5884.9034  2.44667e-16
       5887.8101  2.49682e-16
       5890.7168  2.50927e-16
       5893.6236  2.53142e-16
       5896.5303  2.53228e-16
       5899.4371  2.49631e-16
       5902.3438  2.44457e-16
       5905.2505  2.30725e-16
       5908.1573  2.19396e-16
       5911.0640  2.13980e-16
       5913.9707  2.10478e-16
       5916.8775  2.06275e-16
       5919.7842  2.02375e-16
       5922.6910  1.95869e-16
       5925.5977  1.93160e-16
       5928.5044  1.91532e-16
       5931.4112  1.87931e-16
       5934.3179  1.89355e-16
       5937.2247  1.91905e-16
       5940.1314  1.89565e-16
       5943.0381  1.85981e-16
       5945.9449  1.87426e-16
       5948.8516  1.93957e-16
       5951.7583  1.99663e-16
       5954.6651  2.02059e-16
       5957.5718  2.04026e-16
       5960.4786  2.05977e-16
       5963.3853  2.08099e-16
       5966.2920  2.11390e-16
       5969.1988  2.16532e-16
       5972.1055  2.19325e-16
       5975.0122  2.21808e-16
       5977.9190  2.23907e-16
       5980.8257  2.27188e-16
       5983.7325  2.33600e-16
       5986.6392  2.36152e-16
       5989.5459  2.40876e-16
       5992.4527  2.48751e-16
       5995.3594  2.49220e-16
       5998.2661  2.47906e-16
       6001.1729  2.50215e-16
       6004.0796  2.55866e-16
       6006.9864  2.59278e-16
       6009.8931  2.63945e-16
       6012.7998  2.66522e-16
       6015.7066  2.63873e-16
       6018.6133  2.63103e-16
       6021.5200  2.61784e-16
       6024.4268  2.55613e-16
       6027.3335  2.44055e-16
       6030.2403  2.32136e-16
       6033.1470  2.27783e-16
       6036.0537  2.34335e-16
       6038.9605  2.51116e-16
       6041.8672  2.67763e-16
       6044.7739  2.77947e-16
       6047.6807  2.85208e-16
       6050.5874  2.91064e-16
       6053.4942  2.91130e-16
       6056.4009  2.90719e-16
       6059.3076  2.91474e-16
       6062.2144  2.89566e-16
       6065.1211  2.88201e-16
       6068.0279  2.87127e-16
       6070.9346  2.87681e-16
       6073.8413  2.87817e-16
       6076.7481  2.83562e-16
       6079.6548  2.81943e-16
       6082.5615  2.82171e-16
       6085.4683  2.80499e-16
       6088.3750  2.79617e-16
       6091.2818  2.78147e-16
       6094.1885  2.75523e-16
       6097.0952  2.75117e-16
       6100.0020  2.71463e-16
       6102.9087  2.67975e-16
       6105.8154  2.63281e-16
       6108.7222  2.57577e-16
       6111.6289  2.56348e-16
       6114.5357  2.58857e-16
       6117.4424  2.61462e-16
       6120.3491  2.56211e-16
       6123.2559  2.52986e-16
       6126.1626  2.52548e-16
       6129.0693  2.53825e-16
       6131.9761  2.51735e-16
       6134.8828  2.50847e-16
       6137.7896  2.53208e-16
       6140.6963  2.54115e-16
       6143.6030  2.53414e-16
       6146.5098  2.51275e-16
       6149.4165  2.49126e-16
       6152.3232  2.51342e-16
       6155.2300  2.53099e-16
       6158.1367  2.53948e-16
       6161.0435  2.53490e-16
       6163.9502  2.52085e-16
       6166.8569  2.51809e-16
       6169.7637  2.53921e-16
       6172.6704  2.56129e-16
       6175.5771  2.54718e-16
       6178.4839  2.51534e-16
       6181.3906  2.48957e-16
       6184.2974  2.47984e-16
       6187.2041  2.48827e-16
       6190.1108  2.48265e-16
       6193.0176  2.46751e-16
       6195.9243  2.43661e-16
       6198.8311  2.40904e-16
       6201.7378  2.38504e-16
       6204.6445  2.35267e-16
       6207.5513  2.33699e-16
       6210.4580  2.33516e-16
       6213.3647  2.30569e-16
       6216.2715  2.26904e-16
       6219.1782  2.27019e-16
       6222.0850  2.23467e-16
       6224.9917  2.21074e-16
       6227.8984  2.20343e-16
       6230.8052  2.15265e-16
       6233.7119  2.13065e-16
       6236.6186  2.11716e-16
       6239.5254  2.08354e-16
       6242.4321  2.01642e-16
       6245.3389  1.92915e-16
       6248.2456  1.84449e-16
       6251.1523  1.78893e-16
       6254.0591  1.73291e-16
       6256.9658  1.65333e-16
       6259.8725  1.59857e-16
       6262.7793  1.56589e-16
       6265.6860  1.52465e-16
       6268.5928  1.45863e-16
       6271.4995  1.37224e-16
       6274.4062  1.29015e-16
       6277.3130  1.21069e-16
       6280.2197  1.13727e-16
       6283.1264  1.08298e-16
       6286.0332  1.04116e-16
       6288.9399  1.02018e-16
       6291.8467  1.01177e-16
       6294.7534  1.06324e-16
       6297.6601  1.20143e-16
       6300.5669  1.36939e-16
       6303.4736  1.49558e-16
       6306.3803  1.53570e-16
       6309.2871  1.49530e-16
       6312.1938  1.39529e-16
       6315.1006  1.24313e-16
       6318.0073  1.21283e-16
       6320.9140  1.22735e-16
       6323.8208  1.24436e-16
       6326.7275  1.27048e-16
       6329.6343  1.30450e-16
       6332.5410  1.31539e-16
       6335.4477  1.30485e-16
       6338.3545  1.29175e-16
       6341.2612  1.27508e-16
       6344.1679  1.29311e-16
       6347.0747  1.33903e-16
       6349.9814  1.37832e-16
       6352.8882  1.41763e-16
       6355.7949  1.45696e-16
       6358.7016  1.49631e-16
       6361.6084  1.53570e-16
       6364.5151  1.57509e-16
       6367.4218  1.61452e-16
       6370.3286  1.65396e-16
       6373.2353  1.69343e-16
       6376.1421  1.73293e-16
       6379.0488  1.76886e-16
       6381.9555  1.78571e-16
       6384.8623  1.80257e-16
       6387.7690  1.81945e-16
       6390.6757  1.83633e-16
       6393.5825  1.85418e-16
       6396.4892  1.87161e-16
       6399.3960  1.86583e-16
       6402.3027  1.85762e-16
       6405.2094  1.87037e-16
       6408.1162  1.90179e-16
       6411.0229  1.91383e-16
       6413.9296  1.92746e-16
       6416.8364  1.94109e-16
       6419.7431  1.95473e-16
       6422.6499  1.96837e-16
       6425.5566  1.98202e-16
       6428.4633  1.99568e-16
       6431.3701  2.00935e-16
       6434.2768  2.05882e-16
       6437.1835  2.11225e-16
       6440.0903  2.12363e-16
       6442.9970  2.10581e-16
       6445.9038  2.12334e-16
       6448.8105  2.15558e-16
       6451.7172  2.21982e-16
       6454.6240  2.22443e-16
       6457.5307  2.17888e-16
       6460.4375  2.20326e-16
       6463.3442  2.24336e-16
       6466.2509  2.28167e-16
       6469.1577  2.33587e-16
       6472.0644  2.35532e-16
       6474.9711  2.34112e-16
       6477.8779  2.34901e-16
       6480.7846  2.35020e-16
       6483.6914  2.32904e-16
       6486.5981  2.33737e-16
       6489.5048  2.36777e-16
       6492.4116  2.39793e-16
       6495.3183  2.44014e-16
       6498.2250  2.49541e-16
       6501.1318  2.54269e-16
       6504.0385  2.54366e-16
       6506.9453  2.55203e-16
       6509.8520  2.57922e-16
       6512.7587  2.57553e-16
       6515.6655  2.54788e-16
       6518.5722  2.54445e-16
       6521.4789  2.56265e-16
       6524.3857  2.58583e-16
       6527.2924  2.59599e-16
       6530.1992  2.63770e-16
       6533.1059  2.66134e-16
       6536.0126  2.65276e-16
       6538.9194  2.67173e-16
       6541.8261  2.67570e-16
       6544.7328  2.64245e-16
       6547.6396  2.64838e-16
       6550.5463  2.69940e-16
       6553.4531  2.69194e-16
       6556.3598  2.68417e-16
       6559.2665  2.70851e-16
       6562.1733  2.70622e-16
       6565.0800  2.69800e-16
       6567.9867  2.70460e-16
       6570.8935  2.69549e-16
       6573.8002  2.68197e-16
       6576.7070  2.65936e-16
       6579.6137  2.66998e-16
       6582.5204  2.69094e-16
       6585.4272  2.66341e-16
       6588.3339  2.63577e-16
       6591.2407  2.63967e-16
       6594.1474  2.64697e-16
       6597.0541  2.62908e-16
       6599.9609  2.61458e-16
       6602.8676  2.61823e-16
       6605.7743  2.64378e-16
       6608.6811  2.65865e-16
       6611.5878  2.62356e-16
       6614.4946  2.60830e-16
       6617.4013  2.61133e-16
       6620.3080  2.61849e-16
       6623.2148  2.62478e-16
       6626.1215  2.64211e-16
       6629.0282  2.65160e-16
       6631.9350  2.64223e-16
       6634.8417  2.62834e-16
       6637.7485  2.62052e-16
       6640.6552  2.61412e-16
       6643.5619  2.58236e-16
       6646.4687  2.54673e-16
       6649.3754  2.55311e-16
       6652.2821  2.56256e-16
       6655.1889  2.54871e-16
       6658.0956  2.54381e-16
       6661.0024  2.56364e-16
       6663.9091  2.57925e-16
       6666.8158  2.57065e-16
       6669.7226  2.54082e-16
       6672.6293  2.51636e-16
       6675.5360  2.53446e-16
       6678.4428  2.53380e-16
       6681.3495  2.50638e-16
       6684.2563  2.50771e-16
       6687.1630  2.51806e-16
       6690.0697  2.51729e-16
       6692.9765  2.50000e-16
       6695.8832  2.49515e-16
       6698.7899  2.49956e-16
       6701.6967  2.48727e-16
       6704.6034  2.48135e-16
       6707.5102  2.47934e-16
       6710.4169  2.47177e-16
       6713.3236  2.46485e-16
       6716.2304  2.45880e-16
       6719.1371  2.42844e-16
       6722.0439  2.39473e-16
       6724.9506  2.40615e-16
       6727.8573  2.41616e-16
       6730.7641  2.40298e-16
       6733.6708  2.37537e-16
       6736.5775  2.35720e-16
       6739.4843  2.34085e-16
       6742.3910  2.33456e-16
       6745.2978  2.34990e-16
       6748.2045  2.35707e-16
       6751.1112  2.31873e-16
       6754.0180  2.28441e-16
       6756.9247  2.29723e-16
       6759.8314  2.28722e-16
       6762.7382  2.24521e-16
       6765.6449  2.21994e-16
       6768.5517  2.21842e-16
       6771.4584  2.23213e-16
       6774.3651  2.23406e-16
       6777.2719  2.22957e-16
       6780.1786  2.19045e-16
       6783.0853  2.13398e-16
       6785.9921  2.11500e-16
       6788.8988  2.12512e-16
       6791.8056  2.13752e-16
       6794.7123  2.14824e-16
       6797.6190  2.16068e-16
       6800.5258  2.14440e-16
       6803.4325  2.09961e-16
       6806.3392  2.06866e-16
       6809.2460  2.05025e-16
       6812.1527  2.04737e-16
       6815.0595  2.06866e-16
       6817.9662  2.07164e-16
       6820.8729  2.04360e-16
       6823.7797  2.05836e-16
       6826.6864  2.11385e-16
       6829.5931  2.12102e-16
       6832.4999  2.10178e-16
       6835.4066  2.06038e-16
       6838.3134  2.05347e-16
       6841.2201  2.08247e-16
       6844.1268  2.06361e-16
       6847.0336  2.02478e-16
       6849.9403  2.02469e-16
       6852.8471  2.01210e-16
       6855.7538  2.01114e-16
       6858.6605  2.02990e-16
       6861.5673  2.03722e-16
       6864.4740  2.08411e-16
       6867.3807  2.04436e-16
       6870.2875  2.03300e-16
       6873.1942  1.98579e-16
       6876.1010  1.93939e-16
       6879.0077  1.98632e-16
       6881.9144  1.96974e-16
       6884.8212  1.90105e-16
       6887.7279  1.90050e-16
       6890.6346  1.87113e-16
       6893.5414  1.85565e-16
       6896.4481  1.85074e-16
       6899.3549  1.85528e-16
       6902.2616  1.84505e-16
       6905.1683  1.85935e-16
       6908.0751  1.85535e-16
       6910.9818  1.84449e-16
       6913.8885  1.82357e-16
       6916.7953  1.83018e-16
       6919.7020  1.82547e-16
       6922.6088  1.84573e-16
       6925.5155  1.86612e-16
       6928.4222  1.85953e-16
       6931.3290  1.86548e-16
       6934.2357  1.85815e-16
       6937.1424  1.83721e-16
       6940.0492  1.82956e-16
       6942.9559  1.81713e-16
       6945.8627  1.83936e-16
       6948.7694  1.87773e-16
       6951.6761  1.90265e-16
       6954.5829  1.89416e-16
       6957.4896  1.86857e-16
       6960.3963  1.82068e-16
       6963.3031  1.77409e-16
       6966.2098  1.79637e-16
       6969.1166  1.84288e-16
       6972.0233  1.85399e-16
       6974.9300  1.85172e-16
       6977.8368  1.85450e-16
       6980.7435  1.83913e-16
       6983.6503  1.82242e-16
       6986.5570  1.77166e-16
       6989.4637  1.73803e-16
       6992.3705  1.73690e-16
       6995.2772  1.72761e-16
       6998.1839  1.73112e-16
       7001.0907  1.75980e-16
       7003.9974  1.78251e-16
       7006.9042  1.77472e-16
       7009.8109  1.77467e-16
       7012.7176  1.76836e-16
       7015.6244  1.77102e-16
       7018.5311  1.78223e-16
       7021.4378  1.79044e-16
       7024.3446  1.78764e-16
       7027.2513  1.80906e-16
       7030.1581  1.81990e-16
       7033.0648  1.83425e-16
       7035.9715  1.83869e-16
       7038.8783  1.84011e-16
       7041.7850  1.84542e-16
       7044.6917  1.84197e-16
       7047.5985  1.84274e-16
       7050.5052  1.86407e-16
       7053.4120  1.86925e-16
       7056.3187  1.85018e-16
       7059.2254  1.85254e-16
       7062.1322  1.84893e-16
       7065.0389  1.84316e-16
       7067.9456  1.83420e-16
       7070.8524  1.82889e-16
       7073.7591  1.83165e-16
       7076.6659  1.83879e-16
       7079.5726  1.83817e-16
       7082.4793  1.84763e-16
       7085.3861  1.84141e-16
       7088.2928  1.84302e-16
       7091.1995  1.82111e-16
       7094.1063  1.78203e-16
       7097.0130  1.76676e-16
       7099.9198  1.76696e-16
       7102.8265  1.77459e-16
       7105.7332  1.78487e-16
       7108.6400  1.77591e-16
       7111.5467  1.76460e-16
       7114.4535  1.76615e-16
       7117.3602  1.76296e-16
       7120.2669  1.76063e-16
       7123.1737  1.74973e-16
       7126.0804  1.73373e-16
       7128.9871  1.74073e-16
       7131.8939  1.76161e-16
       7134.8006  1.76564e-16
       7137.7074  1.74525e-16
       7140.6141  1.72117e-16
       7143.5208  1.70271e-16
       7146.4276  1.68447e-16
       7149.3343  1.68187e-16
       7152.2410  1.69803e-16
       7155.1478  1.72653e-16
       7158.0545  1.72708e-16
       7160.9613  1.71024e-16
       7163.8680  1.72630e-16
       7166.7747  1.70880e-16
       7169.6815  1.68315e-16
       7172.5882  1.67263e-16
       7175.4949  1.67155e-16
       7178.4017  1.68027e-16
       7181.3084  1.67147e-16
       7184.2152  1.68506e-16
       7187.1219  1.67505e-16
       7190.0286  1.66524e-16
       7192.9354  1.66722e-16
       7195.8421  1.66452e-16
       7198.7488  1.66212e-16
       7201.6556  1.64981e-16
       7204.5623  1.60728e-16
       7207.4691  1.57049e-16
       7210.3758  1.58749e-16
       7213.2825  1.60333e-16
       7216.1893  1.59853e-16
       7219.0960  1.58031e-16
       7222.0027  1.53968e-16
       7224.9095  1.51161e-16
       7227.8162  1.49555e-16
       7230.7230  1.49915e-16
       7233.6297  1.51589e-16
       7236.5364  1.56092e-16
       7239.4432  1.66625e-16
       7242.3499  1.71945e-16
       7245.2567  1.74156e-16
       7248.1634  1.70969e-16
       7251.0701  1.67129e-16
       7253.9769  1.63059e-16
       7256.8836  1.55970e-16
       7259.7903  1.53516e-16
       7262.6971  1.52689e-16
       7265.6038  1.50959e-16
       7268.5106  1.53570e-16
       7271.4173  1.57385e-16
       7274.3240  1.61869e-16
       7277.2308  1.69717e-16
       7280.1375  1.78574e-16
       7283.0442  1.79655e-16
       7285.9510  1.75495e-16
       7288.8577  1.70414e-16
       7291.7645  1.66858e-16
       7294.6712  1.67411e-16
       7297.5779  1.65562e-16
       7300.4847  1.60847e-16
       7303.3914  1.56243e-16
       7306.2981  1.55185e-16
       7309.2049  1.56712e-16
       7312.1116  1.63179e-16
       7315.0184  1.72992e-16
       7317.9251  1.80928e-16
       7320.8318  1.85318e-16
       7323.7386  1.81242e-16
       7326.6453  1.76574e-16
       7329.5520  1.73234e-16
       7332.4588  1.67001e-16
       7335.3655  1.66687e-16
       7338.2723  1.74128e-16
       7341.1790  1.81708e-16
       7344.0857  1.87945e-16
       7346.9925  1.89806e-16
       7349.8992  1.82639e-16
       7352.8059  1.72970e-16
       7355.7127  1.68287e-16
       7358.6194  1.67882e-16
       7361.5262  1.70844e-16
       7364.4329  1.75497e-16
       7367.3396  1.80092e-16
       7370.2464  1.83460e-16
       7373.1531  1.86257e-16
       7376.0599  1.85493e-16
       7378.9666  1.78406e-16
       7381.8733  1.72789e-16
       7384.7801  1.70152e-16
       7387.6868  1.68108e-16
       7390.5935  1.67976e-16
       7393.5003  1.70955e-16
       7396.4070  1.71354e-16
       7399.3138  1.76262e-16
       7402.2205  1.83134e-16
       7405.1272  1.85196e-16
       7408.0340  1.86165e-16
       7410.9407  1.81327e-16
       7413.8474  1.74047e-16
       7416.7542  1.69763e-16
       7419.6609  1.68243e-16
       7422.5677  1.68010e-16
       7425.4744  1.66984e-16
       7428.3811  1.70018e-16
       7431.2879  1.74840e-16
       7434.1946  1.75975e-16
       7437.1013  1.74827e-16
       7440.0081  1.73353e-16
       7442.9148  1.70343e-16
       7445.8216  1.65634e-16
       7448.7283  1.64130e-16
       7451.6350  1.62289e-16
       7454.5418  1.61272e-16
       7457.4485  1.65073e-16
       7460.3552  1.67777e-16
       7463.2620  1.67866e-16
       7466.1687  1.67976e-16
       7469.0755  1.69283e-16
       7471.9822  1.71014e-16
       7474.8889  1.72487e-16
       7477.7957  1.74210e-16
       7480.7024  1.76652e-16
       7483.6091  1.78381e-16
       7486.5159  1.78361e-16
       7489.4226  1.78595e-16
       7492.3294  1.75585e-16
       7495.2361  1.69587e-16
       7498.1428  1.64326e-16
       7501.0496  1.60107e-16
       7503.9563  1.59660e-16
       7506.8631  1.60803e-16
       7509.7698  1.63245e-16
       7512.6765  1.65836e-16
       7515.5833  1.69706e-16
       7518.4900  1.72948e-16
       7521.3967  1.77777e-16
       7524.3035  1.86266e-16
       7527.2102  1.88662e-16
       7530.1170  1.89080e-16
       7533.0237  1.85826e-16
       7535.9304  1.81467e-16
       7538.8372  1.80443e-16
       7541.7439  1.79436e-16
       7544.6506  1.74960e-16
       7547.5574  1.74975e-16
       7550.4641  1.76206e-16
       7553.3709  1.72988e-16
       7556.2776  1.70440e-16
       7559.1843  1.72229e-16
       7562.0911  1.73180e-16
       7564.9978  1.74741e-16
       7567.9045  1.81683e-16
       7570.8113  1.83946e-16
       7573.7180  1.87864e-16
       7576.6248  1.89175e-16
       7579.5315  1.85471e-16
       7582.4382  1.81409e-16
       7585.3450  1.72968e-16
       7588.2517  1.65611e-16
       7591.1584  1.56642e-16
       7594.0652  1.54433e-16
       7596.9719  1.64464e-16
       7599.8787  1.65738e-16
       7602.7854  1.67413e-16
       7605.6921  1.66771e-16
       7608.5989  1.57893e-16
       7611.5056  1.39946e-16
       7614.4123  1.30304e-16
       7617.3191  1.28577e-16
       7620.2258  1.28017e-16
       7623.1326  1.31325e-16
       7626.0393  1.32254e-16
       7628.9460  1.28587e-16
       7631.8528  1.22618e-16
       7634.7595  1.15866e-16
       7637.6663  1.10626e-16
       7640.5730  1.08742e-16
       7643.4797  1.06728e-16
       7646.3865  1.01648e-16
       7649.2932  1.00327e-16
       7652.1999  1.00433e-16
       7655.1067  9.75450e-17
       7658.0134  9.84260e-17
       7660.9202  9.77173e-17
       7663.8269  9.22970e-17
       7666.7336  8.83963e-17
       7669.6404  8.38371e-17
       7672.5471  7.97038e-17
       7675.4538  7.94900e-17
       7678.3606  7.96745e-17
       7681.2673  7.86477e-17
       7684.1741  7.97464e-17
       7687.0808  8.19523e-17
       7689.9875  8.22151e-17
       7692.8943  7.74930e-17
       7695.8010  7.09528e-17
       7698.7077  6.79640e-17
       7701.6145  6.70953e-17
       7704.5212  6.74725e-17
       7707.4280  6.98837e-17
       7710.3347  7.59752e-17
       7713.2414  8.69686e-17
       7716.1482  9.74676e-17
       7719.0549  1.00911e-16
       7721.9616  1.00307e-16
       7724.8684  9.66187e-17
       7727.7751  8.89601e-17
       7730.6819  8.53537e-17
       7733.5886  8.52943e-17
       7736.4953  8.69284e-17
       7739.4021  8.96362e-17
       7742.3088  9.41372e-17
       7745.2155  1.02317e-16
       7748.1223  1.12190e-16
       7751.0290  1.23529e-16
       7753.9358  1.29614e-16
       7756.8425  1.32098e-16
       7759.7492  1.24539e-16
       7762.6560  1.18915e-16
       7765.5627  1.19376e-16
       7768.4695  1.20747e-16
       7771.3762  1.22434e-16
       7774.2829  1.21037e-16
       7777.1897  1.19610e-16
       7780.0964  1.20278e-16
       7783.0031  1.17726e-16
       7785.9099  1.16958e-16
       7788.8166  1.21347e-16
       7791.7234  1.31236e-16
       7794.6301  1.34751e-16
       7797.5368  1.30884e-16
       7800.4436  1.27867e-16
       7803.3503  1.20450e-16
       7806.2570  1.18135e-16
       7809.1638  1.19441e-16
       7812.0705  1.19614e-16
       7814.9773  1.25223e-16
       7817.8840  1.29341e-16
       7820.7907  1.35103e-16
       7823.6975  1.46267e-16
       7826.6042  1.47508e-16
       7829.5109  1.38872e-16
       7832.4177  1.28779e-16
       7835.3244  1.20891e-16
       7838.2312  1.22652e-16
       7841.1379  1.25169e-16
       7844.0446  1.23875e-16
       7846.9514  1.30494e-16
       7849.8581  1.45237e-16
       7852.7648  1.58544e-16
       7855.6716  1.65558e-16
       7858.5783  1.65994e-16
       7861.4851  1.67573e-16
       7864.3918  1.63617e-16
       7867.2985  1.66286e-16
       7870.2053  1.74677e-16
       7873.1120  1.83094e-16
       7876.0187  1.82936e-16
       7878.9255  1.83547e-16
       7881.8322  1.77032e-16
       7884.7390  1.70583e-16
       7887.6457  1.73590e-16
       7890.5524  1.79161e-16
       7893.4592  1.81354e-16
       7896.3659  1.81618e-16
       7899.2727  1.75740e-16
       7902.1794  1.74324e-16
       7905.0861  1.78391e-16
       7907.9929  1.82696e-16
       7910.8996  1.92631e-16
       7913.8063  1.96045e-16
       7916.7131  2.02956e-16
       7919.6198  2.07510e-16
       7922.5266  2.10677e-16
       7925.4333  2.09304e-16
       7928.3400  2.14813e-16
       7931.2468  2.13989e-16
       7934.1535  2.00593e-16
       7937.0602  1.96209e-16
       7939.9670  2.03267e-16
       7942.8737  1.98863e-16
       7945.7805  1.88987e-16
       7948.6872  1.86104e-16
       7951.5939  1.92185e-16
       7954.5007  1.93849e-16
       7957.4074  2.02861e-16
       7960.3141  2.05299e-16
       7963.2209  2.02508e-16
       7966.1276  1.94552e-16
       7969.0344  1.92369e-16
       7971.9411  1.94836e-16
       7974.8478  2.03211e-16
       7977.7546  2.07488e-16
       7980.6613  2.09263e-16
       7983.5680  2.03530e-16
       7986.4748  2.05437e-16
       7989.3815  2.18297e-16
       7992.2883  2.20266e-16
       7995.1950  2.22479e-16
       7998.1017  2.21116e-16
       8001.0085  2.18242e-16
       8003.9152  2.08673e-16
       8006.8219  1.99986e-16
       8009.7287  1.95455e-16
       8012.6354  1.97103e-16
       8015.5422  2.01232e-16
       8018.4489  2.10142e-16
       8021.3556  2.18056e-16
       8024.2624  2.19314e-16
       8027.1691  2.17136e-16
       8030.0758  2.08024e-16
       8032.9826  2.08700e-16
       8035.8893  2.08726e-16
       8038.7961  2.08794e-16
       8041.7028  2.04128e-16
       8044.6095  1.98014e-16
       8047.5163  1.93654e-16
       8050.4230  1.92812e-16
       8053.3298  1.92254e-16
       8056.2365  2.00866e-16
       8059.1432  2.05167e-16
       8062.0500  2.08591e-16
       8064.9567  2.11205e-16
       8067.8634  2.09566e-16
       8070.7702  2.03308e-16
       8073.6769  1.94363e-16
       8076.5837  1.87358e-16
       8079.4904  1.84838e-16
       8082.3971  1.83742e-16
       8085.3039  1.84973e-16
       8088.2106  1.84540e-16
       8091.1173  1.82416e-16
       8094.0241  1.82123e-16
       8096.9308  1.83698e-16
       8099.8376  1.85093e-16
       8102.7443  1.86281e-16
       8105.6510  1.86419e-16
       8108.5578  1.87193e-16
       8111.4645  1.85122e-16
       8114.3712  1.80146e-16
       8117.2780  1.75581e-16
       8120.1847  1.70375e-16
       8123.0915  1.68662e-16
       8125.9982  1.70492e-16
       8128.9049  1.67850e-16
       8131.8117  1.62350e-16
       8134.7184  1.60179e-16
       8137.6251  1.59170e-16
       8140.5319  1.58660e-16
       8143.4386  1.58504e-16
       8146.3454  1.57628e-16
       8149.2521  1.55330e-16
       8152.1588  1.51489e-16
       8155.0656  1.46641e-16
       8157.9723  1.42351e-16
       8160.8790  1.37364e-16
       8163.7858  1.35403e-16
       8166.6925  1.36963e-16
       8169.5993  1.37280e-16
       8172.5060  1.36052e-16
       8175.4127  1.33700e-16
       8178.3195  1.30809e-16
       8181.2262  1.26079e-16
       8184.1330  1.24954e-16
       8187.0397  1.24960e-16
       8189.9464  1.28998e-16
       8192.8532  1.32261e-16
       8195.7599  1.37986e-16
       8198.6666  1.40055e-16
       8201.5734  1.44510e-16
       8204.4801  1.49479e-16
       8207.3869  1.49095e-16
       8210.2936  1.47683e-16
       8213.2003  1.45456e-16
       8216.1071  1.43223e-16
       8219.0138  1.42052e-16
       8221.9205  1.37625e-16
       8224.8273  1.34303e-16
       8227.7340  1.33121e-16
       8230.6408  1.33057e-16
       8233.5475  1.35077e-16
       8236.4542  1.35392e-16
       8239.3610  1.33149e-16
       8242.2677  1.37687e-16
       8245.1744  1.45083e-16
       8248.0812  1.45301e-16
       8250.9879  1.43347e-16
       8253.8947  1.39759e-16
       8256.8014  1.33436e-16
       8259.7081  1.29492e-16
       8262.6149  1.28687e-16
       8265.5216  1.27309e-16
       8268.4283  1.22512e-16
       8271.3351  1.16431e-16
       8274.2418  1.14928e-16
       8277.1486  1.18061e-16
       8280.0553  1.20111e-16
       8282.9620  1.20938e-16
       8285.8688  1.20057e-16
       8288.7755  1.16837e-16
       8291.6822  1.20092e-16
       8294.5890  1.28592e-16
       8297.4957  1.32342e-16
       8300.4025  1.34388e-16
       8303.3092  1.35390e-16
       8306.2159  1.24777e-16
       8309.1227  1.09543e-16
       8312.0294  9.81433e-17
       8314.9362  9.13958e-17
       8317.8429  8.15954e-17
       8320.7496  7.39562e-17
       8323.6564  6.80393e-17
       8326.5631  6.18446e-17
       8329.4698  5.71698e-17
       8332.3766  5.62808e-17
       8335.2833  5.01656e-17
       8338.1901  4.80750e-17
       8341.0968  5.58777e-17
       8344.0035  6.67328e-17
       8346.9103  7.06920e-17
       8349.8170  7.28816e-17
       8352.7237  7.27322e-17
       8355.6305  6.71108e-17
       8358.5372  5.79737e-17
       8361.4440  5.12632e-17
       8364.3507  4.45568e-17
       8367.2574  3.98830e-17
       8370.1642  3.72003e-17
       8373.0709  3.19710e-17
       8375.9776  2.94261e-17
       8378.8844  3.14190e-17
       8381.7911  3.56290e-17
       8384.6979  3.91926e-17
       8387.6046  3.78570e-17
       8390.5113  3.51409e-17
       8393.4181  3.61394e-17
       8396.3248  4.26997e-17
       8399.2315  4.83005e-17
       8402.1383  4.72497e-17
       8405.0450  4.48807e-17
       8407.9518  3.75815e-17
       8410.8585  3.32789e-17
       8413.7652  3.06262e-17
       8416.6720  3.12280e-17
       8419.5787  3.78143e-17
       8422.4854  4.24875e-17
       8425.3922  4.33713e-17
       8428.2989  4.65153e-17
       8431.2057  5.36078e-17
       8434.1124  5.47594e-17
       8437.0191  5.33684e-17
       8439.9259  4.91992e-17
       8442.8326  4.28870e-17
       8445.7394  3.88628e-17
       8448.6461  4.08364e-17
       8451.5528  4.38613e-17
       8454.4596  4.65036e-17
       8457.3663  5.30824e-17
       8460.2730  5.87132e-17
       8463.1798  6.08582e-17
       8466.0865  6.02404e-17
       8468.9933  5.82602e-17
       8471.9000  5.64469e-17
       8474.8067  4.85238e-17
       8477.7135  4.44105e-17
       8480.6202  3.91981e-17
       8483.5269  3.56845e-17
       8486.4337  3.95155e-17
       8489.3404  4.36228e-17
       8492.2472  4.41156e-17
       8495.1539  4.80989e-17
       8498.0606  5.10727e-17
       8500.9674  5.11691e-17
       8503.8741  5.52367e-17
       8506.7808  5.81177e-17
       8509.6876  5.67268e-17
       8512.5943  5.20609e-17
       8515.5011  4.23092e-17
       8518.4078  4.22077e-17
       8521.3145  4.98704e-17
       8524.2213  5.11602e-17
       8527.1280  5.06688e-17
       8530.0347  5.04599e-17
       8532.9415  5.16213e-17
       8535.8482  5.33876e-17
       8538.7550  5.64497e-17
       8541.6617  5.70959e-17
       8544.5684  5.76153e-17
       8547.4752  5.95036e-17
       8550.3819  5.99010e-17
       8553.2886  6.01419e-17
       8556.1954  6.04256e-17
       8559.1021  6.19791e-17
       8562.0089  6.41637e-17
       8564.9156  6.46529e-17
       8567.8223  6.55133e-17
       8570.7291  6.52306e-17
       8573.6358  6.65619e-17
       8576.5426  7.33269e-17
       8579.4493  7.76318e-17
       8582.3560  7.83255e-17
       8585.2628  7.99714e-17
       8588.1695  8.06773e-17
       8591.0762  8.10957e-17
       8593.9830  8.24214e-17
       8596.8897  8.42824e-17
       8599.7965  8.76904e-17
       8602.7032  8.77819e-17
       8605.6099  8.56472e-17
       8608.5167  8.54492e-17
       8611.4234  8.57251e-17
       8614.3301  8.86577e-17
       8617.2369  9.18670e-17
       8620.1436  9.67357e-17
       8623.0504  9.91420e-17
       8625.9571  1.02203e-16
       8628.8638  1.07566e-16
       8631.7706  1.10780e-16
       8634.6773  1.14278e-16
       8637.5840  1.20309e-16
       8640.4908  1.20991e-16
       8643.3975  1.18787e-16
       8646.3043  1.20608e-16
       8649.2110  1.22743e-16
       8652.1177  1.29080e-16
       8655.0245  1.36164e-16
       8657.9312  1.41665e-16
       8660.8379  1.50821e-16
       8663.7447  1.55089e-16
       8666.6514  1.50650e-16
       8669.5582  1.43782e-16
       8672.4649  1.44746e-16
       8675.3716  1.51078e-16
       8678.2784  1.55724e-16
       8681.1851  1.56077e-16
       8684.0918  1.54155e-16
       8686.9986  1.54564e-16
       8689.9053  1.55204e-16
       8692.8121  1.56900e-16
       8695.7188  1.58663e-16
       8698.6255  1.58132e-16
       8701.5323  1.61845e-16
       8704.4390  1.62781e-16
       8707.3458  1.62038e-16
       8710.2525  1.63347e-16
       8713.1592  1.64401e-16
       8716.0660  1.62338e-16
       8718.9727  1.61082e-16
       8721.8794  1.63494e-16
       8724.7862  1.65931e-16
       8727.6929  1.68458e-16
       8730.5997  1.68530e-16
       8733.5064  1.70053e-16
       8736.4131  1.74244e-16
       8739.3199  1.76587e-16
       8742.2266  1.70342e-16
       8745.1333  1.62764e-16
       8748.0401  1.60167e-16
       8750.9468  1.59660e-16
       8753.8536  1.60434e-16
       8756.7603  1.57934e-16
       8759.6670  1.63010e-16
       8762.5738  1.71637e-16
       8765.4805  1.76287e-16
       8768.3872  1.78429e-16
       8771.2940  1.81666e-16
       8774.2007  1.87396e-16
       8777.1075  1.84601e-16
       8780.0142  1.83735e-16
       8782.9209  1.91892e-16
       8785.8277  1.97417e-16
       8788.7344  1.99031e-16
       8791.6411  1.99836e-16
       8794.5479  1.99299e-16
       8797.4546  1.93460e-16
       8800.3614  1.84659e-16
       8803.2681  1.70767e-16
       8806.1748  1.58564e-16
       8809.0816  1.53195e-16
       8811.9883  1.52347e-16
       8814.8950  1.50243e-16
       8817.8018  1.46335e-16
       8820.7085  1.47556e-16
       8823.6153  1.49013e-16
       8826.5220  1.67329e-16
       8829.4287  1.74992e-16
       8832.3355  1.85458e-16
       8835.2422  1.92929e-16
       8838.1490  1.92491e-16
       8841.0557  1.90345e-16
       8843.9624  1.89627e-16
       8846.8692  1.86436e-16
       8849.7759  1.80678e-16
       8852.6826  1.72270e-16
       8855.5894  1.65682e-16
       8858.4961  1.60525e-16
       8861.4029  1.55611e-16
       8864.3096  1.56056e-16
       8867.2163  1.58339e-16
       8870.1231  1.54248e-16
       8873.0298  1.48914e-16
       8875.9365  1.40744e-16
       8878.8433  1.40033e-16
       8881.7500  1.45409e-16
       8884.6568  1.60102e-16
       8887.5635  1.78227e-16
       8890.4702  1.80879e-16
       8893.3770  1.83808e-16
       8896.2837  1.82086e-16
       8899.1904  1.68758e-16
       8902.0972  1.55637e-16
       8905.0039  1.53650e-16
       8907.9107  1.50278e-16
       8910.8174  1.44026e-16
       8913.7241  1.41052e-16
       8916.6309  1.50191e-16
       8919.5376  1.65917e-16
       8922.4443  1.83698e-16
       8925.3511  1.82466e-16
       8928.2578  1.76742e-16
       8931.1646  1.56165e-16
       8934.0713  1.43285e-16
       8936.9780  1.37500e-16
       8939.8848  1.36298e-16
       8942.7915  1.38124e-16
       8945.6982  1.41318e-16
       8948.6050  1.42899e-16
       8951.5117  1.43603e-16
       8954.4185  1.45451e-16
       8957.3252  1.51186e-16
       8960.2319  1.62267e-16
       8963.1387  1.69233e-16
       8966.0454  1.57699e-16
       8968.9522  1.42704e-16
       8971.8589  1.36589e-16
       8974.7656  1.34135e-16
       8977.6724  1.30461e-16
       8980.5791  1.24112e-16
       8983.4858  1.22571e-16
       8986.3926  1.24480e-16
       8989.2993  1.24723e-16
       8992.2061  1.28888e-16
       8995.1128  1.32996e-16
       8998.0195  1.36164e-16
       9000.9263  1.45617e-16
       9003.8330  1.55062e-16
       9006.7397  1.52192e-16
       9009.6465  1.42567e-16
       9012.5532  1.35884e-16
       9015.4600  1.32985e-16
       9018.3667  1.30121e-16
       9021.2734  1.27358e-16
       9024.1802  1.25764e-16
       9027.0869  1.31174e-16
       9029.9936  1.36946e-16
       9032.9004  1.36813e-16
       9035.8071  1.38809e-16
       9038.7139  1.47743e-16
       9041.6206  1.50533e-16
       9044.5273  1.46420e-16
       9047.4341  1.43361e-16
       9050.3408  1.44752e-16
       9053.2475  1.50453e-16
       9056.1543  1.48447e-16
       9059.0610  1.41151e-16
       9061.9678  1.32597e-16
       9064.8745  1.22598e-16
       9067.7812  1.15521e-16
       9070.6880  1.13075e-16
       9073.5947  1.13959e-16
       9076.5014  1.14792e-16
       9079.4082  1.11582e-16
       9082.3149  1.03274e-16
       9085.2217  9.81087e-17
       9088.1284  9.91372e-17
       9091.0351  9.67538e-17
       9093.9419  9.70604e-17
       9096.8486  9.78098e-17
       9099.7554  9.63145e-17
       9102.6621  9.12365e-17
       9105.5688  8.97805e-17
       9108.4756  8.91949e-17
       9111.3823  9.05244e-17
       9114.2890  9.02037e-17
       9117.1958  8.85712e-17
       9120.1025  8.72595e-17
       9123.0093  8.36573e-17
       9125.9160  7.91136e-17
       9128.8227  7.63302e-17
       9131.7295  7.81042e-17
       9134.6362  7.96987e-17
       9137.5429  7.51624e-17
       9140.4497  7.25079e-17
       9143.3564  7.21431e-17
       9146.2632  6.77223e-17
       9149.1699  6.74602e-17
       9152.0766  6.97276e-17
       9154.9834  6.75744e-17
       9157.8901  6.80354e-17
       9160.7968  7.22740e-17
       9163.7036  7.54029e-17
       9166.6103  7.62810e-17
       9169.5171  7.69260e-17
       9172.4238  7.25782e-17
       9175.3305  7.69074e-17
       9178.2373  8.09219e-17
       9181.1440  8.39450e-17
       9184.0507  8.37003e-17
       9186.9575  7.75959e-17
       9189.8642  7.35744e-17
       9192.7710  7.11745e-17
       9195.6777  7.04459e-17
       9198.5844  7.21182e-17
       9201.4912  7.25312e-17
       9204.3979  7.37930e-17
       9207.3046  7.50894e-17
       9210.2114  7.52469e-17
       9213.1181  7.74870e-17
       9216.0249  8.05347e-17
       9218.9316  8.18423e-17
       9221.8383  8.53926e-17
       9224.7451  9.03458e-17
       9227.6518  9.07639e-17
       9230.5586  9.11647e-17
       9233.4653  9.72096e-17
       9236.3720  9.66130e-17
       9239.2788  9.43245e-17
       9242.1855  9.40079e-17
       9245.0922  9.08152e-17
       9247.9990  8.79583e-17
       9250.9057  8.61099e-17
       9253.8125  8.63228e-17
       9256.7192  8.73145e-17
       9259.6259  8.70676e-17
       9262.5327  8.65733e-17
       9265.4394  8.48944e-17
       9268.3461  8.34421e-17
       9271.2529  8.34932e-17
       9274.1596  8.89698e-17
       9277.0664  8.82254e-17
       9279.9731  8.86108e-17
       9282.8798  9.33213e-17
       9285.7866  9.29173e-17
       9288.6933  9.54400e-17
       9291.6000  9.85069e-17
       9294.5068  9.43820e-17
       9297.4135  9.00017e-17
       9300.3203  8.97290e-17
       9303.2270  9.02909e-17
       9306.1337  9.25783e-17
       9309.0405  1.00591e-16
       9311.9472  1.04243e-16
       9314.8539  9.84646e-17
       9317.7607  1.08745e-16
       9320.6674  1.10249e-16
       9323.5742  1.14630e-16
       9326.4809  1.10995e-16
       9329.3876  1.13205e-16
       9332.2944  1.19568e-16
       9335.2011  1.20153e-16
       9338.1078  1.15865e-16
       9341.0146  1.09132e-16
       9343.9213  1.09505e-16
       9346.8281  1.13593e-16
       9349.7348  1.08728e-16
       9352.6415  1.03569e-16
       9355.5483  9.70642e-17
       9358.4550  9.44278e-17
       9361.3618  9.32320e-17
       9364.2685  9.63975e-17
       9367.1752  1.08639e-16
       9370.0820  1.08633e-16
       9372.9887  1.01143e-16
       9375.8954  1.16779e-16
       9378.8022  1.24783e-16
       9381.7089  1.25530e-16
       9384.6157  1.25310e-16
       9387.5224  1.20380e-16
       9390.4291  1.18628e-16
       9393.3359  1.06013e-16
       9396.2426  1.08131e-16
       9399.1493  1.01166e-16
       9402.0561  9.48864e-17
       9404.9628  9.73143e-17
       9407.8696  9.87716e-17
       9410.7763  9.75870e-17
       9413.6830  9.67451e-17
       9416.5898  9.24518e-17
       9419.4965  9.84671e-17
       9422.4032  1.05184e-16
       9425.3100  1.02998e-16
       9428.2167  9.99234e-17
       9431.1235  9.55203e-17
       9434.0302  9.64077e-17
       9436.9369  9.67424e-17
       9439.8437  1.01655e-16
       9442.7504  1.08409e-16
       9445.6571  1.08641e-16
       9448.5639  1.05281e-16
       9451.4706  1.01566e-16
       9454.3774  1.02973e-16
       9457.2841  1.03707e-16
       9460.1908  1.07355e-16
       9463.0976  1.09334e-16
       9466.0043  1.06080e-16
       9468.9110  9.61445e-17
       9471.8178  9.44805e-17
       9474.7245  1.02077e-16
       9477.6313  1.12778e-16
       9480.5380  1.15034e-16
       9483.4447  1.14154e-16
       9486.3515  1.08333e-16
       9489.2582  1.00078e-16
       9492.1650  9.38258e-17
       9495.0717  9.17115e-17
       9497.9784  9.28479e-17
       9500.8852  1.00833e-16
       9503.7919  9.68160e-17
       9506.6986  9.99787e-17
       9509.6054  9.80124e-17
       9512.5121  9.36280e-17
       9515.4189  9.93121e-17
       9518.3256  1.04232e-16
       9521.2323  9.97246e-17
       9524.1391  9.56512e-17
       9527.0458  9.25669e-17
       9529.9525  9.20743e-17
       9532.8593  8.93090e-17
       9535.7660  8.74793e-17
       9538.6728  8.77294e-17
       9541.5795  8.91502e-17
       9544.4862  8.88634e-17
       9547.3930  8.74759e-17
       9550.2997  9.23338e-17
       9553.2064  9.67572e-17
       9556.1132  9.86967e-17
       9559.0199  1.04859e-16
       9561.9267  1.04277e-16
       9564.8334  9.90108e-17
       9567.7401  9.46779e-17
       9570.6469  9.84813e-17
       9573.5536  9.93135e-17
       9576.4603  9.33488e-17
       9579.3671  8.34762e-17
       9582.2738  8.50607e-17
       9585.1806  8.93134e-17
       9588.0873  8.59596e-17
       9590.9940  8.59230e-17
       9593.9008  8.61167e-17
       9596.8075  8.32806e-17
       9599.7142  8.54405e-17
       9602.6210  9.20346e-17
       9605.5277  9.58292e-17
       9608.4345  9.67498e-17
       9611.3412  9.94421e-17
       9614.2479  9.77398e-17
       9617.1547  9.20148e-17
       9620.0614  8.85881e-17
       9622.9682  8.84111e-17
       9625.8749  8.67756e-17
       9628.7816  9.04742e-17
       9631.6884  9.08674e-17
       9634.5951  8.50758e-17
       9637.5018  9.34941e-17
       9640.4086  9.91479e-17
       9643.3153  8.99526e-17
       9646.2221  8.36729e-17
       9649.1288  8.17983e-17
       9652.0355  8.27227e-17
       9654.9423  9.00787e-17
       9657.8490  9.33495e-17
       9660.7557  9.06424e-17
       9663.6625  8.73951e-17
       9666.5692  8.52532e-17
       9669.4760  8.95501e-17
       9672.3827  8.95761e-17
       9675.2894  9.48950e-17
       9678.1962  9.55745e-17
       9681.1029  9.49086e-17
       9684.0096  9.08828e-17
       9686.9164  9.30315e-17
       9689.8231  9.58134e-17
       9692.7299  1.02018e-16
       9695.6366  1.02852e-16
       9698.5433  1.01997e-16
       9701.4501  9.15512e-17
       9704.3568  8.76336e-17
       9707.2635  8.58656e-17
       9710.1703  9.93413e-17
       9713.0770  9.81823e-17
       9715.9838  1.05361e-16
       9718.8905  1.11207e-16
       9721.7972  1.14255e-16
       9724.7040  1.12951e-16
       9727.6107  1.07901e-16
       9730.5174  1.00754e-16
       9733.4242  9.75970e-17
       9736.3309  9.57041e-17
       9739.2377  1.08230e-16
       9742.1444  1.09973e-16
       9745.0511  1.04715e-16
       9747.9579  9.08225e-17
       9750.8646  8.38374e-17
       9753.7714  8.44404e-17
       9756.6781  8.10829e-17
       9759.5848  7.68892e-17
       9762.4916  7.70189e-17
       9765.3983  7.85444e-17
       9768.3050  8.74566e-17
       9771.2118  9.14438e-17
       9774.1185  8.93380e-17
       9777.0253  8.32293e-17
       9779.9320  7.60517e-17
       9782.8387  7.45446e-17
       9785.7455  7.57295e-17
       9788.6522  8.16615e-17
       9791.5589  8.52478e-17
       9794.4657  9.74834e-17
       9797.3724  1.01678e-16
       9800.2792  1.03767e-16
       9803.1859  1.00822e-16
       9806.0926  9.77359e-17
       9808.9994  9.63649e-17
       9811.9061  9.53646e-17
       9814.8128  9.22637e-17
       9817.7196  8.74507e-17
       9820.6263  8.45997e-17
       9823.5331  7.92428e-17
       9826.4398  7.63872e-17
       9829.3465  7.29046e-17
       9832.2533  6.98604e-17
       9835.1600  6.91515e-17
       9838.0667  7.22631e-17
       9840.9735  7.33891e-17
       9843.8802  7.02903e-17
       9846.7870  6.87866e-17
       9849.6937  7.10914e-17
       9852.6004  6.89485e-17
       9855.5072  6.78189e-17
       9858.4139  7.08728e-17
       9861.3206  7.47277e-17
       9864.2274  7.72255e-17
       9867.1341  7.34950e-17
       9870.0409  7.20381e-17
       9872.9476  7.89543e-17
       9875.8543  8.25127e-17
       9878.7611  7.91529e-17
       9881.6678  7.66867e-17
       9884.5746  7.39294e-17
       9887.4813  7.05630e-17
       9890.3880  7.00277e-17
       9893.2948  7.02530e-17
       9896.2015  7.77249e-17
       9899.1082  7.74773e-17
       9902.0150  7.55759e-17
       9904.9217  7.37639e-17
       9907.8285  7.33045e-17
       9910.7352  7.49573e-17
       9913.6419  8.21178e-17
       9916.5487  8.98869e-17
       9919.4554  9.08561e-17
       9922.3621  9.42399e-17
       9925.2689  9.24137e-17
       9928.1756  8.32956e-17
       9931.0824  8.06039e-17
       9933.9891  8.10466e-17
       9936.8958  8.67795e-17
       9939.8026  8.97665e-17
       9942.7093  9.12951e-17
       9945.6160  9.34838e-17
       9948.5228  9.59787e-17
       9951.4295  9.47256e-17
       9954.3363  9.37568e-17
       9957.2430  8.90412e-17
       9960.1497  8.36962e-17
       9963.0565  8.23113e-17
       9965.9632  8.45533e-17
       9968.8699  8.43773e-17
       9971.7767  8.34221e-17
       9974.6834  7.19818e-17
       9977.5902  7.27684e-17
       9980.4969  7.86681e-17
       9983.4036  7.83741e-17
       9986.3104  7.72604e-17
       9989.2171  6.99272e-17
       9992.1238  7.05959e-17
       9995.0306  7.11362e-17
       9997.9373  6.67981e-17
       10000.844  6.86714e-17
       10003.751  7.52719e-17
       10006.658  7.63919e-17
       10009.564  7.15552e-17
       10012.471  7.42308e-17
       10015.378  7.75181e-17
       10018.284  8.34019e-17
       10021.191  8.31277e-17
       10024.098  8.37019e-17
       10027.005  8.31187e-17
       10029.911  7.75698e-17
       10032.818  6.88438e-17
       10035.725  6.90314e-17
       10038.632  7.21097e-17
       10041.538  6.86481e-17
       10044.445  7.05050e-17
       10047.352  7.62275e-17
       10050.259  7.52145e-17
       10053.165  6.70627e-17
       10056.072  6.64873e-17
       10058.979  6.92545e-17
       10061.886  7.13819e-17
       10064.792  7.60854e-17
       10067.699  7.55995e-17
       10070.606  7.70507e-17
       10073.513  7.57996e-17
       10076.419  6.79398e-17
       10079.326  6.74805e-17
       10082.233  7.33431e-17
       10085.139  7.25084e-17
       10088.046  6.87711e-17
       10090.953  6.83675e-17
       10093.860  7.32271e-17
       10096.766  7.31361e-17
       10099.673  6.71062e-17
       10102.580  7.70774e-17
       10105.487  7.91559e-17
       10108.393  8.24498e-17
       10111.300  8.04469e-17
       10114.207  6.58857e-17
       10117.114  6.89545e-17
       10120.020  6.98721e-17
       10122.927  7.29138e-17
       10125.834  7.55325e-17
       10128.741  7.26088e-17
       10131.647  7.58712e-17
       10134.554  6.75023e-17
       10137.461  5.94457e-17
       10140.367  5.82025e-17
       10143.274  6.25945e-17
       10146.181  6.89392e-17
       10149.088  6.90638e-17
       10151.994  6.84019e-17
       10154.901  6.56552e-17
       10157.808  6.11525e-17
       10160.715  6.32989e-17
       10163.621  7.02949e-17
       10166.528  7.70645e-17
       10169.435  7.46138e-17
       10172.342  7.15331e-17
       10175.248  7.19819e-17
       10178.155  6.61017e-17
       10181.062  6.11937e-17
       10183.969  6.63808e-17
       10186.875  7.22115e-17
       10189.782  7.35335e-17
       10192.689  7.40292e-17
       10195.595  7.26479e-17
       10198.502  7.32075e-17
       10201.409  6.99641e-17
       10204.316  6.74695e-17
       10207.222  7.10067e-17
       10210.129  6.99934e-17
       10213.036  6.70836e-17
       10215.943  6.22184e-17
       10218.849  6.04432e-17
       10221.756  6.39229e-17
       10224.663  6.64916e-17
       10227.570  7.13433e-17
       10230.476  6.54566e-17
       10233.383  7.03778e-17
       10236.290  7.58335e-17
       10239.197  7.43191e-17
       10242.103  7.00823e-17
       10245.010  7.16978e-17
       10247.917  7.46614e-17
       10250.824  7.06543e-17
       10253.730  6.77957e-17
       10256.637  6.93207e-17
       10259.544  7.09251e-17
       10262.450  7.24133e-17
       10265.357  7.17705e-17
       10268.264  7.16961e-17
       10271.171  7.41268e-17
       10274.077  7.80401e-17
       10276.984  8.08108e-17
       10279.891  7.95638e-17
       10282.798  8.05276e-17
       10285.704  9.01957e-17
       10288.611  9.36862e-17
       10291.518  8.90848e-17
       10294.425  8.10069e-17
       10297.331  7.74577e-17
       10300.238  8.22110e-17
       10303.145  8.39679e-17
       10306.052  8.37787e-17
       10308.958  8.70880e-17
       10311.865  8.65570e-17
       10314.772  7.75126e-17
       10317.678  7.05753e-17
       10320.585  6.85162e-17
       10323.492  7.75864e-17
       10326.399  8.92386e-17
       10329.305  9.30935e-17
       10332.212  8.58619e-17
       10335.119  7.59595e-17
       10338.026  7.23424e-17
       10340.932  7.46869e-17
       10343.839  7.91488e-17
       10346.746  7.97171e-17
       10349.653  7.43876e-17
       10352.559  7.01477e-17
       10355.466  7.08520e-17
       10358.373  7.24272e-17
       10361.280  6.96386e-17
       10364.186  6.94709e-17
       10367.093  7.69042e-17
       10370.000  8.56531e-17
       10372.906  8.89245e-17
       10375.813  8.03122e-17
       10378.720  7.30272e-17
       10381.627  8.05427e-17
       10384.533  8.67671e-17
       10387.440  8.04000e-17
       10390.347  7.53340e-17
       10393.254  7.84172e-17
       10396.160  8.01775e-17
       10399.067  7.51280e-17
       10401.974  6.77685e-17
       10404.881  6.63864e-17
       10407.787  7.22520e-17
       10410.694  7.39728e-17
       10413.601  7.44778e-17
       10416.508  7.43539e-17
       10419.414  7.63371e-17
       10422.321  8.37441e-17
       10425.228  8.29988e-17
       10428.135  7.90364e-17
       10431.041  7.27538e-17
       10433.948  7.01106e-17
       10436.855  6.93511e-17
       10439.761  7.04652e-17
       10442.668  7.54333e-17
       10445.575  7.78028e-17
       10448.482  8.17256e-17
       10451.388  8.50944e-17
