MJDOBS    53494.0
JDOBS    2.45349e+06
DATE    20050504
AGE_OBS    NaN
TELESCOPE    TNG-
DETECTOR    LRS-
SOURCE    Asiago-Catalogue(SUSPECT)
       3308.9999 -2.12630e-17
       3311.8943  3.00374e-18
       3314.7887 -7.71401e-18
       3317.6832  2.92870e-17
       3320.5776  4.78759e-17
       3323.4720  3.56806e-17
       3326.3664 -1.09515e-17
       3329.2608  2.93312e-17
       3332.1553  3.59264e-17
       3335.0497  3.62488e-17
       3337.9441  9.48745e-17
       3340.8385  2.81393e-17
       3343.7329 -1.69846e-17
       3346.6274 -2.93668e-17
       3349.5218 -4.16488e-17
       3352.4162  2.74017e-17
       3355.3106  7.88964e-17
       3358.2050  6.33281e-17
       3361.0995  5.88213e-17
       3363.9939  3.08364e-17
       3366.8883 -1.70887e-17
       3369.7827  1.08298e-17
       3372.6771  3.47859e-17
       3375.5716  2.98125e-17
       3378.4660  1.85378e-17
       3381.3604 -5.45170e-17
       3384.2548 -1.04767e-17
       3387.1493  4.49644e-17
       3390.0437  5.95380e-17
       3392.9381  2.59892e-17
       3395.8325  3.93236e-18
       3398.7269  4.68796e-17
       3401.6214  4.74822e-17
       3404.5158 -1.32539e-17
       3407.4102 -2.72266e-17
       3410.3046  3.55200e-17
       3413.1990  2.10621e-17
       3416.0935 -4.57534e-17
       3418.9879 -4.86744e-17
       3421.8823 -9.73293e-19
       3424.7767  2.79470e-17
       3427.6711  2.09878e-18
       3430.5656 -9.51372e-19
       3433.4600  1.89905e-17
       3436.3544 -2.21255e-17
       3439.2488 -4.59290e-17
       3442.1433  1.73282e-17
       3445.0377  6.94013e-17
       3447.9321  3.51455e-17
       3450.8265 -3.08125e-17
       3453.7209 -3.67580e-17
       3456.6154  1.74375e-17
       3459.5098  3.61245e-17
       3462.4042  7.99563e-18
       3465.2986 -8.15821e-18
       3468.1930  7.56274e-18
       3471.0875  1.13901e-17
       3473.9819  1.01191e-18
       3476.8763  2.59587e-17
       3479.7707  2.41792e-17
       3482.6651  3.77134e-17
       3485.5596  4.23951e-18
       3488.4540  4.07914e-18
       3491.3484  3.66934e-17
       3494.2428  4.02922e-17
       3497.1373 -3.75932e-18
       3500.0317 -2.73659e-17
       3502.9261  3.56646e-17
       3505.8205  2.61865e-17
       3508.7149 -9.11494e-19
       3511.6094  1.29462e-17
       3514.5038 -1.88937e-18
       3517.3982 -5.48752e-18
       3520.2926 -4.70214e-18
       3523.1870 -1.27887e-17
       3526.0815 -1.79046e-17
       3528.9759  3.52905e-18
       3531.8703 -1.33457e-18
       3534.7647  8.64912e-18
       3537.6591  2.17148e-17
       3540.5536  1.53855e-17
       3543.4480  1.00604e-17
       3546.3424  5.87670e-18
       3549.2368  8.95453e-18
       3552.1313  6.30632e-18
       3555.0257 -7.52272e-18
       3557.9201 -1.71789e-17
       3560.8145  6.21783e-18
       3563.7089  3.51110e-17
       3566.6034  3.00425e-17
       3569.4978  1.77325e-17
       3572.3922  1.24371e-17
       3575.2866  3.59539e-17
       3578.1810  2.23719e-17
       3581.0755 -1.30012e-17
       3583.9699  1.17216e-18
       3586.8643  4.19357e-17
       3589.7587  3.15100e-17
       3592.6531 -8.84250e-18
       3595.5476  1.53433e-17
       3598.4420  7.47009e-18
       3601.3364  1.58163e-17
       3604.2308  1.67302e-17
       3607.1253  1.23814e-17
       3610.0197  3.15454e-17
       3612.9141  1.23874e-17
       3615.8085 -1.25403e-18
       3618.7029  3.65144e-18
       3621.5974  1.66319e-17
       3624.4918  2.05905e-17
       3627.3862  1.52297e-17
       3630.2806 -2.70591e-18
       3633.1750 -6.44919e-18
       3636.0695  5.08765e-18
       3638.9639  5.61103e-18
       3641.8583  3.94961e-18
       3644.7527  2.01646e-18
       3647.6471  8.83482e-18
       3650.5416  2.26030e-17
       3653.4360  1.71600e-17
       3656.3304  5.48218e-18
       3659.2248  1.65931e-17
       3662.1192  1.38573e-17
       3665.0137  3.52696e-18
       3667.9081  2.23897e-18
       3670.8025  8.56597e-18
       3673.6969  1.49986e-17
       3676.5914  2.33864e-17
       3679.4858  2.64232e-17
       3682.3802  1.85563e-17
       3685.2746  4.05991e-18
       3688.1690  8.43121e-18
       3691.0635  1.98546e-17
       3693.9579  1.23762e-17
       3696.8523  1.49755e-17
       3699.7467  1.33226e-17
       3702.6411  1.00804e-17
       3705.5356  2.34364e-17
       3708.4300  9.01781e-18
       3711.3244  1.46662e-17
       3714.2188  1.98647e-17
       3717.1132  1.36569e-17
       3720.0077  2.14861e-17
       3722.9021  1.08064e-17
       3725.7965  1.15564e-17
       3728.6909  2.16745e-17
       3731.5854  2.68603e-17
       3734.4798  2.44902e-17
       3737.3742  2.49275e-17
       3740.2686  1.70150e-17
       3743.1630  1.36122e-17
       3746.0575  1.56812e-17
       3748.9519  2.68904e-17
       3751.8463  2.34185e-17
       3754.7407  2.77980e-17
       3757.6351  1.88345e-17
       3760.5296  1.97178e-17
       3763.4240  3.13679e-17
       3766.3184  2.93960e-17
       3769.2128  1.91396e-17
       3772.1072  2.20782e-17
       3775.0017  1.70787e-17
       3777.8961  1.97962e-17
       3780.7905  2.19456e-17
       3783.6849  2.21037e-17
       3786.5794  2.99940e-17
       3789.4738  2.65132e-17
       3792.3682  1.53900e-17
       3795.2626  1.53244e-17
       3798.1570  2.45917e-17
       3801.0515  2.32884e-17
       3803.9459  1.66461e-17
       3806.8403  2.40808e-17
       3809.7347  2.17820e-17
       3812.6291  1.97448e-17
       3815.5236  2.37041e-17
       3818.4180  2.32319e-17
       3821.3124  1.88255e-17
       3824.2068  1.54085e-17
       3827.1012  1.94161e-17
       3829.9957  2.10847e-17
       3832.8901  1.30299e-17
       3835.7845  1.00870e-17
       3838.6789  8.37155e-18
       3841.5734  1.15332e-17
       3844.4678  1.82415e-17
       3847.3622  1.76991e-17
       3850.2566  1.56084e-17
       3853.1510  1.19994e-17
       3856.0455  1.09925e-17
       3858.9399  1.02252e-17
       3861.8343  5.73698e-18
       3864.7287  7.91178e-18
       3867.6231  1.00072e-17
       3870.5176  4.73373e-18
       3873.4120  2.94064e-18
       3876.3064  3.98797e-18
       3879.2008  8.35190e-18
       3882.0952  1.08563e-17
       3884.9897  8.46723e-18
       3887.8841  1.40118e-17
       3890.7785  6.45703e-18
       3893.6729  9.58484e-18
       3896.5674  1.25111e-17
       3899.4618  9.34234e-18
       3902.3562  5.18540e-18
       3905.2506  4.68582e-18
       3908.1450  8.16861e-18
       3911.0395  1.39253e-17
       3913.9339  1.64349e-17
       3916.8283  1.93299e-17
       3919.7227  2.19869e-17
       3922.6171  1.55987e-17
       3925.5116  1.23439e-17
       3928.4060  1.50403e-17
       3931.3004  1.51611e-17
       3934.1948  2.39760e-17
       3937.0892  2.36693e-17
       3939.9837  1.39046e-17
       3942.8781  2.07607e-17
       3945.7725  2.35585e-17
       3948.6669  1.36996e-17
       3951.5613  1.59718e-17
       3954.4558  2.87047e-17
       3957.3502  2.87308e-17
       3960.2446  1.99892e-17
       3963.1390  2.51369e-17
       3966.0335  2.99598e-17
       3968.9279  2.67559e-17
       3971.8223  2.00440e-17
       3974.7167  2.26763e-17
       3977.6111  2.84696e-17
       3980.5056  2.92927e-17
       3983.4000  2.52392e-17
       3986.2944  2.58464e-17
       3989.1888  2.48328e-17
       3992.0832  2.48749e-17
       3994.9777  1.99576e-17
       3997.8721  2.14741e-17
       4000.7665  2.47480e-17
       4003.6609  2.89072e-17
       4006.5553  3.15607e-17
       4009.4498  3.20470e-17
       4012.3442  3.26863e-17
       4015.2386  2.93085e-17
       4018.1330  3.13211e-17
       4021.0275  3.68734e-17
       4023.9219  3.33583e-17
       4026.8163  2.90561e-17
       4029.7107  2.63534e-17
       4032.6051  2.79816e-17
       4035.4996  3.24173e-17
       4038.3940  3.32009e-17
       4041.2884  3.05347e-17
       4044.1828  3.57726e-17
       4047.0772  3.89870e-17
       4049.9717  3.31881e-17
       4052.8661  3.27665e-17
       4055.7605  3.56742e-17
       4058.6549  3.87051e-17
       4061.5493  4.19117e-17
       4064.4438  4.59068e-17
       4067.3382  4.51558e-17
       4070.2326  4.35129e-17
       4073.1270  4.19112e-17
       4076.0215  4.49730e-17
       4078.9159  4.68532e-17
       4081.8103  4.80369e-17
       4084.7047  4.77948e-17
       4087.5991  4.27600e-17
       4090.4936  4.70234e-17
       4093.3880  4.68858e-17
       4096.2824  4.05623e-17
       4099.1768  4.23292e-17
       4102.0712  3.80498e-17
       4104.9657  3.34965e-17
       4107.8601  3.65468e-17
       4110.7545  4.04276e-17
       4113.6489  3.98671e-17
       4116.5433  3.56345e-17
       4119.4378  4.06456e-17
       4122.3322  3.61647e-17
       4125.2266  2.72994e-17
       4128.1210  3.14553e-17
       4131.0155  3.46631e-17
       4133.9099  3.12209e-17
       4136.8043  3.33758e-17
       4139.6987  3.18386e-17
       4142.5931  3.06564e-17
       4145.4876  3.16359e-17
       4148.3820  2.43690e-17
       4151.2764  2.26830e-17
       4154.1708  2.90679e-17
       4157.0652  3.37895e-17
       4159.9597  3.17486e-17
       4162.8541  2.56652e-17
       4165.7485  2.33462e-17
       4168.6429  2.60295e-17
       4171.5373  2.83413e-17
       4174.4318  2.94397e-17
       4177.3262  3.05561e-17
       4180.2206  2.73878e-17
       4183.1150  2.09287e-17
       4186.0095  1.89843e-17
       4188.9039  1.86915e-17
       4191.7983  2.29375e-17
       4194.6927  3.01648e-17
       4197.5871  2.71991e-17
       4200.4816  2.08017e-17
       4203.3760  2.23998e-17
       4206.2704  2.63762e-17
       4209.1648  2.88553e-17
       4212.0592  2.32052e-17
       4214.9537  2.12557e-17
       4217.8481  2.42158e-17
       4220.7425  2.24438e-17
       4223.6369  1.80311e-17
       4226.5313  1.51187e-17
       4229.4258  1.84727e-17
       4232.3202  2.29096e-17
       4235.2146  2.30518e-17
       4238.1090  2.11453e-17
       4241.0034  2.03708e-17
       4243.8979  1.98586e-17
       4246.7923  1.96199e-17
       4249.6867  2.11938e-17
       4252.5811  1.80516e-17
       4255.4756  1.32010e-17
       4258.3700  1.57781e-17
       4261.2644  1.82592e-17
       4264.1588  1.75725e-17
       4267.0532  2.06648e-17
       4269.9477  2.23219e-17
       4272.8421  2.06169e-17
       4275.7365  1.55068e-17
       4278.6309  1.59435e-17
       4281.5253  2.10789e-17
       4284.4198  1.95517e-17
       4287.3142  1.81969e-17
       4290.2086  2.19658e-17
       4293.1030  2.01571e-17
       4295.9974  1.58855e-17
       4298.8919  1.69281e-17
       4301.7863  1.95858e-17
       4304.6807  2.10934e-17
       4307.5751  2.16499e-17
       4310.4696  1.90968e-17
       4313.3640  1.72884e-17
       4316.2584  1.67041e-17
       4319.1528  1.45299e-17
       4322.0472  1.86727e-17
       4324.9417  2.21622e-17
       4327.8361  2.14629e-17
       4330.7305  1.71332e-17
       4333.6249  1.76176e-17
       4336.5193  2.20023e-17
       4339.4138  1.92730e-17
       4342.3082  1.68319e-17
       4345.2026  2.00722e-17
       4348.0970  2.18117e-17
       4350.9914  1.84818e-17
       4353.8859  1.67454e-17
       4356.7803  1.87699e-17
       4359.6747  1.89052e-17
       4362.5691  2.17123e-17
       4365.4636  2.11164e-17
       4368.3580  1.90075e-17
       4371.2524  2.08897e-17
       4374.1468  2.17525e-17
       4377.0412  1.99417e-17
       4379.9357  1.65986e-17
       4382.8301  1.77179e-17
       4385.7245  1.94706e-17
       4388.6189  1.66946e-17
       4391.5133  1.78174e-17
       4394.4078  1.82526e-17
       4397.3022  1.76736e-17
       4400.1966  1.87178e-17
       4403.0910  1.78280e-17
       4405.9854  1.38401e-17
       4408.8799  1.60977e-17
       4411.7743  1.71333e-17
       4414.6687  1.80032e-17
       4417.5631  1.79306e-17
       4420.4576  1.94973e-17
       4423.3520  2.04382e-17
       4426.2464  1.85928e-17
       4429.1408  1.31040e-17
       4432.0352  1.36604e-17
       4434.9297  1.77506e-17
       4437.8241  1.49965e-17
       4440.7185  1.35673e-17
       4443.6129  1.32975e-17
       4446.5073  1.19012e-17
       4449.4018  1.32582e-17
       4452.2962  1.36849e-17
       4455.1906  1.33097e-17
       4458.0850  1.43880e-17
       4460.9794  2.09787e-17
       4463.8739  2.11802e-17
       4466.7683  1.44350e-17
       4469.6627  1.17055e-17
       4472.5571  1.45797e-17
       4475.4516  1.89528e-17
       4478.3460  2.15625e-17
       4481.2404  2.18082e-17
       4484.1348  1.91659e-17
       4487.0292  1.72903e-17
       4489.9237  1.77682e-17
       4492.8181  2.10318e-17
       4495.7125  2.18724e-17
       4498.6069  2.10891e-17
       4501.5013  1.88376e-17
       4504.3958  1.47639e-17
       4507.2902  1.70123e-17
       4510.1846  2.09281e-17
       4513.0790  2.34961e-17
       4515.9734  2.36130e-17
       4518.8679  2.28795e-17
       4521.7623  1.97807e-17
       4524.6567  1.97654e-17
       4527.5511  2.37495e-17
       4530.4455  2.56794e-17
       4533.3400  2.73184e-17
       4536.2344  2.93832e-17
       4539.1288  2.83339e-17
       4542.0232  2.68941e-17
       4544.9177  2.72775e-17
       4547.8121  2.87624e-17
       4550.7065  3.34716e-17
       4553.6009  3.53482e-17
       4556.4953  3.40993e-17
       4559.3898  3.62405e-17
       4562.2842  3.62215e-17
       4565.1786  3.37779e-17
       4568.0730  3.61289e-17
       4570.9674  3.72093e-17
       4573.8619  3.92549e-17
       4576.7563  4.14982e-17
       4579.6507  4.16278e-17
       4582.5451  4.53380e-17
       4585.4395  4.51786e-17
       4588.3340  4.57601e-17
       4591.2284  4.76796e-17
       4594.1228  4.52892e-17
       4597.0172  4.19795e-17
       4599.9117  3.99429e-17
       4602.8061  4.21035e-17
       4605.7005  4.51960e-17
       4608.5949  4.59921e-17
       4611.4893  4.81993e-17
       4614.3838  4.92762e-17
       4617.2782  4.65953e-17
       4620.1726  4.51329e-17
       4623.0670  4.56969e-17
       4625.9614  4.87597e-17
       4628.8559  5.18953e-17
       4631.7503  5.14300e-17
       4634.6447  5.20140e-17
       4637.5391  5.47382e-17
       4640.4335  5.30725e-17
       4643.3280  5.37675e-17
       4646.2224  6.26191e-17
       4649.1168  6.58575e-17
       4652.0112  6.29983e-17
       4654.9057  6.14556e-17
       4657.8001  6.09298e-17
       4660.6945  6.25661e-17
       4663.5889  6.75838e-17
       4666.4833  7.25153e-17
       4669.3778  7.26172e-17
       4672.2722  7.03745e-17
       4675.1666  6.93239e-17
       4678.0610  7.39831e-17
       4680.9554  7.17582e-17
       4683.8499  7.29520e-17
       4686.7443  7.71912e-17
       4689.6387  7.76064e-17
       4692.5331  7.54707e-17
       4695.4275  7.64551e-17
       4698.3220  7.90730e-17
       4701.2164  7.68274e-17
       4704.1108  7.54626e-17
       4707.0052  7.20081e-17
       4709.8997  7.51208e-17
       4712.7941  7.10257e-17
       4715.6885  6.52138e-17
       4718.5829  6.61515e-17
       4721.4773  7.02780e-17
       4724.3718  7.44055e-17
       4727.2662  7.27768e-17
       4730.1606  6.62488e-17
       4733.0550  5.83518e-17
       4735.9494  5.62899e-17
       4738.8439  6.10991e-17
       4741.7383  6.22352e-17
       4744.6327  6.32278e-17
       4747.5271  6.57084e-17
       4750.4215  6.03497e-17
       4753.3160  5.52351e-17
       4756.2104  5.75723e-17
       4759.1048  5.81433e-17
       4761.9992  5.88437e-17
       4764.8937  5.94701e-17
       4767.7881  5.49624e-17
       4770.6825  5.40808e-17
       4773.5769  5.18275e-17
       4776.4713  5.37681e-17
       4779.3658  5.41539e-17
       4782.2602  5.68711e-17
       4785.1546  5.37052e-17
       4788.0490  4.64732e-17
       4790.9434  4.59233e-17
       4793.8379  5.36761e-17
       4796.7323  5.47168e-17
       4799.6267  5.28456e-17
       4802.5211  5.51144e-17
       4805.4155  5.34184e-17
       4808.3100  4.87883e-17
       4811.2044  4.63995e-17
       4814.0988  4.45251e-17
       4816.9932  4.60608e-17
       4819.8876  4.98518e-17
       4822.7821  5.05168e-17
       4825.6765  4.88026e-17
       4828.5709  4.65002e-17
       4831.4653  4.41074e-17
       4834.3598  4.22075e-17
       4837.2542  4.57975e-17
       4840.1486  5.11435e-17
       4843.0430  4.83766e-17
       4845.9374  4.39630e-17
       4848.8319  3.95739e-17
       4851.7263  4.10480e-17
       4854.6207  4.62802e-17
       4857.5151  4.58709e-17
       4860.4095  4.61663e-17
       4863.3040  4.93899e-17
       4866.1984  5.19118e-17
       4869.0928  4.87036e-17
       4871.9872  4.69355e-17
       4874.8816  4.81600e-17
       4877.7761  5.41686e-17
       4880.6705  4.98248e-17
       4883.5649  5.16668e-17
       4886.4593  5.38941e-17
       4889.3538  5.84487e-17
       4892.2482  5.83882e-17
       4895.1426  5.74070e-17
       4898.0370  6.00114e-17
       4900.9314  6.15953e-17
       4903.8259  6.14577e-17
       4906.7203  6.32513e-17
       4909.6147  6.70994e-17
       4912.5091  6.83713e-17
       4915.4035  6.68750e-17
       4918.2980  6.64397e-17
       4921.1924  6.68330e-17
       4924.0868  6.79580e-17
       4926.9812  6.99333e-17
       4929.8756  6.97204e-17
       4932.7701  7.17938e-17
       4935.6645  7.42576e-17
       4938.5589  7.24799e-17
       4941.4533  7.34676e-17
       4944.3478  7.09751e-17
       4947.2422  7.07456e-17
       4950.1366  7.74134e-17
       4953.0310  7.82586e-17
       4955.9254  7.42574e-17
       4958.8199  7.74814e-17
       4961.7143  7.91104e-17
       4964.6087  7.34359e-17
       4967.5031  6.70507e-17
       4970.3975  6.97508e-17
       4973.2920  6.87005e-17
       4976.1864  6.59980e-17
       4979.0808  6.71479e-17
       4981.9752  6.84449e-17
       4984.8696  6.70707e-17
       4987.7641  6.81467e-17
       4990.6585  6.78550e-17
       4993.5529  6.85473e-17
       4996.4473  7.01844e-17
       4999.3418  7.10603e-17
       5002.2362  6.98345e-17
       5005.1306  7.15432e-17
       5008.0250  7.71588e-17
       5010.9194  7.28626e-17
       5013.8139  7.05561e-17
       5016.7083  7.62073e-17
       5019.6027  7.74615e-17
       5022.4971  7.83577e-17
       5025.3915  7.90207e-17
       5028.2860  7.77489e-17
       5031.1804  8.08306e-17
       5034.0748  8.38184e-17
       5036.9692  8.12406e-17
       5039.8636  7.91343e-17
       5042.7581  8.24202e-17
       5045.6525  8.29014e-17
       5048.5469  8.11924e-17
       5051.4413  7.99235e-17
       5054.3358  7.70026e-17
       5057.2302  7.51897e-17
       5060.1246  7.26462e-17
       5063.0190  7.06205e-17
       5065.9134  7.14834e-17
       5068.8079  7.51614e-17
       5071.7023  7.13188e-17
       5074.5967  6.62708e-17
       5077.4911  6.40331e-17
       5080.3855  6.35019e-17
       5083.2800  5.86841e-17
       5086.1744  6.12877e-17
       5089.0688  5.82530e-17
       5091.9632  5.34836e-17
       5094.8576  5.79211e-17
       5097.7521  5.87252e-17
       5100.6465  5.24784e-17
       5103.5409  5.04963e-17
       5106.4353  5.16508e-17
       5109.3297  5.48272e-17
       5112.2242  5.46593e-17
       5115.1186  5.22962e-17
       5118.0130  4.99900e-17
       5120.9074  4.67610e-17
       5123.8019  4.39971e-17
       5126.6963  4.06907e-17
       5129.5907  3.95026e-17
       5132.4851  3.96027e-17
       5135.3795  4.16243e-17
       5138.2740  3.90601e-17
       5141.1684  3.86560e-17
       5144.0628  4.48096e-17
       5146.9572  4.76569e-17
       5149.8516  4.46583e-17
       5152.7461  3.99702e-17
       5155.6405  3.90762e-17
       5158.5349  4.08186e-17
       5161.4293  4.15286e-17
       5164.3237  4.25158e-17
       5167.2182  4.57679e-17
       5170.1126  4.67673e-17
       5173.0070  4.28293e-17
       5175.9014  4.22118e-17
       5178.7959  4.53225e-17
       5181.6903  4.31732e-17
       5184.5847  4.61597e-17
       5187.4791  5.06465e-17
       5190.3735  5.18790e-17
       5193.2680  4.53422e-17
       5196.1624  4.24680e-17
       5199.0568  4.36902e-17
       5201.9512  4.37192e-17
       5204.8456  4.72479e-17
       5207.7401  5.24798e-17
       5210.6345  5.58566e-17
       5213.5289  5.68923e-17
       5216.4233  5.73155e-17
       5219.3177  5.40822e-17
       5222.2122  4.97567e-17
       5225.1066  5.84118e-17
       5228.0010  6.56132e-17
       5230.8954  5.88454e-17
       5233.7899  5.96318e-17
       5236.6843  6.51927e-17
       5239.5787  6.20187e-17
       5242.4731  5.75716e-17
       5245.3675  6.25350e-17
       5248.2620  6.19908e-17
       5251.1564  6.27280e-17
       5254.0508  6.05283e-17
       5256.9452  6.41957e-17
       5259.8396  6.06606e-17
       5262.7341  5.44038e-17
       5265.6285  6.02432e-17
       5268.5229  6.06473e-17
       5271.4173  5.99899e-17
       5274.3117  5.79626e-17
       5277.2062  5.42487e-17
       5280.1006  5.42744e-17
       5282.9950  5.83980e-17
       5285.8894  5.93596e-17
       5288.7839  6.32107e-17
       5291.6783  6.54711e-17
       5294.5727  6.22159e-17
       5297.4671  6.28603e-17
       5300.3615  6.41424e-17
       5303.2560  6.17132e-17
       5306.1504  6.30576e-17
       5309.0448  6.47729e-17
       5311.9392  6.52621e-17
       5314.8336  6.48900e-17
       5317.7281  6.62138e-17
       5320.6225  6.96138e-17
       5323.5169  7.16074e-17
       5326.4113  7.38151e-17
       5329.3057  7.26661e-17
       5332.2002  7.25220e-17
       5335.0946  6.81808e-17
       5337.9890  6.41294e-17
       5340.8834  6.54301e-17
       5343.7779  6.67982e-17
       5346.6723  6.80910e-17
       5349.5667  7.17465e-17
       5352.4611  7.45340e-17
       5355.3555  7.48928e-17
       5358.2500  7.94947e-17
       5361.1444  8.15015e-17
       5364.0388  8.30310e-17
       5366.9332  8.06213e-17
       5369.8276  7.72667e-17
       5372.7221  7.87757e-17
       5375.6165  7.53448e-17
       5378.5109  7.47669e-17
       5381.4053  7.80501e-17
       5384.2997  8.22401e-17
       5387.1942  8.43794e-17
       5390.0886  8.53588e-17
       5392.9830  8.54525e-17
       5395.8774  8.63413e-17
       5398.7718  8.46806e-17
       5401.6663  8.44066e-17
       5404.5607  9.14957e-17
       5407.4551  9.30710e-17
       5410.3495  9.13546e-17
       5413.2440  9.59648e-17
       5416.1384  9.42902e-17
       5419.0328  9.10613e-17
       5421.9272  9.54208e-17
       5424.8216  9.55100e-17
       5427.7161  8.87152e-17
       5430.6105  8.56702e-17
       5433.5049  8.88900e-17
       5436.3993  9.00296e-17
       5439.2937  8.92601e-17
       5442.1882  9.56889e-17
       5445.0826  9.33026e-17
       5447.9770  8.49977e-17
       5450.8714  8.71180e-17
       5453.7658  9.08105e-17
       5456.6603  9.26241e-17
       5459.5547  8.81666e-17
       5462.4491  8.30141e-17
       5465.3435  8.55156e-17
       5468.2380  8.35467e-17
       5471.1324  8.04729e-17
       5474.0268  8.04534e-17
       5476.9212  8.29918e-17
       5479.8156  8.18982e-17
       5482.7101  7.82360e-17
       5485.6045  7.89484e-17
       5488.4989  8.00043e-17
       5491.3933  8.16399e-17
       5494.2877  8.15571e-17
       5497.1822  8.13496e-17
       5500.0766  8.51453e-17
       5502.9710  9.03933e-17
       5505.8654  9.23955e-17
       5508.7598  8.76620e-17
       5511.6543  8.50620e-17
       5514.5487  9.03020e-17
       5517.4431  9.25091e-17
       5520.3375  9.30105e-17
       5523.2320  9.86147e-17
       5526.1264  1.04624e-16
       5529.0208  1.04703e-16
       5531.9152  1.04591e-16
       5534.8096  1.08397e-16
       5537.7041  1.14059e-16
       5540.5985  1.16140e-16
       5543.4929  1.16579e-16
       5546.3873  1.11518e-16
       5549.2817  1.09664e-16
       5552.1762  1.10622e-16
       5555.0706  1.07457e-16
       5557.9650  1.10338e-16
       5560.8594  1.17641e-16
       5563.7538  1.16364e-16
       5566.6483  1.16257e-16
       5569.5427  1.22300e-16
       5572.4371  1.36566e-16
       5575.3315  1.57582e-16
       5578.2260  1.76231e-16
       5581.1204  1.83607e-16
       5584.0148  1.84732e-16
       5586.9092  1.76776e-16
       5589.8036  1.66546e-16
       5592.6981  1.59959e-16
       5595.5925  1.55829e-16
       5598.4869  1.52381e-16
       5601.3813  1.49155e-16
       5604.2757  1.47738e-16
       5607.1702  1.52001e-16
       5610.0646  1.54734e-16
       5612.9590  1.53760e-16
       5615.8534  1.54602e-16
       5618.7478  1.49020e-16
       5621.6423  1.47756e-16
       5624.5367  1.47835e-16
       5627.4311  1.47343e-16
       5630.3255  1.48928e-16
       5633.2200  1.48192e-16
       5636.1144  1.51586e-16
       5639.0088  1.56393e-16
       5641.9032  1.58753e-16
       5644.7976  1.57766e-16
       5647.6921  1.60576e-16
       5650.5865  1.58487e-16
       5653.4809  1.58275e-16
       5656.3753  1.59311e-16
       5659.2697  1.58089e-16
       5662.1642  1.59524e-16
       5665.0586  1.65802e-16
       5667.9530  1.70243e-16
       5670.8474  1.70229e-16
       5673.7418  1.65065e-16
       5676.6363  1.65695e-16
       5679.5307  1.69359e-16
       5682.4251  1.74117e-16
       5685.3195  1.74999e-16
       5688.2139  1.74150e-16
       5691.1084  1.76528e-16
       5694.0028  1.80763e-16
       5696.8972  1.79629e-16
       5699.7916  1.80489e-16
       5702.6861  1.84549e-16
       5705.5805  1.80429e-16
       5708.4749  1.75495e-16
       5711.3693  1.78489e-16
       5714.2637  1.85693e-16
       5717.1582  1.83668e-16
       5720.0526  1.81560e-16
       5722.9470  1.85789e-16
       5725.8414  1.81215e-16
       5728.7358  1.76402e-16
       5731.6303  1.84533e-16
       5734.5247  1.87246e-16
       5737.4191  1.82626e-16
       5740.3135  1.77873e-16
       5743.2079  1.79539e-16
       5746.1024  1.84082e-16
       5748.9968  1.81696e-16
       5751.8912  1.78303e-16
       5754.7856  1.79422e-16
       5757.6801  1.80786e-16
       5760.5745  1.76959e-16
       5763.4689  1.77988e-16
       5766.3633  1.77742e-16
       5769.2577  1.76579e-16
       5772.1522  1.77241e-16
       5775.0466  1.71763e-16
       5777.9410  1.62904e-16
       5780.8354  1.62607e-16
       5783.7298  1.58776e-16
       5786.6243  1.54027e-16
       5789.5187  1.53014e-16
       5792.4131  1.50463e-16
       5795.3075  1.45176e-16
       5798.2019  1.45395e-16
       5801.0964  1.44481e-16
       5803.9908  1.40067e-16
       5806.8852  1.38058e-16
       5809.7796  1.34510e-16
       5812.6741  1.26853e-16
       5815.5685  1.24557e-16
       5818.4629  1.24861e-16
       5821.3573  1.26517e-16
       5824.2517  1.21677e-16
       5827.1462  1.20098e-16
       5830.0406  1.20670e-16
       5832.9350  1.24016e-16
       5835.8294  1.26026e-16
       5838.7238  1.27063e-16
       5841.6183  1.28747e-16
       5844.5127  1.27141e-16
       5847.4071  1.22326e-16
       5850.3015  1.21916e-16
       5853.1959  1.24329e-16
       5856.0904  1.22526e-16
       5858.9848  1.24913e-16
       5861.8792  1.25496e-16
       5864.7736  1.21842e-16
       5867.6681  1.16580e-16
       5870.5625  1.13530e-16
       5873.4569  1.11903e-16
       5876.3513  1.10695e-16
       5879.2457  1.05122e-16
       5882.1402  1.07211e-16
       5885.0346  1.19958e-16
       5887.9290  1.28869e-16
       5890.8234  1.33019e-16
       5893.7178  1.40207e-16
       5896.6123  1.46784e-16
       5899.5067  1.51512e-16
       5902.4011  1.52544e-16
       5905.2955  1.46548e-16
       5908.1899  1.38762e-16
       5911.0844  1.29694e-16
       5913.9788  1.26507e-16
       5916.8732  1.29459e-16
       5919.7676  1.32414e-16
       5922.6621  1.25486e-16
       5925.5565  1.24639e-16
       5928.4509  1.29349e-16
       5931.3453  1.30749e-16
       5934.2397  1.29334e-16
       5937.1342  1.33831e-16
       5940.0286  1.34698e-16
       5942.9230  1.31614e-16
       5945.8174  1.30116e-16
       5948.7118  1.30076e-16
       5951.6063  1.27625e-16
       5954.5007  1.26801e-16
       5957.3951  1.32298e-16
       5960.2895  1.33226e-16
       5963.1839  1.33158e-16
       5966.0784  1.34954e-16
       5968.9728  1.34257e-16
       5971.8672  1.31779e-16
       5974.7616  1.29468e-16
       5977.6560  1.25266e-16
       5980.5505  1.22508e-16
       5983.4449  1.21516e-16
       5986.3393  1.21088e-16
       5989.2337  1.20927e-16
       5992.1282  1.25009e-16
       5995.0226  1.23905e-16
       5997.9170  1.21145e-16
       6000.8114  1.20280e-16
       6003.7058  1.22518e-16
       6006.6003  1.28716e-16
       6009.4947  1.28932e-16
       6012.3891  1.26061e-16
       6015.2835  1.22381e-16
       6018.1779  1.21094e-16
       6021.0724  1.17879e-16
       6023.9668  1.12104e-16
       6026.8612  1.05641e-16
       6029.7556  1.06650e-16
       6032.6500  1.06503e-16
       6035.5445  1.10139e-16
       6038.4389  1.20572e-16
       6041.3333  1.28160e-16
       6044.2277  1.29170e-16
       6047.1222  1.27740e-16
       6050.0166  1.28927e-16
       6052.9110  1.25799e-16
       6055.8054  1.27542e-16
       6058.6998  1.28315e-16
       6061.5943  1.23386e-16
       6064.4887  1.21049e-16
       6067.3831  1.20917e-16
       6070.2775  1.22422e-16
       6073.1719  1.21174e-16
       6076.0664  1.21952e-16
       6078.9608  1.25080e-16
       6081.8552  1.20922e-16
       6084.7496  1.19647e-16
       6087.6440  1.22321e-16
       6090.5385  1.24621e-16
       6093.4329  1.25445e-16
       6096.3273  1.24821e-16
       6099.2217  1.19396e-16
       6102.1162  1.11636e-16
       6105.0106  1.10301e-16
       6107.9050  1.11689e-16
       6110.7994  1.10809e-16
       6113.6938  1.09325e-16
       6116.5883  1.11913e-16
       6119.4827  1.10307e-16
       6122.3771  1.04851e-16
       6125.2715  1.03459e-16
       6128.1659  1.08088e-16
       6131.0604  1.06039e-16
       6133.9548  1.01597e-16
       6136.8492  1.01066e-16
       6139.7436  1.01721e-16
       6142.6380  1.06071e-16
       6145.5325  1.04401e-16
       6148.4269  1.03651e-16
       6151.3213  1.04567e-16
       6154.2157  1.03372e-16
       6157.1102  1.05687e-16
       6160.0046  1.10944e-16
       6162.8990  1.12168e-16
       6165.7934  1.09112e-16
       6168.6878  1.08036e-16
       6171.5823  1.10150e-16
       6174.4767  1.09979e-16
       6177.3711  1.11860e-16
       6180.2655  1.14359e-16
       6183.1599  1.14370e-16
       6186.0544  1.12698e-16
       6188.9488  1.08698e-16
       6191.8432  1.12317e-16
       6194.7376  1.08002e-16
       6197.6320  1.05812e-16
       6200.5265  1.08399e-16
       6203.4209  1.08368e-16
       6206.3153  1.09393e-16
       6209.2097  1.09866e-16
       6212.1042  1.03889e-16
       6214.9986  9.71582e-17
       6217.8930  9.90408e-17
       6220.7874  1.00489e-16
       6223.6818  9.79984e-17
       6226.5763  9.42297e-17
       6229.4707  9.53890e-17
       6232.3651  1.01153e-16
       6235.2595  1.04146e-16
       6238.1539  1.03166e-16
       6241.0484  9.39291e-17
       6243.9428  9.24082e-17
       6246.8372  9.33982e-17
       6249.7316  9.59371e-17
       6252.6260  9.77262e-17
       6255.5205  9.85644e-17
       6258.4149  9.97954e-17
       6261.3093  9.53140e-17
       6264.2037  8.76071e-17
       6267.0981  8.73200e-17
       6269.9926  8.54181e-17
       6272.8870  8.27722e-17
       6275.7814  7.83013e-17
       6278.6758  7.57671e-17
       6281.5703  7.60291e-17
       6284.4647  7.19963e-17
       6287.3591  7.05131e-17
       6290.2535  7.19907e-17
       6293.1479  7.55172e-17
       6296.0424  7.54187e-17
       6298.9368  7.68801e-17
       6301.8312  7.66971e-17
       6304.7256  7.12995e-17
       6307.6200  6.75765e-17
       6310.5145  6.80428e-17
       6313.4089  6.77147e-17
       6316.3033  6.59631e-17
       6319.1977  6.53898e-17
       6322.0921  6.20647e-17
       6324.9866  6.57848e-17
       6327.8810  6.94592e-17
       6330.7754  6.73429e-17
       6333.6698  6.50540e-17
       6336.5643  6.69642e-17
       6339.4587  6.59193e-17
       6342.3531  6.46443e-17
       6345.2475  6.75828e-17
       6348.1419  7.28930e-17
       6351.0364  7.35333e-17
       6353.9308  7.28815e-17
       6356.8252  7.49814e-17
       6359.7196  7.95536e-17
       6362.6140  8.06043e-17
       6365.5085  8.21139e-17
       6368.4029  8.63222e-17
       6371.2973  8.71874e-17
       6374.1917  8.64478e-17
       6377.0861  8.36136e-17
       6379.9806  8.28126e-17
       6382.8750  8.59854e-17
       6385.7694  9.04113e-17
       6388.6638  9.40645e-17
       6391.5583  9.20732e-17
       6394.4527  9.22277e-17
       6397.3471  9.22176e-17
       6400.2415  9.03450e-17
       6403.1359  9.43210e-17
       6406.0304  9.60619e-17
       6408.9248  9.57150e-17
       6411.8192  9.29434e-17
       6414.7136  9.01530e-17
       6417.6080  9.14809e-17
       6420.5025  9.14706e-17
       6423.3969  8.97576e-17
       6426.2913  8.90287e-17
       6429.1857  9.18780e-17
       6432.0801  9.37829e-17
       6434.9746  9.29637e-17
       6437.8690  9.01463e-17
       6440.7634  8.72922e-17
       6443.6578  9.23614e-17
       6446.5523  9.67728e-17
       6449.4467  9.48390e-17
       6452.3411  9.03845e-17
       6455.2355  8.73603e-17
       6458.1299  8.93441e-17
       6461.0244  9.44924e-17
       6463.9188  9.42021e-17
       6466.8132  9.50796e-17
       6469.7076  9.88260e-17
       6472.6020  9.81881e-17
       6475.4965  9.50584e-17
       6478.3909  9.99224e-17
       6481.2853  1.03850e-16
       6484.1797  1.00660e-16
       6487.0741  1.01478e-16
       6489.9686  1.02805e-16
       6492.8630  1.06963e-16
       6495.7574  1.13029e-16
       6498.6518  1.11879e-16
       6501.5463  1.14302e-16
       6504.4407  1.15196e-16
       6507.3351  1.09910e-16
       6510.2295  1.11042e-16
       6513.1239  1.13524e-16
       6516.0184  1.12629e-16
       6518.9128  1.09548e-16
       6521.8072  1.08815e-16
       6524.7016  1.13041e-16
       6527.5960  1.17281e-16
       6530.4905  1.25577e-16
       6533.3849  1.28222e-16
       6536.2793  1.28038e-16
       6539.1737  1.23843e-16
       6542.0681  1.20145e-16
       6544.9626  1.22411e-16
       6547.8570  1.24999e-16
       6550.7514  1.28738e-16
       6553.6458  1.35682e-16
       6556.5402  1.36471e-16
       6559.4347  1.31822e-16
       6562.3291  1.32637e-16
       6565.2235  1.39069e-16
       6568.1179  1.42302e-16
       6571.0124  1.46544e-16
       6573.9068  1.52765e-16
       6576.8012  1.50364e-16
       6579.6956  1.47862e-16
       6582.5900  1.53401e-16
       6585.4845  1.56579e-16
       6588.3789  1.53070e-16
       6591.2733  1.50546e-16
       6594.1677  1.55158e-16
       6597.0621  1.56810e-16
       6599.9566  1.56302e-16
       6602.8510  1.58041e-16
       6605.7454  1.60842e-16
       6608.6398  1.62652e-16
       6611.5342  1.63778e-16
       6614.4287  1.64527e-16
       6617.3231  1.62344e-16
       6620.2175  1.62853e-16
       6623.1119  1.66871e-16
       6626.0064  1.68113e-16
       6628.9008  1.66256e-16
       6631.7952  1.66309e-16
       6634.6896  1.67424e-16
       6637.5840  1.64625e-16
       6640.4785  1.64725e-16
       6643.3729  1.64219e-16
       6646.2673  1.67315e-16
       6649.1617  1.71475e-16
       6652.0561  1.69618e-16
       6654.9506  1.65538e-16
       6657.8450  1.70175e-16
       6660.7394  1.74785e-16
       6663.6338  1.73145e-16
       6666.5282  1.67285e-16
       6669.4227  1.66081e-16
       6672.3171  1.65588e-16
       6675.2115  1.70497e-16
       6678.1059  1.75175e-16
       6681.0004  1.69930e-16
       6683.8948  1.67579e-16
       6686.7892  1.71922e-16
       6689.6836  1.73618e-16
       6692.5780  1.72263e-16
       6695.4725  1.75214e-16
       6698.3669  1.80548e-16
       6701.2613  1.80222e-16
       6704.1557  1.75232e-16
       6707.0501  1.74293e-16
       6709.9446  1.75122e-16
       6712.8390  1.73153e-16
       6715.7334  1.72074e-16
       6718.6278  1.69975e-16
       6721.5222  1.71431e-16
       6724.4167  1.72393e-16
       6727.3111  1.69385e-16
       6730.2055  1.71461e-16
       6733.0999  1.73515e-16
       6735.9944  1.74045e-16
       6738.8888  1.75248e-16
       6741.7832  1.69547e-16
       6744.6776  1.66352e-16
       6747.5720  1.64580e-16
       6750.4665  1.64703e-16
       6753.3609  1.66592e-16
       6756.2553  1.70216e-16
       6759.1497  1.68460e-16
       6762.0441  1.62311e-16
       6764.9386  1.58505e-16
       6767.8330  1.56814e-16
       6770.7274  1.55156e-16
       6773.6218  1.58980e-16
       6776.5162  1.61618e-16
       6779.4107  1.53889e-16
       6782.3051  1.44628e-16
       6785.1995  1.41422e-16
       6788.0939  1.45044e-16
       6790.9884  1.45886e-16
       6793.8828  1.44332e-16
       6796.7772  1.40491e-16
       6799.6716  1.34301e-16
       6802.5660  1.34830e-16
       6805.4605  1.33525e-16
       6808.3549  1.28383e-16
       6811.2493  1.25986e-16
       6814.1437  1.23620e-16
       6817.0381  1.21523e-16
       6819.9326  1.21797e-16
       6822.8270  1.25495e-16
       6825.7214  1.27262e-16
       6828.6158  1.32592e-16
       6831.5102  1.34112e-16
       6834.4047  1.33555e-16
       6837.2991  1.30568e-16
       6840.1935  1.25465e-16
       6843.0879  1.21120e-16
       6845.9823  1.18568e-16
       6848.8768  1.18210e-16
       6851.7712  1.15916e-16
       6854.6656  1.16556e-16
       6857.5600  1.18898e-16
       6860.4545  1.27040e-16
       6863.3489  1.32406e-16
       6866.2433  1.33109e-16
       6869.1377  1.35239e-16
       6872.0321  1.32127e-16
       6874.9266  1.28353e-16
       6877.8210  1.25699e-16
       6880.7154  1.19637e-16
       6883.6098  1.17254e-16
       6886.5042  1.18505e-16
       6889.3987  1.23936e-16
       6892.2931  1.26714e-16
       6895.1875  1.23511e-16
       6898.0819  1.22514e-16
       6900.9763  1.18603e-16
       6903.8708  1.19370e-16
       6906.7652  1.21581e-16
       6909.6596  1.17677e-16
       6912.5540  1.22162e-16
       6915.4485  1.25895e-16
       6918.3429  1.23189e-16
       6921.2373  1.21986e-16
       6924.1317  1.24802e-16
       6927.0261  1.23114e-16
       6929.9206  1.20362e-16
       6932.8150  1.15764e-16
       6935.7094  1.12699e-16
       6938.6038  1.14897e-16
       6941.4982  1.16247e-16
       6944.3927  1.16962e-16
       6947.2871  1.21318e-16
       6950.1815  1.22528e-16
       6953.0759  1.17002e-16
       6955.9703  1.11533e-16
       6958.8648  1.07826e-16
       6961.7592  1.07007e-16
       6964.6536  1.08981e-16
       6967.5480  1.11035e-16
       6970.4425  1.09020e-16
       6973.3369  1.08974e-16
       6976.2313  1.11121e-16
       6979.1257  1.11522e-16
       6982.0201  1.12370e-16
       6984.9146  1.10431e-16
       6987.8090  1.03332e-16
       6990.7034  1.02749e-16
       6993.5978  1.02757e-16
       6996.4922  1.02575e-16
       6999.3867  1.00960e-16
       7002.2811  1.04175e-16
       7005.1755  1.07683e-16
       7008.0699  1.07980e-16
       7010.9643  1.10205e-16
       7013.8588  1.13042e-16
       7016.7532  1.10407e-16
       7019.6476  1.09793e-16
       7022.5420  1.08018e-16
       7025.4365  1.04860e-16
       7028.3309  1.06509e-16
       7031.2253  1.07836e-16
       7034.1197  1.06181e-16
       7037.0141  1.09182e-16
       7039.9086  1.14812e-16
       7042.8030  1.17408e-16
       7045.6974  1.11888e-16
       7048.5918  1.07694e-16
       7051.4862  1.07923e-16
       7054.3807  1.09931e-16
       7057.2751  1.14310e-16
       7060.1695  1.15503e-16
       7063.0639  1.15489e-16
       7065.9583  1.18619e-16
       7068.8528  1.17255e-16
       7071.7472  1.14109e-16
       7074.6416  1.18203e-16
       7077.5360  1.23672e-16
       7080.4305  1.17122e-16
       7083.3249  1.16556e-16
       7086.2193  1.22610e-16
       7089.1137  1.21295e-16
       7092.0081  1.18130e-16
       7094.9026  1.22509e-16
       7097.7970  1.24749e-16
       7100.6914  1.23136e-16
       7103.5858  1.22428e-16
       7106.4802  1.19603e-16
       7109.3747  1.16646e-16
       7112.2691  1.16509e-16
       7115.1635  1.21088e-16
       7118.0579  1.21773e-16
       7120.9523  1.23593e-16
       7123.8468  1.22114e-16
       7126.7412  1.18604e-16
       7129.6356  1.14025e-16
       7132.5300  1.12258e-16
       7135.4244  1.15324e-16
       7138.3189  1.16162e-16
       7141.2133  1.16207e-16
       7144.1077  1.18393e-16
       7147.0021  1.21142e-16
       7149.8966  1.21371e-16
       7152.7910  1.18844e-16
       7155.6854  1.12785e-16
       7158.5798  1.07063e-16
       7161.4742  1.05345e-16
       7164.3687  1.00699e-16
       7167.2631  1.02256e-16
       7170.1575  1.03315e-16
       7173.0519  9.78110e-17
       7175.9463  9.61789e-17
       7178.8408  9.75101e-17
       7181.7352  9.64527e-17
       7184.6296  9.60373e-17
       7187.5240  9.34288e-17
       7190.4184  9.39642e-17
       7193.3129  9.01019e-17
       7196.2073  8.75576e-17
       7199.1017  9.26660e-17
       7201.9961  9.45861e-17
       7204.8906  9.18722e-17
       7207.7850  8.71824e-17
       7210.6794  8.66517e-17
       7213.5738  8.38520e-17
       7216.4682  7.90207e-17
       7219.3627  8.14651e-17
       7222.2571  7.92750e-17
       7225.1515  7.72635e-17
       7228.0459  7.73639e-17
       7230.9403  7.77380e-17
       7233.8348  7.94566e-17
       7236.7292  8.79768e-17
       7239.6236  9.04714e-17
       7242.5180  9.49218e-17
       7245.4124  9.70155e-17
       7248.3069  9.77366e-17
       7251.2013  9.68391e-17
       7254.0957  9.40954e-17
       7256.9901  8.54000e-17
       7259.8846  7.94324e-17
       7262.7790  7.99595e-17
       7265.6734  8.36559e-17
       7268.5678  8.05063e-17
       7271.4622  7.62163e-17
       7274.3567  7.99882e-17
       7277.2511  9.19713e-17
       7280.1455  9.63469e-17
       7283.0399  9.91404e-17
       7285.9343  9.87373e-17
       7288.8288  9.69654e-17
       7291.7232  8.94139e-17
       7294.6176  8.86777e-17
       7297.5120  8.43479e-17
       7300.4064  7.60216e-17
       7303.3009  7.66372e-17
       7306.1953  7.95096e-17
       7309.0897  7.95335e-17
       7311.9841  8.25319e-17
       7314.8786  8.84190e-17
       7317.7730  9.41728e-17
       7320.6674  9.66791e-17
       7323.5618  9.82465e-17
       7326.4562  9.73770e-17
       7329.3507  9.60083e-17
       7332.2451  8.93529e-17
       7335.1395  9.33912e-17
       7338.0339  1.00391e-16
       7340.9283  1.05068e-16
       7343.8228  1.12797e-16
       7346.7172  1.12756e-16
       7349.6116  1.04733e-16
       7352.5060  9.53108e-17
       7355.4004  9.18238e-17
       7358.2949  9.62271e-17
       7361.1893  1.11031e-16
       7364.0837  1.09781e-16
       7366.9781  1.08738e-16
       7369.8726  1.17214e-16
       7372.7670  1.18627e-16
       7375.6614  1.14610e-16
       7378.5558  1.08294e-16
       7381.4502  1.06987e-16
       7384.3447  1.01017e-16
       7387.2391  9.63133e-17
       7390.1335  9.72200e-17
       7393.0279  1.05362e-16
       7395.9223  1.10320e-16
       7398.8168  1.11701e-16
       7401.7112  1.16941e-16
       7404.6056  1.19150e-16
       7407.5000  1.18269e-16
       7410.3944  1.11222e-16
       7413.2889  9.97800e-17
       7416.1833  9.58788e-17
       7419.0777  1.04626e-16
       7421.9721  1.11755e-16
       7424.8665  1.08579e-16
       7427.7610  1.02368e-16
       7430.6554  9.97269e-17
       7433.5498  1.04524e-16
       7436.4442  1.03430e-16
       7439.3387  9.89987e-17
       7442.2331  1.03879e-16
       7445.1275  1.06872e-16
       7448.0219  1.07630e-16
       7450.9163  9.97311e-17
       7453.8108  1.00442e-16
       7456.7052  9.77301e-17
       7459.5996  9.43071e-17
       7462.4940  9.53447e-17
       7465.3884  9.76306e-17
       7468.2829  9.93380e-17
       7471.1773  1.03991e-16
       7474.0717  1.07785e-16
       7476.9661  1.08496e-16
       7479.8605  1.09987e-16
       7482.7550  1.15163e-16
       7485.6494  1.14858e-16
       7488.5438  1.15199e-16
       7491.4382  1.12624e-16
       7494.3327  1.05393e-16
       7497.2271  1.04952e-16
       7500.1215  1.02534e-16
       7503.0159  1.01531e-16
       7505.9103  1.00121e-16
       7508.8048  1.01943e-16
       7511.6992  1.04164e-16
       7514.5936  1.05987e-16
       7517.4880  1.09825e-16
       7520.3824  1.14142e-16
       7523.2769  1.20328e-16
       7526.1713  1.22756e-16
       7529.0657  1.23769e-16
       7531.9601  1.21557e-16
       7534.8545  1.19945e-16
       7537.7490  1.18146e-16
       7540.6434  1.11422e-16
       7543.5378  1.13259e-16
       7546.4322  1.15044e-16
       7549.3267  1.14449e-16
       7552.2211  1.13717e-16
       7555.1155  1.14042e-16
       7558.0099  1.14798e-16
       7560.9043  1.18119e-16
       7563.7988  1.18413e-16
       7566.6932  1.14975e-16
       7569.5876  1.14333e-16
       7572.4820  1.22010e-16
       7575.3764  1.25763e-16
       7578.2709  1.27583e-16
       7581.1653  1.27236e-16
       7584.0597  1.27823e-16
       7586.9541  1.25785e-16
       7589.8485  1.18912e-16
       7592.7430  1.19160e-16
       7595.6374  1.23230e-16
       7598.5318  1.24195e-16
       7601.4262  1.24200e-16
       7604.3207  1.24068e-16
       7607.2151  1.22834e-16
       7610.1095  1.16793e-16
       7613.0039  1.14873e-16
       7615.8983  1.04376e-16
       7618.7928  1.02800e-16
       7621.6872  1.07574e-16
       7624.5816  1.14390e-16
       7627.4760  1.14181e-16
       7630.3704  1.13973e-16
       7633.2649  1.13319e-16
       7636.1593  1.05770e-16
       7639.0537  9.57678e-17
       7641.9481  8.88272e-17
       7644.8425  8.89960e-17
       7647.7370  9.14750e-17
       7650.6314  9.20473e-17
       7653.5258  8.72706e-17
       7656.4202  8.44872e-17
       7659.3147  8.11517e-17
       7662.2091  7.42632e-17
       7665.1035  6.47068e-17
       7667.9979  5.36481e-17
       7670.8923  5.39431e-17
       7673.7868  6.28489e-17
       7676.6812  6.51889e-17
       7679.5756  6.00560e-17
       7682.4700  5.81297e-17
       7685.3644  5.47976e-17
       7688.2589  4.28971e-17
       7691.1533  3.86726e-17
       7694.0477  4.78600e-17
       7696.9421  5.81135e-17
       7699.8365  5.25108e-17
       7702.7310  4.05536e-17
       7705.6254  3.88901e-17
       7708.5198  4.67076e-17
       7711.4142  4.73045e-17
       7714.3086  4.74709e-17
       7717.2031  5.31790e-17
       7720.0975  6.10228e-17
       7722.9919  6.93975e-17
       7725.8863  6.93597e-17
       7728.7808  7.01043e-17
       7731.6752  6.75916e-17
       7734.5696  5.65080e-17
       7737.4640  5.31463e-17
       7740.3584  6.19721e-17
       7743.2529  6.56165e-17
       7746.1473  7.27998e-17
       7749.0417  8.15814e-17
       7751.9361  8.16122e-17
       7754.8305  8.62824e-17
       7757.7250  8.99647e-17
       7760.6194  9.48495e-17
       7763.5138  1.00604e-16
       7766.4082  1.00368e-16
       7769.3026  1.01736e-16
       7772.1971  9.91313e-17
       7775.0915  8.95609e-17
       7777.9859  8.82539e-17
       7780.8803  9.28750e-17
       7783.7748  1.03735e-16
       7786.6692  1.08123e-16
       7789.5636  1.07252e-16
       7792.4580  1.12793e-16
       7795.3524  1.22770e-16
       7798.2469  1.28680e-16
       7801.1413  1.31407e-16
       7804.0357  1.34049e-16
       7806.9301  1.36710e-16
       7809.8245  1.31091e-16
       7812.7190  1.25798e-16
       7815.6134  1.34880e-16
       7818.5078  1.45103e-16
       7821.4022  1.51958e-16
       7824.2966  1.57217e-16
       7827.1911  1.55130e-16
       7830.0855  1.49020e-16
       7832.9799  1.48954e-16
       7835.8743  1.42230e-16
       7838.7688  1.34239e-16
       7841.6632  1.39023e-16
       7844.5576  1.40650e-16
       7847.4520  1.40277e-16
       7850.3464  1.43125e-16
       7853.2409  1.44509e-16
       7856.1353  1.50444e-16
       7859.0297  1.47526e-16
       7861.9241  1.48414e-16
       7864.8185  1.53782e-16
       7867.7130  1.57439e-16
       7870.6074  1.63808e-16
       7873.5018  1.72304e-16
       7876.3962  1.72060e-16
       7879.2906  1.66021e-16
       7882.1851  1.60882e-16
       7885.0795  1.54785e-16
       7887.9739  1.55884e-16
       7890.8683  1.60394e-16
       7893.7628  1.60199e-16
       7896.6572  1.63030e-16
       7899.5516  1.58308e-16
       7902.4460  1.50368e-16
       7905.3404  1.48564e-16
       7908.2349  1.48423e-16
       7911.1293  1.57330e-16
       7914.0237  1.63338e-16
       7916.9181  1.68757e-16
       7919.8125  1.71291e-16
       7922.7070  1.74837e-16
       7925.6014  1.76253e-16
       7928.4958  1.71265e-16
       7931.3902  1.72495e-16
       7934.2846  1.80546e-16
       7937.1791  1.73940e-16
       7940.0735  1.59004e-16
       7942.9679  1.58162e-16
       7945.8623  1.69430e-16
       7948.7568  1.67761e-16
       7951.6512  1.56908e-16
       7954.5456  1.53210e-16
       7957.4400  1.64825e-16
       7960.3344  1.74209e-16
       7963.2289  1.65796e-16
       7966.1233  1.63301e-16
       7969.0177  1.62392e-16
       7971.9121  1.55257e-16
       7974.8065  1.60392e-16
       7977.7010  1.66777e-16
       7980.5954  1.58949e-16
       7983.4898  1.58115e-16
       7986.3842  1.59085e-16
       7989.2786  1.54957e-16
       7992.1731  1.62672e-16
       7995.0675  1.77571e-16
       7997.9619  1.73848e-16
       8000.8563  1.58315e-16
       8003.7507  1.51583e-16
       8006.6452  1.49607e-16
       8009.5396  1.54280e-16
       8012.4340  1.60542e-16
       8015.3284  1.57661e-16
       8018.2229  1.64313e-16
       8021.1173  1.59019e-16
       8024.0117  1.70715e-16
       8026.9061  1.68150e-16
       8029.8005  1.65587e-16
       8032.6950  1.51249e-16
       8035.5894  1.34970e-16
       8038.4838  1.38782e-16
       8041.3782  1.36745e-16
       8044.2726  1.27307e-16
       8047.1671  1.28606e-16
       8050.0615  1.37497e-16
       8052.9559  1.43136e-16
       8055.8503  1.49158e-16
       8058.7447  1.54875e-16
       8061.6392  1.57568e-16
       8064.5336  1.52120e-16
       8067.4280  1.40050e-16
       8070.3224  1.25517e-16
       8073.2169  1.17446e-16
       8076.1113  1.21978e-16
       8079.0057  1.35677e-16
       8081.9001  1.36937e-16
       8084.7945  1.38987e-16
       8087.6890  1.19762e-16
       8090.5834  1.18179e-16
       8093.4778  1.19359e-16
       8096.3722  1.25599e-16
       8099.2666  1.41844e-16
       8102.1611  1.46708e-16
       8105.0555  1.46523e-16
       8107.9499  1.40686e-16
       8110.8443  1.27237e-16
       8113.7387  1.22305e-16
       8116.6332  1.23642e-16
       8119.5276  1.11952e-16
       8122.4220  1.08223e-16
       8125.3164  1.07313e-16
       8128.2109  1.02912e-16
       8131.1053  1.08504e-16
       8133.9997  1.14727e-16
       8136.8941  1.18996e-16
       8139.7885  1.11090e-16
       8142.6830  1.04130e-16
       8145.5774  1.12297e-16
       8148.4718  1.22757e-16
       8151.3662  1.12625e-16
       8154.2606  1.04254e-16
       8157.1551  1.01342e-16
       8160.0495  8.77025e-17
       8162.9439  9.19576e-17
       8165.8383  1.08147e-16
       8168.7327  1.04870e-16
       8171.6272  9.10653e-17
       8174.5216  8.66096e-17
       8177.4160  9.48184e-17
       8180.3104  1.08728e-16
       8183.2049  1.13693e-16
       8186.0993  1.11644e-16
       8188.9937  1.02423e-16
       8191.8881  1.00992e-16
       8194.7825  1.07267e-16
       8197.6770  1.06670e-16
       8200.5714  1.05174e-16
       8203.4658  1.11003e-16
       8206.3602  1.01247e-16
       8209.2546  9.24700e-17
       8212.1491  9.10959e-17
       8215.0435  9.30598e-17
       8217.9379  8.70858e-17
       8220.8323  8.62432e-17
       8223.7267  9.53462e-17
       8226.6212  9.90307e-17
       8229.5156  9.55000e-17
       8232.4100  9.96444e-17
       8235.3044  1.08567e-16
       8238.1989  1.09976e-16
       8241.0933  9.52575e-17
       8243.9877  8.60708e-17
       8246.8821  8.91105e-17
       8249.7765  9.05054e-17
       8252.6710  8.84781e-17
       8255.5654  9.49700e-17
       8258.4598  9.65570e-17
       8261.3542  8.40786e-17
       8264.2486  7.55826e-17
       8267.1431  7.54676e-17
       8270.0375  7.74151e-17
       8272.9319  8.74312e-17
       8275.8263  8.20548e-17
       8278.7207  6.92588e-17
       8281.6152  7.53989e-17
       8284.5096  8.87479e-17
       8287.4040  9.83229e-17
       8290.2984  9.89238e-17
       8293.1928  9.71197e-17
       8296.0873  8.93265e-17
       8298.9817  8.68771e-17
       8301.8761  9.21665e-17
       8304.7705  8.65010e-17
       8307.6650  8.00908e-17
       8310.5594  6.85990e-17
       8313.4538  5.84636e-17
       8316.3482  6.12190e-17
       8319.2426  5.93618e-17
       8322.1371  5.29249e-17
       8325.0315  5.04937e-17
       8327.9259  4.66105e-17
       8330.8203  4.61918e-17
       8333.7147  5.05838e-17
       8336.6092  4.88742e-17
       8339.5036  4.94499e-17
       8342.3980  4.61495e-17
       8345.2924  3.85583e-17
       8348.1868  5.20001e-17
       8351.0813  5.12286e-17
       8353.9757  4.10219e-17
       8356.8701  2.47639e-17
       8359.7645  2.52423e-17
       8362.6590  2.44764e-17
       8365.5534  1.67856e-17
       8368.4478  1.46262e-17
       8371.3422  1.49205e-17
       8374.2366  2.36067e-17
       8377.1311  1.90098e-17
       8380.0255  1.39391e-17
       8382.9199  2.22654e-17
       8385.8143  3.08976e-17
       8388.7087  2.78274e-17
       8391.6032  2.40154e-17
       8394.4976  2.66109e-17
       8397.3920  2.60823e-17
       8400.2864  2.67118e-17
       8403.1808  2.04546e-17
       8406.0753  2.35387e-17
       8408.9697  2.08650e-17
       8411.8641  1.09533e-17
       8414.7585  9.89626e-18
       8417.6530  1.07894e-17
       8420.5474  1.81345e-17
       8423.4418  2.73418e-17
       8426.3362  1.86691e-17
       8429.2306  2.13820e-17
       8432.1251  2.27823e-17
       8435.0195  2.99518e-17
       8437.9139  3.32117e-17
       8440.8083  2.93796e-17
       8443.7027  1.96976e-17
       8446.5972  1.80782e-17
       8449.4916  3.20913e-17
       8452.3860  3.52092e-17
       8455.2804  2.08518e-17
       8458.1748  1.94950e-17
       8461.0693  1.99912e-17
       8463.9637  3.96929e-17
       8466.8581  4.38875e-17
       8469.7525  4.26202e-17
       8472.6470  5.07711e-17
       8475.5414  4.44723e-17
       8478.4358  4.05525e-17
       8481.3302  5.37729e-17
       8484.2246  4.90904e-17
       8487.1191  3.49849e-17
       8490.0135  4.00834e-17
       8492.9079  4.56423e-17
       8495.8023  3.07282e-17
       8498.6967  2.71806e-17
       8501.5912  3.38392e-17
       8504.4856  4.14433e-17
       8507.3800  3.76852e-17
       8510.2744  3.47285e-17
       8513.1688  3.20020e-17
       8516.0633  3.33617e-17
       8518.9577  2.83280e-17
       8521.8521  2.72675e-17
       8524.7465  2.97887e-17
       8527.6410  3.62034e-17
       8530.5354  3.70740e-17
       8533.4298  4.66026e-17
       8536.3242  4.74707e-17
       8539.2186  4.42171e-17
       8542.1131  4.93901e-17
       8545.0075  5.17081e-17
       8547.9019  4.74512e-17
       8550.7963  4.91556e-17
       8553.6907  4.53076e-17
       8556.5852  3.87438e-17
       8559.4796  3.75491e-17
       8562.3740  3.87446e-17
       8565.2684  4.93260e-17
       8568.1628  5.69565e-17
       8571.0573  6.01298e-17
       8573.9517  5.79367e-17
       8576.8461  5.13162e-17
       8579.7405  4.89590e-17
       8582.6349  6.17092e-17
       8585.5294  7.53123e-17
       8588.4238  7.50707e-17
       8591.3182  7.27305e-17
       8594.2126  6.98670e-17
       8597.1071  6.98448e-17
       8600.0015  6.87768e-17
       8602.8959  6.86484e-17
       8605.7903  7.19919e-17
       8608.6847  6.85368e-17
       8611.5792  6.49534e-17
       8614.4736  6.27901e-17
       8617.3680  6.58672e-17
       8620.2624  7.48538e-17
       8623.1568  8.62851e-17
       8626.0513  1.00946e-16
       8628.9457  1.27788e-16
       8631.8401  1.25778e-16
       8634.7345  1.28613e-16
       8637.6289  1.20200e-16
       8640.5234  1.15980e-16
       8643.4178  1.18709e-16
       8646.3122  1.09265e-16
       8649.2066  1.08119e-16
       8652.1011  1.16640e-16
       8654.9955  1.24098e-16
       8657.8899  1.13207e-16
       8660.7843  1.21196e-16
       8663.6787  1.54972e-16
       8666.5732  1.63035e-16
       8669.4676  1.55366e-16
       8672.3620  1.40964e-16
       8675.2564  1.32471e-16
       8678.1508  1.47522e-16
       8681.0453  1.59314e-16
       8683.9397  1.63032e-16
       8686.8341  1.59165e-16
       8689.7285  1.51102e-16
       8692.6229  1.43918e-16
       8695.5174  1.43562e-16
       8698.4118  1.46239e-16
       8701.3062  1.39600e-16
       8704.2006  1.32970e-16
       8707.0951  1.30605e-16
       8709.9895  1.34361e-16
       8712.8839  1.54105e-16
       8715.7783  1.63861e-16
       8718.6727  1.72162e-16
       8721.5672  1.71361e-16
       8724.4616  1.63978e-16
       8727.3560  1.61546e-16
       8730.2504  1.48991e-16
       8733.1448  1.51147e-16
       8736.0393  1.47091e-16
       8738.9337  1.40323e-16
       8741.8281  1.42011e-16
       8744.7225  1.39074e-16
       8747.6169  1.36157e-16
       8750.5114  1.38840e-16
       8753.4058  1.41648e-16
       8756.3002  1.49278e-16
       8759.1946  1.55066e-16
       8762.0891  1.63959e-16
       8764.9835  1.62856e-16
       8767.8779  1.68559e-16
       8770.7723  1.81412e-16
       8773.6667  1.88250e-16
       8776.5612  1.90657e-16
       8779.4556  1.89856e-16
       8782.3500  1.83431e-16
       8785.2444  1.77006e-16
       8788.1388  1.85839e-16
       8791.0333  1.85840e-16
       8793.9277  1.83606e-16
       8796.8221  1.69835e-16
       8799.7165  1.54186e-16
       8802.6109  1.42100e-16
       8805.5054  1.39637e-16
       8808.3998  1.37124e-16
       8811.2942  1.36362e-16
       8814.1886  1.44544e-16
       8817.0831  1.34832e-16
       8819.9775  1.36179e-16
       8822.8719  1.47357e-16
       8825.7663  1.60189e-16
       8828.6607  1.79426e-16
       8831.5552  1.84651e-16
       8834.4496  1.86256e-16
       8837.3440  1.81034e-16
       8840.2384  1.67942e-16
       8843.1328  1.70535e-16
       8846.0273  1.79260e-16
       8848.9217  1.70561e-16
       8851.8161  1.53341e-16
       8854.7105  1.45685e-16
       8857.6049  1.44198e-16
       8860.4994  1.32736e-16
       8863.3938  1.52722e-16
       8866.2882  1.61506e-16
       8869.1826  1.51130e-16
       8872.0770  1.36064e-16
       8874.9715  1.25840e-16
       8877.8659  1.22763e-16
       8880.7603  1.33949e-16
       8883.6547  1.62951e-16
       8886.5492  1.62983e-16
       8889.4436  1.70800e-16
       8892.3380  1.64637e-16
       8895.2324  1.40142e-16
       8898.1268  1.21947e-16
       8901.0213  1.24024e-16
       8903.9157  1.31581e-16
       8906.8101  1.32453e-16
       8909.7045  1.15377e-16
       8912.5989  1.21713e-16
       8915.4934  1.44107e-16
       8918.3878  1.38376e-16
       8921.2822  1.56065e-16
       8924.1766  1.55279e-16
       8927.0710  1.24589e-16
       8929.9655  1.25436e-16
       8932.8599  1.16940e-16
       8935.7543  1.09532e-16
       8938.6487  1.09171e-16
       8941.5432  1.07879e-16
       8944.4376  1.14073e-16
       8947.3320  1.02228e-16
       8950.2264  9.47079e-17
       8953.1208  9.40036e-17
       8956.0153  1.01414e-16
       8958.9097  1.26117e-16
       8961.8041  1.31412e-16
       8964.6985  1.27184e-16
       8967.5929  1.22768e-16
       8970.4874  1.08248e-16
       8973.3818  1.08123e-16
       8976.2762  1.10184e-16
       8979.1706  9.83911e-17
       8982.0650  9.33037e-17
       8984.9595  9.59224e-17
       8987.8539  9.88385e-17
       8990.7483  1.04758e-16
       8993.6427  1.16627e-16
       8996.5372  1.04731e-16
       8999.4316  1.14359e-16
       9002.3260  1.26721e-16
       9005.2204  1.08235e-16
       9008.1148  1.12240e-16
       9011.0093  1.18684e-16
       9013.9037  1.03770e-16
       9016.7981  1.00842e-16
       9019.6925  1.11319e-16
       9022.5869  1.09240e-16
       9025.4814  1.12299e-16
       9028.3758  1.29673e-16
       9031.2702  1.41502e-16
       9034.1646  1.40954e-16
       9037.0590  1.27001e-16
       9039.9535  1.20029e-16
       9042.8479  1.33330e-16
       9045.7423  1.41588e-16
       9048.6367  1.33783e-16
       9051.5312  1.18466e-16
       9054.4256  1.09924e-16
       9057.3200  1.17021e-16
       9060.2144  1.21204e-16
       9063.1088  1.19612e-16
       9066.0033  1.20614e-16
       9068.8977  1.20162e-16
       9071.7921  1.36083e-16
       9074.6865  1.32962e-16
       9077.5809  1.29665e-16
       9080.4754  1.40763e-16
       9083.3698  1.40624e-16
       9086.2642  1.40625e-16
       9089.1586  1.42036e-16
       9092.0530  1.39216e-16
       9094.9475  1.36396e-16
       9097.8419  1.36389e-16
       9100.7363  1.25445e-16
       9103.6307  1.17040e-16
       9106.5252  9.38621e-17
       9109.4196  1.00022e-16
       9112.3140  1.03265e-16
       9115.2084  9.12014e-17
       9118.1028  8.10489e-17
       9120.9973  7.70370e-17
       9123.8917  8.92785e-17
       9126.7861  9.53470e-17
       9129.6805  9.10698e-17
       9132.5749  7.60678e-17
       9135.4694  7.87237e-17
       9138.3638  7.35022e-17
       9141.2582  7.63561e-17
       9144.1526  8.44362e-17
       9147.0470  7.11296e-17
       9149.9415  6.37660e-17
       9152.8359  6.25153e-17
       9155.7303  6.90487e-17
       9158.6247  6.51203e-17
       9161.5191  5.46842e-17
       9164.4136  5.64382e-17
       9167.3080  5.29675e-17
       9170.2024  5.20196e-17
       9173.0968  5.37911e-17
       9175.9913  6.36716e-17
       9178.8857  6.97710e-17
       9181.7801  6.97714e-17
       9184.6745  6.28418e-17
       9187.5689  5.90017e-17
       9190.4634  4.82511e-17
       9193.3578  4.90915e-17
       9196.2522  4.95774e-17
       9199.1466  4.69971e-17
       9202.0410  4.48470e-17
       9204.9355  4.71124e-17
       9207.8299  5.17976e-17
       9210.7243  4.26832e-17
       9213.6187  4.07527e-17
       9216.5131  4.34859e-17
       9219.4076  4.97105e-17
       9222.3020  6.19135e-17
       9225.1964  6.26320e-17
       9228.0908  5.84570e-17
       9230.9853  6.35120e-17
       9233.8797  7.54936e-17
       9236.7741  7.51161e-17
       9239.6685  7.22960e-17
       9242.5629  7.43201e-17
       9245.4574  7.94487e-17
       9248.3518  6.58216e-17
       9251.2462  5.24748e-17
       9254.1406  5.09723e-17
       9257.0350  6.26602e-17
       9259.9295  6.59574e-17
       9262.8239  6.98912e-17
       9265.7183  7.25628e-17
       9268.6127  5.69348e-17
       9271.5071  5.85201e-17
       9274.4016  6.77113e-17
       9277.2960  7.38562e-17
       9280.1904  7.02615e-17
       9283.0848  8.84469e-17
       9285.9793  9.01939e-17
       9288.8737  8.44063e-17
       9291.7681  6.79513e-17
       9294.6625  7.42745e-17
       9297.5569  6.64849e-17
       9300.4514  7.20453e-17
       9303.3458  9.04750e-17
       9306.2402  9.13889e-17
       9309.1346  9.08766e-17
       9312.0290  7.42948e-17
       9314.9235  6.41915e-17
       9317.8179  7.14271e-17
       9320.7123  7.70183e-17
       9323.6067  8.27339e-17
       9326.5011  8.57262e-17
       9329.3956  7.71510e-17
       9332.2900  7.05531e-17
       9335.1844  6.48466e-17
       9338.0788  6.22028e-17
       9340.9733  5.68803e-17
       9343.8677  5.68543e-17
       9346.7621  5.97258e-17
       9349.6565  6.28048e-17
       9352.5509  6.65129e-17
       9355.4454  7.00108e-17
       9358.3398  6.62074e-17
       9361.2342  5.14538e-17
       9364.1286  4.84460e-17
       9367.0230  5.17747e-17
       9369.9175  5.88091e-17
       9372.8119  4.33351e-17
       9375.7063  3.60739e-17
       9378.6007  5.90498e-17
       9381.4951  6.15696e-17
       9384.3896  6.44787e-17
       9387.2840  4.94840e-17
       9390.1784  3.85878e-17
       9393.0728  3.27414e-17
       9395.9673  4.44795e-17
       9398.8617  5.57505e-17
       9401.7561  5.59531e-17
       9404.6505  5.82146e-17
       9407.5449  5.46339e-17
       9410.4394  4.00761e-17
       9413.3338  3.02220e-17
       9416.2282  2.97672e-17
       9419.1226  3.71771e-17
       9422.0170  3.94404e-17
       9424.9115  2.14338e-17
       9427.8059  2.62744e-17
       9430.7003  3.11956e-17
       9433.5947  2.57914e-17
       9436.4891  1.94991e-17
       9439.3836  2.78879e-17
       9442.2780  3.48268e-17
       9445.1724  2.51798e-17
       9448.0668  2.32912e-17
       9450.9612  3.29701e-17
       9453.8557  4.81938e-17
       9456.7501  4.56061e-17
       9459.6445  2.40972e-17
       9462.5389  2.67594e-17
       9465.4334  5.03436e-17
       9468.3278  4.10831e-17
       9471.2222  3.49966e-17
       9474.1166  5.52450e-17
       9477.0110  5.21955e-17
       9479.9055  3.42326e-17
       9482.7999  3.50831e-17
       9485.6943  2.53892e-17
       9488.5887  2.65996e-17
       9491.4831  3.33186e-17
       9494.3776  3.29152e-17
       9497.2720  4.30543e-17
       9500.1664  5.40291e-17
       9503.0608  6.22689e-17
       9505.9552  6.13549e-17
       9508.8497  5.95661e-17
       9511.7441  3.92557e-17
       9514.6385  3.36416e-17
       9517.5329  3.68014e-17
       9520.4274  3.57423e-17
       9523.3218  6.29032e-17
       9526.2162  6.27860e-17
       9529.1106  4.70295e-17
       9532.0050  3.21702e-17
       9534.8995  3.86030e-17
       9537.7939  5.97914e-17
       9540.6883  5.88101e-17
       9543.5827  4.43589e-17
       9546.4771  4.36618e-17
       9549.3716  4.89611e-17
       9552.2660  4.88495e-17
       9555.1604  5.21552e-17
       9558.0548  5.33483e-17
       9560.9492  6.14681e-17
       9563.8437  6.96019e-17
       9566.7381  6.78909e-17
       9569.6325  4.21688e-17
       9572.5269  5.39754e-17
       9575.4214  5.43416e-17
       9578.3158  5.71542e-17
       9581.2102  5.45977e-17
       9584.1046  3.79113e-17
       9586.9990  3.65734e-17
       9589.8935  4.85880e-17
       9592.7879  4.41470e-17
       9595.6823  3.39253e-17
       9598.5767  4.03193e-17
       9601.4711  6.30913e-17
       9604.3656  7.13196e-17
       9607.2600  6.22417e-17
       9610.1544  5.57967e-17
       9613.0488  6.19886e-17
       9615.9432  5.86629e-17
       9618.8377  5.14351e-17
       9621.7321  5.97726e-17
       9624.6265  6.54019e-17
       9627.5209  5.67744e-17
       9630.4154  4.76606e-17
       9633.3098  4.01036e-17
       9636.2042  4.01521e-17
       9639.0986  4.52814e-17
       9641.9930  6.17000e-17
       9644.8875  7.10121e-17
       9647.7819  5.89690e-17
       9650.6763  4.95640e-17
       9653.5707  6.12808e-17
       9656.4651  5.71034e-17
       9659.3596  6.00172e-17
       9662.2540  7.42513e-17
       9665.1484  7.74582e-17
       9668.0428  7.15722e-17
       9670.9372  6.90505e-17
       9673.8317  6.91329e-17
       9676.7261  5.58040e-17
       9679.6205  5.63339e-17
       9682.5149  6.24456e-17
       9685.4094  6.04557e-17
       9688.3038  8.16654e-17
       9691.1982  7.52122e-17
       9694.0926  5.01797e-17
       9696.9870  5.48743e-17
       9699.8815  7.32159e-17
       9702.7759  8.46381e-17
       9705.6703  8.92942e-17
       9708.5647  7.33830e-17
       9711.4591  6.16795e-17
       9714.3536  7.22144e-17
       9717.2480  6.27236e-17
       9720.1424  8.25942e-17
       9723.0368  7.18246e-17
       9725.9312  5.28647e-17
       9728.8257  4.47076e-17
       9731.7201  5.31774e-17
       9734.6145  7.60377e-17
       9737.5089  8.19944e-17
       9740.4033  8.08461e-17
       9743.2978  7.12313e-17
       9746.1922  5.01218e-17
       9749.0866  5.84803e-17
       9751.9810  4.98523e-17
       9754.8755  5.17935e-17
       9757.7699  5.94425e-17
       9760.6643  8.19980e-17
       9763.5587  8.47480e-17
       9766.4531  6.51052e-17
       9769.3476  6.09144e-17
       9772.2420  7.35654e-17
       9775.1364  5.78584e-17
       9778.0308  4.91791e-17
       9780.9252  5.61751e-17
       9783.8197  6.30321e-17
       9786.7141  7.27942e-17
       9789.6085  7.48370e-17
       9792.5029  8.36037e-17
       9795.3973  8.56679e-17
       9798.2918  8.29185e-17
       9801.1862  7.21858e-17
       9804.0806  7.81610e-17
       9806.9750  5.82384e-17
       9809.8695  4.85918e-17
       9812.7639  4.40220e-17
       9815.6583  7.06870e-17
       9818.5527  7.48463e-17
       9821.4471  5.02854e-17
       9824.3416  4.74651e-17
       9827.2360  6.50294e-17
       9830.1304  7.58084e-17
       9833.0248  6.99120e-17
       9835.9192  6.68624e-17
       9838.8137  5.62918e-17
       9841.7081  5.16132e-17
       9844.6025  7.66225e-17
       9847.4969  8.44855e-17
       9850.3913  6.19273e-17
       9853.2858  4.67798e-17
       9856.1802  6.54359e-17
       9859.0746  7.75798e-17
       9861.9690  8.18809e-17
       9864.8635  6.03480e-17
       9867.7579  5.61901e-17
       9870.6523  7.91183e-17
       9873.5467  8.07945e-17
       9876.4411  7.15240e-17
       9879.3356  6.77039e-17
       9882.2300  4.87485e-17
       9885.1244  4.12484e-17
       9888.0188  4.23131e-17
       9890.9132  6.68263e-17
       9893.8077  7.00446e-17
       9896.7021  5.72746e-17
       9899.5965  5.76868e-17
       9902.4909  4.67413e-17
       9905.3853  3.63723e-17
       9908.2798  3.46946e-17
       9911.1742  5.00157e-17
       9914.0686  6.58420e-17
       9916.9630  5.08986e-17
       9919.8575  4.03093e-17
       9922.7519  5.17682e-17
       9925.6463  5.44705e-17
       9928.5407  5.74390e-17
       9931.4351  6.83707e-17
       9934.3296  6.23729e-17
       9937.2240  4.79626e-17
       9940.1184  4.04405e-17
       9943.0128  3.23014e-17
       9945.9072  3.40413e-17
       9948.8017  3.80492e-17
       9951.6961  3.08231e-17
       9954.5905  6.94476e-17
       9957.4849  6.34207e-17
       9960.3793  4.64092e-17
       9963.2738  5.06607e-17
       9966.1682  5.67960e-17
       9969.0626  3.99458e-17
       9971.9570  3.49939e-17
       9974.8515  3.16439e-17
       9977.7459  4.15441e-17
       9980.6403  5.70040e-17
       9983.5347  5.30516e-17
       9986.4291  5.15083e-17
       9989.3236  4.08590e-17
       9992.2180  3.30366e-17
       9995.1124  2.71185e-17
       9998.0068  3.17575e-17
       10000.901  5.52145e-17
       10003.796  4.38444e-17
       10006.690  4.79720e-17
       10009.585  5.34012e-17
       10012.479  5.64928e-17
       10015.373  6.12996e-17
       10018.268  5.52645e-17
       10021.162  3.80456e-17
       10024.057  3.31312e-17
       10026.951  4.85923e-17
       10029.845  6.28489e-17
       10032.740  4.06248e-17
       10035.634  4.49649e-17
       10038.529  3.04416e-17
       10041.423  3.73618e-17
       10044.318  4.81582e-17
       10047.212  4.85718e-17
       10050.106  4.79278e-17
       10053.001  6.51269e-17
       10055.895  5.57779e-17
       10058.790  2.50844e-17
       10061.684  3.77551e-17
       10064.579  4.70654e-17
       10067.473  3.32969e-17
       10070.367  4.13658e-17
       10073.262  5.80145e-17
       10076.156  5.18891e-17
       10079.051  4.98411e-17
       10081.945  5.53465e-17
       10084.839  3.73873e-17
       10087.734  3.79491e-17
       10090.628  5.18827e-17
       10093.523  3.69051e-17
       10096.417  3.89093e-17
       10099.312  5.75327e-17
       10102.206  4.56127e-17
       10105.100  4.29343e-17
       10107.995  6.45618e-17
       10110.889  8.17189e-17
       10113.784  9.73377e-17
       10116.678  8.18651e-17
       10119.573  4.30779e-17
       10122.467  4.45523e-17
       10125.361  2.80292e-17
       10128.256 -2.91352e-18
       10131.150  1.04659e-17
       10134.045  5.33126e-17
       10136.939  3.29176e-17
       10139.833  4.97204e-18
       10142.728  1.13097e-17
       10145.622 -2.65173e-19
       10148.517  3.45570e-17
       10151.411  6.43350e-17
       10154.306  4.37412e-17
       10157.200  5.16021e-17
       10160.094  2.34549e-17
       10162.989  3.00776e-17
       10165.883  7.61877e-17
       10168.778  9.51705e-17
       10171.672  9.61831e-17
       10174.566  7.40956e-17
       10177.461  5.64606e-17
       10180.355  5.25966e-17
       10183.250  4.85799e-17
       10186.144  4.59577e-17
       10189.039  3.94603e-17
       10191.933  4.71584e-17
       10194.827  1.64086e-17
       10197.722  6.06650e-18
       10200.616  4.58107e-17
       10203.511  5.58833e-17
       10206.405  7.75553e-17
       10209.300  4.75036e-17
       10212.194  4.71008e-17
       10215.088  7.98127e-17
       10217.983  8.33361e-17
       10220.877  5.93433e-17
       10223.772  1.83685e-17
       10226.666  4.96799e-18
       10229.560  1.88456e-17
       10232.455  3.25898e-17
       10235.349  4.90688e-17
       10238.244  6.44679e-17
       10241.138  8.95298e-17
       10244.033  8.03473e-17
       10246.927  6.40487e-17
       10249.821  4.10479e-17
       10252.716  3.70694e-17
       10255.610  2.75679e-17
       10258.505  3.46193e-17
       10261.399  4.23173e-17
       10264.294 -2.81244e-18
       10267.188 -1.59516e-17
       10270.082  2.00488e-17
       10272.977  5.76440e-17
       10275.871  5.89573e-17
       10278.766  3.44005e-17
       10281.660  7.25881e-17
       10284.554  7.89221e-17
       10287.449  4.18121e-17
       10290.343  4.42451e-17
       10293.238  6.71724e-17
       10296.132  5.59980e-17
       10299.027  3.01170e-17
       10301.921  3.06984e-17
       10304.815  4.32499e-17
       10307.710  3.16261e-17
       10310.604  1.81876e-17
       10313.499  3.50793e-17
       10316.393  3.89612e-17
       10319.288  1.85170e-17
       10322.182  6.66597e-18
       10325.076  3.14807e-17
       10327.971  5.15422e-17
       10330.865  3.86799e-17
       10333.760  3.12860e-17
       10336.654  2.35797e-17
       10339.548  6.31729e-18
       10342.443  2.07431e-17
       10345.337  3.53637e-17
       10348.232  1.52517e-17
       10351.126  4.82846e-18
       10354.021  4.72157e-18
       10356.915  3.71629e-17
       10359.809  3.33062e-17
       10362.704  3.39452e-17
       10365.598  4.68174e-17
       10368.493  3.99722e-17
       10371.387  4.37599e-17
       10374.282  6.45186e-17
       10377.176  6.80752e-17
       10380.070  5.46322e-17
       10382.965  4.70555e-17
       10385.859  4.72975e-17
       10388.754  3.08884e-17
       10391.648  1.44346e-18
       10394.542  1.68665e-18
       10397.437  6.82099e-17
       10400.331  9.36412e-17
       10403.226  6.48172e-17
       10406.120  6.40215e-17
       10409.015  5.43293e-17
       10411.909  1.88900e-17
       10414.803  1.61781e-17
       10417.698  2.66768e-17
       10420.592  9.25018e-18
       10423.487      0.00000
