3.2950e+03	-3.7425e-18
3.2979e+03	4.4685e-17
3.3008e+03	3.9385e-17
3.3037e+03	8.2587e-17
3.3066e+03	4.1651e-17
3.3095e+03	-1.1467e-17
3.3124e+03	-2.4682e-17
3.3153e+03	1.2517e-17
3.3183e+03	5.1420e-17
3.3212e+03	8.8959e-17
3.3241e+03	5.4239e-17
3.3270e+03	3.0887e-17
3.3299e+03	-7.8749e-18
3.3328e+03	4.6231e-18
3.3357e+03	2.5957e-17
3.3386e+03	3.6171e-17
3.3415e+03	1.3405e-17
3.3444e+03	1.0807e-17
3.3473e+03	1.1069e-17
3.3502e+03	3.0310e-18
3.3531e+03	1.1619e-17
3.3560e+03	3.5797e-17
3.3589e+03	6.2449e-17
3.3619e+03	5.0234e-17
3.3648e+03	1.1881e-17
3.3677e+03	-1.2530e-17
3.3706e+03	2.2880e-18
3.3735e+03	3.2803e-17
3.3764e+03	5.0846e-17
3.3793e+03	4.0338e-17
3.3822e+03	3.2250e-17
3.3851e+03	3.9669e-17
3.3880e+03	2.2168e-17
3.3909e+03	1.1129e-17
3.3938e+03	2.2403e-17
3.3967e+03	6.3029e-17
3.3996e+03	5.6976e-17
3.4025e+03	1.8059e-17
3.4055e+03	-7.7616e-20
3.4084e+03	-4.2916e-18
3.4113e+03	6.3362e-17
3.4142e+03	8.0014e-17
3.4171e+03	6.2150e-17
3.4200e+03	2.2080e-17
3.4229e+03	1.6289e-17
3.4258e+03	8.8161e-18
3.4287e+03	3.5974e-17
3.4316e+03	5.8138e-17
3.4345e+03	6.7648e-17
3.4374e+03	5.6521e-17
3.4403e+03	1.7271e-17
3.4432e+03	3.1883e-17
3.4462e+03	5.0017e-17
3.4491e+03	5.2753e-17
3.4520e+03	5.0864e-17
3.4549e+03	4.7714e-17
3.4578e+03	1.1806e-17
3.4607e+03	1.6025e-17
3.4636e+03	4.3546e-17
3.4665e+03	4.6353e-17
3.4694e+03	3.9556e-17
3.4723e+03	3.4045e-17
3.4752e+03	2.9397e-17
3.4781e+03	3.1325e-17
3.4810e+03	1.9050e-17
3.4839e+03	1.2606e-17
3.4868e+03	2.1505e-17
3.4898e+03	2.2035e-17
3.4927e+03	2.5154e-17
3.4956e+03	3.1771e-17
3.4985e+03	3.3338e-17
3.5014e+03	3.3732e-17
3.5043e+03	3.0442e-17
3.5072e+03	1.8313e-17
3.5101e+03	2.0553e-17
3.5130e+03	2.6749e-17
3.5159e+03	2.9455e-17
3.5188e+03	3.0357e-17
3.5217e+03	3.9156e-17
3.5246e+03	3.4008e-17
3.5275e+03	2.7059e-17
3.5304e+03	2.5829e-17
3.5334e+03	2.2421e-17
3.5363e+03	2.9591e-17
3.5392e+03	3.0528e-17
3.5421e+03	4.1504e-17
3.5450e+03	3.3378e-17
3.5479e+03	2.0149e-17
3.5508e+03	2.4350e-17
3.5537e+03	3.6045e-17
3.5566e+03	3.8943e-17
3.5595e+03	4.2927e-17
3.5624e+03	3.4685e-17
3.5653e+03	2.2363e-17
3.5682e+03	1.6493e-17
3.5711e+03	2.4800e-17
3.5740e+03	3.1559e-17
3.5770e+03	3.5825e-17
3.5799e+03	3.9835e-17
3.5828e+03	3.3801e-17
3.5857e+03	2.8652e-17
3.5886e+03	2.2558e-17
3.5915e+03	2.2016e-17
3.5944e+03	3.8516e-17
3.5973e+03	4.4906e-17
3.6002e+03	4.0661e-17
3.6031e+03	3.4274e-17
3.6060e+03	2.3446e-17
3.6089e+03	3.4252e-17
3.6118e+03	4.6734e-17
3.6147e+03	4.0418e-17
3.6176e+03	3.4358e-17
3.6206e+03	3.0308e-17
3.6235e+03	3.1564e-17
3.6264e+03	3.1162e-17
3.6293e+03	3.9708e-17
3.6322e+03	3.7151e-17
3.6351e+03	3.5079e-17
3.6380e+03	2.8560e-17
3.6409e+03	2.5832e-17
3.6438e+03	2.4748e-17
3.6467e+03	3.6099e-17
3.6496e+03	3.5172e-17
3.6525e+03	3.1801e-17
3.6554e+03	3.9063e-17
3.6583e+03	3.2244e-17
3.6612e+03	2.2171e-17
3.6642e+03	3.1523e-17
3.6671e+03	3.5553e-17
3.6700e+03	3.9909e-17
3.6729e+03	3.6841e-17
3.6758e+03	2.7978e-17
3.6787e+03	2.9652e-17
3.6816e+03	3.1760e-17
3.6845e+03	3.5322e-17
3.6874e+03	3.6014e-17
3.6903e+03	3.5339e-17
3.6932e+03	4.0339e-17
3.6961e+03	3.6531e-17
3.6990e+03	2.7034e-17
3.7019e+03	3.1858e-17
3.7049e+03	4.7826e-17
3.7078e+03	4.8753e-17
3.7107e+03	3.6195e-17
3.7136e+03	3.3513e-17
3.7165e+03	4.1527e-17
3.7194e+03	4.5561e-17
3.7223e+03	4.7406e-17
3.7252e+03	5.1519e-17
3.7281e+03	4.2619e-17
3.7310e+03	4.0892e-17
3.7339e+03	5.4016e-17
3.7368e+03	5.8079e-17
3.7397e+03	5.6984e-17
3.7426e+03	6.0427e-17
3.7455e+03	5.8147e-17
3.7485e+03	5.7828e-17
3.7514e+03	5.5073e-17
3.7543e+03	5.4842e-17
3.7572e+03	5.6631e-17
3.7601e+03	5.7169e-17
3.7630e+03	5.2917e-17
3.7659e+03	5.7546e-17
3.7688e+03	5.9447e-17
3.7717e+03	5.9818e-17
3.7746e+03	6.6242e-17
3.7775e+03	6.7955e-17
3.7804e+03	6.2381e-17
3.7833e+03	6.1675e-17
3.7862e+03	6.0115e-17
3.7891e+03	5.1708e-17
3.7921e+03	5.3555e-17
3.7950e+03	5.9874e-17
3.7979e+03	5.7348e-17
3.8008e+03	5.6907e-17
3.8037e+03	5.7112e-17
3.8066e+03	5.3078e-17
3.8095e+03	5.0395e-17
3.8124e+03	5.2990e-17
3.8153e+03	4.8478e-17
3.8182e+03	4.5068e-17
3.8211e+03	4.7222e-17
3.8240e+03	4.5654e-17
3.8269e+03	4.3802e-17
3.8298e+03	4.3014e-17
3.8327e+03	4.1439e-17
3.8357e+03	4.2787e-17
3.8386e+03	4.6422e-17
3.8415e+03	4.1553e-17
3.8444e+03	3.2957e-17
3.8473e+03	3.3955e-17
3.8502e+03	3.7383e-17
3.8531e+03	3.7210e-17
3.8560e+03	3.6316e-17
3.8589e+03	3.4200e-17
3.8618e+03	3.3850e-17
3.8647e+03	3.3129e-17
3.8676e+03	3.3604e-17
3.8705e+03	3.3258e-17
3.8734e+03	3.2332e-17
3.8763e+03	3.3225e-17
3.8793e+03	3.2789e-17
3.8822e+03	2.9939e-17
3.8851e+03	3.0721e-17
3.8880e+03	3.5003e-17
3.8909e+03	3.8704e-17
3.8938e+03	3.5132e-17
3.8967e+03	3.9506e-17
3.8996e+03	3.8206e-17
3.9025e+03	3.6391e-17
3.9054e+03	4.0243e-17
3.9083e+03	4.1751e-17
3.9112e+03	4.3297e-17
3.9141e+03	4.8667e-17
3.9170e+03	4.5788e-17
3.9199e+03	4.2226e-17
3.9229e+03	4.6506e-17
3.9258e+03	4.9647e-17
3.9287e+03	5.5696e-17
3.9316e+03	5.5821e-17
3.9345e+03	5.2477e-17
3.9374e+03	5.3596e-17
3.9403e+03	5.2947e-17
3.9432e+03	5.3787e-17
3.9461e+03	5.8124e-17
3.9490e+03	6.3164e-17
3.9519e+03	6.2094e-17
3.9548e+03	5.8222e-17
3.9577e+03	6.0399e-17
3.9606e+03	6.2877e-17
3.9635e+03	7.0752e-17
3.9665e+03	7.2871e-17
3.9694e+03	6.4771e-17
3.9723e+03	6.6583e-17
3.9752e+03	7.1477e-17
3.9781e+03	7.6345e-17
3.9810e+03	8.2512e-17
3.9839e+03	8.2239e-17
3.9868e+03	7.7797e-17
3.9897e+03	7.7945e-17
3.9926e+03	8.4528e-17
3.9955e+03	8.9239e-17
3.9984e+03	9.1653e-17
4.0013e+03	9.9089e-17
4.0042e+03	1.0406e-16
4.0072e+03	1.0692e-16
4.0101e+03	1.0679e-16
4.0130e+03	1.1371e-16
4.0159e+03	1.1782e-16
4.0188e+03	1.2051e-16
4.0217e+03	1.2840e-16
4.0246e+03	1.2906e-16
4.0275e+03	1.2787e-16
4.0304e+03	1.3435e-16
4.0333e+03	1.4047e-16
4.0362e+03	1.4421e-16
4.0391e+03	1.4989e-16
4.0420e+03	1.5219e-16
4.0449e+03	1.5469e-16
4.0478e+03	1.5392e-16
4.0508e+03	1.5488e-16
4.0537e+03	1.5770e-16
4.0566e+03	1.5893e-16
4.0595e+03	1.6558e-16
4.0624e+03	1.7173e-16
4.0653e+03	1.6919e-16
4.0682e+03	1.6201e-16
4.0711e+03	1.5827e-16
4.0740e+03	1.5647e-16
4.0769e+03	1.5398e-16
4.0798e+03	1.5107e-16
4.0827e+03	1.4084e-16
4.0856e+03	1.3300e-16
4.0885e+03	1.3023e-16
4.0914e+03	1.3017e-16
4.0944e+03	1.2613e-16
4.0973e+03	1.2239e-16
4.1002e+03	1.1948e-16
4.1031e+03	1.1263e-16
4.1060e+03	1.0898e-16
4.1089e+03	1.0760e-16
4.1118e+03	1.1187e-16
4.1147e+03	1.0955e-16
4.1176e+03	1.0289e-16
4.1205e+03	1.0360e-16
4.1234e+03	1.0595e-16
4.1263e+03	1.0808e-16
4.1292e+03	1.1023e-16
4.1321e+03	1.1144e-16
4.1350e+03	1.0926e-16
4.1380e+03	1.0503e-16
4.1409e+03	1.0324e-16
4.1438e+03	1.0284e-16
4.1467e+03	9.9643e-17
4.1496e+03	1.0241e-16
4.1525e+03	1.0370e-16
4.1554e+03	1.0290e-16
4.1583e+03	1.0071e-16
4.1612e+03	9.9024e-17
4.1641e+03	9.9460e-17
4.1670e+03	1.0195e-16
4.1699e+03	1.0356e-16
4.1728e+03	9.9576e-17
4.1757e+03	9.5209e-17
4.1786e+03	9.5037e-17
4.1816e+03	9.3817e-17
4.1845e+03	9.3403e-17
4.1874e+03	9.2666e-17
4.1903e+03	8.8699e-17
4.1932e+03	8.8280e-17
4.1961e+03	8.7732e-17
4.1990e+03	8.2520e-17
4.2019e+03	7.5901e-17
4.2048e+03	7.5450e-17
4.2077e+03	7.6042e-17
4.2106e+03	7.4333e-17
4.2135e+03	7.1391e-17
4.2164e+03	6.8859e-17
4.2193e+03	6.6195e-17
4.2222e+03	6.2967e-17
4.2252e+03	6.1291e-17
4.2281e+03	6.1614e-17
4.2310e+03	6.2258e-17
4.2339e+03	6.0723e-17
4.2368e+03	5.7764e-17
4.2397e+03	5.9278e-17
4.2426e+03	6.2711e-17
4.2455e+03	6.0798e-17
4.2484e+03	5.7151e-17
4.2513e+03	5.8852e-17
4.2542e+03	5.8769e-17
4.2571e+03	5.8118e-17
4.2600e+03	5.8744e-17
4.2629e+03	6.0733e-17
4.2659e+03	6.1471e-17
4.2688e+03	6.1334e-17
4.2717e+03	6.0496e-17
4.2746e+03	6.2728e-17
4.2775e+03	6.3201e-17
4.2804e+03	6.3100e-17
4.2833e+03	6.6288e-17
4.2862e+03	6.8498e-17
4.2891e+03	6.7164e-17
4.2920e+03	6.3810e-17
4.2949e+03	6.2974e-17
4.2978e+03	6.3607e-17
4.3007e+03	6.2357e-17
4.3036e+03	6.2490e-17
4.3065e+03	6.3872e-17
4.3095e+03	6.2955e-17
4.3124e+03	6.2490e-17
4.3153e+03	6.3398e-17
4.3182e+03	6.2353e-17
4.3211e+03	6.3868e-17
4.3240e+03	6.4763e-17
4.3269e+03	6.2540e-17
4.3298e+03	6.1029e-17
4.3327e+03	6.0630e-17
4.3356e+03	6.1574e-17
4.3385e+03	6.3622e-17
4.3414e+03	6.1828e-17
4.3443e+03	5.9284e-17
4.3472e+03	6.0882e-17
4.3501e+03	6.2477e-17
4.3531e+03	6.1080e-17
4.3560e+03	6.0128e-17
4.3589e+03	6.2735e-17
4.3618e+03	5.9335e-17
4.3647e+03	5.9063e-17
4.3676e+03	5.6842e-17
4.3705e+03	5.8230e-17
4.3734e+03	5.9630e-17
4.3763e+03	5.9533e-17
4.3792e+03	5.9095e-17
4.3821e+03	6.0114e-17
4.3850e+03	6.1978e-17
4.3879e+03	6.1718e-17
4.3908e+03	6.0056e-17
4.3937e+03	6.2857e-17
4.3967e+03	6.4501e-17
4.3996e+03	6.3292e-17
4.4025e+03	6.3725e-17
4.4054e+03	6.3992e-17
4.4083e+03	6.2173e-17
4.4112e+03	6.1030e-17
4.4141e+03	6.1950e-17
4.4170e+03	6.4877e-17
4.4199e+03	6.8508e-17
4.4228e+03	6.7265e-17
4.4257e+03	6.2713e-17
4.4286e+03	6.2373e-17
4.4315e+03	6.6060e-17
4.4344e+03	6.7587e-17
4.4373e+03	6.3938e-17
4.4403e+03	6.2100e-17
4.4432e+03	6.1791e-17
4.4461e+03	6.1395e-17
4.4490e+03	6.1702e-17
4.4519e+03	6.1551e-17
4.4548e+03	6.3544e-17
4.4577e+03	6.2778e-17
4.4606e+03	6.0057e-17
4.4635e+03	5.6931e-17
4.4664e+03	5.7536e-17
4.4693e+03	5.8815e-17
4.4722e+03	5.9710e-17
4.4751e+03	6.1780e-17
4.4780e+03	6.4203e-17
4.4809e+03	6.2240e-17
4.4839e+03	6.1054e-17
4.4868e+03	5.9055e-17
4.4897e+03	5.9668e-17
4.4926e+03	6.0329e-17
4.4955e+03	6.0248e-17
4.4984e+03	6.1347e-17
4.5013e+03	6.3218e-17
4.5042e+03	6.6098e-17
4.5071e+03	6.9684e-17
4.5100e+03	7.2133e-17
4.5129e+03	7.3720e-17
4.5158e+03	7.4883e-17
4.5187e+03	7.6425e-17
4.5216e+03	7.8874e-17
4.5246e+03	8.4447e-17
4.5275e+03	8.8344e-17
4.5304e+03	9.0385e-17
4.5333e+03	9.5190e-17
4.5362e+03	9.7568e-17
4.5391e+03	9.8442e-17
4.5420e+03	1.0166e-16
4.5449e+03	1.0686e-16
4.5478e+03	1.1323e-16
4.5507e+03	1.1534e-16
4.5536e+03	1.1560e-16
4.5565e+03	1.1723e-16
4.5594e+03	1.2021e-16
4.5623e+03	1.2609e-16
4.5652e+03	1.2866e-16
4.5682e+03	1.2965e-16
4.5711e+03	1.3335e-16
4.5740e+03	1.3509e-16
4.5769e+03	1.3779e-16
4.5798e+03	1.4068e-16
4.5827e+03	1.4479e-16
4.5856e+03	1.4794e-16
4.5885e+03	1.4986e-16
4.5914e+03	1.5218e-16
4.5943e+03	1.5201e-16
4.5972e+03	1.5447e-16
4.6001e+03	1.6228e-16
4.6030e+03	1.6118e-16
4.6059e+03	1.6318e-16
4.6088e+03	1.6469e-16
4.6118e+03	1.6663e-16
4.6147e+03	1.6789e-16
4.6176e+03	1.7627e-16
4.6205e+03	1.7795e-16
4.6234e+03	1.7757e-16
4.6263e+03	1.8096e-16
4.6292e+03	1.8375e-16
4.6321e+03	1.8837e-16
4.6350e+03	1.9142e-16
4.6379e+03	1.9119e-16
4.6408e+03	1.9451e-16
4.6437e+03	2.0131e-16
4.6466e+03	2.0848e-16
4.6495e+03	2.1160e-16
4.6524e+03	2.1560e-16
4.6554e+03	2.2371e-16
4.6583e+03	2.2872e-16
4.6612e+03	2.3419e-16
4.6641e+03	2.3629e-16
4.6670e+03	2.3718e-16
4.6699e+03	2.4336e-16
4.6728e+03	2.4393e-16
4.6757e+03	2.4480e-16
4.6786e+03	2.4445e-16
4.6815e+03	2.4103e-16
4.6844e+03	2.4230e-16
4.6873e+03	2.4092e-16
4.6902e+03	2.3769e-16
4.6931e+03	2.3465e-16
4.6960e+03	2.3513e-16
4.6990e+03	2.3335e-16
4.7019e+03	2.3032e-16
4.7048e+03	2.2732e-16
4.7077e+03	2.1606e-16
4.7106e+03	2.1230e-16
4.7135e+03	2.1336e-16
4.7164e+03	2.0772e-16
4.7193e+03	2.0080e-16
4.7222e+03	2.0381e-16
4.7251e+03	2.0809e-16
4.7280e+03	2.1260e-16
4.7309e+03	2.1416e-16
4.7338e+03	2.1489e-16
4.7367e+03	2.1602e-16
4.7396e+03	2.1648e-16
4.7426e+03	2.1660e-16
4.7455e+03	2.1620e-16
4.7484e+03	2.1847e-16
4.7513e+03	2.1900e-16
4.7542e+03	2.2031e-16
4.7571e+03	2.2391e-16
4.7600e+03	2.2593e-16
4.7629e+03	2.2321e-16
4.7658e+03	2.1750e-16
4.7687e+03	2.1336e-16
4.7716e+03	2.1235e-16
4.7745e+03	2.1265e-16
4.7774e+03	2.1114e-16
4.7803e+03	2.0638e-16
4.7832e+03	2.0013e-16
4.7862e+03	1.9774e-16
4.7891e+03	1.9280e-16
4.7920e+03	1.8814e-16
4.7949e+03	1.8483e-16
4.7978e+03	1.7999e-16
4.8007e+03	1.7991e-16
4.8036e+03	1.7768e-16
4.8065e+03	1.7150e-16
4.8094e+03	1.7042e-16
4.8123e+03	1.6917e-16
4.8152e+03	1.6783e-16
4.8181e+03	1.6771e-16
4.8210e+03	1.6636e-16
4.8239e+03	1.6026e-16
4.8269e+03	1.6011e-16
4.8298e+03	1.6305e-16
4.8327e+03	1.6204e-16
4.8356e+03	1.6370e-16
4.8385e+03	1.6420e-16
4.8414e+03	1.6613e-16
4.8443e+03	1.6630e-16
4.8472e+03	1.6980e-16
4.8501e+03	1.7239e-16
4.8530e+03	1.7316e-16
4.8559e+03	1.7413e-16
4.8588e+03	1.7590e-16
4.8617e+03	1.7896e-16
4.8646e+03	1.8340e-16
4.8675e+03	1.8603e-16
4.8705e+03	1.8612e-16
4.8734e+03	1.8752e-16
4.8763e+03	1.8932e-16
4.8792e+03	1.8925e-16
4.8821e+03	1.8952e-16
4.8850e+03	1.9270e-16
4.8879e+03	1.9318e-16
4.8908e+03	1.9240e-16
4.8937e+03	1.9658e-16
4.8966e+03	1.9697e-16
4.8995e+03	1.9446e-16
4.9024e+03	1.9640e-16
4.9053e+03	1.9912e-16
4.9082e+03	2.0175e-16
4.9111e+03	2.0498e-16
4.9141e+03	2.0398e-16
4.9170e+03	2.0181e-16
4.9199e+03	2.0219e-16
4.9228e+03	2.0642e-16
4.9257e+03	2.0815e-16
4.9286e+03	2.1237e-16
4.9315e+03	2.1524e-16
4.9344e+03	2.1618e-16
4.9373e+03	2.1594e-16
4.9402e+03	2.1427e-16
4.9431e+03	2.1315e-16
4.9460e+03	2.1321e-16
4.9489e+03	2.1520e-16
4.9518e+03	2.1751e-16
4.9547e+03	2.1719e-16
4.9577e+03	2.1669e-16
4.9606e+03	2.1455e-16
4.9635e+03	2.1422e-16
4.9664e+03	2.1166e-16
4.9693e+03	2.0910e-16
4.9722e+03	2.0578e-16
4.9751e+03	1.9791e-16
4.9780e+03	1.9273e-16
4.9809e+03	1.9294e-16
4.9838e+03	1.9030e-16
4.9867e+03	1.8720e-16
4.9896e+03	1.8623e-16
4.9925e+03	1.8116e-16
4.9954e+03	1.7551e-16
4.9983e+03	1.7287e-16
5.0013e+03	1.6980e-16
5.0042e+03	1.7013e-16
5.0071e+03	1.7296e-16
5.0100e+03	1.7161e-16
5.0129e+03	1.7194e-16
5.0158e+03	1.7286e-16
5.0187e+03	1.7258e-16
5.0216e+03	1.7635e-16
5.0245e+03	1.7458e-16
5.0274e+03	1.7709e-16
5.0303e+03	1.8287e-16
5.0332e+03	1.8348e-16
5.0361e+03	1.8069e-16
5.0390e+03	1.8205e-16
5.0419e+03	1.8473e-16
5.0449e+03	1.8561e-16
5.0478e+03	1.8719e-16
5.0507e+03	1.8902e-16
5.0536e+03	1.8818e-16
5.0565e+03	1.8976e-16
5.0594e+03	1.8837e-16
5.0623e+03	1.8880e-16
5.0652e+03	1.8702e-16
5.0681e+03	1.8552e-16
5.0710e+03	1.7968e-16
5.0739e+03	1.7233e-16
5.0768e+03	1.6697e-16
5.0797e+03	1.6576e-16
5.0826e+03	1.6600e-16
5.0856e+03	1.6113e-16
5.0885e+03	1.5755e-16
5.0914e+03	1.5344e-16
5.0943e+03	1.5211e-16
5.0972e+03	1.5139e-16
5.1001e+03	1.4522e-16
5.1030e+03	1.3878e-16
5.1059e+03	1.3786e-16
5.1088e+03	1.3815e-16
5.1117e+03	1.3433e-16
5.1146e+03	1.2960e-16
5.1175e+03	1.2769e-16
5.1204e+03	1.2970e-16
5.1233e+03	1.2897e-16
5.1262e+03	1.2470e-16
5.1292e+03	1.2512e-16
5.1321e+03	1.2669e-16
5.1350e+03	1.2611e-16
5.1379e+03	1.2400e-16
5.1408e+03	1.2436e-16
5.1437e+03	1.2619e-16
5.1466e+03	1.2770e-16
5.1495e+03	1.2880e-16
5.1524e+03	1.3170e-16
5.1553e+03	1.3343e-16
5.1582e+03	1.3081e-16
5.1611e+03	1.3146e-16
5.1640e+03	1.3746e-16
5.1669e+03	1.4272e-16
5.1698e+03	1.4131e-16
5.1728e+03	1.4037e-16
5.1757e+03	1.3758e-16
5.1786e+03	1.4253e-16
5.1815e+03	1.4668e-16
5.1844e+03	1.5073e-16
5.1873e+03	1.5424e-16
5.1902e+03	1.5558e-16
5.1931e+03	1.5461e-16
5.1960e+03	1.6148e-16
5.1989e+03	1.6700e-16
5.2018e+03	1.7152e-16
5.2047e+03	1.7036e-16
5.2076e+03	1.6978e-16
5.2105e+03	1.7022e-16
5.2134e+03	1.6994e-16
5.2164e+03	1.7394e-16
5.2193e+03	1.7644e-16
5.2222e+03	1.7650e-16
5.2251e+03	1.7724e-16
5.2280e+03	1.7637e-16
5.2309e+03	1.7805e-16
5.2338e+03	1.7834e-16
5.2367e+03	1.7597e-16
5.2396e+03	1.7572e-16
5.2425e+03	1.7713e-16
5.2454e+03	1.8076e-16
5.2483e+03	1.8170e-16
5.2512e+03	1.7662e-16
5.2541e+03	1.7347e-16
5.2570e+03	1.7641e-16
5.2600e+03	1.7865e-16
5.2629e+03	1.7739e-16
5.2658e+03	1.7816e-16
5.2687e+03	1.7865e-16
5.2716e+03	1.7711e-16
5.2745e+03	1.7668e-16
5.2774e+03	1.7963e-16
5.2803e+03	1.8404e-16
5.2832e+03	1.8438e-16
5.2861e+03	1.8199e-16
5.2890e+03	1.8086e-16
5.2919e+03	1.7982e-16
5.2948e+03	1.8161e-16
5.2977e+03	1.8580e-16
5.3006e+03	1.8975e-16
5.3036e+03	1.9234e-16
5.3065e+03	1.9336e-16
5.3094e+03	1.9298e-16
5.3123e+03	1.9414e-16
5.3152e+03	1.9874e-16
5.3181e+03	2.0551e-16
5.3210e+03	2.0733e-16
5.3239e+03	2.0627e-16
5.3268e+03	2.0938e-16
5.3297e+03	2.1196e-16
5.3326e+03	2.1338e-16
5.3355e+03	2.1676e-16
5.3384e+03	2.2062e-16
5.3413e+03	2.2299e-16
5.3443e+03	2.2454e-16
5.3472e+03	2.2880e-16
5.3501e+03	2.3491e-16
5.3530e+03	2.3828e-16
5.3559e+03	2.4125e-16
5.3588e+03	2.4425e-16
5.3617e+03	2.4599e-16
5.3646e+03	2.4779e-16
5.3675e+03	2.4969e-16
5.3704e+03	2.5202e-16
5.3733e+03	2.5514e-16
5.3762e+03	2.5541e-16
5.3791e+03	2.5634e-16
5.3820e+03	2.6108e-16
5.3849e+03	2.6359e-16
5.3879e+03	2.6196e-16
5.3908e+03	2.6139e-16
5.3937e+03	2.6312e-16
5.3966e+03	2.6366e-16
5.3995e+03	2.6416e-16
5.4024e+03	2.6601e-16
5.4053e+03	2.6851e-16
5.4082e+03	2.6815e-16
5.4111e+03	2.6677e-16
5.4140e+03	2.6453e-16
5.4169e+03	2.6598e-16
5.4198e+03	2.6452e-16
5.4227e+03	2.6214e-16
5.4256e+03	2.5780e-16
5.4285e+03	2.5386e-16
5.4315e+03	2.5403e-16
5.4344e+03	2.5513e-16
5.4373e+03	2.5205e-16
5.4402e+03	2.4855e-16
5.4431e+03	2.4613e-16
5.4460e+03	2.4229e-16
5.4489e+03	2.3918e-16
5.4518e+03	2.3915e-16
5.4547e+03	2.4107e-16
5.4576e+03	2.4216e-16
5.4605e+03	2.3919e-16
5.4634e+03	2.3666e-16
5.4663e+03	2.3658e-16
5.4692e+03	2.3579e-16
5.4721e+03	2.3914e-16
5.4751e+03	2.4390e-16
5.4780e+03	2.4276e-16
5.4809e+03	2.4132e-16
5.4838e+03	2.4204e-16
5.4867e+03	2.4391e-16
5.4896e+03	2.4861e-16
5.4925e+03	2.5217e-16
5.4954e+03	2.5374e-16
5.4983e+03	2.5710e-16
5.5012e+03	2.6272e-16
5.5041e+03	2.6376e-16
5.5070e+03	2.6594e-16
5.5099e+03	2.7225e-16
5.5128e+03	2.7650e-16
5.5157e+03	2.7838e-16
5.5187e+03	2.8239e-16
5.5216e+03	2.8314e-16
5.5245e+03	2.8424e-16
5.5274e+03	2.8855e-16
5.5303e+03	2.8910e-16
5.5332e+03	2.9002e-16
5.5361e+03	2.9441e-16
5.5390e+03	2.9395e-16
5.5419e+03	2.9130e-16
5.5448e+03	2.9090e-16
5.5477e+03	2.8920e-16
5.5506e+03	2.8666e-16
5.5535e+03	2.8327e-16
5.5564e+03	2.7771e-16
5.5593e+03	2.7359e-16
5.5623e+03	2.7108e-16
5.5652e+03	2.6826e-16
5.5681e+03	2.7183e-16
5.5710e+03	2.8997e-16
5.5739e+03	3.0376e-16
5.5768e+03	3.1368e-16
5.5797e+03	3.1597e-16
5.5826e+03	3.1527e-16
5.5855e+03	3.0793e-16
5.5884e+03	2.9695e-16
5.5913e+03	2.8667e-16
5.5942e+03	2.8206e-16
5.5971e+03	2.8201e-16
5.6000e+03	2.7944e-16
5.6029e+03	2.7426e-16
5.6059e+03	2.7024e-16
5.6088e+03	2.6918e-16
5.6117e+03	2.6624e-16
5.6146e+03	2.6791e-16
5.6175e+03	2.7019e-16
5.6204e+03	2.6996e-16
5.6233e+03	2.6571e-16
5.6262e+03	2.6042e-16
5.6291e+03	2.6181e-16
5.6320e+03	2.6340e-16
5.6349e+03	2.5966e-16
5.6378e+03	2.6087e-16
5.6407e+03	2.6091e-16
5.6436e+03	2.6096e-16
5.6466e+03	2.5929e-16
5.6495e+03	2.6228e-16
5.6524e+03	2.6218e-16
5.6553e+03	2.6279e-16
5.6582e+03	2.6201e-16
5.6611e+03	2.6427e-16
5.6640e+03	2.6792e-16
5.6669e+03	2.6919e-16
5.6698e+03	2.7048e-16
5.6727e+03	2.7425e-16
5.6756e+03	2.7572e-16
5.6785e+03	2.7743e-16
5.6814e+03	2.8036e-16
5.6843e+03	2.8319e-16
5.6872e+03	2.8593e-16
5.6902e+03	2.8534e-16
5.6931e+03	2.8585e-16
5.6960e+03	2.8861e-16
5.6989e+03	2.9317e-16
5.7018e+03	2.9733e-16
5.7047e+03	2.9964e-16
5.7076e+03	3.0491e-16
5.7105e+03	3.0974e-16
5.7134e+03	3.0987e-16
5.7163e+03	3.0953e-16
5.7192e+03	3.0873e-16
5.7221e+03	3.0853e-16
5.7250e+03	3.1336e-16
5.7279e+03	3.1457e-16
5.7308e+03	3.1271e-16
5.7338e+03	3.1366e-16
5.7367e+03	3.1561e-16
5.7396e+03	3.1801e-16
5.7425e+03	3.1784e-16
5.7454e+03	3.1340e-16
5.7483e+03	3.0871e-16
5.7512e+03	3.0824e-16
5.7541e+03	3.0997e-16
5.7570e+03	3.1579e-16
5.7599e+03	3.1277e-16
5.7628e+03	3.0695e-16
5.7657e+03	3.0343e-16
5.7686e+03	2.9997e-16
5.7715e+03	2.9867e-16
5.7744e+03	2.9785e-16
5.7774e+03	2.9636e-16
5.7803e+03	2.9754e-16
5.7832e+03	2.9087e-16
5.7861e+03	2.8496e-16
5.7890e+03	2.8481e-16
5.7919e+03	2.8600e-16
5.7948e+03	2.8489e-16
5.7977e+03	2.8038e-16
5.8006e+03	2.7540e-16
5.8035e+03	2.7102e-16
5.8064e+03	2.6833e-16
5.8093e+03	2.6574e-16
5.8122e+03	2.6331e-16
5.8151e+03	2.6342e-16
5.8180e+03	2.6418e-16
5.8210e+03	2.6104e-16
5.8239e+03	2.5567e-16
5.8268e+03	2.5349e-16
5.8297e+03	2.5183e-16
5.8326e+03	2.4984e-16
5.8355e+03	2.5275e-16
5.8384e+03	2.5085e-16
5.8413e+03	2.4744e-16
5.8442e+03	2.4963e-16
5.8471e+03	2.5139e-16
5.8500e+03	2.5103e-16
5.8529e+03	2.4690e-16
5.8558e+03	2.4479e-16
5.8587e+03	2.4537e-16
5.8616e+03	2.4779e-16
5.8646e+03	2.5078e-16
5.8675e+03	2.5088e-16
5.8704e+03	2.5181e-16
5.8733e+03	2.4936e-16
5.8762e+03	2.4479e-16
5.8791e+03	2.4112e-16
5.8820e+03	2.4127e-16
5.8849e+03	2.4467e-16
5.8878e+03	2.4968e-16
5.8907e+03	2.5093e-16
5.8936e+03	2.5314e-16
5.8965e+03	2.5323e-16
5.8994e+03	2.4963e-16
5.9023e+03	2.4446e-16
5.9053e+03	2.3073e-16
5.9082e+03	2.1940e-16
5.9111e+03	2.1398e-16
5.9140e+03	2.1048e-16
5.9169e+03	2.0627e-16
5.9198e+03	2.0237e-16
5.9227e+03	1.9587e-16
5.9256e+03	1.9316e-16
5.9285e+03	1.9153e-16
5.9314e+03	1.8793e-16
5.9343e+03	1.8935e-16
5.9372e+03	1.9190e-16
5.9401e+03	1.8957e-16
5.9430e+03	1.8598e-16
5.9459e+03	1.8743e-16
5.9489e+03	1.9396e-16
5.9518e+03	1.9966e-16
5.9547e+03	2.0206e-16
5.9576e+03	2.0403e-16
5.9605e+03	2.0598e-16
5.9634e+03	2.0810e-16
5.9663e+03	2.1139e-16
5.9692e+03	2.1653e-16
5.9721e+03	2.1932e-16
5.9750e+03	2.2181e-16
5.9779e+03	2.2391e-16
5.9808e+03	2.2719e-16
5.9837e+03	2.3360e-16
5.9866e+03	2.3615e-16
5.9895e+03	2.4088e-16
5.9925e+03	2.4875e-16
5.9954e+03	2.4922e-16
5.9983e+03	2.4791e-16
6.0012e+03	2.5021e-16
6.0041e+03	2.5587e-16
6.0070e+03	2.5928e-16
6.0099e+03	2.6395e-16
6.0128e+03	2.6652e-16
6.0157e+03	2.6387e-16
6.0186e+03	2.6310e-16
6.0215e+03	2.6178e-16
6.0244e+03	2.5561e-16
6.0273e+03	2.4405e-16
6.0302e+03	2.3214e-16
6.0331e+03	2.2778e-16
6.0361e+03	2.3434e-16
6.0390e+03	2.5112e-16
6.0419e+03	2.6776e-16
6.0448e+03	2.7795e-16
6.0477e+03	2.8521e-16
6.0506e+03	2.9106e-16
6.0535e+03	2.9113e-16
6.0564e+03	2.9072e-16
6.0593e+03	2.9147e-16
6.0622e+03	2.8957e-16
6.0651e+03	2.8820e-16
6.0680e+03	2.8713e-16
6.0709e+03	2.8768e-16
6.0738e+03	2.8782e-16
6.0767e+03	2.8356e-16
6.0797e+03	2.8194e-16
6.0826e+03	2.8217e-16
6.0855e+03	2.8050e-16
6.0884e+03	2.7962e-16
6.0913e+03	2.7815e-16
6.0942e+03	2.7552e-16
6.0971e+03	2.7512e-16
6.1000e+03	2.7146e-16
6.1029e+03	2.6797e-16
6.1058e+03	2.6328e-16
6.1087e+03	2.5758e-16
6.1116e+03	2.5635e-16
6.1145e+03	2.5886e-16
6.1174e+03	2.6146e-16
6.1203e+03	2.5621e-16
6.1233e+03	2.5299e-16
6.1262e+03	2.5255e-16
6.1291e+03	2.5382e-16
6.1320e+03	2.5174e-16
6.1349e+03	2.5085e-16
6.1378e+03	2.5321e-16
6.1407e+03	2.5411e-16
6.1436e+03	2.5341e-16
6.1465e+03	2.5128e-16
6.1494e+03	2.4913e-16
6.1523e+03	2.5134e-16
6.1552e+03	2.5310e-16
6.1581e+03	2.5395e-16
6.1610e+03	2.5349e-16
6.1640e+03	2.5208e-16
6.1669e+03	2.5181e-16
6.1698e+03	2.5392e-16
6.1727e+03	2.5613e-16
6.1756e+03	2.5472e-16
6.1785e+03	2.5153e-16
6.1814e+03	2.4896e-16
6.1843e+03	2.4798e-16
6.1872e+03	2.4883e-16
6.1901e+03	2.4827e-16
6.1930e+03	2.4675e-16
6.1959e+03	2.4366e-16
6.1988e+03	2.4090e-16
6.2017e+03	2.3850e-16
6.2046e+03	2.3527e-16
6.2076e+03	2.3370e-16
6.2105e+03	2.3352e-16
6.2134e+03	2.3057e-16
6.2163e+03	2.2690e-16
6.2192e+03	2.2702e-16
6.2221e+03	2.2347e-16
6.2250e+03	2.2107e-16
6.2279e+03	2.2034e-16
6.2308e+03	2.1526e-16
6.2337e+03	2.1307e-16
6.2366e+03	2.1172e-16
6.2395e+03	2.0835e-16
6.2424e+03	2.0164e-16
6.2453e+03	1.9292e-16
6.2482e+03	1.8445e-16
6.2512e+03	1.7889e-16
6.2541e+03	1.7329e-16
6.2570e+03	1.6533e-16
6.2599e+03	1.5986e-16
6.2628e+03	1.5659e-16
6.2657e+03	1.5246e-16
6.2686e+03	1.4586e-16
6.2715e+03	1.3722e-16
6.2744e+03	1.2901e-16
6.2773e+03	1.2107e-16
6.2802e+03	1.1373e-16
6.2831e+03	1.0830e-16
6.2860e+03	1.0412e-16
6.2889e+03	1.0202e-16
6.2918e+03	1.0118e-16
6.2948e+03	1.0632e-16
6.2977e+03	1.2014e-16
6.3006e+03	1.3694e-16
6.3035e+03	1.4956e-16
6.3064e+03	1.5357e-16
6.3093e+03	1.4953e-16
6.3122e+03	1.3953e-16
6.3151e+03	1.2431e-16
6.3180e+03	1.2128e-16
6.3209e+03	1.2274e-16
6.3238e+03	1.2444e-16
6.3267e+03	1.2705e-16
6.3296e+03	1.3045e-16
6.3325e+03	1.3154e-16
6.3354e+03	1.3048e-16
6.3384e+03	1.2918e-16
6.3413e+03	1.2751e-16
6.3442e+03	1.2931e-16
6.3471e+03	1.3390e-16
6.3500e+03	1.3783e-16
6.3529e+03	1.4176e-16
6.3558e+03	1.4570e-16
6.3587e+03	1.4963e-16
6.3616e+03	1.5357e-16
6.3645e+03	1.5751e-16
6.3674e+03	1.6145e-16
6.3703e+03	1.6540e-16
6.3732e+03	1.6934e-16
6.3761e+03	1.7329e-16
6.3790e+03	1.7689e-16
6.3820e+03	1.7857e-16
6.3849e+03	1.8026e-16
6.3878e+03	1.8194e-16
6.3907e+03	1.8363e-16
6.3936e+03	1.8542e-16
6.3965e+03	1.8716e-16
6.3994e+03	1.8658e-16
6.4023e+03	1.8576e-16
6.4052e+03	1.8704e-16
6.4081e+03	1.9018e-16
6.4110e+03	1.9138e-16
6.4139e+03	1.9275e-16
6.4168e+03	1.9411e-16
6.4197e+03	1.9547e-16
6.4226e+03	1.9684e-16
6.4256e+03	1.9820e-16
6.4285e+03	1.9957e-16
6.4314e+03	2.0094e-16
6.4343e+03	2.0588e-16
6.4372e+03	2.1123e-16
6.4401e+03	2.1236e-16
6.4430e+03	2.1058e-16
6.4459e+03	2.1233e-16
6.4488e+03	2.1556e-16
6.4517e+03	2.2198e-16
6.4546e+03	2.2244e-16
6.4575e+03	2.1789e-16
6.4604e+03	2.2033e-16
6.4633e+03	2.2434e-16
6.4663e+03	2.2817e-16
6.4692e+03	2.3359e-16
6.4721e+03	2.3553e-16
6.4750e+03	2.3411e-16
6.4779e+03	2.3490e-16
6.4808e+03	2.3502e-16
6.4837e+03	2.3290e-16
6.4866e+03	2.3374e-16
6.4895e+03	2.3678e-16
6.4924e+03	2.3979e-16
6.4953e+03	2.4401e-16
6.4982e+03	2.4954e-16
6.5011e+03	2.5427e-16
6.5040e+03	2.5437e-16
6.5069e+03	2.5520e-16
6.5099e+03	2.5792e-16
6.5128e+03	2.5755e-16
6.5157e+03	2.5479e-16
6.5186e+03	2.5444e-16
6.5215e+03	2.5627e-16
6.5244e+03	2.5858e-16
6.5273e+03	2.5960e-16
6.5302e+03	2.6377e-16
6.5331e+03	2.6613e-16
6.5360e+03	2.6528e-16
6.5389e+03	2.6717e-16
6.5418e+03	2.6757e-16
6.5447e+03	2.6425e-16
6.5476e+03	2.6484e-16
6.5505e+03	2.6994e-16
6.5535e+03	2.6919e-16
6.5564e+03	2.6842e-16
6.5593e+03	2.7085e-16
6.5622e+03	2.7062e-16
6.5651e+03	2.6980e-16
6.5680e+03	2.7046e-16
6.5709e+03	2.6955e-16
6.5738e+03	2.6820e-16
6.5767e+03	2.6594e-16
6.5796e+03	2.6700e-16
6.5825e+03	2.6909e-16
6.5854e+03	2.6634e-16
6.5883e+03	2.6358e-16
6.5912e+03	2.6397e-16
6.5941e+03	2.6470e-16
6.5971e+03	2.6291e-16
6.6000e+03	2.6146e-16
6.6029e+03	2.6182e-16
6.6058e+03	2.6438e-16
6.6087e+03	2.6586e-16
6.6116e+03	2.6236e-16
6.6145e+03	2.6083e-16
6.6174e+03	2.6113e-16
6.6203e+03	2.6185e-16
6.6232e+03	2.6248e-16
6.6261e+03	2.6421e-16
6.6290e+03	2.6516e-16
6.6319e+03	2.6422e-16
6.6348e+03	2.6283e-16
6.6377e+03	2.6205e-16
6.6407e+03	2.6141e-16
6.6436e+03	2.5824e-16
6.6465e+03	2.5467e-16
6.6494e+03	2.5531e-16
6.6523e+03	2.5626e-16
6.6552e+03	2.5487e-16
6.6581e+03	2.5438e-16
6.6610e+03	2.5636e-16
6.6639e+03	2.5793e-16
6.6668e+03	2.5707e-16
6.6697e+03	2.5408e-16
6.6726e+03	2.5164e-16
6.6755e+03	2.5345e-16
6.6784e+03	2.5338e-16
6.6813e+03	2.5064e-16
6.6843e+03	2.5077e-16
6.6872e+03	2.5181e-16
6.6901e+03	2.5173e-16
6.6930e+03	2.5000e-16
6.6959e+03	2.4952e-16
6.6988e+03	2.4996e-16
6.7017e+03	2.4873e-16
6.7046e+03	2.4813e-16
6.7075e+03	2.4793e-16
6.7104e+03	2.4718e-16
6.7133e+03	2.4648e-16
6.7162e+03	2.4588e-16
6.7191e+03	2.4284e-16
6.7220e+03	2.3947e-16
6.7250e+03	2.4062e-16
6.7279e+03	2.4162e-16
6.7308e+03	2.4030e-16
6.7337e+03	2.3754e-16
6.7366e+03	2.3572e-16
6.7395e+03	2.3409e-16
6.7424e+03	2.3346e-16
6.7453e+03	2.3499e-16
6.7482e+03	2.3571e-16
6.7511e+03	2.3187e-16
6.7540e+03	2.2844e-16
6.7569e+03	2.2972e-16
6.7598e+03	2.2872e-16
6.7627e+03	2.2452e-16
6.7656e+03	2.2199e-16
6.7686e+03	2.2184e-16
6.7715e+03	2.2321e-16
6.7744e+03	2.2341e-16
6.7773e+03	2.2296e-16
6.7802e+03	2.1905e-16
6.7831e+03	2.1340e-16
6.7860e+03	2.1150e-16
6.7889e+03	2.1251e-16
6.7918e+03	2.1375e-16
6.7947e+03	2.1482e-16
6.7976e+03	2.1607e-16
6.8005e+03	2.1444e-16
6.8034e+03	2.0996e-16
6.8063e+03	2.0687e-16
6.8092e+03	2.0503e-16
6.8122e+03	2.0474e-16
6.8151e+03	2.0687e-16
6.8180e+03	2.0716e-16
6.8209e+03	2.0436e-16
6.8238e+03	2.0584e-16
6.8267e+03	2.1139e-16
6.8296e+03	2.1210e-16
6.8325e+03	2.1018e-16
6.8354e+03	2.0604e-16
6.8383e+03	2.0535e-16
6.8412e+03	2.0825e-16
6.8441e+03	2.0636e-16
6.8470e+03	2.0248e-16
6.8499e+03	2.0247e-16
6.8528e+03	2.0121e-16
6.8558e+03	2.0111e-16
6.8587e+03	2.0299e-16
6.8616e+03	2.0372e-16
6.8645e+03	2.0841e-16
6.8674e+03	2.0444e-16
6.8703e+03	2.0330e-16
6.8732e+03	1.9858e-16
6.8761e+03	1.9394e-16
6.8790e+03	1.9863e-16
6.8819e+03	1.9697e-16
6.8848e+03	1.9010e-16
6.8877e+03	1.9005e-16
6.8906e+03	1.8711e-16
6.8935e+03	1.8556e-16
6.8964e+03	1.8507e-16
6.8994e+03	1.8553e-16
6.9023e+03	1.8450e-16
6.9052e+03	1.8593e-16
6.9081e+03	1.8554e-16
6.9110e+03	1.8445e-16
6.9139e+03	1.8236e-16
6.9168e+03	1.8302e-16
6.9197e+03	1.8255e-16
6.9226e+03	1.8457e-16
6.9255e+03	1.8661e-16
6.9284e+03	1.8595e-16
6.9313e+03	1.8655e-16
6.9342e+03	1.8581e-16
6.9371e+03	1.8372e-16
6.9400e+03	1.8296e-16
6.9430e+03	1.8171e-16
6.9459e+03	1.8394e-16
6.9488e+03	1.8777e-16
6.9517e+03	1.9027e-16
6.9546e+03	1.8942e-16
6.9575e+03	1.8686e-16
6.9604e+03	1.8207e-16
6.9633e+03	1.7741e-16
6.9662e+03	1.7964e-16
6.9691e+03	1.8429e-16
6.9720e+03	1.8540e-16
6.9749e+03	1.8517e-16
6.9778e+03	1.8545e-16
6.9807e+03	1.8391e-16
6.9837e+03	1.8224e-16
6.9866e+03	1.7717e-16
6.9895e+03	1.7380e-16
6.9924e+03	1.7369e-16
6.9953e+03	1.7276e-16
6.9982e+03	1.7311e-16
7.0011e+03	1.7598e-16
7.0040e+03	1.7825e-16
7.0069e+03	1.7747e-16
7.0098e+03	1.7747e-16
7.0127e+03	1.7684e-16
7.0156e+03	1.7710e-16
7.0185e+03	1.7822e-16
7.0214e+03	1.7904e-16
7.0243e+03	1.7876e-16
7.0273e+03	1.8091e-16
7.0302e+03	1.8199e-16
7.0331e+03	1.8342e-16
7.0360e+03	1.8387e-16
7.0389e+03	1.8401e-16
7.0418e+03	1.8454e-16
7.0447e+03	1.8420e-16
7.0476e+03	1.8427e-16
7.0505e+03	1.8641e-16
7.0534e+03	1.8693e-16
7.0563e+03	1.8502e-16
7.0592e+03	1.8525e-16
7.0621e+03	1.8489e-16
7.0650e+03	1.8432e-16
7.0679e+03	1.8342e-16
7.0709e+03	1.8289e-16
7.0738e+03	1.8317e-16
7.0767e+03	1.8388e-16
7.0796e+03	1.8382e-16
7.0825e+03	1.8476e-16
7.0854e+03	1.8414e-16
7.0883e+03	1.8430e-16
7.0912e+03	1.8211e-16
7.0941e+03	1.7820e-16
7.0970e+03	1.7668e-16
7.0999e+03	1.7670e-16
7.1028e+03	1.7746e-16
7.1057e+03	1.7849e-16
7.1086e+03	1.7759e-16
7.1115e+03	1.7646e-16
7.1145e+03	1.7661e-16
7.1174e+03	1.7630e-16
7.1203e+03	1.7606e-16
7.1232e+03	1.7497e-16
7.1261e+03	1.7337e-16
7.1290e+03	1.7407e-16
7.1319e+03	1.7616e-16
7.1348e+03	1.7656e-16
7.1377e+03	1.7452e-16
7.1406e+03	1.7212e-16
7.1435e+03	1.7027e-16
7.1464e+03	1.6845e-16
7.1493e+03	1.6819e-16
7.1522e+03	1.6980e-16
7.1551e+03	1.7265e-16
7.1581e+03	1.7271e-16
7.1610e+03	1.7102e-16
7.1639e+03	1.7263e-16
7.1668e+03	1.7088e-16
7.1697e+03	1.6832e-16
7.1726e+03	1.6726e-16
7.1755e+03	1.6716e-16
7.1784e+03	1.6803e-16
7.1813e+03	1.6715e-16
7.1842e+03	1.6851e-16
7.1871e+03	1.6750e-16
7.1900e+03	1.6652e-16
7.1929e+03	1.6672e-16
7.1958e+03	1.6645e-16
7.1987e+03	1.6621e-16
7.2017e+03	1.6498e-16
7.2046e+03	1.6073e-16
7.2075e+03	1.5705e-16
7.2104e+03	1.5875e-16
7.2133e+03	1.6033e-16
7.2162e+03	1.5985e-16
7.2191e+03	1.5803e-16
7.2220e+03	1.5397e-16
7.2249e+03	1.5116e-16
7.2278e+03	1.4955e-16
7.2307e+03	1.4992e-16
7.2336e+03	1.5159e-16
7.2365e+03	1.5609e-16
7.2394e+03	1.6662e-16
7.2423e+03	1.7195e-16
7.2453e+03	1.7416e-16
7.2482e+03	1.7097e-16
7.2511e+03	1.6713e-16
7.2540e+03	1.6306e-16
7.2569e+03	1.5597e-16
7.2598e+03	1.5352e-16
7.2627e+03	1.5269e-16
7.2656e+03	1.5096e-16
7.2685e+03	1.5357e-16
7.2714e+03	1.5739e-16
7.2743e+03	1.6187e-16
7.2772e+03	1.6972e-16
7.2801e+03	1.7857e-16
7.2830e+03	1.7966e-16
7.2860e+03	1.7549e-16
7.2889e+03	1.7041e-16
7.2918e+03	1.6686e-16
7.2947e+03	1.6741e-16
7.2976e+03	1.6556e-16
7.3005e+03	1.6085e-16
7.3034e+03	1.5624e-16
7.3063e+03	1.5519e-16
7.3092e+03	1.5671e-16
7.3121e+03	1.6318e-16
7.3150e+03	1.7299e-16
7.3179e+03	1.8093e-16
7.3208e+03	1.8532e-16
7.3237e+03	1.8124e-16
7.3266e+03	1.7657e-16
7.3296e+03	1.7323e-16
7.3325e+03	1.6700e-16
7.3354e+03	1.6669e-16
7.3383e+03	1.7413e-16
7.3412e+03	1.8171e-16
7.3441e+03	1.8794e-16
7.3470e+03	1.8981e-16
7.3499e+03	1.8264e-16
7.3528e+03	1.7297e-16
7.3557e+03	1.6829e-16
7.3586e+03	1.6788e-16
7.3615e+03	1.7084e-16
7.3644e+03	1.7550e-16
7.3673e+03	1.8009e-16
7.3702e+03	1.8346e-16
7.3732e+03	1.8626e-16
7.3761e+03	1.8549e-16
7.3790e+03	1.7841e-16
7.3819e+03	1.7279e-16
7.3848e+03	1.7015e-16
7.3877e+03	1.6811e-16
7.3906e+03	1.6798e-16
7.3935e+03	1.7095e-16
7.3964e+03	1.7135e-16
7.3993e+03	1.7626e-16
7.4022e+03	1.8313e-16
7.4051e+03	1.8520e-16
7.4080e+03	1.8616e-16
7.4109e+03	1.8133e-16
7.4138e+03	1.7405e-16
7.4168e+03	1.6976e-16
7.4197e+03	1.6824e-16
7.4226e+03	1.6801e-16
7.4255e+03	1.6698e-16
7.4284e+03	1.7002e-16
7.4313e+03	1.7484e-16
7.4342e+03	1.7598e-16
7.4371e+03	1.7483e-16
7.4400e+03	1.7335e-16
7.4429e+03	1.7034e-16
7.4458e+03	1.6563e-16
7.4487e+03	1.6413e-16
7.4516e+03	1.6229e-16
7.4545e+03	1.6127e-16
7.4574e+03	1.6507e-16
7.4604e+03	1.6778e-16
7.4633e+03	1.6787e-16
7.4662e+03	1.6798e-16
7.4691e+03	1.6928e-16
7.4720e+03	1.7101e-16
7.4749e+03	1.7249e-16
7.4778e+03	1.7421e-16
7.4807e+03	1.7665e-16
7.4836e+03	1.7838e-16
7.4865e+03	1.7836e-16
7.4894e+03	1.7859e-16
7.4923e+03	1.7559e-16
7.4952e+03	1.6959e-16
7.4981e+03	1.6433e-16
7.5010e+03	1.6011e-16
7.5040e+03	1.5966e-16
7.5069e+03	1.6080e-16
7.5098e+03	1.6325e-16
7.5127e+03	1.6584e-16
7.5156e+03	1.6971e-16
7.5185e+03	1.7295e-16
7.5214e+03	1.7778e-16
7.5243e+03	1.8627e-16
7.5272e+03	1.8866e-16
7.5301e+03	1.8908e-16
7.5330e+03	1.8583e-16
7.5359e+03	1.8147e-16
7.5388e+03	1.8044e-16
7.5417e+03	1.7944e-16
7.5447e+03	1.7496e-16
7.5476e+03	1.7497e-16
7.5505e+03	1.7621e-16
7.5534e+03	1.7299e-16
7.5563e+03	1.7044e-16
7.5592e+03	1.7223e-16
7.5621e+03	1.7318e-16
7.5650e+03	1.7474e-16
7.5679e+03	1.8168e-16
7.5708e+03	1.8395e-16
7.5737e+03	1.8786e-16
7.5766e+03	1.8917e-16
7.5795e+03	1.8547e-16
7.5824e+03	1.8141e-16
7.5853e+03	1.7297e-16
7.5883e+03	1.6561e-16
7.5912e+03	1.5664e-16
7.5941e+03	1.5443e-16
7.5970e+03	1.6446e-16
7.5999e+03	1.6574e-16
7.6028e+03	1.6741e-16
7.6057e+03	1.6677e-16
7.6086e+03	1.5789e-16
7.6115e+03	1.3995e-16
7.6144e+03	1.3030e-16
7.6173e+03	1.2858e-16
7.6202e+03	1.2802e-16
7.6231e+03	1.3132e-16
7.6260e+03	1.3225e-16
7.6289e+03	1.2859e-16
7.6319e+03	1.2262e-16
7.6348e+03	1.1587e-16
7.6377e+03	1.1063e-16
7.6406e+03	1.0874e-16
7.6435e+03	1.0673e-16
7.6464e+03	1.0165e-16
7.6493e+03	1.0033e-16
7.6522e+03	1.0043e-16
7.6551e+03	9.7545e-17
7.6580e+03	9.8426e-17
7.6609e+03	9.7717e-17
7.6638e+03	9.2297e-17
7.6667e+03	8.8396e-17
7.6696e+03	8.3837e-17
7.6725e+03	7.9704e-17
7.6755e+03	7.9490e-17
7.6784e+03	7.9675e-17
7.6813e+03	7.8648e-17
7.6842e+03	7.9746e-17
7.6871e+03	8.1952e-17
7.6900e+03	8.2215e-17
7.6929e+03	7.7493e-17
7.6958e+03	7.0953e-17
7.6987e+03	6.7964e-17
7.7016e+03	6.7095e-17
7.7045e+03	6.7473e-17
7.7074e+03	6.9884e-17
7.7103e+03	7.5975e-17
7.7132e+03	8.6969e-17
7.7161e+03	9.7468e-17
7.7191e+03	1.0091e-16
7.7220e+03	1.0031e-16
7.7249e+03	9.6619e-17
7.7278e+03	8.8960e-17
7.7307e+03	8.5354e-17
7.7336e+03	8.5294e-17
7.7365e+03	8.6928e-17
7.7394e+03	8.9636e-17
7.7423e+03	9.4137e-17
7.7452e+03	1.0232e-16
7.7481e+03	1.1219e-16
7.7510e+03	1.2353e-16
7.7539e+03	1.2961e-16
7.7568e+03	1.3210e-16
7.7597e+03	1.2454e-16
7.7627e+03	1.1892e-16
7.7656e+03	1.1938e-16
7.7685e+03	1.2075e-16
7.7714e+03	1.2243e-16
7.7743e+03	1.2104e-16
7.7772e+03	1.1961e-16
7.7801e+03	1.2028e-16
7.7830e+03	1.1773e-16
7.7859e+03	1.1696e-16
7.7888e+03	1.2135e-16
7.7917e+03	1.3124e-16
7.7946e+03	1.3475e-16
7.7975e+03	1.3088e-16
7.8004e+03	1.2787e-16
7.8034e+03	1.2045e-16
7.8063e+03	1.1813e-16
7.8092e+03	1.1944e-16
7.8121e+03	1.1961e-16
7.8150e+03	1.2522e-16
7.8179e+03	1.2934e-16
7.8208e+03	1.3510e-16
7.8237e+03	1.4627e-16
7.8266e+03	1.4751e-16
7.8295e+03	1.3887e-16
7.8324e+03	1.2878e-16
7.8353e+03	1.2089e-16
7.8382e+03	1.2265e-16
7.8411e+03	1.2517e-16
7.8440e+03	1.2388e-16
7.8470e+03	1.3049e-16
7.8499e+03	1.4524e-16
7.8528e+03	1.5854e-16
7.8557e+03	1.6556e-16
7.8586e+03	1.6599e-16
7.8615e+03	1.6757e-16
7.8644e+03	1.6362e-16
7.8673e+03	1.6629e-16
7.8702e+03	1.7468e-16
7.8731e+03	1.8309e-16
7.8760e+03	1.8294e-16
7.8789e+03	1.8355e-16
7.8818e+03	1.7703e-16
7.8847e+03	1.7058e-16
7.8876e+03	1.7359e-16
7.8906e+03	1.7916e-16
7.8935e+03	1.8135e-16
7.8964e+03	1.8162e-16
7.8993e+03	1.7574e-16
7.9022e+03	1.7432e-16
7.9051e+03	1.7839e-16
7.9080e+03	1.8270e-16
7.9109e+03	1.9263e-16
7.9138e+03	1.9605e-16
7.9167e+03	2.0296e-16
7.9196e+03	2.0751e-16
7.9225e+03	2.1068e-16
7.9254e+03	2.0930e-16
7.9283e+03	2.1481e-16
7.9312e+03	2.1399e-16
7.9342e+03	2.0059e-16
7.9371e+03	1.9621e-16
7.9400e+03	2.0327e-16
7.9429e+03	1.9886e-16
7.9458e+03	1.8899e-16
7.9487e+03	1.8610e-16
7.9516e+03	1.9218e-16
7.9545e+03	1.9385e-16
7.9574e+03	2.0286e-16
7.9603e+03	2.0530e-16
7.9632e+03	2.0251e-16
7.9661e+03	1.9455e-16
7.9690e+03	1.9237e-16
7.9719e+03	1.9484e-16
7.9748e+03	2.0321e-16
7.9778e+03	2.0749e-16
7.9807e+03	2.0926e-16
7.9836e+03	2.0353e-16
7.9865e+03	2.0544e-16
7.9894e+03	2.1830e-16
7.9923e+03	2.2027e-16
7.9952e+03	2.2248e-16
7.9981e+03	2.2112e-16
8.0010e+03	2.1824e-16
8.0039e+03	2.0867e-16
8.0068e+03	1.9999e-16
8.0097e+03	1.9545e-16
8.0126e+03	1.9710e-16
8.0155e+03	2.0123e-16
8.0184e+03	2.1014e-16
8.0214e+03	2.1806e-16
8.0243e+03	2.1931e-16
8.0272e+03	2.1714e-16
8.0301e+03	2.0802e-16
8.0330e+03	2.0870e-16
8.0359e+03	2.0873e-16
8.0388e+03	2.0879e-16
8.0417e+03	2.0413e-16
8.0446e+03	1.9801e-16
8.0475e+03	1.9365e-16
8.0504e+03	1.9281e-16
8.0533e+03	1.9225e-16
8.0562e+03	2.0087e-16
8.0591e+03	2.0517e-16
8.0620e+03	2.0859e-16
8.0650e+03	2.1121e-16
8.0679e+03	2.0957e-16
8.0708e+03	2.0331e-16
8.0737e+03	1.9436e-16
8.0766e+03	1.8736e-16
8.0795e+03	1.8484e-16
8.0824e+03	1.8374e-16
8.0853e+03	1.8497e-16
8.0882e+03	1.8454e-16
8.0911e+03	1.8242e-16
8.0940e+03	1.8212e-16
8.0969e+03	1.8370e-16
8.0998e+03	1.8509e-16
8.1027e+03	1.8628e-16
8.1057e+03	1.8642e-16
8.1086e+03	1.8719e-16
8.1115e+03	1.8512e-16
8.1144e+03	1.8015e-16
8.1173e+03	1.7558e-16
8.1202e+03	1.7038e-16
8.1231e+03	1.6866e-16
8.1260e+03	1.7049e-16
8.1289e+03	1.6785e-16
8.1318e+03	1.6235e-16
8.1347e+03	1.6018e-16
8.1376e+03	1.5917e-16
8.1405e+03	1.5866e-16
8.1434e+03	1.5850e-16
8.1463e+03	1.5763e-16
8.1493e+03	1.5533e-16
8.1522e+03	1.5149e-16
8.1551e+03	1.4664e-16
8.1580e+03	1.4235e-16
8.1609e+03	1.3736e-16
8.1638e+03	1.3540e-16
8.1667e+03	1.3696e-16
8.1696e+03	1.3728e-16
8.1725e+03	1.3605e-16
8.1754e+03	1.3370e-16
8.1783e+03	1.3081e-16
8.1812e+03	1.2608e-16
8.1841e+03	1.2495e-16
8.1870e+03	1.2496e-16
8.1899e+03	1.2900e-16
8.1929e+03	1.3226e-16
8.1958e+03	1.3799e-16
8.1987e+03	1.4005e-16
8.2016e+03	1.4451e-16
8.2045e+03	1.4948e-16
8.2074e+03	1.4909e-16
8.2103e+03	1.4768e-16
8.2132e+03	1.4546e-16
8.2161e+03	1.4322e-16
8.2190e+03	1.4205e-16
8.2219e+03	1.3763e-16
8.2248e+03	1.3430e-16
8.2277e+03	1.3312e-16
8.2306e+03	1.3306e-16
8.2335e+03	1.3508e-16
8.2365e+03	1.3539e-16
8.2394e+03	1.3315e-16
8.2423e+03	1.3769e-16
8.2452e+03	1.4508e-16
8.2481e+03	1.4530e-16
8.2510e+03	1.4335e-16
8.2539e+03	1.3976e-16
8.2568e+03	1.3344e-16
8.2597e+03	1.2949e-16
8.2626e+03	1.2869e-16
8.2655e+03	1.2731e-16
8.2684e+03	1.2251e-16
8.2713e+03	1.1643e-16
8.2742e+03	1.1493e-16
8.2771e+03	1.1806e-16
8.2801e+03	1.2011e-16
8.2830e+03	1.2094e-16
8.2859e+03	1.2006e-16
8.2888e+03	1.1684e-16
8.2917e+03	1.2009e-16
8.2946e+03	1.2859e-16
8.2975e+03	1.3234e-16
8.3004e+03	1.3439e-16
8.3033e+03	1.3539e-16
8.3062e+03	1.2478e-16
8.3091e+03	1.0954e-16
8.3120e+03	9.8143e-17
8.3149e+03	9.1396e-17
8.3178e+03	8.1595e-17
8.3207e+03	7.3956e-17
8.3237e+03	6.8039e-17
8.3266e+03	6.1845e-17
8.3295e+03	5.7170e-17
8.3324e+03	5.6281e-17
8.3353e+03	5.0166e-17
8.3382e+03	4.8075e-17
8.3411e+03	5.5878e-17
8.3440e+03	6.6733e-17
8.3469e+03	7.0692e-17
8.3498e+03	7.2882e-17
8.3527e+03	7.2732e-17
8.3556e+03	6.7111e-17
8.3585e+03	5.7974e-17
8.3614e+03	5.1263e-17
8.3644e+03	4.4557e-17
8.3673e+03	3.9883e-17
8.3702e+03	3.7200e-17
8.3731e+03	3.1971e-17
8.3760e+03	2.9426e-17
8.3789e+03	3.1419e-17
8.3818e+03	3.5629e-17
8.3847e+03	3.9193e-17
8.3876e+03	3.7857e-17
8.3905e+03	3.5141e-17
8.3934e+03	3.6139e-17
8.3963e+03	4.2700e-17
8.3992e+03	4.8301e-17
8.4021e+03	4.7250e-17
8.4050e+03	4.4881e-17
8.4080e+03	3.7582e-17
8.4109e+03	3.3279e-17
8.4138e+03	3.0626e-17
8.4167e+03	3.1228e-17
8.4196e+03	3.7814e-17
8.4225e+03	4.2488e-17
8.4254e+03	4.3371e-17
8.4283e+03	4.6515e-17
8.4312e+03	5.3608e-17
8.4341e+03	5.4759e-17
8.4370e+03	5.3368e-17
8.4399e+03	4.9199e-17
8.4428e+03	4.2887e-17
8.4457e+03	3.8863e-17
8.4486e+03	4.0836e-17
8.4516e+03	4.3861e-17
8.4545e+03	4.6504e-17
8.4574e+03	5.3082e-17
8.4603e+03	5.8713e-17
8.4632e+03	6.0858e-17
8.4661e+03	6.0240e-17
8.4690e+03	5.8260e-17
8.4719e+03	5.6447e-17
8.4748e+03	4.8524e-17
8.4777e+03	4.4410e-17
8.4806e+03	3.9198e-17
8.4835e+03	3.5685e-17
8.4864e+03	3.9515e-17
8.4893e+03	4.3623e-17
8.4922e+03	4.4116e-17
8.4952e+03	4.8099e-17
8.4981e+03	5.1073e-17
8.5010e+03	5.1169e-17
8.5039e+03	5.5237e-17
8.5068e+03	5.8118e-17
8.5097e+03	5.6727e-17
8.5126e+03	5.2061e-17
8.5155e+03	4.2309e-17
8.5184e+03	4.2208e-17
8.5213e+03	4.9870e-17
8.5242e+03	5.1160e-17
8.5271e+03	5.0669e-17
8.5300e+03	5.0460e-17
8.5329e+03	5.1621e-17
8.5358e+03	5.3388e-17
8.5388e+03	5.6450e-17
8.5417e+03	5.7096e-17
8.5446e+03	5.7615e-17
8.5475e+03	5.9504e-17
8.5504e+03	5.9901e-17
8.5533e+03	6.0142e-17
8.5562e+03	6.0426e-17
8.5591e+03	6.1979e-17
8.5620e+03	6.4164e-17
8.5649e+03	6.4653e-17
8.5678e+03	6.5513e-17
8.5707e+03	6.5231e-17
8.5736e+03	6.6562e-17
8.5765e+03	7.3327e-17
8.5794e+03	7.7632e-17
8.5824e+03	7.8326e-17
8.5853e+03	7.9971e-17
8.5882e+03	8.0677e-17
8.5911e+03	8.1096e-17
8.5940e+03	8.2421e-17
8.5969e+03	8.4282e-17
8.5998e+03	8.7690e-17
8.6027e+03	8.7782e-17
8.6056e+03	8.5647e-17
8.6085e+03	8.5449e-17
8.6114e+03	8.5725e-17
8.6143e+03	8.8658e-17
8.6172e+03	9.1867e-17
8.6201e+03	9.6736e-17
8.6231e+03	9.9142e-17
8.6260e+03	1.0220e-16
8.6289e+03	1.0757e-16
8.6318e+03	1.1078e-16
8.6347e+03	1.1428e-16
8.6376e+03	1.2031e-16
8.6405e+03	1.2099e-16
8.6434e+03	1.1879e-16
8.6463e+03	1.2061e-16
8.6492e+03	1.2274e-16
8.6521e+03	1.2908e-16
8.6550e+03	1.3616e-16
8.6579e+03	1.4166e-16
8.6608e+03	1.5082e-16
8.6637e+03	1.5509e-16
8.6667e+03	1.5065e-16
8.6696e+03	1.4378e-16
8.6725e+03	1.4475e-16
8.6754e+03	1.5108e-16
8.6783e+03	1.5572e-16
8.6812e+03	1.5608e-16
8.6841e+03	1.5415e-16
8.6870e+03	1.5456e-16
8.6899e+03	1.5520e-16
8.6928e+03	1.5690e-16
8.6957e+03	1.5866e-16
8.6986e+03	1.5813e-16
8.7015e+03	1.6185e-16
8.7044e+03	1.6278e-16
8.7073e+03	1.6204e-16
8.7103e+03	1.6335e-16
8.7132e+03	1.6440e-16
8.7161e+03	1.6234e-16
8.7190e+03	1.6108e-16
8.7219e+03	1.6349e-16
8.7248e+03	1.6593e-16
8.7277e+03	1.6846e-16
8.7306e+03	1.6853e-16
8.7335e+03	1.7005e-16
8.7364e+03	1.7424e-16
8.7393e+03	1.7659e-16
8.7422e+03	1.7034e-16
8.7451e+03	1.6276e-16
8.7480e+03	1.6017e-16
8.7509e+03	1.5966e-16
8.7539e+03	1.6043e-16
8.7568e+03	1.5793e-16
8.7597e+03	1.6301e-16
8.7626e+03	1.7164e-16
8.7655e+03	1.7629e-16
8.7684e+03	1.7843e-16
8.7713e+03	1.8167e-16
8.7742e+03	1.8740e-16
8.7771e+03	1.8460e-16
8.7800e+03	1.8373e-16
8.7829e+03	1.9189e-16
8.7858e+03	1.9742e-16
8.7887e+03	1.9903e-16
8.7916e+03	1.9984e-16
8.7945e+03	1.9930e-16
8.7975e+03	1.9346e-16
8.8004e+03	1.8466e-16
8.8033e+03	1.7077e-16
8.8062e+03	1.5856e-16
8.8091e+03	1.5319e-16
8.8120e+03	1.5235e-16
8.8149e+03	1.5024e-16
8.8178e+03	1.4633e-16
8.8207e+03	1.4756e-16
8.8236e+03	1.4901e-16
8.8265e+03	1.6733e-16
8.8294e+03	1.7499e-16
8.8323e+03	1.8546e-16
8.8352e+03	1.9293e-16
8.8381e+03	1.9249e-16
8.8411e+03	1.9034e-16
8.8440e+03	1.8963e-16
8.8469e+03	1.8644e-16
8.8498e+03	1.8068e-16
8.8527e+03	1.7227e-16
8.8556e+03	1.6568e-16
8.8585e+03	1.6053e-16
8.8614e+03	1.5561e-16
8.8643e+03	1.5606e-16
8.8672e+03	1.5834e-16
8.8701e+03	1.5425e-16
8.8730e+03	1.4891e-16
8.8759e+03	1.4074e-16
8.8788e+03	1.4003e-16
8.8818e+03	1.4541e-16
8.8847e+03	1.6010e-16
8.8876e+03	1.7823e-16
8.8905e+03	1.8088e-16
8.8934e+03	1.8381e-16
8.8963e+03	1.8209e-16
8.8992e+03	1.6876e-16
8.9021e+03	1.5564e-16
8.9050e+03	1.5365e-16
8.9079e+03	1.5028e-16
8.9108e+03	1.4403e-16
8.9137e+03	1.4105e-16
8.9166e+03	1.5019e-16
8.9195e+03	1.6592e-16
8.9224e+03	1.8370e-16
8.9254e+03	1.8247e-16
8.9283e+03	1.7674e-16
8.9312e+03	1.5616e-16
8.9341e+03	1.4329e-16
8.9370e+03	1.3750e-16
8.9399e+03	1.3630e-16
8.9428e+03	1.3812e-16
8.9457e+03	1.4132e-16
8.9486e+03	1.4290e-16
8.9515e+03	1.4360e-16
8.9544e+03	1.4545e-16
8.9573e+03	1.5119e-16
8.9602e+03	1.6227e-16
8.9631e+03	1.6923e-16
8.9660e+03	1.5770e-16
8.9690e+03	1.4270e-16
8.9719e+03	1.3659e-16
8.9748e+03	1.3414e-16
8.9777e+03	1.3046e-16
8.9806e+03	1.2411e-16
8.9835e+03	1.2257e-16
8.9864e+03	1.2448e-16
8.9893e+03	1.2472e-16
8.9922e+03	1.2889e-16
8.9951e+03	1.3300e-16
8.9980e+03	1.3616e-16
9.0009e+03	1.4562e-16
9.0038e+03	1.5506e-16
9.0067e+03	1.5219e-16
9.0096e+03	1.4257e-16
9.0126e+03	1.3588e-16
9.0155e+03	1.3299e-16
9.0184e+03	1.3012e-16
9.0213e+03	1.2736e-16
9.0242e+03	1.2576e-16
9.0271e+03	1.3117e-16
9.0300e+03	1.3695e-16
9.0329e+03	1.3681e-16
9.0358e+03	1.3881e-16
9.0387e+03	1.4774e-16
9.0416e+03	1.5053e-16
9.0445e+03	1.4642e-16
9.0474e+03	1.4336e-16
9.0503e+03	1.4475e-16
9.0532e+03	1.5045e-16
9.0562e+03	1.4845e-16
9.0591e+03	1.4115e-16
9.0620e+03	1.3260e-16
9.0649e+03	1.2260e-16
9.0678e+03	1.1552e-16
9.0707e+03	1.1308e-16
9.0736e+03	1.1396e-16
9.0765e+03	1.1479e-16
9.0794e+03	1.1158e-16
9.0823e+03	1.0327e-16
9.0852e+03	9.8109e-17
9.0881e+03	9.9137e-17
9.0910e+03	9.6754e-17
9.0939e+03	9.7060e-17
9.0968e+03	9.7810e-17
9.0998e+03	9.6314e-17
9.1027e+03	9.1237e-17
9.1056e+03	8.9781e-17
9.1085e+03	8.9195e-17
9.1114e+03	9.0524e-17
9.1143e+03	9.0204e-17
9.1172e+03	8.8571e-17
9.1201e+03	8.7259e-17
9.1230e+03	8.3657e-17
9.1259e+03	7.9114e-17
9.1288e+03	7.6330e-17
9.1317e+03	7.8104e-17
9.1346e+03	7.9699e-17
9.1375e+03	7.5162e-17
9.1404e+03	7.2508e-17
9.1434e+03	7.2143e-17
9.1463e+03	6.7722e-17
9.1492e+03	6.7460e-17
9.1521e+03	6.9728e-17
9.1550e+03	6.7574e-17
9.1579e+03	6.8035e-17
9.1608e+03	7.2274e-17
9.1637e+03	7.5403e-17
9.1666e+03	7.6281e-17
9.1695e+03	7.6926e-17
9.1724e+03	7.2578e-17
9.1753e+03	7.6907e-17
9.1782e+03	8.0922e-17
9.1811e+03	8.3945e-17
9.1841e+03	8.3700e-17
9.1870e+03	7.7596e-17
9.1899e+03	7.3574e-17
9.1928e+03	7.1174e-17
9.1957e+03	7.0446e-17
9.1986e+03	7.2118e-17
9.2015e+03	7.2531e-17
9.2044e+03	7.3793e-17
9.2073e+03	7.5089e-17
9.2102e+03	7.5247e-17
9.2131e+03	7.7487e-17
9.2160e+03	8.0535e-17
9.2189e+03	8.1842e-17
9.2218e+03	8.5393e-17
9.2247e+03	9.0346e-17
9.2277e+03	9.0764e-17
9.2306e+03	9.1165e-17
9.2335e+03	9.7210e-17
9.2364e+03	9.6613e-17
9.2393e+03	9.4325e-17
9.2422e+03	9.4008e-17
9.2451e+03	9.0815e-17
9.2480e+03	8.7958e-17
9.2509e+03	8.6110e-17
9.2538e+03	8.6323e-17
9.2567e+03	8.7314e-17
9.2596e+03	8.7068e-17
9.2625e+03	8.6573e-17
9.2654e+03	8.4894e-17
9.2683e+03	8.3442e-17
9.2713e+03	8.3493e-17
9.2742e+03	8.8970e-17
9.2771e+03	8.8225e-17
9.2800e+03	8.8611e-17
9.2829e+03	9.3321e-17
9.2858e+03	9.2917e-17
9.2887e+03	9.5440e-17
9.2916e+03	9.8507e-17
9.2945e+03	9.4382e-17
9.2974e+03	9.0002e-17
9.3003e+03	8.9729e-17
9.3032e+03	9.0291e-17
9.3061e+03	9.2578e-17
9.3090e+03	1.0059e-16
9.3119e+03	1.0424e-16
9.3149e+03	9.8465e-17
9.3178e+03	1.0875e-16
9.3207e+03	1.1025e-16
9.3236e+03	1.1463e-16
9.3265e+03	1.1100e-16
9.3294e+03	1.1320e-16
9.3323e+03	1.1957e-16
9.3352e+03	1.2015e-16
9.3381e+03	1.1587e-16
9.3410e+03	1.0913e-16
9.3439e+03	1.0951e-16
9.3468e+03	1.1359e-16
9.3497e+03	1.0873e-16
9.3526e+03	1.0357e-16
9.3555e+03	9.7064e-17
9.3585e+03	9.4428e-17
9.3614e+03	9.3232e-17
9.3643e+03	9.6397e-17
9.3672e+03	1.0864e-16
9.3701e+03	1.0863e-16
9.3730e+03	1.0114e-16
9.3759e+03	1.1678e-16
9.3788e+03	1.2478e-16
9.3817e+03	1.2553e-16
9.3846e+03	1.2531e-16
9.3875e+03	1.2038e-16
9.3904e+03	1.1863e-16
9.3933e+03	1.0601e-16
9.3962e+03	1.0813e-16
9.3991e+03	1.0117e-16
9.4021e+03	9.4886e-17
9.4050e+03	9.7314e-17
9.4079e+03	9.8772e-17
9.4108e+03	9.7587e-17
9.4137e+03	9.6745e-17
9.4166e+03	9.2452e-17
9.4195e+03	9.8467e-17
9.4224e+03	1.0518e-16
9.4253e+03	1.0300e-16
9.4282e+03	9.9923e-17
9.4311e+03	9.5520e-17
9.4340e+03	9.6408e-17
9.4369e+03	9.6742e-17
9.4398e+03	1.0165e-16
9.4428e+03	1.0841e-16
9.4457e+03	1.0864e-16
9.4486e+03	1.0528e-16
9.4515e+03	1.0157e-16
9.4544e+03	1.0297e-16
9.4573e+03	1.0371e-16
9.4602e+03	1.0735e-16
9.4631e+03	1.0933e-16
9.4660e+03	1.0608e-16
9.4689e+03	9.6144e-17
9.4718e+03	9.4480e-17
9.4747e+03	1.0208e-16
9.4776e+03	1.1278e-16
9.4805e+03	1.1503e-16
9.4834e+03	1.1415e-16
9.4864e+03	1.0833e-16
9.4893e+03	1.0008e-16
9.4922e+03	9.3826e-17
9.4951e+03	9.1712e-17
9.4980e+03	9.2848e-17
9.5009e+03	1.0083e-16
9.5038e+03	9.6816e-17
9.5067e+03	9.9979e-17
9.5096e+03	9.8012e-17
9.5125e+03	9.3628e-17
9.5154e+03	9.9312e-17
9.5183e+03	1.0423e-16
9.5212e+03	9.9725e-17
9.5241e+03	9.5651e-17
9.5270e+03	9.2567e-17
9.5300e+03	9.2074e-17
9.5329e+03	8.9309e-17
9.5358e+03	8.7479e-17
9.5387e+03	8.7729e-17
9.5416e+03	8.9150e-17
9.5445e+03	8.8863e-17
9.5474e+03	8.7476e-17
9.5503e+03	9.2334e-17
9.5532e+03	9.6757e-17
9.5561e+03	9.8697e-17
9.5590e+03	1.0486e-16
9.5619e+03	1.0428e-16
9.5648e+03	9.9011e-17
9.5677e+03	9.4678e-17
9.5706e+03	9.8481e-17
9.5736e+03	9.9314e-17
9.5765e+03	9.3349e-17
9.5794e+03	8.3476e-17
9.5823e+03	8.5061e-17
9.5852e+03	8.9313e-17
9.5881e+03	8.5960e-17
9.5910e+03	8.5923e-17
9.5939e+03	8.6117e-17
9.5968e+03	8.3281e-17
9.5997e+03	8.5440e-17
9.6026e+03	9.2035e-17
9.6055e+03	9.5829e-17
9.6084e+03	9.6750e-17
9.6113e+03	9.9442e-17
9.6142e+03	9.7740e-17
9.6172e+03	9.2015e-17
9.6201e+03	8.8588e-17
9.6230e+03	8.8411e-17
9.6259e+03	8.6776e-17
9.6288e+03	9.0474e-17
9.6317e+03	9.0867e-17
9.6346e+03	8.5076e-17
9.6375e+03	9.3494e-17
9.6404e+03	9.9148e-17
9.6433e+03	8.9953e-17
9.6462e+03	8.3673e-17
9.6491e+03	8.1798e-17
9.6520e+03	8.2723e-17
9.6549e+03	9.0079e-17
9.6578e+03	9.3350e-17
9.6608e+03	9.0642e-17
9.6637e+03	8.7395e-17
9.6666e+03	8.5253e-17
9.6695e+03	8.9550e-17
9.6724e+03	8.9576e-17
9.6753e+03	9.4895e-17
9.6782e+03	9.5575e-17
9.6811e+03	9.4909e-17
9.6840e+03	9.0883e-17
9.6869e+03	9.3032e-17
9.6898e+03	9.5813e-17
9.6927e+03	1.0202e-16
9.6956e+03	1.0285e-16
9.6985e+03	1.0200e-16
9.7015e+03	9.1551e-17
9.7044e+03	8.7634e-17
9.7073e+03	8.5866e-17
9.7102e+03	9.9341e-17
9.7131e+03	9.8182e-17
9.7160e+03	1.0536e-16
9.7189e+03	1.1121e-16
9.7218e+03	1.1426e-16
9.7247e+03	1.1295e-16
9.7276e+03	1.0790e-16
9.7305e+03	1.0075e-16
9.7334e+03	9.7597e-17
9.7363e+03	9.5704e-17
9.7392e+03	1.0823e-16
9.7421e+03	1.0997e-16
9.7451e+03	1.0471e-16
9.7480e+03	9.0822e-17
9.7509e+03	8.3837e-17
9.7538e+03	8.4440e-17
9.7567e+03	8.1083e-17
9.7596e+03	7.6889e-17
9.7625e+03	7.7019e-17
9.7654e+03	7.8544e-17
9.7683e+03	8.7457e-17
9.7712e+03	9.1444e-17
9.7741e+03	8.9338e-17
9.7770e+03	8.3229e-17
9.7799e+03	7.6052e-17
9.7828e+03	7.4545e-17
9.7857e+03	7.5730e-17
9.7887e+03	8.1661e-17
9.7916e+03	8.5248e-17
9.7945e+03	9.7483e-17
9.7974e+03	1.0168e-16
9.8003e+03	1.0377e-16
9.8032e+03	1.0082e-16
9.8061e+03	9.7736e-17
9.8090e+03	9.6365e-17
9.8119e+03	9.5365e-17
9.8148e+03	9.2264e-17
9.8177e+03	8.7451e-17
9.8206e+03	8.4600e-17
9.8235e+03	7.9243e-17
9.8264e+03	7.6387e-17
9.8293e+03	7.2905e-17
9.8323e+03	6.9860e-17
9.8352e+03	6.9151e-17
9.8381e+03	7.2263e-17
9.8410e+03	7.3389e-17
9.8439e+03	7.0290e-17
9.8468e+03	6.8787e-17
9.8497e+03	7.1091e-17
9.8526e+03	6.8948e-17
9.8555e+03	6.7819e-17
9.8584e+03	7.0873e-17
9.8613e+03	7.4728e-17
9.8642e+03	7.7226e-17
9.8671e+03	7.3495e-17
9.8700e+03	7.2038e-17
9.8729e+03	7.8954e-17
9.8759e+03	8.2513e-17
9.8788e+03	7.9153e-17
9.8817e+03	7.6687e-17
9.8846e+03	7.3929e-17
9.8875e+03	7.0563e-17
9.8904e+03	7.0028e-17
9.8933e+03	7.0253e-17
9.8962e+03	7.7725e-17
9.8991e+03	7.7477e-17
9.9020e+03	7.5576e-17
9.9049e+03	7.3764e-17
9.9078e+03	7.3304e-17
9.9107e+03	7.4957e-17
9.9136e+03	8.2118e-17
9.9165e+03	8.9887e-17
9.9195e+03	9.0856e-17
9.9224e+03	9.4240e-17
9.9253e+03	9.2414e-17
9.9282e+03	8.3296e-17
9.9311e+03	8.0604e-17
9.9340e+03	8.1047e-17
9.9369e+03	8.6779e-17
9.9398e+03	8.9766e-17
9.9427e+03	9.1295e-17
9.9456e+03	9.3484e-17
9.9485e+03	9.5979e-17
9.9514e+03	9.4726e-17
9.9543e+03	9.3757e-17
9.9572e+03	8.9041e-17
9.9601e+03	8.3696e-17
9.9631e+03	8.2311e-17
9.9660e+03	8.4553e-17
9.9689e+03	8.4377e-17
9.9718e+03	8.3422e-17
9.9747e+03	7.1982e-17
9.9776e+03	7.2768e-17
9.9805e+03	7.8668e-17
9.9834e+03	7.8374e-17
9.9863e+03	7.7260e-17
9.9892e+03	6.9927e-17
9.9921e+03	7.0596e-17
9.9950e+03	7.1136e-17
9.9979e+03	6.6798e-17
1.0001e+04	6.8671e-17
1.0004e+04	7.5272e-17
1.0007e+04	7.6392e-17
1.0010e+04	7.1555e-17
1.0012e+04	7.4231e-17
1.0015e+04	7.7518e-17
1.0018e+04	8.3402e-17
1.0021e+04	8.3128e-17
1.0024e+04	8.3702e-17
1.0027e+04	8.3119e-17
1.0030e+04	7.7570e-17
1.0033e+04	6.8844e-17
1.0036e+04	6.9031e-17
1.0039e+04	7.2110e-17
1.0042e+04	6.8648e-17
1.0044e+04	7.0505e-17
1.0047e+04	7.6227e-17
1.0050e+04	7.5215e-17
1.0053e+04	6.7063e-17
1.0056e+04	6.6487e-17
1.0059e+04	6.9255e-17
1.0062e+04	7.1382e-17
1.0065e+04	7.6085e-17
1.0068e+04	7.5600e-17
1.0071e+04	7.7051e-17
1.0074e+04	7.5800e-17
1.0076e+04	6.7940e-17
1.0079e+04	6.7481e-17
1.0082e+04	7.3343e-17
1.0085e+04	7.2508e-17
1.0088e+04	6.8771e-17
1.0091e+04	6.8368e-17
1.0094e+04	7.3227e-17
1.0097e+04	7.3136e-17
1.0100e+04	6.7106e-17
1.0103e+04	7.7077e-17
1.0105e+04	7.9156e-17
1.0108e+04	8.2450e-17
1.0111e+04	8.0447e-17
1.0114e+04	6.5886e-17
1.0117e+04	6.8954e-17
1.0120e+04	6.9872e-17
1.0123e+04	7.2914e-17
1.0126e+04	7.5532e-17
1.0129e+04	7.2609e-17
1.0132e+04	7.5871e-17
1.0135e+04	6.7502e-17
1.0137e+04	5.9446e-17
1.0140e+04	5.8202e-17
1.0143e+04	6.2595e-17
1.0146e+04	6.8939e-17
1.0149e+04	6.9064e-17
1.0152e+04	6.8402e-17
1.0155e+04	6.5655e-17
1.0158e+04	6.1152e-17
1.0161e+04	6.3299e-17
1.0164e+04	7.0295e-17
1.0167e+04	7.7065e-17
1.0169e+04	7.4614e-17
1.0172e+04	7.1533e-17
1.0175e+04	7.1982e-17
1.0178e+04	6.6102e-17
1.0181e+04	6.1194e-17
1.0184e+04	6.6381e-17
1.0187e+04	7.2211e-17
1.0190e+04	7.3533e-17
1.0193e+04	7.4029e-17
1.0196e+04	7.2648e-17
1.0199e+04	7.3208e-17
1.0201e+04	6.9964e-17
1.0204e+04	6.7470e-17
1.0207e+04	7.1007e-17
1.0210e+04	6.9993e-17
1.0213e+04	6.7084e-17
1.0216e+04	6.2218e-17
1.0219e+04	6.0443e-17
1.0222e+04	6.3923e-17
1.0225e+04	6.6492e-17
1.0228e+04	7.1343e-17
1.0230e+04	6.5457e-17
1.0233e+04	7.0378e-17
1.0236e+04	7.5834e-17
1.0239e+04	7.4319e-17
1.0242e+04	7.0082e-17
1.0245e+04	7.1698e-17
1.0248e+04	7.4661e-17
1.0251e+04	7.0654e-17
1.0254e+04	6.7796e-17
1.0257e+04	6.9321e-17
1.0260e+04	7.0925e-17
1.0262e+04	7.2413e-17
1.0265e+04	7.1770e-17
1.0268e+04	7.1696e-17
1.0271e+04	7.4127e-17
1.0274e+04	7.8040e-17
1.0277e+04	8.0811e-17
1.0280e+04	7.9564e-17
1.0283e+04	8.0528e-17
1.0286e+04	9.0196e-17
1.0289e+04	9.3686e-17
1.0292e+04	8.9085e-17
1.0294e+04	8.1007e-17
1.0297e+04	7.7458e-17
1.0300e+04	8.2211e-17
1.0303e+04	8.3968e-17
1.0306e+04	8.3779e-17
1.0309e+04	8.7088e-17
1.0312e+04	8.6557e-17
1.0315e+04	7.7513e-17
1.0318e+04	7.0575e-17
1.0321e+04	6.8516e-17
1.0323e+04	7.7586e-17
1.0326e+04	8.9239e-17
1.0329e+04	9.3094e-17
1.0332e+04	8.5862e-17
1.0335e+04	7.5960e-17
1.0338e+04	7.2342e-17
1.0341e+04	7.4687e-17
1.0344e+04	7.9149e-17
1.0347e+04	7.9717e-17
1.0350e+04	7.4388e-17
1.0353e+04	7.0148e-17
1.0355e+04	7.0852e-17
1.0358e+04	7.2427e-17
1.0361e+04	6.9639e-17
1.0364e+04	6.9471e-17
1.0367e+04	7.6904e-17
1.0370e+04	8.5653e-17
1.0373e+04	8.8924e-17
1.0376e+04	8.0312e-17
1.0379e+04	7.3027e-17
1.0382e+04	8.0543e-17
1.0385e+04	8.6767e-17
1.0387e+04	8.0400e-17
1.0390e+04	7.5334e-17
1.0393e+04	7.8417e-17
1.0396e+04	8.0178e-17
1.0399e+04	7.5128e-17
1.0402e+04	6.7768e-17
1.0405e+04	6.6386e-17
1.0408e+04	7.2252e-17
1.0411e+04	7.3973e-17
1.0414e+04	7.4478e-17
1.0417e+04	7.4354e-17
1.0419e+04	7.6337e-17
1.0422e+04	8.3744e-17
1.0425e+04	8.2999e-17
1.0428e+04	7.9036e-17
1.0431e+04	7.2754e-17
1.0434e+04	7.0111e-17
1.0437e+04	6.9351e-17
1.0440e+04	7.0465e-17
1.0443e+04	7.5433e-17
1.0446e+04	7.7803e-17
1.0448e+04	8.1726e-17
1.0451e+04	8.5094e-17
