MJDOBS    53501.0
JDOBS    2.45350e+06
DATE    20050511
AGE_OBS    NaN
TELESCOPE    TNG-
DETECTOR    LRS-
SOURCE    Asiago-Catalogue(SUSPECT)
       3295.0000  2.10050e-17
       3297.9799  1.24844e-17
       3300.9598  2.37558e-18
       3303.9397  1.27024e-17
       3306.9196  1.72129e-17
       3309.8994  1.15436e-17
       3312.8793  5.49437e-18
       3315.8592  5.77120e-18
       3318.8391  1.82587e-17
       3321.8190  1.74754e-17
       3324.7989  8.67128e-18
       3327.7788  9.48764e-18
       3330.7587  1.07094e-17
       3333.7385  3.36986e-18
       3336.7184  5.57592e-19
       3339.6983  1.26430e-17
       3342.6782  1.76899e-17
       3345.6581  1.94095e-17
       3348.6380  1.78821e-17
       3351.6179  1.65096e-17
       3354.5977  9.42717e-18
       3357.5776  4.44786e-18
       3360.5575  1.55439e-18
       3363.5374  1.06045e-17
       3366.5173  2.07327e-17
       3369.4972  1.44273e-17
       3372.4771  1.12265e-17
       3375.4570  2.05332e-17
       3378.4368  1.84557e-17
       3381.4167  1.35078e-17
       3384.3966  8.94796e-18
       3387.3765  3.10874e-18
       3390.3564  1.12598e-18
       3393.3363  3.96866e-18
       3396.3162  8.35804e-18
       3399.2960  1.23314e-17
       3402.2759  1.22327e-17
       3405.2558  8.17348e-18
       3408.2357  4.42264e-18
       3411.2156  9.10686e-18
       3414.1955  1.53935e-17
       3417.1754  1.17364e-17
       3420.1552  7.92460e-18
       3423.1351  1.33165e-17
       3426.1150  1.43595e-17
       3429.0949  6.63098e-18
       3432.0748  3.17226e-18
       3435.0547  7.40614e-18
       3438.0346  1.10851e-17
       3441.0145  1.15684e-17
       3443.9943  1.10895e-17
       3446.9742  1.06839e-17
       3449.9541  1.07171e-17
       3452.9340  8.14125e-18
       3455.9139  8.14852e-18
       3458.8938  1.03088e-17
       3461.8737  7.95998e-18
       3464.8535  6.83463e-18
       3467.8334  1.07541e-17
       3470.8133  1.07811e-17
       3473.7932  7.64815e-18
       3476.7731  1.07070e-17
       3479.7530  1.58864e-17
       3482.7329  1.57615e-17
       3485.7128  1.13412e-17
       3488.6926  8.50696e-18
       3491.6725  1.25313e-17
       3494.6524  1.28565e-17
       3497.6323  7.04390e-18
       3500.6122  7.90488e-18
       3503.5921  9.97114e-18
       3506.5720  1.11858e-17
       3509.5518  1.46085e-17
       3512.5317  1.62636e-17
       3515.5116  1.04920e-17
       3518.4915  3.29970e-18
       3521.4714  3.61768e-18
       3524.4513  8.78736e-18
       3527.4312  1.09451e-17
       3530.4111  1.30949e-17
       3533.3909  1.51617e-17
       3536.3708  1.33967e-17
       3539.3507  1.11400e-17
       3542.3306  8.20442e-18
       3545.3105  3.58839e-18
       3548.2904  2.91518e-18
       3551.2703  9.16387e-18
       3554.2501  1.17620e-17
       3557.2300  8.14375e-18
       3560.2099  8.92277e-18
       3563.1898  1.15433e-17
       3566.1697  1.11260e-17
       3569.1496  7.02389e-18
       3572.1295  2.84800e-18
       3575.1093  2.42225e-18
       3578.0892  5.66064e-18
       3581.0691  8.72857e-18
       3584.0490  8.48058e-18
       3587.0289  9.43480e-18
       3590.0088  1.55517e-17
       3592.9887  1.53896e-17
       3595.9686  7.61317e-18
       3598.9484  5.17320e-18
       3601.9283  1.18017e-17
       3604.9082  1.39954e-17
       3607.8881  8.86669e-18
       3610.8680  1.09147e-17
       3613.8479  1.32138e-17
       3616.8278  1.07320e-17
       3619.8076  8.10092e-18
       3622.7875  1.01451e-17
       3625.7674  1.32377e-17
       3628.7473  1.52448e-17
       3631.7272  1.27364e-17
       3634.7071  1.05153e-17
       3637.6870  1.34679e-17
       3640.6669  1.48731e-17
       3643.6467  1.29726e-17
       3646.6266  1.19210e-17
       3649.6065  1.20536e-17
       3652.5864  1.24043e-17
       3655.5663  1.32551e-17
       3658.5462  1.23508e-17
       3661.5261  1.28774e-17
       3664.5059  1.44923e-17
       3667.4858  1.31549e-17
       3670.4657  8.90587e-18
       3673.4456  7.77588e-18
       3676.4255  1.19636e-17
       3679.4054  1.31232e-17
       3682.3853  1.03192e-17
       3685.3651  1.13620e-17
       3688.3450  1.03208e-17
       3691.3249  6.93117e-18
       3694.3048  6.48721e-18
       3697.2847  7.54165e-18
       3700.2646  1.16105e-17
       3703.2445  1.26525e-17
       3706.2244  7.76587e-18
       3709.2042  4.47226e-18
       3712.1841  5.68776e-18
       3715.1640  9.29796e-18
       3718.1439  9.91452e-18
       3721.1238  9.65059e-18
       3724.1037  9.86377e-18
       3727.0836  1.19089e-17
       3730.0634  1.56360e-17
       3733.0433  1.57762e-17
       3736.0232  1.26531e-17
       3739.0031  1.10868e-17
       3741.9830  1.17270e-17
       3744.9629  1.40509e-17
       3747.9428  1.59514e-17
       3750.9227  1.51068e-17
       3753.9025  1.18616e-17
       3756.8824  9.51492e-18
       3759.8623  9.95487e-18
       3762.8422  9.07234e-18
       3765.8221  1.01233e-17
       3768.8020  1.42536e-17
       3771.7819  1.40198e-17
       3774.7617  1.01228e-17
       3777.7416  1.01764e-17
       3780.7215  1.41755e-17
       3783.7014  1.66173e-17
       3786.6813  1.77274e-17
       3789.6612  1.61377e-17
       3792.6411  1.20062e-17
       3795.6210  1.02769e-17
       3798.6008  1.25736e-17
       3801.5807  1.45799e-17
       3804.5606  1.57175e-17
       3807.5405  1.71976e-17
       3810.5204  1.75767e-17
       3813.5003  1.59044e-17
       3816.4802  1.30532e-17
       3819.4600  1.32833e-17
       3822.4399  1.41903e-17
       3825.4198  1.36505e-17
       3828.3997  1.35233e-17
       3831.3796  1.36434e-17
       3834.3595  1.27759e-17
       3837.3394  1.27518e-17
       3840.3192  1.39226e-17
       3843.2991  1.36574e-17
       3846.2790  1.18886e-17
       3849.2589  1.20912e-17
       3852.2388  1.29725e-17
       3855.2187  1.13296e-17
       3858.1986  9.80416e-18
       3861.1785  9.24088e-18
       3864.1583  9.25824e-18
       3867.1382  1.03973e-17
       3870.1181  1.12772e-17
       3873.0980  9.14487e-18
       3876.0779  6.63995e-18
       3879.0578  7.30714e-18
       3882.0377  8.74520e-18
       3885.0175  9.21697e-18
       3887.9974  8.14164e-18
       3890.9773  6.99734e-18
       3893.9572  6.37922e-18
       3896.9371  6.77191e-18
       3899.9170  8.68213e-18
       3902.8969  1.04967e-17
       3905.8768  1.14356e-17
       3908.8566  1.08746e-17
       3911.8365  1.04363e-17
       3914.8164  1.07927e-17
       3917.7963  1.24864e-17
       3920.7762  1.25100e-17
       3923.7561  1.12056e-17
       3926.7360  1.17975e-17
       3929.7158  1.38420e-17
       3932.6957  1.55827e-17
       3935.6756  1.51828e-17
       3938.6555  1.49615e-17
       3941.6354  1.52611e-17
       3944.6153  1.43549e-17
       3947.5952  1.45369e-17
       3950.5751  1.64311e-17
       3953.5549  1.78689e-17
       3956.5348  1.83379e-17
       3959.5147  1.79227e-17
       3962.4946  1.79102e-17
       3965.4745  1.79516e-17
       3968.4544  1.84700e-17
       3971.4343  1.92308e-17
       3974.4141  1.93348e-17
       3977.3940  1.94034e-17
       3980.3739  1.95085e-17
       3983.3538  1.90454e-17
       3986.3337  1.83297e-17
       3989.3136  1.79577e-17
       3992.2935  2.07316e-17
       3995.2733  2.27999e-17
       3998.2532  2.20366e-17
       4001.2331  1.98207e-17
       4004.2130  1.80961e-17
       4007.1929  1.95557e-17
       4010.1728  2.20269e-17
       4013.1527  2.38750e-17
       4016.1326  2.61884e-17
       4019.1124  2.60770e-17
       4022.0923  2.48939e-17
       4025.0722  2.55439e-17
       4028.0521  2.62655e-17
       4031.0320  2.58303e-17
       4034.0119  2.61581e-17
       4036.9918  2.69758e-17
       4039.9716  2.78681e-17
       4042.9515  2.85899e-17
       4045.9314  2.91699e-17
       4048.9113  3.00674e-17
       4051.8912  3.06399e-17
       4054.8711  3.21440e-17
       4057.8510  3.42142e-17
       4060.8309  3.34009e-17
       4063.8107  3.15759e-17
       4066.7906  3.11590e-17
       4069.7705  3.19383e-17
       4072.7504  3.28099e-17
       4075.7303  3.26113e-17
       4078.7102  3.20432e-17
       4081.6901  3.40696e-17
       4084.6699  3.54520e-17
       4087.6498  3.46790e-17
       4090.6297  3.29355e-17
       4093.6096  3.10415e-17
       4096.5895  3.17129e-17
       4099.5694  3.20819e-17
       4102.5493  3.05738e-17
       4105.5292  3.01138e-17
       4108.5090  3.02473e-17
       4111.4889  2.90420e-17
       4114.4688  2.76284e-17
       4117.4487  2.69027e-17
       4120.4286  2.63402e-17
       4123.4085  2.62785e-17
       4126.3884  2.61644e-17
       4129.3682  2.53360e-17
       4132.3481  2.43746e-17
       4135.3280  2.42726e-17
       4138.3079  2.36042e-17
       4141.2878  2.25912e-17
       4144.2677  2.35655e-17
       4147.2476  2.53030e-17
       4150.2274  2.46712e-17
       4153.2073  2.29213e-17
       4156.1872  2.23426e-17
       4159.1671  2.25505e-17
       4162.1470  2.30187e-17
       4165.1269  2.24770e-17
       4168.1068  2.18995e-17
       4171.0867  2.28068e-17
       4174.0665  2.32413e-17
       4177.0464  2.16072e-17
       4180.0263  1.95310e-17
       4183.0062  1.84273e-17
       4185.9861  1.94780e-17
       4188.9660  2.10482e-17
       4191.9459  2.06975e-17
       4194.9257  1.98902e-17
       4197.9056  1.95572e-17
       4200.8855  1.96016e-17
       4203.8654  1.95838e-17
       4206.8453  1.91825e-17
       4209.8252  1.85326e-17
       4212.8051  1.83290e-17
       4215.7850  1.84948e-17
       4218.7648  1.74827e-17
       4221.7447  1.69826e-17
       4224.7246  1.67657e-17
       4227.7045  1.49381e-17
       4230.6844  1.37062e-17
       4233.6643  1.39893e-17
       4236.6442  1.40138e-17
       4239.6240  1.41159e-17
       4242.6039  1.44936e-17
       4245.5838  1.44180e-17
       4248.5637  1.37327e-17
       4251.5436  1.36643e-17
       4254.5235  1.47058e-17
       4257.5034  1.48729e-17
       4260.4832  1.42411e-17
       4263.4631  1.39734e-17
       4266.4430  1.44806e-17
       4269.4229  1.32691e-17
       4272.4028  1.16418e-17
       4275.3827  1.25941e-17
       4278.3626  1.34644e-17
       4281.3425  1.35470e-17
       4284.3223  1.38754e-17
       4287.3022  1.33669e-17
       4290.2821  1.28510e-17
       4293.2620  1.42741e-17
       4296.2419  1.61800e-17
       4299.2218  1.62013e-17
       4302.2017  1.47863e-17
       4305.1815  1.41960e-17
       4308.1614  1.46957e-17
       4311.1413  1.53518e-17
       4314.1212  1.60154e-17
       4317.1011  1.59311e-17
       4320.0810  1.53797e-17
       4323.0609  1.48154e-17
       4326.0408  1.43979e-17
       4329.0206  1.48716e-17
       4332.0005  1.47551e-17
       4334.9804  1.42578e-17
       4337.9603  1.46877e-17
       4340.9402  1.40347e-17
       4343.9201  1.32574e-17
       4346.9000  1.31940e-17
       4349.8798  1.36360e-17
       4352.8597  1.37418e-17
       4355.8396  1.37977e-17
       4358.8195  1.36764e-17
       4361.7994  1.40322e-17
       4364.7793  1.47481e-17
       4367.7592  1.56098e-17
       4370.7391  1.64289e-17
       4373.7189  1.61857e-17
       4376.6988  1.61275e-17
       4379.6787  1.64590e-17
       4382.6586  1.49861e-17
       4385.6385  1.38480e-17
       4388.6184  1.42798e-17
       4391.5983  1.40005e-17
       4394.5781  1.38051e-17
       4397.5580  1.46449e-17
       4400.5379  1.51686e-17
       4403.5178  1.51532e-17
       4406.4977  1.58632e-17
       4409.4776  1.64289e-17
       4412.4575  1.52042e-17
       4415.4373  1.46581e-17
       4418.4172  1.60520e-17
       4421.3971  1.71296e-17
       4424.3770  1.61767e-17
       4427.3569  1.56027e-17
       4430.3368  1.55359e-17
       4433.3167  1.48464e-17
       4436.2966  1.49158e-17
       4439.2764  1.55367e-17
       4442.2563  1.58471e-17
       4445.2362  1.55879e-17
       4448.2161  1.61322e-17
       4451.1960  1.67208e-17
       4454.1759  1.62544e-17
       4457.1558  1.56943e-17
       4460.1356  1.52464e-17
       4463.1155  1.49798e-17
       4466.0954  1.53956e-17
       4469.0753  1.55641e-17
       4472.0552  1.48340e-17
       4475.0351  1.44956e-17
       4478.0150  1.52212e-17
       4480.9949  1.55275e-17
       4483.9747  1.55685e-17
       4486.9546  1.57788e-17
       4489.9345  1.59999e-17
       4492.9144  1.64993e-17
       4495.8943  1.64259e-17
       4498.8742  1.50205e-17
       4501.8541  1.40131e-17
       4504.8339  1.43536e-17
       4507.8138  1.41705e-17
       4510.7937  1.35945e-17
       4513.7736  1.38521e-17
       4516.7535  1.47395e-17
       4519.7334  1.55560e-17
       4522.7133  1.55066e-17
       4525.6932  1.58185e-17
       4528.6730  1.65106e-17
       4531.6529  1.67208e-17
       4534.6328  1.71545e-17
       4537.6127  1.75738e-17
       4540.5926  1.81753e-17
       4543.5725  1.82396e-17
       4546.5524  1.80311e-17
       4549.5322  1.96138e-17
       4552.5121  2.19331e-17
       4555.4920  2.25295e-17
       4558.4719  2.25303e-17
       4561.4518  2.28320e-17
       4564.4317  2.27662e-17
       4567.4116  2.35420e-17
       4570.3914  2.52214e-17
       4573.3713  2.71971e-17
       4576.3512  2.80289e-17
       4579.3311  2.70487e-17
       4582.3110  2.55857e-17
       4585.2909  2.52252e-17
       4588.2708  2.63772e-17
       4591.2507  2.74318e-17
       4594.2305  2.80677e-17
       4597.2104  2.91787e-17
       4600.1903  2.97090e-17
       4603.1702  2.90533e-17
       4606.1501  2.89375e-17
       4609.1300  3.00140e-17
       4612.1099  3.07759e-17
       4615.0897  3.04590e-17
       4618.0696  3.03467e-17
       4621.0495  3.18629e-17
       4624.0294  3.35443e-17
       4627.0093  3.36763e-17
       4629.9892  3.35009e-17
       4632.9691  3.50834e-17
       4635.9490  3.67091e-17
       4638.9288  3.65131e-17
       4641.9087  3.66334e-17
       4644.8886  3.75886e-17
       4647.8685  3.85913e-17
       4650.8484  3.94807e-17
       4653.8283  4.03034e-17
       4656.8082  4.16526e-17
       4659.7880  4.43223e-17
       4662.7679  4.58506e-17
       4665.7478  4.53864e-17
       4668.7277  4.59331e-17
       4671.7076  4.77013e-17
       4674.6875  4.84335e-17
       4677.6674  4.96030e-17
       4680.6472  5.13692e-17
       4683.6271  5.26054e-17
       4686.6070  5.31056e-17
       4689.5869  5.26002e-17
       4692.5668  5.31588e-17
       4695.5467  5.45014e-17
       4698.5266  5.46657e-17
       4701.5065  5.38728e-17
       4704.4863  5.31503e-17
       4707.4662  5.37638e-17
       4710.4461  5.46867e-17
       4713.4260  5.48843e-17
       4716.4059  5.53367e-17
       4719.3858  5.51665e-17
       4722.3657  5.32609e-17
       4725.3455  5.10567e-17
       4728.3254  4.98049e-17
       4731.3053  4.91694e-17
       4734.2852  4.82930e-17
       4737.2651  4.73176e-17
       4740.2450  4.69433e-17
       4743.2249  4.67647e-17
       4746.2048  4.57397e-17
       4749.1846  4.46509e-17
       4752.1645  4.46028e-17
       4755.1444  4.34966e-17
       4758.1243  4.22161e-17
       4761.1042  4.24580e-17
       4764.0841  4.21853e-17
       4767.0640  4.05021e-17
       4770.0438  3.88856e-17
       4773.0237  3.77469e-17
       4776.0036  3.75918e-17
       4778.9835  3.82257e-17
       4781.9634  3.77302e-17
       4784.9433  3.62093e-17
       4787.9232  3.51512e-17
       4790.9031  3.53166e-17
       4793.8829  3.55727e-17
       4796.8628  3.43880e-17
       4799.8427  3.26550e-17
       4802.8226  3.15449e-17
       4805.8025  3.09517e-17
       4808.7824  3.06917e-17
       4811.7623  3.00054e-17
       4814.7421  3.00501e-17
       4817.7220  2.99896e-17
       4820.7019  2.95629e-17
       4823.6818  2.93013e-17
       4826.6617  2.89430e-17
       4829.6416  2.84360e-17
       4832.6215  2.81949e-17
       4835.6013  2.88491e-17
       4838.5812  2.86015e-17
       4841.5611  2.82024e-17
       4844.5410  2.84162e-17
       4847.5209  2.89313e-17
       4850.5008  2.92729e-17
       4853.4807  2.84219e-17
       4856.4606  2.81287e-17
       4859.4404  2.88726e-17
       4862.4203  2.90510e-17
       4865.4002  2.95064e-17
       4868.3801  3.01107e-17
       4871.3600  3.03391e-17
       4874.3399  3.06650e-17
       4877.3198  3.09886e-17
       4880.2996  3.13568e-17
       4883.2795  3.20453e-17
       4886.2594  3.26992e-17
       4889.2393  3.30378e-17
       4892.2192  3.41041e-17
       4895.1991  3.51332e-17
       4898.1790  3.53946e-17
       4901.1589  3.57407e-17
       4904.1387  3.64463e-17
       4907.1186  3.68406e-17
       4910.0985  3.77776e-17
       4913.0784  3.94679e-17
       4916.0583  4.05650e-17
       4919.0382  4.09156e-17
       4922.0181  4.11251e-17
       4924.9979  4.12457e-17
       4927.9778  4.24062e-17
       4930.9577  4.48329e-17
       4933.9376  4.67882e-17
       4936.9175  4.80167e-17
       4939.8974  4.88456e-17
       4942.8773  4.84611e-17
       4945.8572  4.74086e-17
       4948.8370  4.76152e-17
       4951.8169  4.85751e-17
       4954.7968  4.89680e-17
       4957.7767  4.86679e-17
       4960.7566  4.89858e-17
       4963.7365  5.01767e-17
       4966.7164  4.93853e-17
       4969.6962  4.69671e-17
       4972.6761  4.61044e-17
       4975.6560  4.55323e-17
       4978.6359  4.48738e-17
       4981.6158  4.60009e-17
       4984.5957  4.69737e-17
       4987.5756  4.59752e-17
       4990.5554  4.40018e-17
       4993.5353  4.25934e-17
       4996.5152  4.23535e-17
       4999.4951  4.31869e-17
       5002.4750  4.35789e-17
       5005.4549  4.47302e-17
       5008.4348  4.59071e-17
       5011.4147  4.54911e-17
       5014.3945  4.66386e-17
       5017.3744  4.85726e-17
       5020.3543  4.87787e-17
       5023.3342  4.90030e-17
       5026.3141  5.08880e-17
       5029.2940  5.25723e-17
       5032.2739  5.22031e-17
       5035.2537  5.23978e-17
       5038.2336  5.54690e-17
       5041.2135  5.81349e-17
       5044.1934  5.69544e-17
       5047.1733  5.50572e-17
       5050.1532  5.51557e-17
       5053.1331  5.67827e-17
       5056.1130  5.81171e-17
       5059.0928  5.86722e-17
       5062.0727  5.96432e-17
       5065.0526  5.91941e-17
       5068.0325  5.71286e-17
       5071.0124  5.57358e-17
       5073.9923  5.38295e-17
       5076.9722  5.06556e-17
       5079.9520  4.87679e-17
       5082.9319  4.86070e-17
       5085.9118  4.87122e-17
       5088.8917  4.79385e-17
       5091.8716  4.62117e-17
       5094.8515  4.50102e-17
       5097.8314  4.43425e-17
       5100.8112  4.23814e-17
       5103.7911  4.02751e-17
       5106.7710  3.96132e-17
       5109.7509  3.88243e-17
       5112.7308  3.69910e-17
       5115.7107  3.49179e-17
       5118.6906  3.33958e-17
       5121.6705  3.27698e-17
       5124.6503  3.28740e-17
       5127.6302  3.25081e-17
       5130.6101  3.08906e-17
       5133.5900  2.90333e-17
       5136.5699  2.87855e-17
       5139.5498  2.89410e-17
       5142.5297  2.84634e-17
       5145.5095  2.84584e-17
       5148.4894  2.81146e-17
       5151.4693  2.65240e-17
       5154.4492  2.55781e-17
       5157.4291  2.64332e-17
       5160.4090  2.72746e-17
       5163.3889  2.73038e-17
       5166.3688  2.73350e-17
       5169.3486  2.73050e-17
       5172.3285  2.74702e-17
       5175.3084  2.75064e-17
       5178.2883  2.68620e-17
       5181.2682  2.62096e-17
       5184.2481  2.66747e-17
       5187.2280  2.83409e-17
       5190.2078  2.88207e-17
       5193.1877  2.88102e-17
       5196.1676  3.04409e-17
       5199.1475  3.13744e-17
       5202.1274  3.08498e-17
       5205.1073  3.06239e-17
       5208.0872  3.07975e-17
       5211.0671  3.11880e-17
       5214.0469  3.21360e-17
       5217.0268  3.20421e-17
       5220.0067  3.09231e-17
       5222.9866  3.08400e-17
       5225.9665  3.23780e-17
       5228.9464  3.40198e-17
       5231.9263  3.49997e-17
       5234.9061  3.58918e-17
       5237.8860  3.58604e-17
       5240.8659  3.56333e-17
       5243.8458  3.61620e-17
       5246.8257  3.61428e-17
       5249.8056  3.60370e-17
       5252.7855  3.66118e-17
       5255.7653  3.68048e-17
       5258.7452  3.65783e-17
       5261.7251  3.67250e-17
       5264.7050  3.74686e-17
       5267.6849  3.79963e-17
       5270.6648  3.76973e-17
       5273.6447  3.67016e-17
       5276.6246  3.58384e-17
       5279.6044  3.60024e-17
       5282.5843  3.63775e-17
       5285.5642  3.69879e-17
       5288.5441  3.76605e-17
       5291.5240  3.81850e-17
       5294.5039  3.88861e-17
       5297.4838  3.94060e-17
       5300.4636  3.99549e-17
       5303.4435  4.01073e-17
       5306.4234  3.94668e-17
       5309.4033  3.96155e-17
       5312.3832  4.04113e-17
       5315.3631  3.99771e-17
       5318.3430  3.92091e-17
       5321.3229  3.93687e-17
       5324.3027  3.96261e-17
       5327.2826  3.98018e-17
       5330.2625  4.03654e-17
       5333.2424  4.15725e-17
       5336.2223  4.28521e-17
       5339.2022  4.34156e-17
       5342.1821  4.41370e-17
       5345.1619  4.46163e-17
       5348.1418  4.47445e-17
       5351.1217  4.52579e-17
       5354.1016  4.52167e-17
       5357.0815  4.49441e-17
       5360.0614  4.52786e-17
       5363.0413  4.74489e-17
       5366.0212  5.05152e-17
       5369.0010  5.17302e-17
       5371.9809  5.18369e-17
       5374.9608  5.17320e-17
       5377.9407  5.12234e-17
       5380.9206  5.08396e-17
       5383.9005  5.12629e-17
       5386.8804  5.21791e-17
       5389.8602  5.30207e-17
       5392.8401  5.37493e-17
       5395.8200  5.36449e-17
       5398.7999  5.32850e-17
       5401.7798  5.39941e-17
       5404.7597  5.51591e-17
       5407.7396  5.62164e-17
       5410.7194  5.65708e-17
       5413.6993  5.57639e-17
       5416.6792  5.57115e-17
       5419.6591  5.69145e-17
       5422.6390  5.78025e-17
       5425.6189  5.83215e-17
       5428.5988  5.83945e-17
       5431.5787  5.77140e-17
       5434.5585  5.75157e-17
       5437.5384  5.89958e-17
       5440.5183  6.11108e-17
       5443.4982  6.15268e-17
       5446.4781  6.01697e-17
       5449.4580  5.92589e-17
       5452.4379  5.89043e-17
       5455.4177  5.86846e-17
       5458.3976  5.94435e-17
       5461.3775  5.97654e-17
       5464.3574  5.88448e-17
       5467.3373  5.76581e-17
       5470.3172  5.58338e-17
       5473.2971  5.37908e-17
       5476.2770  5.25085e-17
       5479.2568  5.19768e-17
       5482.2367  5.16591e-17
       5485.2166  5.16698e-17
       5488.1965  5.26349e-17
       5491.1764  5.39323e-17
       5494.1563  5.43784e-17
       5497.1362  5.35475e-17
       5500.1160  5.31235e-17
       5503.0959  5.44614e-17
       5506.0758  5.55321e-17
       5509.0557  5.56547e-17
       5512.0356  5.63681e-17
       5515.0155  5.68920e-17
       5517.9954  5.66459e-17
       5520.9753  5.71921e-17
       5523.9551  5.81406e-17
       5526.9350  5.86121e-17
       5529.9149  5.97046e-17
       5532.8948  6.11159e-17
       5535.8747  6.21270e-17
       5538.8546  6.28280e-17
       5541.8345  6.32583e-17
       5544.8143  6.41828e-17
       5547.7942  6.56767e-17
       5550.7741  6.69797e-17
       5553.7540  6.68324e-17
       5556.7339  6.57378e-17
       5559.7138  6.54547e-17
       5562.6937  6.45755e-17
       5565.6735  6.40790e-17
       5568.6534  6.73132e-17
       5571.6333  7.35873e-17
       5574.6132  8.17816e-17
       5577.5931  9.32963e-17
       5580.5730  1.05220e-16
       5583.5529  1.12150e-16
       5586.5328  1.12718e-16
       5589.5126  1.08873e-16
       5592.4925  1.04474e-16
       5595.4724  1.02799e-16
       5598.4523  1.02814e-16
       5601.4322  1.03612e-16
       5604.4121  1.04965e-16
       5607.3920  1.05842e-16
       5610.3718  1.06398e-16
       5613.3517  1.06016e-16
       5616.3316  1.04303e-16
       5619.3115  1.01828e-16
       5622.2914  1.00741e-16
       5625.2713  1.01211e-16
       5628.2512  1.01508e-16
       5631.2311  1.02714e-16
       5634.2109  1.04011e-16
       5637.1908  1.04504e-16
       5640.1707  1.05039e-16
       5643.1506  1.05202e-16
       5646.1305  1.05948e-16
       5649.1104  1.06605e-16
       5652.0903  1.06067e-16
       5655.0701  1.05441e-16
       5658.0500  1.04841e-16
       5661.0299  1.03587e-16
       5664.0098  1.02767e-16
       5666.9897  1.03457e-16
       5669.9696  1.03849e-16
       5672.9495  1.03759e-16
       5675.9293  1.05525e-16
       5678.9092  1.08272e-16
       5681.8891  1.10102e-16
       5684.8690  1.09869e-16
       5687.8489  1.08316e-16
       5690.8288  1.08696e-16
       5693.8087  1.10075e-16
       5696.7886  1.10585e-16
       5699.7684  1.09954e-16
       5702.7483  1.08540e-16
       5705.7282  1.08658e-16
       5708.7081  1.08436e-16
       5711.6880  1.06502e-16
       5714.6679  1.05352e-16
       5717.6478  1.04802e-16
       5720.6276  1.04910e-16
       5723.6075  1.05745e-16
       5726.5874  1.05651e-16
       5729.5673  1.04636e-16
       5732.5472  1.03738e-16
       5735.5271  1.03785e-16
       5738.5070  1.04600e-16
       5741.4869  1.05582e-16
       5744.4667  1.06035e-16
       5747.4466  1.04924e-16
       5750.4265  1.03131e-16
       5753.4064  1.01630e-16
       5756.3863  1.00714e-16
       5759.3662  1.00453e-16
       5762.3461  9.86290e-17
       5765.3259  9.51308e-17
       5768.3058  9.33486e-17
       5771.2857  9.13919e-17
       5774.2656  8.74796e-17
       5777.2455  8.48987e-17
       5780.2254  8.27751e-17
       5783.2053  8.11447e-17
       5786.1852  7.90815e-17
       5789.1650  7.64018e-17
       5792.1449  7.43559e-17
       5795.1248  7.10089e-17
       5798.1047  6.77826e-17
       5801.0846  6.64236e-17
       5804.0645  6.57861e-17
       5807.0444  6.33458e-17
       5810.0242  5.99873e-17
       5813.0041  5.81510e-17
       5815.9840  5.65815e-17
       5818.9639  5.48093e-17
       5821.9438  5.43915e-17
       5824.9237  5.44781e-17
       5827.9036  5.38587e-17
       5830.8834  5.28152e-17
       5833.8633  5.23309e-17
       5836.8432  5.30028e-17
       5839.8231  5.42084e-17
       5842.8030  5.55883e-17
       5845.7829  5.76523e-17
       5848.7628  6.01213e-17
       5851.7427  6.14322e-17
       5854.7225  6.11725e-17
       5857.7024  6.06890e-17
       5860.6823  6.10618e-17
       5863.6622  6.21981e-17
       5866.6421  6.27870e-17
       5869.6220  6.20163e-17
       5872.6019  6.04913e-17
       5875.5817  5.90038e-17
       5878.5616  5.85524e-17
       5881.5415  5.94335e-17
       5884.5214  6.30739e-17
       5887.5013  6.94832e-17
       5890.4812  7.41895e-17
       5893.4611  7.76076e-17
       5896.4410  8.06852e-17
       5899.4208  8.17075e-17
       5902.4007  8.13168e-17
       5905.3806  7.97107e-17
       5908.3605  7.70128e-17
       5911.3404  7.44971e-17
       5914.3203  7.41942e-17
       5917.3002  7.54276e-17
       5920.2800  7.64704e-17
       5923.2599  7.64560e-17
       5926.2398  7.56943e-17
       5929.2197  7.48252e-17
       5932.1996  7.47967e-17
       5935.1795  7.64662e-17
       5938.1594  7.73394e-17
       5941.1393  7.69215e-17
       5944.1191  7.77924e-17
       5947.0990  7.81074e-17
       5950.0789  7.68998e-17
       5953.0588  7.69716e-17
       5956.0387  7.79606e-17
       5959.0186  7.81333e-17
       5961.9985  7.85203e-17
       5964.9783  7.96494e-17
       5967.9582  7.97089e-17
       5970.9381  7.88942e-17
       5973.9180  7.87003e-17
       5976.8979  7.83132e-17
       5979.8778  7.77778e-17
       5982.8577  7.86211e-17
       5985.8375  7.91472e-17
       5988.8174  7.83036e-17
       5991.7973  7.69022e-17
       5994.7772  7.54288e-17
       5997.7571  7.51351e-17
       6000.7370  7.64888e-17
       6003.7169  7.76404e-17
       6006.6968  7.67321e-17
       6009.6766  7.49207e-17
       6012.6565  7.39874e-17
       6015.6364  7.31925e-17
       6018.6163  7.14836e-17
       6021.5962  7.00961e-17
       6024.5761  6.92063e-17
       6027.5560  6.73193e-17
       6030.5358  6.43264e-17
       6033.5157  6.20731e-17
       6036.4956  6.20388e-17
       6039.4755  6.51191e-17
       6042.4554  6.98923e-17
       6045.4353  7.29876e-17
       6048.4152  7.42172e-17
       6051.3951  7.53193e-17
       6054.3749  7.60291e-17
       6057.3548  7.58099e-17
       6060.3347  7.44230e-17
       6063.3146  7.29778e-17
       6066.2945  7.29712e-17
       6069.2744  7.25826e-17
       6072.2543  7.14450e-17
       6075.2341  7.20397e-17
       6078.2140  7.32814e-17
       6081.1939  7.30698e-17
       6084.1738  7.20971e-17
       6087.1537  7.11864e-17
       6090.1336  7.04657e-17
       6093.1135  7.07259e-17
       6096.0933  7.13987e-17
       6099.0732  7.04363e-17
       6102.0531  6.77883e-17
       6105.0330  6.57773e-17
       6108.0129  6.62096e-17
       6110.9928  6.72089e-17
       6113.9727  6.75778e-17
       6116.9526  6.78971e-17
       6119.9324  6.72775e-17
       6122.9123  6.55550e-17
       6125.8922  6.34942e-17
       6128.8721  6.12682e-17
       6131.8520  5.90571e-17
       6134.8319  5.81016e-17
       6137.8118  5.83054e-17
       6140.7916  5.88016e-17
       6143.7715  5.82695e-17
       6146.7514  5.76708e-17
       6149.7313  5.74075e-17
       6152.7112  5.83216e-17
       6155.6911  6.01854e-17
       6158.6710  6.13512e-17
       6161.6509  6.07177e-17
       6164.6307  6.06521e-17
       6167.6106  6.17089e-17
       6170.5905  6.18496e-17
       6173.5704  6.14767e-17
       6176.5503  6.25345e-17
       6179.5302  6.36297e-17
       6182.5101  6.32705e-17
       6185.4899  6.30465e-17
       6188.4698  6.29128e-17
       6191.4497  6.25668e-17
       6194.4296  6.27065e-17
       6197.4095  6.30320e-17
       6200.3894  6.19147e-17
       6203.3693  6.00477e-17
       6206.3492  5.94304e-17
       6209.3290  5.95714e-17
       6212.3089  6.00023e-17
       6215.2888  6.04235e-17
       6218.2687  5.89377e-17
       6221.2486  5.72144e-17
       6224.2285  5.78653e-17
       6227.2084  5.79126e-17
       6230.1882  5.69725e-17
       6233.1681  5.79613e-17
       6236.1480  5.90887e-17
       6239.1279  5.84270e-17
       6242.1078  5.72219e-17
       6245.0877  5.58187e-17
       6248.0676  5.39005e-17
       6251.0474  5.25202e-17
       6254.0273  5.13346e-17
       6257.0072  4.99463e-17
       6259.9871  4.99347e-17
       6262.9670  5.06809e-17
       6265.9469  5.25242e-17
       6268.9268  5.26950e-17
       6271.9067  4.73176e-17
       6274.8865  4.28718e-17
       6277.8664  4.29052e-17
       6280.8463  4.39762e-17
       6283.8262  4.24907e-17
       6286.8061  3.98992e-17
       6289.7860  3.96959e-17
       6292.7659  4.11093e-17
       6295.7457  4.22317e-17
       6298.7256  4.24445e-17
       6301.7055  4.14695e-17
       6304.6854  3.91844e-17
       6307.6653  3.66249e-17
       6310.6452  3.64453e-17
       6313.6251  3.71156e-17
       6316.6050  3.53268e-17
       6319.5848  3.29311e-17
       6322.5647  3.36716e-17
       6325.5446  3.60751e-17
       6328.5245  3.58547e-17
       6331.5044  3.32452e-17
       6334.4843  3.07377e-17
       6337.4642  2.92758e-17
       6340.4440  2.90946e-17
       6343.4239  3.08026e-17
       6346.4038  3.27581e-17
       6349.3837  3.30454e-17
       6352.3636  3.37597e-17
       6355.3435  3.65557e-17
       6358.3234  3.95416e-17
       6361.3033  4.11555e-17
       6364.2831  4.27299e-17
       6367.2630  4.44173e-17
       6370.2429  4.43882e-17
       6373.2228  4.32002e-17
       6376.2027  4.25574e-17
       6379.1826  4.36523e-17
       6382.1625  4.53368e-17
       6385.1423  4.55021e-17
       6388.1222  4.48202e-17
       6391.1021  4.48473e-17
       6394.0820  4.63456e-17
       6397.0619  4.89724e-17
       6400.0418  5.01922e-17
       6403.0217  4.84527e-17
       6406.0015  4.58154e-17
       6408.9814  4.53302e-17
       6411.9613  4.66064e-17
       6414.9412  4.67985e-17
       6417.9211  4.62104e-17
       6420.9010  4.70145e-17
       6423.8809  4.92350e-17
       6426.8608  5.10342e-17
       6429.8406  5.15080e-17
       6432.8205  5.07330e-17
       6435.8004  5.00062e-17
       6438.7803  5.10570e-17
       6441.7602  5.23355e-17
       6444.7401  5.24174e-17
       6447.7200  5.20712e-17
       6450.6998  5.15021e-17
       6453.6797  5.07020e-17
       6456.6596  5.01350e-17
       6459.6395  5.05642e-17
       6462.6194  5.22297e-17
       6465.5993  5.33929e-17
       6468.5792  5.25548e-17
       6471.5591  5.08435e-17
       6474.5389  5.09637e-17
       6477.5188  5.25542e-17
       6480.4987  5.25749e-17
       6483.4786  5.08459e-17
       6486.4585  4.99057e-17
       6489.4384  5.15305e-17
       6492.4183  5.56937e-17
       6495.3981  5.94663e-17
       6498.3780  5.94583e-17
       6501.3579  5.67810e-17
       6504.3378  5.49892e-17
       6507.3177  5.45297e-17
       6510.2976  5.57830e-17
       6513.2775  5.89851e-17
       6516.2573  6.11938e-17
       6519.2372  6.22148e-17
       6522.2171  6.35204e-17
       6525.1970  6.33499e-17
       6528.1769  6.26770e-17
       6531.1568  6.34014e-17
       6534.1367  6.44928e-17
       6537.1166  6.47881e-17
       6540.0964  6.51677e-17
       6543.0763  6.62756e-17
       6546.0562  6.63958e-17
       6549.0361  6.64991e-17
       6552.0160  6.80337e-17
       6554.9959  6.85608e-17
       6557.9758  6.83156e-17
       6560.9556  7.05493e-17
       6563.9355  7.41659e-17
       6566.9154  7.60128e-17
       6569.8953  7.53771e-17
       6572.8752  7.42023e-17
       6575.8551  7.45598e-17
       6578.8350  7.64136e-17
       6581.8149  7.87759e-17
       6584.7947  8.05079e-17
       6587.7746  8.05793e-17
       6590.7545  8.03163e-17
       6593.7344  8.15346e-17
       6596.7143  8.36016e-17
       6599.6942  8.48414e-17
       6602.6741  8.52307e-17
       6605.6539  8.62837e-17
       6608.6338  8.87324e-17
       6611.6137  9.04853e-17
       6614.5936  8.97520e-17
       6617.5735  8.80755e-17
       6620.5534  8.76661e-17
       6623.5333  8.80309e-17
       6626.5132  8.83122e-17
       6629.4930  8.90236e-17
       6632.4729  9.06380e-17
       6635.4528  9.18798e-17
       6638.4327  9.22492e-17
       6641.4126  9.25576e-17
       6644.3925  9.23635e-17
       6647.3724  9.26137e-17
       6650.3522  9.41225e-17
       6653.3321  9.53596e-17
       6656.3120  9.52885e-17
       6659.2919  9.37673e-17
       6662.2718  9.23016e-17
       6665.2517  9.16068e-17
       6668.2316  9.22867e-17
       6671.2114  9.33485e-17
       6674.1913  9.34434e-17
       6677.1712  9.26962e-17
       6680.1511  9.24299e-17
       6683.1310  9.25204e-17
       6686.1109  9.15310e-17
       6689.0908  9.02289e-17
       6692.0707  8.96745e-17
       6695.0505  8.96882e-17
       6698.0304  9.02944e-17
       6701.0103  9.21015e-17
       6703.9902  9.38308e-17
       6706.9701  9.32457e-17
       6709.9500  9.08489e-17
       6712.9299  8.83964e-17
       6715.9097  8.64827e-17
       6718.8896  8.50292e-17
       6721.8695  8.48450e-17
       6724.8494  8.61014e-17
       6727.8293  8.67897e-17
       6730.8092  8.53409e-17
       6733.7891  8.24328e-17
       6736.7690  8.08520e-17
       6739.7488  8.27559e-17
       6742.7287  8.55280e-17
       6745.7086  8.54499e-17
       6748.6885  8.40824e-17
       6751.6684  8.35734e-17
       6754.6483  8.30792e-17
       6757.6282  8.10757e-17
       6760.6080  7.80773e-17
       6763.5879  7.64193e-17
       6766.5678  7.63112e-17
       6769.5477  7.62980e-17
       6772.5276  7.59069e-17
       6775.5075  7.50959e-17
       6778.4874  7.35066e-17
       6781.4673  7.21765e-17
       6784.4471  7.16826e-17
       6787.4270  7.06867e-17
       6790.4069  6.89042e-17
       6793.3868  6.80007e-17
       6796.3667  6.86197e-17
       6799.3466  6.86481e-17
       6802.3265  6.62262e-17
       6805.3063  6.32846e-17
       6808.2862  6.20676e-17
       6811.2661  6.16782e-17
       6814.2460  6.06436e-17
       6817.2259  6.04000e-17
       6820.2058  6.15028e-17
       6823.1857  6.20013e-17
       6826.1655  6.12805e-17
       6829.1454  6.08017e-17
       6832.1253  6.12203e-17
       6835.1052  6.11052e-17
       6838.0851  5.95119e-17
       6841.0650  5.72097e-17
       6844.0449  5.64448e-17
       6847.0248  5.69615e-17
       6850.0046  5.59406e-17
       6852.9845  5.40054e-17
       6855.9644  5.52649e-17
       6858.9443  5.96100e-17
       6861.9242  6.08296e-17
       6864.9041  5.89820e-17
       6867.8840  5.65932e-17
       6870.8638  5.44275e-17
       6873.8437  5.39102e-17
       6876.8236  5.50470e-17
       6879.8035  5.73670e-17
       6882.7834  5.80118e-17
       6885.7633  5.60214e-17
       6888.7432  5.33445e-17
       6891.7231  5.16953e-17
       6894.7029  5.11901e-17
       6897.6828  5.09443e-17
       6900.6627  5.09355e-17
       6903.6426  5.16140e-17
       6906.6225  5.26239e-17
       6909.6024  5.35026e-17
       6912.5823  5.37590e-17
       6915.5621  5.36766e-17
       6918.5420  5.45190e-17
       6921.5219  5.61855e-17
       6924.5018  5.74068e-17
       6927.4817  5.72571e-17
       6930.4616  5.52620e-17
       6933.4415  5.32960e-17
       6936.4213  5.27735e-17
       6939.4012  5.16332e-17
       6942.3811  5.03010e-17
       6945.3610  5.13698e-17
       6948.3409  5.39644e-17
       6951.3208  5.45811e-17
       6954.3007  5.30950e-17
       6957.2806  5.25424e-17
       6960.2604  5.29297e-17
       6963.2403  5.27923e-17
       6966.2202  5.23209e-17
       6969.2001  5.18901e-17
       6972.1800  5.22385e-17
       6975.1599  5.31484e-17
       6978.1398  5.27410e-17
       6981.1196  5.08800e-17
       6984.0995  4.87698e-17
       6987.0794  4.75843e-17
       6990.0593  4.80785e-17
       6993.0392  4.93463e-17
       6996.0191  4.90703e-17
       6998.9990  4.67818e-17
       7001.9789  4.53854e-17
       7004.9587  4.64597e-17
       7007.9386  4.70204e-17
       7010.9185  4.58547e-17
       7013.8984  4.52758e-17
       7016.8783  4.63557e-17
       7019.8582  4.79358e-17
       7022.8381  4.87734e-17
       7025.8179  4.87896e-17
       7028.7978  4.84758e-17
       7031.7777  4.79743e-17
       7034.7576  4.75298e-17
       7037.7375  4.78758e-17
       7040.7174  4.89048e-17
       7043.6973  4.95905e-17
       7046.6772  4.88583e-17
       7049.6570  4.72296e-17
       7052.6369  4.69768e-17
       7055.6168  4.78789e-17
       7058.5967  4.85118e-17
       7061.5766  4.99501e-17
       7064.5565  5.17165e-17
       7067.5364  5.13102e-17
       7070.5162  4.95801e-17
       7073.4961  4.93286e-17
       7076.4760  5.08845e-17
       7079.4559  5.22579e-17
       7082.4358  5.27325e-17
       7085.4157  5.30518e-17
       7088.3956  5.34565e-17
       7091.3754  5.38785e-17
       7094.3553  5.35884e-17
       7097.3352  5.35301e-17
       7100.3151  5.36587e-17
       7103.2950  5.32272e-17
       7106.2749  5.46054e-17
       7109.2548  5.69656e-17
       7112.2347  5.66203e-17
       7115.2145  5.51943e-17
       7118.1944  5.52975e-17
       7121.1743  5.63636e-17
       7124.1542  5.62978e-17
       7127.1341  5.56600e-17
       7130.1140  5.56017e-17
       7133.0939  5.59488e-17
       7136.0737  5.61061e-17
       7139.0536  5.54689e-17
       7142.0335  5.51940e-17
       7145.0134  5.66800e-17
       7147.9933  5.83708e-17
       7150.9732  5.80823e-17
       7153.9531  5.67419e-17
       7156.9330  5.64735e-17
       7159.9128  5.67979e-17
       7162.8927  5.61172e-17
       7165.8726  5.58459e-17
       7168.8525  5.69073e-17
       7171.8324  5.77472e-17
       7174.8123  5.74143e-17
       7177.7922  5.68319e-17
       7180.7720  5.64653e-17
       7183.7519  5.53424e-17
       7186.7318  5.34868e-17
       7189.7117  5.23229e-17
       7192.6916  5.19011e-17
       7195.6715  5.06555e-17
       7198.6514  4.96300e-17
       7201.6313  5.07770e-17
       7204.6111  5.20932e-17
       7207.5910  5.19692e-17
       7210.5709  5.18657e-17
       7213.5508  5.13751e-17
       7216.5307  4.92605e-17
       7219.5106  4.68913e-17
       7222.4905  4.63906e-17
       7225.4703  4.69091e-17
       7228.4502  4.69369e-17
       7231.4301  4.79935e-17
       7234.4100  4.93001e-17
       7237.3899  4.86826e-17
       7240.3698  4.87787e-17
       7243.3497  5.09444e-17
       7246.3295  5.24999e-17
       7249.3094  5.26296e-17
       7252.2893  5.18475e-17
       7255.2692  5.01566e-17
       7258.2491  4.78816e-17
       7261.2290  4.75491e-17
       7264.2089  4.95102e-17
       7267.1888  5.07148e-17
       7270.1686  5.19842e-17
       7273.1485  5.30855e-17
       7276.1284  5.29497e-17
       7279.1083  5.35021e-17
       7282.0882  5.44967e-17
       7285.0681  5.44817e-17
       7288.0480  5.39395e-17
       7291.0278  5.31012e-17
       7294.0077  5.26914e-17
       7296.9876  5.30767e-17
       7299.9675  5.27592e-17
       7302.9474  5.15235e-17
       7305.9273  5.11122e-17
       7308.9072  5.26615e-17
       7311.8871  5.42297e-17
       7314.8669  5.40402e-17
       7317.8468  5.28493e-17
       7320.8267  5.22763e-17
       7323.8066  5.34114e-17
       7326.7865  5.39154e-17
       7329.7664  5.30317e-17
       7332.7463  5.28844e-17
       7335.7261  5.46890e-17
       7338.7060  5.62690e-17
       7341.6859  5.56915e-17
       7344.6658  5.41933e-17
       7347.6457  5.34716e-17
       7350.6256  5.42718e-17
       7353.6055  5.60459e-17
       7356.5854  5.68723e-17
       7359.5652  5.59650e-17
       7362.5451  5.53879e-17
       7365.5250  5.69986e-17
       7368.5049  5.97557e-17
       7371.4848  6.14498e-17
       7374.4647  6.18285e-17
       7377.4446  6.14754e-17
       7380.4244  6.09420e-17
       7383.4043  5.97287e-17
       7386.3842  5.78887e-17
       7389.3641  5.76551e-17
       7392.3440  5.92823e-17
       7395.3239  6.00978e-17
       7398.3038  6.04959e-17
       7401.2836  6.16382e-17
       7404.2635  6.25036e-17
       7407.2434  6.19507e-17
       7410.2233  6.05706e-17
       7413.2032  5.92967e-17
       7416.1831  5.78508e-17
       7419.1630  5.74847e-17
       7422.1429  5.86653e-17
       7425.1227  5.98204e-17
       7428.1026  6.00872e-17
       7431.0825  5.97067e-17
       7434.0624  5.92128e-17
       7437.0423  5.83367e-17
       7440.0222  5.70260e-17
       7443.0021  5.55416e-17
       7445.9819  5.37641e-17
       7448.9618  5.29068e-17
       7451.9417  5.41959e-17
       7454.9216  5.59120e-17
       7457.9015  5.66187e-17
       7460.8814  5.69295e-17
       7463.8613  5.74520e-17
       7466.8412  5.82580e-17
       7469.8210  5.82545e-17
       7472.8009  5.62654e-17
       7475.7808  5.48839e-17
       7478.7607  5.68939e-17
       7481.7406  5.91017e-17
       7484.7205  5.87175e-17
       7487.7004  5.70756e-17
       7490.6802  5.66237e-17
       7493.6601  5.74950e-17
       7496.6400  5.78538e-17
       7499.6199  5.74159e-17
       7502.5998  5.75733e-17
       7505.5797  5.72336e-17
       7508.5596  5.62403e-17
       7511.5394  5.67667e-17
       7514.5193  5.87750e-17
       7517.4992  6.05558e-17
       7520.4791  6.08316e-17
       7523.4590  5.98429e-17
       7526.4389  5.93067e-17
       7529.4188  5.96008e-17
       7532.3987  5.88248e-17
       7535.3785  5.71767e-17
       7538.3584  5.68912e-17
       7541.3383  5.87452e-17
       7544.3182  6.01519e-17
       7547.2981  6.03591e-17
       7550.2780  5.98045e-17
       7553.2579  5.91316e-17
       7556.2377  5.89098e-17
       7559.2176  5.76655e-17
       7562.1975  5.71638e-17
       7565.1774  5.93373e-17
       7568.1573  6.21977e-17
       7571.1372  6.25567e-17
       7574.1171  6.16693e-17
       7577.0970  6.26505e-17
       7580.0768  6.41730e-17
       7583.0567  6.48730e-17
       7586.0366  6.59983e-17
       7589.0165  6.77385e-17
       7591.9964  6.82355e-17
       7594.9763  6.87581e-17
       7597.9562  6.78916e-17
       7600.9360  6.61842e-17
       7603.9159  6.36930e-17
       7606.8958  6.19230e-17
       7609.8757  6.14689e-17
       7612.8556  6.38596e-17
       7615.8355  6.61851e-17
       7618.8154  6.72236e-17
       7621.7953  6.79599e-17
       7624.7751  6.75685e-17
       7627.7550  6.55046e-17
       7630.7349  6.45660e-17
       7633.7148  6.26684e-17
       7636.6947  5.75586e-17
       7639.6746  5.28544e-17
       7642.6545  5.11687e-17
       7645.6343  5.16232e-17
       7648.6142  5.09839e-17
       7651.5941  4.83025e-17
       7654.5740  4.50093e-17
       7657.5539  4.28805e-17
       7660.5338  4.31872e-17
       7663.5137  4.44185e-17
       7666.4935  4.27340e-17
       7669.4734  3.84256e-17
       7672.4533  3.51033e-17
       7675.4332  3.34554e-17
       7678.4131  3.20404e-17
       7681.3930  3.10316e-17
       7684.3729  2.98646e-17
       7687.3528  2.77821e-17
       7690.3326  2.68555e-17
       7693.3125  2.68908e-17
       7696.2924  2.61041e-17
       7699.2723  2.54663e-17
       7702.2522  2.59043e-17
       7705.2321  2.55997e-17
       7708.2120  2.43551e-17
       7711.1918  2.60280e-17
       7714.1717  3.08720e-17
       7717.1516  3.32792e-17
       7720.1315  3.16053e-17
       7723.1114  2.93710e-17
       7726.0913  2.79007e-17
       7729.0712  2.78382e-17
       7732.0511  2.99283e-17
       7735.0309  3.10223e-17
       7738.0108  2.97369e-17
       7740.9907  2.92116e-17
       7743.9706  3.00527e-17
       7746.9505  3.27780e-17
       7749.9304  3.67522e-17
       7752.9103  3.86917e-17
       7755.8901  4.04888e-17
       7758.8700  4.27213e-17
       7761.8499  4.38865e-17
       7764.8298  4.42412e-17
       7767.8097  4.51594e-17
       7770.7896  4.83832e-17
       7773.7695  5.13348e-17
       7776.7494  5.23082e-17
       7779.7292  5.34300e-17
       7782.7091  5.56396e-17
       7785.6890  5.74110e-17
       7788.6689  5.88961e-17
       7791.6488  6.19039e-17
       7794.6287  6.48374e-17
       7797.6086  6.58609e-17
       7800.5884  6.82805e-17
       7803.5683  7.11573e-17
       7806.5482  7.05524e-17
       7809.5281  7.08222e-17
       7812.5080  7.36722e-17
       7815.4879  7.75570e-17
       7818.4678  8.09713e-17
       7821.4476  8.10301e-17
       7824.4275  7.96948e-17
       7827.4074  7.85230e-17
       7830.3873  7.78957e-17
       7833.3672  7.99775e-17
       7836.3471  8.28304e-17
       7839.3270  8.28954e-17
       7842.3069  8.09927e-17
       7845.2867  7.92398e-17
       7848.2666  7.88962e-17
       7851.2465  7.94309e-17
       7854.2264  8.08077e-17
       7857.2063  8.27102e-17
       7860.1862  8.54094e-17
       7863.1661  8.83043e-17
       7866.1459  8.83470e-17
       7869.1258  8.67800e-17
       7872.1057  8.37597e-17
       7875.0856  8.04075e-17
       7878.0655  7.94986e-17
       7881.0454  8.19385e-17
       7884.0253  8.60775e-17
       7887.0052  9.14219e-17
       7889.9850  9.33303e-17
       7892.9649  8.85680e-17
       7895.9448  8.33576e-17
       7898.9247  8.15363e-17
       7901.9046  8.20224e-17
       7904.8845  8.49733e-17
       7907.8644  8.84953e-17
       7910.8442  9.17396e-17
       7913.8241  9.21841e-17
       7916.8040  8.73428e-17
       7919.7839  8.47537e-17
       7922.7638  8.77156e-17
       7925.7437  8.96085e-17
       7928.7236  8.65967e-17
       7931.7034  8.29670e-17
       7934.6833  8.26969e-17
       7937.6632  8.56429e-17
       7940.6431  8.61811e-17
       7943.6230  8.39975e-17
       7946.6029  8.28792e-17
       7949.5828  8.37649e-17
       7952.5627  8.28410e-17
       7955.5425  7.93870e-17
       7958.5224  7.82151e-17
       7961.5023  8.13970e-17
       7964.4822  8.40439e-17
       7967.4621  8.48227e-17
       7970.4420  8.61169e-17
       7973.4219  8.54135e-17
       7976.4017  8.06395e-17
       7979.3816  7.69851e-17
       7982.3615  7.68344e-17
       7985.3414  7.50992e-17
       7988.3213  7.32765e-17
       7991.3012  7.63804e-17
       7994.2811  8.02672e-17
       7997.2610  8.01133e-17
       8000.2408  7.88365e-17
       8003.2207  7.79533e-17
       8006.2006  7.57503e-17
       8009.1805  7.29799e-17
       8012.1604  7.04844e-17
       8015.1403  6.78852e-17
       8018.1202  6.79860e-17
       8021.1000  7.18245e-17
       8024.0799  7.54336e-17
       8027.0598  7.58354e-17
       8030.0397  7.32585e-17
       8033.0196  6.90105e-17
       8035.9995  6.55125e-17
       8038.9794  6.41278e-17
       8041.9593  6.47060e-17
       8044.9391  6.60390e-17
       8047.9190  6.61648e-17
       8050.8989  6.54997e-17
       8053.8788  6.59180e-17
       8056.8587  6.61239e-17
       8059.8386  6.45566e-17
       8062.8185  6.18073e-17
       8065.7983  6.15970e-17
       8068.7782  6.38712e-17
       8071.7581  6.46022e-17
       8074.7380  6.32842e-17
       8077.7179  6.10532e-17
       8080.6978  5.82784e-17
       8083.6777  5.60130e-17
       8086.6575  5.50509e-17
       8089.6374  5.56350e-17
       8092.6173  5.77476e-17
       8095.5972  5.97576e-17
       8098.5771  5.99593e-17
       8101.5570  5.98045e-17
       8104.5369  6.04229e-17
       8107.5168  6.09606e-17
       8110.4966  6.06231e-17
       8113.4765  6.07039e-17
       8116.4564  6.18984e-17
       8119.4363  6.29491e-17
       8122.4162  6.23554e-17
       8125.3961  6.01915e-17
       8128.3760  5.76178e-17
       8131.3558  5.57339e-17
       8134.3357  5.54110e-17
       8137.3156  5.69164e-17
       8140.2955  5.89513e-17
       8143.2754  5.98743e-17
       8146.2553  5.89247e-17
       8149.2352  5.68729e-17
       8152.2151  5.49485e-17
       8155.1949  5.42047e-17
       8158.1748  5.50305e-17
       8161.1547  5.67129e-17
       8164.1346  5.77597e-17
       8167.1145  5.73841e-17
       8170.0944  5.66098e-17
       8173.0743  5.66932e-17
       8176.0541  5.84242e-17
       8179.0340  6.11393e-17
       8182.0139  6.34733e-17
       8184.9938  6.48584e-17
       8187.9737  6.55728e-17
       8190.9536  6.55624e-17
       8193.9335  6.38003e-17
       8196.9134  6.13792e-17
       8199.8932  6.15767e-17
       8202.8731  6.30104e-17
       8205.8530  6.26199e-17
       8208.8329  6.11518e-17
       8211.8128  6.03299e-17
       8214.7927  6.15973e-17
       8217.7726  6.38528e-17
       8220.7524  6.39681e-17
       8223.7323  6.14630e-17
       8226.7122  5.88749e-17
       8229.6921  5.81573e-17
       8232.6720  5.85536e-17
       8235.6519  5.79971e-17
       8238.6318  5.73403e-17
       8241.6116  5.75611e-17
       8244.5915  5.78298e-17
       8247.5714  5.69135e-17
       8250.5513  5.55505e-17
       8253.5312  5.48221e-17
       8256.5111  5.42538e-17
       8259.4910  5.42942e-17
       8262.4709  5.44776e-17
       8265.4507  5.34093e-17
       8268.4306  5.23684e-17
       8271.4105  5.34735e-17
       8274.3904  5.50281e-17
       8277.3703  5.27507e-17
       8280.3502  5.12087e-17
       8283.3301  5.45098e-17
       8286.3099  5.72913e-17
       8289.2898  5.82912e-17
       8292.2697  5.75570e-17
       8295.2496  5.46524e-17
       8298.2295  4.69911e-17
       8301.2094  3.91079e-17
       8304.1893  3.92623e-17
       8307.1692  4.17795e-17
       8310.1490  4.42046e-17
       8313.1289  4.60713e-17
       8316.1088  4.29867e-17
       8319.0887  3.70701e-17
       8322.0686  3.52964e-17
       8325.0485  3.57569e-17
       8328.0284  3.56328e-17
       8331.0082  3.43840e-17
       8333.9881  3.20200e-17
       8336.9680  2.82801e-17
       8339.9479  2.40873e-17
       8342.9278  2.01427e-17
       8345.9077  1.62303e-17
       8348.8876  1.54283e-17
       8351.8674  1.96229e-17
       8354.8473  2.31164e-17
       8357.8272  2.09433e-17
       8360.8071  1.59300e-17
       8363.7870  1.52376e-17
       8366.7669  1.79172e-17
       8369.7468  1.86495e-17
       8372.7267  1.60698e-17
       8375.7065  1.24130e-17
       8378.6864  9.53428e-18
       8381.6663  7.48002e-18
       8384.6462  6.35690e-18
       8387.6261  6.02004e-18
       8390.6060  6.28956e-18
       8393.5859  6.69272e-18
       8396.5657  6.17892e-18
       8399.5456  6.34266e-18
       8402.5255  9.13486e-18
       8405.5054  1.18925e-17
       8408.4853  1.09123e-17
       8411.4652  7.62000e-18
       8414.4451  7.01751e-18
       8417.4250  1.05737e-17
       8420.4048  1.42477e-17
       8423.3847  1.34389e-17
       8426.3646  8.92892e-18
       8429.3445  6.50137e-18
       8432.3244  9.18990e-18
       8435.3043  1.47761e-17
       8438.2842  1.66236e-17
       8441.2640  1.20204e-17
       8444.2439  8.11096e-18
       8447.2238  9.08467e-18
       8450.2037  1.05408e-17
       8453.1836  1.12798e-17
       8456.1635  1.30582e-17
       8459.1434  1.60859e-17
       8462.1233  1.78436e-17
       8465.1031  1.84804e-17
       8468.0830  1.99468e-17
       8471.0629  2.15310e-17
       8474.0428  2.29416e-17
       8477.0227  2.41180e-17
       8480.0026  2.43452e-17
       8482.9825  2.43935e-17
       8485.9623  2.54363e-17
       8488.9422  2.67433e-17
       8491.9221  2.63057e-17
       8494.9020  2.49546e-17
       8497.8819  2.47434e-17
       8500.8618  2.36056e-17
       8503.8417  2.07701e-17
       8506.8215  1.81590e-17
       8509.8014  1.69682e-17
       8512.7813  1.75567e-17
       8515.7612  1.97754e-17
       8518.7411  2.23753e-17
       8521.7210  2.24353e-17
       8524.7009  1.92486e-17
       8527.6808  1.64017e-17
       8530.6606  1.67465e-17
       8533.6405  1.81840e-17
       8536.6204  1.73777e-17
       8539.6003  1.69412e-17
       8542.5802  1.88702e-17
       8545.5601  2.20357e-17
       8548.5400  2.48347e-17
       8551.5198  2.54785e-17
       8554.4997  2.56903e-17
       8557.4796  2.92042e-17
       8560.4595  3.23682e-17
       8563.4394  3.14529e-17
       8566.4193  2.92303e-17
       8569.3992  2.81345e-17
       8572.3791  2.85368e-17
       8575.3589  2.92080e-17
       8578.3388  2.89285e-17
       8581.3187  2.82924e-17
       8584.2986  2.97031e-17
       8587.2785  3.34724e-17
       8590.2584  3.46227e-17
       8593.2383  3.20480e-17
       8596.2181  3.28510e-17
       8599.1980  3.70802e-17
       8602.1779  4.04617e-17
       8605.1578  4.16401e-17
       8608.1377  4.10929e-17
       8611.1176  3.99267e-17
       8614.0975  3.99963e-17
       8617.0774  4.39250e-17
       8620.0572  5.14973e-17
       8623.0371  5.81481e-17
       8626.0170  5.87767e-17
       8628.9969  5.42332e-17
       8631.9768  5.11507e-17
       8634.9567  5.51458e-17
       8637.9366  6.42156e-17
       8640.9164  7.00087e-17
       8643.8963  6.81777e-17
       8646.8762  6.63487e-17
       8649.8561  6.93560e-17
       8652.8360  7.29612e-17
       8655.8159  7.50571e-17
       8658.7958  7.66436e-17
       8661.7756  7.84102e-17
       8664.7555  7.84404e-17
       8667.7354  7.65630e-17
       8670.7153  7.47406e-17
       8673.6952  7.41417e-17
       8676.6751  7.38706e-17
       8679.6550  7.31152e-17
       8682.6349  7.31241e-17
       8685.6147  7.53948e-17
       8688.5946  7.90668e-17
       8691.5745  8.21281e-17
       8694.5544  8.49771e-17
       8697.5343  8.75484e-17
       8700.5142  8.86934e-17
       8703.4941  8.87049e-17
       8706.4739  8.95351e-17
       8709.4538  9.15061e-17
       8712.4337  9.28129e-17
       8715.4136  9.52005e-17
       8718.3935  1.00034e-16
       8721.3734  1.04725e-16
       8724.3533  1.06962e-16
       8727.3332  1.06357e-16
       8730.3130  1.04969e-16
       8733.2929  1.05872e-16
       8736.2728  1.09176e-16
       8739.2527  1.11294e-16
       8742.2326  1.09354e-16
       8745.2125  1.05784e-16
       8748.1924  1.05959e-16
       8751.1722  1.11384e-16
       8754.1521  1.17683e-16
       8757.1320  1.20582e-16
       8760.1119  1.20367e-16
       8763.0918  1.18995e-16
       8766.0717  1.20378e-16
       8769.0516  1.26174e-16
       8772.0315  1.30859e-16
       8775.0113  1.30759e-16
       8777.9912  1.28952e-16
       8780.9711  1.30369e-16
       8783.9510  1.34274e-16
       8786.9309  1.35814e-16
       8789.9108  1.32434e-16
       8792.8907  1.25829e-16
       8795.8705  1.21879e-16
       8798.8504  1.23828e-16
       8801.8303  1.25116e-16
       8804.8102  1.22751e-16
       8807.7901  1.22440e-16
       8810.7700  1.25936e-16
       8813.7499  1.27566e-16
       8816.7297  1.24186e-16
       8819.7096  1.23151e-16
       8822.6895  1.25590e-16
       8825.6694  1.26650e-16
       8828.6493  1.25262e-16
       8831.6292  1.23629e-16
       8834.6091  1.24484e-16
       8837.5890  1.27761e-16
       8840.5688  1.29770e-16
       8843.5487  1.27273e-16
       8846.5286  1.21403e-16
       8849.5085  1.17393e-16
       8852.4884  1.19774e-16
       8855.4683  1.26187e-16
       8858.4482  1.27555e-16
       8861.4280  1.20426e-16
       8864.4079  1.13726e-16
       8867.3878  1.11025e-16
       8870.3677  1.11926e-16
       8873.3476  1.18860e-16
       8876.3275  1.21905e-16
       8879.3074  1.23077e-16
       8882.2873  1.25098e-16
       8885.2671  1.23905e-16
       8888.2470  1.14323e-16
       8891.2269  1.03722e-16
       8894.2068  1.01564e-16
       8897.1867  1.01112e-16
       8900.1666  9.80433e-17
       8903.1465  9.67969e-17
       8906.1263  1.01919e-16
       8909.1062  1.08885e-16
       8912.0861  1.10584e-16
       8915.0660  1.06834e-16
       8918.0459  1.01835e-16
       8921.0258  9.41416e-17
       8924.0057  8.11224e-17
       8926.9855  7.21492e-17
       8929.9654  7.21617e-17
       8932.9453  7.70551e-17
       8935.9252  8.26277e-17
       8938.9051  8.49332e-17
       8941.8850  8.37595e-17
       8944.8649  8.31385e-17
       8947.8448  8.29445e-17
       8950.8246  7.92613e-17
       8953.8045  7.18756e-17
       8956.7844  6.82540e-17
       8959.7643  7.04201e-17
       8962.7442  7.34972e-17
       8965.7241  7.72826e-17
       8968.7040  7.79634e-17
       8971.6838  7.34898e-17
       8974.6637  7.18198e-17
       8977.6436  7.28898e-17
       8980.6235  7.18284e-17
       8983.6034  6.98912e-17
       8986.5833  6.86414e-17
       8989.5632  7.07773e-17
       8992.5431  7.81476e-17
       8995.5229  8.43927e-17
       8998.5028  8.22356e-17
       9001.4827  7.27807e-17
       9004.4626  6.49545e-17
       9007.4425  6.30321e-17
       9010.4224  6.46273e-17
       9013.4023  6.71004e-17
       9016.3821  6.62528e-17
       9019.3620  6.20013e-17
       9022.3419  6.06018e-17
       9025.3218  6.28338e-17
       9028.3017  6.46564e-17
       9031.2816  6.49688e-17
       9034.2615  6.83082e-17
       9037.2414  7.39321e-17
       9040.2212  7.47374e-17
       9043.2011  7.00514e-17
       9046.1810  6.46877e-17
       9049.1609  6.35479e-17
       9052.1408  6.70165e-17
       9055.1207  7.25573e-17
       9058.1006  7.71059e-17
       9061.0804  7.94769e-17
       9064.0603  8.09111e-17
       9067.0402  8.17994e-17
       9070.0201  8.09713e-17
       9073.0000  7.97712e-17
       9075.9799  7.98419e-17
       9078.9598  8.25117e-17
       9081.9396  8.78836e-17
       9084.9195  9.11443e-17
       9087.8994  9.11209e-17
       9090.8793  8.84170e-17
       9093.8592  8.32839e-17
       9096.8391  7.74052e-17
       9099.8190  7.33576e-17
       9102.7989  7.40799e-17
       9105.7787  7.63683e-17
       9108.7586  7.47958e-17
       9111.7385  7.10776e-17
       9114.7184  6.73921e-17
       9117.6983  6.32419e-17
       9120.6782  6.05967e-17
       9123.6581  6.10977e-17
       9126.6379  6.24170e-17
       9129.6178  5.95330e-17
       9132.5977  5.24357e-17
       9135.5776  4.46175e-17
       9138.5575  3.86849e-17
       9141.5374  3.76567e-17
       9144.5173  3.98346e-17
       9147.4972  3.92597e-17
       9150.4770  3.69595e-17
       9153.4569  3.91066e-17
       9156.4368  4.77390e-17
       9159.4167  5.55406e-17
       9162.3966  5.87625e-17
       9165.3765  5.95900e-17
       9168.3564  5.82695e-17
       9171.3362  5.44794e-17
       9174.3161  4.93693e-17
       9177.2960  4.54253e-17
       9180.2759  4.36012e-17
       9183.2558  4.32086e-17
       9186.2357  4.29175e-17
       9189.2156  4.17748e-17
       9192.1955  4.05866e-17
       9195.1753  3.94896e-17
       9198.1552  3.54970e-17
       9201.1351  3.07933e-17
       9204.1150  3.20210e-17
       9207.0949  3.97097e-17
       9210.0748  4.59766e-17
       9213.0547  4.69209e-17
       9216.0345  4.87098e-17
       9219.0144  4.98098e-17
       9221.9943  4.78718e-17
       9224.9742  4.66827e-17
       9227.9541  4.59936e-17
       9230.9340  4.28757e-17
       9233.9139  3.69361e-17
       9236.8937  3.29390e-17
       9239.8736  3.59049e-17
       9242.8535  4.30466e-17
       9245.8334  4.43621e-17
       9248.8133  4.03723e-17
       9251.7932  3.70570e-17
       9254.7731  3.32851e-17
       9257.7530  2.92464e-17
       9260.7328  2.64307e-17
       9263.7127  2.58380e-17
       9266.6926  2.83504e-17
       9269.6725  3.27857e-17
       9272.6524  3.30785e-17
       9275.6323  3.81971e-17
       9278.6122  4.25809e-17
       9281.5920  4.12184e-17
       9284.5719  4.04899e-17
       9287.5518  4.43155e-17
       9290.5317  5.17841e-17
       9293.5116  5.79448e-17
       9296.4915  5.48366e-17
       9299.4714  4.49085e-17
       9302.4513  4.22995e-17
       9305.4311  5.05184e-17
       9308.4110  5.87739e-17
       9311.3909  5.39434e-17
       9314.3708  4.00636e-17
       9317.3507  3.06514e-17
       9320.3306  3.46500e-17
       9323.3105  4.88064e-17
       9326.2903  5.90631e-17
       9329.2702  5.34917e-17
       9332.2501  3.70492e-17
       9335.2300  2.77577e-17
       9338.2099  3.49595e-17
       9341.1898  4.62094e-17
       9344.1697  4.88103e-17
       9347.1495  4.43243e-17
       9350.1294  4.07543e-17
       9353.1093  3.81890e-17
       9356.0892  3.72893e-17
       9359.0691  4.09387e-17
       9362.0490  4.50888e-17
       9365.0289  4.13634e-17
       9368.0088  3.38347e-17
       9370.9886  4.01822e-17
       9373.9685  5.64920e-17
       9376.9484  6.53823e-17
       9379.9283  6.51552e-17
       9382.9082  5.81965e-17
       9385.8881  4.02171e-17
       9388.8680  2.75318e-17
       9391.8478  2.25161e-17
       9394.8277  2.45805e-17
       9397.8076  2.90280e-17
       9400.7875  3.41429e-17
       9403.7674  4.44856e-17
       9406.7473  5.83274e-17
       9409.7272  5.58016e-17
       9412.7071  4.04993e-17
       9415.6869  2.72251e-17
       9418.6668  2.67374e-17
       9421.6467  3.99151e-17
       9424.6266  5.37812e-17
       9427.6065  5.74483e-17
       9430.5864  6.19818e-17
       9433.5663  6.97842e-17
       9436.5461  6.55536e-17
       9439.5260  4.22507e-17
       9442.5059  3.80136e-17
       9445.4858  3.18438e-17
       9448.4657  3.38948e-17
       9451.4456  5.46717e-17
       9454.4255  5.84208e-17
       9457.4054  4.75186e-17
       9460.3852  3.75088e-17
       9463.3651  3.45182e-17
       9466.3450  2.97963e-17
       9469.3249  3.39703e-17
       9472.3048  5.15975e-17
       9475.2847  7.08662e-17
       9478.2646  7.25444e-17
       9481.2444  6.62665e-17
       9484.2243  5.96282e-17
       9487.2042  4.40937e-17
       9490.1841  2.50536e-17
       9493.1640  1.89281e-17
       9496.1439  2.50086e-17
       9499.1238  3.13543e-17
       9502.1036  3.89067e-17
       9505.0835  5.44882e-17
       9508.0634  6.34320e-17
       9511.0433  5.81739e-17
       9514.0232  5.12792e-17
       9517.0031  5.35240e-17
       9519.9830  5.62551e-17
       9522.9629  4.66376e-17
       9525.9427  3.06991e-17
       9528.9226  2.37047e-17
       9531.9025  3.21783e-17
       9534.8824  4.45402e-17
       9537.8623  4.42361e-17
       9540.8422  3.32363e-17
       9543.8221  2.74082e-17
       9546.8019  3.04427e-17
       9549.7818  3.69701e-17
       9552.7617  4.00006e-17
       9555.7416  3.81064e-17
       9558.7215  3.88340e-17
       9561.7014  4.54349e-17
       9564.6813  4.96391e-17
       9567.6612  5.30669e-17
       9570.6410  6.15780e-17
       9573.6209  7.21153e-17
       9576.6008  7.21573e-17
       9579.5807  6.27359e-17
       9582.5606  5.87153e-17
       9585.5405  6.26370e-17
       9588.5204  6.60007e-17
       9591.5002  6.10918e-17
       9594.4801  5.12673e-17
       9597.4600  4.17379e-17
       9600.4399  3.68100e-17
       9603.4198  3.91237e-17
       9606.3997  4.29352e-17
       9609.3796  4.76963e-17
       9612.3595  5.97317e-17
       9615.3393  6.92725e-17
       9618.3192  6.32667e-17
       9621.2991  4.43666e-17
       9624.2790  2.85998e-17
       9627.2589  2.67880e-17
       9630.2388  3.75677e-17
       9633.2187  4.96139e-17
       9636.1985  4.74690e-17
       9639.1784  3.18975e-17
       9642.1583  2.51749e-17
       9645.1382  3.13138e-17
       9648.1181  4.14834e-17
       9651.0980  5.33809e-17
       9654.0779  6.54755e-17
       9657.0577  7.10254e-17
       9660.0376  7.32339e-17
       9663.0175  6.58772e-17
       9665.9974  5.95008e-17
       9668.9773  6.11100e-17
       9671.9572  6.10190e-17
       9674.9371  5.20192e-17
       9677.9170  4.11277e-17
       9680.8968  3.80575e-17
       9683.8767  4.48955e-17
       9686.8566  5.17650e-17
       9689.8365  4.63486e-17
       9692.8164  3.55396e-17
       9695.7963  3.33786e-17
       9698.7762  4.01863e-17
       9701.7560  4.01288e-17
       9704.7359  3.43910e-17
       9707.7158  3.94193e-17
       9710.6957  5.38125e-17
       9713.6756  5.95977e-17
       9716.6555  5.10429e-17
       9719.6354  4.59859e-17
       9722.6153  4.56531e-17
       9725.5951  4.19449e-17
       9728.5750  3.40069e-17
       9731.5549  2.56869e-17
       9734.5348  2.63114e-17
       9737.5147  3.69624e-17
       9740.4946  3.85749e-17
       9743.4745  3.17002e-17
       9746.4543  3.24238e-17
       9749.4342  3.71359e-17
       9752.4141  4.64704e-17
       9755.3940  5.84422e-17
       9758.3739  6.44015e-17
       9761.3538  6.62908e-17
       9764.3337  6.38690e-17
       9767.3135  5.92581e-17
       9770.2934  5.42370e-17
       9773.2733  5.27194e-17
       9776.2532  5.40508e-17
       9779.2331  5.20077e-17
       9782.2130  4.55302e-17
       9785.1929  4.60828e-17
       9788.1728  5.79919e-17
       9791.1526  6.63877e-17
       9794.1325  6.13356e-17
       9797.1124  5.15562e-17
       9800.0923  3.94499e-17
       9803.0722  2.83503e-17
       9806.0521  2.74309e-17
       9809.0320  3.26322e-17
       9812.0118  3.27824e-17
       9814.9917  2.46611e-17
       9817.9716  1.85306e-17
       9820.9515  2.08478e-17
       9823.9314  2.95480e-17
       9826.9113  4.02832e-17
       9829.8912  4.55846e-17
       9832.8711  4.60625e-17
       9835.8509  5.36651e-17
       9838.8308  6.34284e-17
       9841.8107  5.82543e-17
       9844.7906  3.47099e-17
       9847.7705  1.93894e-17
       9850.7504  2.48848e-17
       9853.7303  3.26871e-17
       9856.7101  3.54810e-17
       9859.6900  3.62897e-17
       9862.6699  3.63748e-17
       9865.6498  3.11415e-17
       9868.6297  1.98647e-17
       9871.6096  1.52038e-17
       9874.5895  3.13568e-17
       9877.5694  4.87723e-17
       9880.5492  5.45885e-17
       9883.5291  6.29863e-17
       9886.5090  6.49940e-17
       9889.4889  5.39891e-17
       9892.4688  2.97843e-17
       9895.4487  1.29590e-17
       9898.4286  1.69133e-17
       9901.4084  2.74447e-17
       9904.3883  3.44876e-17
       9907.3682  3.51511e-17
       9910.3481  3.12349e-17
       9913.3280  2.85086e-17
       9916.3079  3.43798e-17
       9919.2878  4.96951e-17
       9922.2676  6.42135e-17
       9925.2475  6.75774e-17
       9928.2274  6.82570e-17
       9931.2073  7.79424e-17
       9934.1872  8.02819e-17
       9937.1671  7.32445e-17
       9940.1470  5.21432e-17
       9943.1269  3.54207e-17
       9946.1067  4.08897e-17
       9949.0866  5.61448e-17
       9952.0665  6.00088e-17
       9955.0464  4.21897e-17
       9958.0263  1.86451e-17
       9961.0062  1.55537e-17
       9963.9861  2.65258e-17
       9966.9659  4.81683e-17
       9969.9458  5.33233e-17
       9972.9257  5.97994e-17
       9975.9056  7.08942e-17
       9978.8855  7.87804e-17
       9981.8654  8.17950e-17
       9984.8453  7.79793e-17
       9987.8252  6.83650e-17
       9990.8050  4.72834e-17
       9993.7849  2.84552e-17
       9996.7648  2.65041e-17
       9999.7447  4.40466e-17
       10002.725  6.29891e-17
       10005.704  6.19296e-17
       10008.684  3.67395e-17
       10011.664  1.20366e-17
       10014.644  4.51515e-18
       10017.624  1.63658e-17
       10020.604  4.85042e-17
       10023.584  7.85033e-17
       10026.564  8.02418e-17
       10029.544  5.63321e-17
       10032.523  2.98322e-17
       10035.503  3.17550e-17
       10038.483  6.78104e-17
       10041.463  8.92748e-17
       10044.443  8.72325e-17
       10047.423  9.94712e-17
       10050.403  1.06881e-16
       10053.383  8.66294e-17
       10056.363  4.96306e-17
       10059.342  3.78209e-17
       10062.322  1.23161e-17
       10065.302  2.18819e-18
       10068.282  9.15089e-20
       10071.262  1.33552e-17
       10074.242  5.99778e-17
       10077.222  8.79843e-17
       10080.202  6.81430e-17
       10083.182  2.78046e-17
       10086.161  2.58774e-17
       10089.141  6.13416e-17
       10092.121  7.97185e-17
       10095.101  5.12851e-17
       10098.081  2.89761e-17
       10101.061  4.32714e-17
       10104.041  6.20672e-17
       10107.021  4.16230e-17
       10110.001  1.23417e-17
       10112.980  1.57166e-17
       10115.960  4.04585e-17
       10118.940  6.59676e-17
       10121.920  8.35108e-17
       10124.900  9.62096e-17
       10127.880  1.08096e-16
       10130.860  1.15832e-16
       10133.840  1.12145e-16
       10136.819  9.96710e-17
       10139.799  9.61389e-17
       10142.779  1.03207e-16
       10145.759  9.36640e-17
       10148.739  7.28834e-17
       10151.719  7.34553e-17
       10154.699  1.11857e-16
       10157.679  1.59244e-16
       10160.659  1.83213e-16
       10163.638  1.65983e-16
       10166.618  9.74783e-17
       10169.598  3.81411e-17
       10172.578  6.37386e-17
       10175.558  1.46318e-16
       10178.538  2.08781e-16
       10181.518  2.12330e-16
       10184.498  1.85834e-16
       10187.478  1.44730e-16
       10190.457  9.16533e-17
       10193.437  4.58537e-17
       10196.417  3.71592e-17
       10199.397  6.58902e-17
       10202.377  1.01526e-16
       10205.357  1.29889e-16
       10208.337  1.55806e-16
       10211.317  1.77355e-16
       10214.297  1.66138e-16
       10217.276  1.06482e-16
       10220.256  2.99080e-17
       10223.236  6.56417e-18
       10226.216  6.44229e-17
       10229.196  1.49215e-16
       10232.176  1.84652e-16
       10235.156  2.00651e-16
       10238.136  2.24013e-16
       10241.116  2.21914e-16
       10244.095  1.85349e-16
       10247.075  1.30355e-16
       10250.055  8.13172e-17
       10253.035  5.29431e-17
       10256.015  2.86116e-17
       10258.995  1.31864e-17
       10261.975  4.76430e-17
       10264.955  8.29035e-17
       10267.934  5.90654e-17
       10270.914  1.48922e-17
       10273.894  3.51757e-17
       10276.874  8.76117e-17
       10279.854  6.36052e-17
       10282.834  3.32223e-19
       10285.814 -4.61863e-17
       10288.794 -6.83731e-17
       10291.774 -5.97222e-17
       10294.753 -1.83696e-17
       10297.733  4.19868e-17
       10300.713  8.72258e-17
       10303.693  7.54867e-17
       10306.673  1.67646e-17
       10309.653 -2.56814e-17
       10312.633 -3.89920e-17
       10315.613 -4.61919e-17
       10318.593 -5.53899e-17
       10321.572 -4.21626e-17
       10324.552 -7.80238e-18
       10327.532  1.27316e-17
       10330.512  5.43848e-19
       10333.492 -1.62274e-17
       10336.472 -4.57344e-18
       10339.452  2.31574e-17
       10342.432  3.76850e-17
       10345.412  3.09114e-17
       10348.391  2.07728e-17
       10351.371  1.34704e-17
       10354.351  9.29586e-18
       10357.331  1.84448e-17
       10360.311  5.24340e-17
       10363.291  8.05861e-17
       10366.271  7.83939e-17
       10369.251  8.79340e-17
       10372.231  9.84833e-17
       10375.210  7.68914e-17
       10378.190  4.67390e-17
       10381.170  2.89040e-17
       10384.150  2.43325e-17
       10387.130  2.49655e-17
       10390.110  1.85996e-17
       10393.090 -8.19434e-18
       10396.070 -4.91332e-17
       10399.049 -6.07118e-17
       10402.029 -2.70199e-17
       10405.009  1.41144e-17
       10407.989  1.88511e-17
       10410.969  1.92345e-17
       10413.949  5.90066e-17
       10416.929  1.03058e-16
       10419.909  9.88926e-17
       10422.889  4.52796e-17
       10425.868 -5.12310e-18
       10428.848 -2.41537e-17
       10431.828 -1.86150e-17
       10434.808 -7.89578e-18
       10437.788 -1.26744e-18
       10440.768 -1.71329e-18
       10443.748  1.65016e-18
       10446.728  3.38943e-17
       10449.708  7.95853e-17
       10452.687  8.47795e-17
       10455.667  1.86126e-17
       10458.647 -5.76576e-17
       10461.627 -7.38395e-17
       10464.607 -4.04029e-17
       10467.587 -1.88961e-17
       10470.567 -3.14568e-17
       10473.547 -4.06785e-17
       10476.527 -2.25512e-17
       10479.506  2.60000e-18
       10482.486  7.53370e-18
       10485.466  1.44215e-17
       10488.446  6.02405e-17
       10491.426  1.22398e-16
       10494.406  1.20185e-16
       10497.386  7.34008e-17
       10500.366  5.40003e-17
       10503.346  8.43772e-17
       10506.325  1.26266e-16
       10509.305  1.17287e-16
       10512.285  3.81060e-17
       10515.265 -3.22343e-17
       10518.245 -1.48803e-17
       10521.225  5.65683e-17
       10524.205  6.04435e-17
       10527.185  5.51332e-17
       10530.165  9.60631e-17
       10533.144  5.71686e-17
       10536.124  1.73477e-17
       10539.104  7.82648e-17
       10542.084  1.32994e-16
       10545.064  7.78443e-17
       10548.044  2.61331e-17
       10551.024  1.46150e-16
       10554.004  2.77945e-16
       10556.983  2.60575e-16
       10559.963  1.28892e-16
       10562.943  4.04390e-18
       10565.923 -6.74230e-17
       10568.903 -4.52037e-17
       10571.883  1.33862e-16
       10574.863  3.06122e-16
       10577.843  3.34693e-16
       10580.823  3.12671e-16
       10583.802  3.05876e-16
       10586.782  2.86307e-16
       10589.762  2.08439e-16
       10592.742  1.14945e-16
       10595.722  1.08016e-16
       10598.702  2.26355e-16
       10601.682  3.62265e-16
       10604.662  4.21479e-16
       10607.642  3.45711e-16
       10610.621  1.37970e-16
       10613.601  2.32221e-17
       10616.581  8.13912e-17
       10619.561  1.13673e-16
       10622.541  1.28690e-16
