3.8000e+03	1.1778e-16
3.8030e+03	1.2042e-16
3.8061e+03	1.1394e-16
3.8091e+03	9.6753e-17
3.8122e+03	8.6123e-17
3.8152e+03	1.1064e-16
3.8182e+03	9.6367e-17
3.8213e+03	1.1423e-16
3.8243e+03	9.1420e-17
3.8274e+03	8.8164e-17
3.8304e+03	7.4298e-17
3.8335e+03	7.8293e-17
3.8365e+03	8.4939e-17
3.8395e+03	6.7325e-17
3.8426e+03	5.7106e-17
3.8456e+03	5.8073e-17
3.8487e+03	5.5374e-17
3.8517e+03	4.4324e-17
3.8547e+03	4.8003e-17
3.8578e+03	5.6299e-17
3.8608e+03	4.7951e-17
3.8639e+03	4.8532e-17
3.8669e+03	6.4310e-17
3.8700e+03	7.5176e-17
3.8730e+03	7.0505e-17
3.8760e+03	7.7894e-17
3.8791e+03	8.1165e-17
3.8821e+03	1.0081e-16
3.8852e+03	1.0007e-16
3.8882e+03	1.0379e-16
3.8912e+03	9.4204e-17
3.8943e+03	1.0719e-16
3.8973e+03	1.0763e-16
3.9004e+03	1.1201e-16
3.9034e+03	1.0485e-16
3.9064e+03	1.1188e-16
3.9095e+03	1.0947e-16
3.9125e+03	9.2740e-17
3.9156e+03	1.0118e-16
3.9186e+03	1.0654e-16
3.9217e+03	9.7689e-17
3.9247e+03	9.2399e-17
3.9277e+03	9.0628e-17
3.9308e+03	8.9538e-17
3.9338e+03	9.5805e-17
3.9369e+03	9.4524e-17
3.9399e+03	9.4431e-17
3.9429e+03	9.3834e-17
3.9460e+03	1.0344e-16
3.9490e+03	8.9002e-17
3.9521e+03	1.0517e-16
3.9551e+03	1.0656e-16
3.9582e+03	1.2140e-16
3.9612e+03	1.3193e-16
3.9642e+03	1.2425e-16
3.9673e+03	1.3386e-16
3.9703e+03	1.3608e-16
3.9734e+03	1.5327e-16
3.9764e+03	1.6135e-16
3.9794e+03	1.8620e-16
3.9825e+03	1.8566e-16
3.9855e+03	1.8260e-16
3.9886e+03	1.8597e-16
3.9916e+03	1.9946e-16
3.9947e+03	2.2230e-16
3.9977e+03	2.2172e-16
4.0007e+03	2.3618e-16
4.0038e+03	2.4581e-16
4.0068e+03	2.3073e-16
4.0099e+03	2.4180e-16
4.0129e+03	2.6970e-16
4.0159e+03	2.6560e-16
4.0190e+03	2.6940e-16
4.0220e+03	2.8125e-16
4.0251e+03	2.7171e-16
4.0281e+03	2.5547e-16
4.0311e+03	2.4687e-16
4.0342e+03	2.7086e-16
4.0372e+03	2.6742e-16
4.0403e+03	2.5121e-16
4.0433e+03	2.4436e-16
4.0464e+03	2.0696e-16
4.0494e+03	1.9152e-16
4.0524e+03	1.9767e-16
4.0555e+03	1.9717e-16
4.0585e+03	1.8572e-16
4.0616e+03	1.7278e-16
4.0646e+03	1.4300e-16
4.0676e+03	1.3406e-16
4.0707e+03	1.3477e-16
4.0737e+03	1.3914e-16
4.0768e+03	1.4914e-16
4.0798e+03	1.3821e-16
4.0829e+03	1.3417e-16
4.0859e+03	1.2009e-16
4.0889e+03	1.2106e-16
4.0920e+03	1.2567e-16
4.0950e+03	1.4459e-16
4.0981e+03	1.5479e-16
4.1011e+03	1.3907e-16
4.1041e+03	1.4154e-16
4.1072e+03	1.4142e-16
4.1102e+03	1.5362e-16
4.1133e+03	1.6692e-16
4.1163e+03	1.6588e-16
4.1193e+03	1.7033e-16
4.1224e+03	1.6221e-16
4.1254e+03	1.7068e-16
4.1285e+03	1.8306e-16
4.1315e+03	1.8720e-16
4.1346e+03	1.9737e-16
4.1376e+03	1.9042e-16
4.1406e+03	1.8187e-16
4.1437e+03	2.0089e-16
4.1467e+03	2.0152e-16
4.1498e+03	2.0579e-16
4.1528e+03	1.9249e-16
4.1558e+03	2.0760e-16
4.1589e+03	2.0497e-16
4.1619e+03	2.1832e-16
4.1650e+03	2.1247e-16
4.1680e+03	2.1685e-16
4.1711e+03	2.1590e-16
4.1741e+03	1.9903e-16
4.1771e+03	2.1445e-16
4.1802e+03	2.1967e-16
4.1832e+03	2.1031e-16
4.1863e+03	2.0525e-16
4.1893e+03	1.9800e-16
4.1923e+03	1.8485e-16
4.1954e+03	1.7810e-16
4.1984e+03	1.7675e-16
4.2015e+03	1.6867e-16
4.2045e+03	1.5730e-16
4.2075e+03	1.3407e-16
4.2106e+03	1.3722e-16
4.2136e+03	1.2202e-16
4.2167e+03	1.2200e-16
4.2197e+03	1.0937e-16
4.2228e+03	1.1061e-16
4.2258e+03	1.0541e-16
4.2288e+03	1.0200e-16
4.2319e+03	1.1024e-16
4.2349e+03	1.0174e-16
4.2380e+03	1.1581e-16
4.2410e+03	1.0516e-16
4.2440e+03	1.0707e-16
4.2471e+03	1.1291e-16
4.2501e+03	1.0941e-16
4.2532e+03	1.2172e-16
4.2562e+03	1.2465e-16
4.2593e+03	1.3226e-16
4.2623e+03	1.3315e-16
4.2653e+03	1.3117e-16
4.2684e+03	1.3655e-16
4.2714e+03	1.3094e-16
4.2745e+03	1.4718e-16
4.2775e+03	1.3950e-16
4.2805e+03	1.5009e-16
4.2836e+03	1.3758e-16
4.2866e+03	1.4429e-16
4.2897e+03	1.4125e-16
4.2927e+03	1.3499e-16
4.2957e+03	1.4670e-16
4.2988e+03	1.3935e-16
4.3018e+03	1.4020e-16
4.3049e+03	1.4626e-16
4.3079e+03	1.4242e-16
4.3110e+03	1.3780e-16
4.3140e+03	1.3253e-16
4.3170e+03	1.3530e-16
4.3201e+03	1.3862e-16
4.3231e+03	1.2310e-16
4.3262e+03	1.2863e-16
4.3292e+03	1.3967e-16
4.3322e+03	1.3741e-16
4.3353e+03	1.2899e-16
4.3383e+03	1.2837e-16
4.3414e+03	1.3644e-16
4.3444e+03	1.3545e-16
4.3475e+03	1.2548e-16
4.3505e+03	1.3707e-16
4.3535e+03	1.3619e-16
4.3566e+03	1.2067e-16
4.3596e+03	1.1936e-16
4.3627e+03	1.2794e-16
4.3657e+03	1.2258e-16
4.3687e+03	1.1838e-16
4.3718e+03	1.1757e-16
4.3748e+03	1.0265e-16
4.3779e+03	1.0342e-16
4.3809e+03	1.1198e-16
4.3840e+03	1.0921e-16
4.3870e+03	9.2752e-17
4.3900e+03	9.2251e-17
4.3931e+03	8.9127e-17
4.3961e+03	8.4126e-17
4.3992e+03	8.9255e-17
4.4022e+03	1.0125e-16
4.4052e+03	1.0428e-16
4.4083e+03	1.0187e-16
4.4113e+03	1.0180e-16
4.4144e+03	1.0452e-16
4.4174e+03	1.1449e-16
4.4204e+03	1.1921e-16
4.4235e+03	1.1699e-16
4.4265e+03	1.1675e-16
4.4296e+03	1.1695e-16
4.4326e+03	1.1387e-16
4.4357e+03	1.1771e-16
4.4387e+03	1.1726e-16
4.4417e+03	1.1411e-16
4.4448e+03	1.0264e-16
4.4478e+03	8.9359e-17
4.4509e+03	9.1502e-17
4.4539e+03	9.7542e-17
4.4569e+03	1.0031e-16
4.4600e+03	9.6854e-17
4.4630e+03	9.5174e-17
4.4661e+03	8.5681e-17
4.4691e+03	9.4131e-17
4.4722e+03	8.4789e-17
4.4752e+03	1.0634e-16
4.4782e+03	1.0752e-16
4.4813e+03	1.1016e-16
4.4843e+03	1.1173e-16
4.4874e+03	1.1696e-16
4.4904e+03	1.2376e-16
4.4934e+03	1.2332e-16
4.4965e+03	1.3852e-16
4.4995e+03	1.3981e-16
4.5026e+03	1.3933e-16
4.5056e+03	1.3985e-16
4.5086e+03	1.4970e-16
4.5117e+03	1.6059e-16
4.5147e+03	1.6179e-16
4.5178e+03	1.6169e-16
4.5208e+03	1.7299e-16
4.5239e+03	1.7154e-16
4.5269e+03	1.7556e-16
4.5299e+03	1.8855e-16
4.5330e+03	1.9382e-16
4.5360e+03	1.9236e-16
4.5391e+03	1.9991e-16
4.5421e+03	1.9969e-16
4.5451e+03	2.0381e-16
4.5482e+03	2.0882e-16
4.5512e+03	2.1504e-16
4.5543e+03	2.2171e-16
4.5573e+03	2.1612e-16
4.5604e+03	2.2255e-16
4.5634e+03	2.2320e-16
4.5664e+03	2.2826e-16
4.5695e+03	2.3608e-16
4.5725e+03	2.4596e-16
4.5756e+03	2.4752e-16
4.5786e+03	2.4487e-16
4.5816e+03	2.4342e-16
4.5847e+03	2.4775e-16
4.5877e+03	2.5370e-16
4.5908e+03	2.6082e-16
4.5938e+03	2.6830e-16
4.5968e+03	2.7172e-16
4.5999e+03	2.6882e-16
4.6029e+03	2.6966e-16
4.6060e+03	2.7119e-16
4.6090e+03	2.7183e-16
4.6121e+03	2.7652e-16
4.6151e+03	2.7546e-16
4.6181e+03	2.7433e-16
4.6212e+03	2.7716e-16
4.6242e+03	2.7339e-16
4.6273e+03	2.7579e-16
4.6303e+03	2.6937e-16
4.6333e+03	2.6845e-16
4.6364e+03	2.6307e-16
4.6394e+03	2.6054e-16
4.6425e+03	2.5904e-16
4.6455e+03	2.6064e-16
4.6486e+03	2.6014e-16
4.6516e+03	2.4953e-16
4.6546e+03	2.5034e-16
4.6577e+03	2.4659e-16
4.6607e+03	2.4048e-16
4.6638e+03	2.4350e-16
4.6668e+03	2.5218e-16
4.6698e+03	2.4835e-16
4.6729e+03	2.4757e-16
4.6759e+03	2.4072e-16
4.6790e+03	2.4343e-16
4.6820e+03	2.4396e-16
4.6851e+03	2.4611e-16
4.6881e+03	2.4969e-16
4.6911e+03	2.5216e-16
4.6942e+03	2.5017e-16
4.6972e+03	2.4979e-16
4.7003e+03	2.4712e-16
4.7033e+03	2.5537e-16
4.7063e+03	2.5549e-16
4.7094e+03	2.6114e-16
4.7124e+03	2.6354e-16
4.7155e+03	2.5982e-16
4.7185e+03	2.6107e-16
4.7215e+03	2.6323e-16
4.7246e+03	2.6184e-16
4.7276e+03	2.5487e-16
4.7307e+03	2.6261e-16
4.7337e+03	2.6248e-16
4.7368e+03	2.5773e-16
4.7398e+03	2.5406e-16
4.7428e+03	2.5165e-16
4.7459e+03	2.4772e-16
4.7489e+03	2.4017e-16
4.7520e+03	2.3574e-16
4.7550e+03	2.2759e-16
4.7580e+03	2.2454e-16
4.7611e+03	2.1652e-16
4.7641e+03	2.1663e-16
4.7672e+03	2.1486e-16
4.7702e+03	2.1298e-16
4.7733e+03	2.0354e-16
4.7763e+03	1.9761e-16
4.7793e+03	1.9831e-16
4.7824e+03	1.9355e-16
4.7854e+03	1.8857e-16
4.7885e+03	1.8742e-16
4.7915e+03	1.9548e-16
4.7945e+03	1.8940e-16
4.7976e+03	1.8534e-16
4.8006e+03	1.8835e-16
4.8037e+03	1.8124e-16
4.8067e+03	1.7767e-16
4.8097e+03	1.7957e-16
4.8128e+03	1.7743e-16
4.8158e+03	1.8483e-16
4.8189e+03	1.8479e-16
4.8219e+03	1.7677e-16
4.8250e+03	1.7312e-16
4.8280e+03	1.7288e-16
4.8310e+03	1.7282e-16
4.8341e+03	1.7005e-16
4.8371e+03	1.7390e-16
4.8402e+03	1.8356e-16
4.8432e+03	1.8033e-16
4.8462e+03	1.7198e-16
4.8493e+03	1.6957e-16
4.8523e+03	1.7892e-16
4.8554e+03	1.8215e-16
4.8584e+03	1.8393e-16
4.8615e+03	1.8437e-16
4.8645e+03	1.9267e-16
4.8675e+03	1.8634e-16
4.8706e+03	1.8777e-16
4.8736e+03	1.9371e-16
4.8767e+03	1.9998e-16
4.8797e+03	2.0004e-16
4.8827e+03	1.9809e-16
4.8858e+03	1.9893e-16
4.8888e+03	1.9683e-16
4.8919e+03	1.9725e-16
4.8949e+03	1.9558e-16
4.8979e+03	2.0253e-16
4.9010e+03	1.9930e-16
4.9040e+03	2.0290e-16
4.9071e+03	1.9878e-16
4.9101e+03	1.9242e-16
4.9132e+03	1.9635e-16
4.9162e+03	1.9419e-16
4.9192e+03	1.9730e-16
4.9223e+03	1.9866e-16
4.9253e+03	1.9402e-16
4.9284e+03	1.8968e-16
4.9314e+03	1.9582e-16
4.9344e+03	1.8773e-16
4.9375e+03	1.8871e-16
4.9405e+03	1.8975e-16
4.9436e+03	1.8987e-16
4.9466e+03	1.8893e-16
4.9497e+03	1.8167e-16
4.9527e+03	1.7211e-16
4.9557e+03	1.7659e-16
4.9588e+03	1.6989e-16
4.9618e+03	1.6775e-16
4.9649e+03	1.6349e-16
4.9679e+03	1.6036e-16
4.9709e+03	1.6039e-16
4.9740e+03	1.5273e-16
4.9770e+03	1.4873e-16
4.9801e+03	1.4507e-16
4.9831e+03	1.4837e-16
4.9861e+03	1.4308e-16
4.9892e+03	1.4315e-16
4.9922e+03	1.4517e-16
4.9953e+03	1.4340e-16
4.9983e+03	1.4073e-16
5.0014e+03	1.4655e-16
5.0044e+03	1.4821e-16
5.0074e+03	1.4890e-16
5.0105e+03	1.5455e-16
5.0135e+03	1.5356e-16
5.0166e+03	1.5648e-16
5.0196e+03	1.5984e-16
5.0226e+03	1.5783e-16
5.0257e+03	1.6510e-16
5.0287e+03	1.7243e-16
5.0318e+03	1.6853e-16
5.0348e+03	1.7730e-16
5.0379e+03	1.7482e-16
5.0409e+03	1.7307e-16
5.0439e+03	1.7876e-16
5.0470e+03	1.7912e-16
5.0500e+03	1.8203e-16
5.0531e+03	1.8775e-16
5.0561e+03	1.8604e-16
5.0591e+03	1.8036e-16
5.0622e+03	1.8368e-16
5.0652e+03	1.7648e-16
5.0683e+03	1.7487e-16
5.0713e+03	1.7816e-16
5.0744e+03	1.8134e-16
5.0774e+03	1.7254e-16
5.0804e+03	1.7591e-16
5.0835e+03	1.7270e-16
5.0865e+03	1.6566e-16
5.0896e+03	1.6455e-16
5.0926e+03	1.5893e-16
5.0956e+03	1.6024e-16
5.0987e+03	1.5850e-16
5.1017e+03	1.5163e-16
5.1048e+03	1.4605e-16
5.1078e+03	1.4850e-16
5.1108e+03	1.4905e-16
5.1139e+03	1.3856e-16
5.1169e+03	1.4106e-16
5.1200e+03	1.4239e-16
5.1230e+03	1.4045e-16
5.1261e+03	1.3956e-16
5.1291e+03	1.4284e-16
5.1321e+03	1.4282e-16
5.1352e+03	1.4310e-16
5.1382e+03	1.4972e-16
5.1413e+03	1.4881e-16
5.1443e+03	1.5228e-16
5.1473e+03	1.5308e-16
5.1504e+03	1.5648e-16
5.1534e+03	1.6584e-16
5.1565e+03	1.6712e-16
5.1595e+03	1.6962e-16
5.1626e+03	1.7157e-16
5.1656e+03	1.7186e-16
5.1686e+03	1.7651e-16
5.1717e+03	1.7524e-16
5.1747e+03	1.7997e-16
5.1778e+03	1.8512e-16
5.1808e+03	1.8866e-16
5.1838e+03	1.9068e-16
5.1869e+03	1.8536e-16
5.1899e+03	1.9025e-16
5.1930e+03	1.9447e-16
5.1960e+03	1.8946e-16
5.1990e+03	1.9097e-16
5.2021e+03	1.9692e-16
5.2051e+03	1.9642e-16
5.2082e+03	1.9857e-16
5.2112e+03	2.0216e-16
5.2143e+03	1.9621e-16
5.2173e+03	1.9865e-16
5.2203e+03	1.9850e-16
5.2234e+03	1.9169e-16
5.2264e+03	1.9457e-16
5.2295e+03	2.0142e-16
5.2325e+03	1.9879e-16
5.2355e+03	2.0697e-16
5.2386e+03	2.0787e-16
5.2416e+03	2.0203e-16
5.2447e+03	2.0145e-16
5.2477e+03	2.0336e-16
5.2508e+03	2.0405e-16
5.2538e+03	2.0432e-16
5.2568e+03	2.1142e-16
5.2599e+03	2.1059e-16
5.2629e+03	2.1604e-16
5.2660e+03	2.1678e-16
5.2690e+03	2.1091e-16
5.2720e+03	2.0756e-16
5.2751e+03	2.1502e-16
5.2781e+03	2.1363e-16
5.2812e+03	2.0931e-16
5.2842e+03	2.1869e-16
5.2872e+03	2.1576e-16
5.2903e+03	2.1266e-16
5.2933e+03	2.1706e-16
5.2964e+03	2.2159e-16
5.2994e+03	2.1662e-16
5.3025e+03	2.1507e-16
5.3055e+03	2.1543e-16
5.3085e+03	2.1698e-16
5.3116e+03	2.1779e-16
5.3146e+03	2.1529e-16
5.3177e+03	2.1636e-16
5.3207e+03	2.2480e-16
5.3237e+03	2.2576e-16
5.3268e+03	2.2363e-16
5.3298e+03	2.1655e-16
5.3329e+03	2.1467e-16
5.3359e+03	2.1619e-16
5.3390e+03	2.1551e-16
5.3420e+03	2.1219e-16
5.3450e+03	2.1332e-16
5.3481e+03	2.1236e-16
5.3511e+03	2.0839e-16
5.3542e+03	2.0227e-16
5.3572e+03	2.0026e-16
5.3602e+03	2.0170e-16
5.3633e+03	1.9572e-16
5.3663e+03	1.9472e-16
5.3694e+03	1.9764e-16
5.3724e+03	1.9388e-16
5.3755e+03	1.8803e-16
5.3785e+03	1.8894e-16
5.3815e+03	1.9141e-16
5.3846e+03	1.8552e-16
5.3876e+03	1.8280e-16
5.3907e+03	1.8948e-16
5.3937e+03	1.8963e-16
5.3967e+03	1.8922e-16
5.3998e+03	1.8762e-16
5.4028e+03	1.8560e-16
5.4059e+03	1.8376e-16
5.4089e+03	1.9344e-16
5.4119e+03	1.9085e-16
5.4150e+03	1.8396e-16
5.4180e+03	1.9049e-16
5.4211e+03	1.9082e-16
5.4241e+03	1.8798e-16
5.4272e+03	1.8529e-16
5.4302e+03	1.8758e-16
5.4332e+03	1.8916e-16
5.4363e+03	1.9188e-16
5.4393e+03	1.9533e-16
5.4424e+03	1.9474e-16
5.4454e+03	1.8958e-16
5.4484e+03	1.8780e-16
5.4515e+03	1.9213e-16
5.4545e+03	1.9050e-16
5.4576e+03	1.9101e-16
5.4606e+03	1.8566e-16
5.4637e+03	1.8479e-16
5.4667e+03	1.8673e-16
5.4697e+03	1.8705e-16
5.4728e+03	1.8228e-16
5.4758e+03	1.8248e-16
5.4789e+03	1.8101e-16
5.4819e+03	1.7869e-16
5.4849e+03	1.8403e-16
5.4880e+03	1.7876e-16
5.4910e+03	1.7815e-16
5.4941e+03	1.8094e-16
5.4971e+03	1.7819e-16
5.5001e+03	1.7969e-16
5.5032e+03	1.7458e-16
5.5062e+03	1.7362e-16
5.5093e+03	1.7244e-16
5.5123e+03	1.7108e-16
5.5154e+03	1.7739e-16
5.5184e+03	1.7797e-16
5.5214e+03	1.7726e-16
5.5245e+03	1.7106e-16
5.5275e+03	1.7565e-16
5.5306e+03	1.7635e-16
5.5336e+03	1.7262e-16
5.5366e+03	1.6447e-16
5.5397e+03	1.6745e-16
5.5427e+03	1.7152e-16
5.5458e+03	1.7393e-16
5.5488e+03	1.7510e-16
5.5519e+03	1.7449e-16
5.5549e+03	1.7316e-16
5.5579e+03	1.7543e-16
5.5610e+03	1.6955e-16
5.5640e+03	1.6526e-16
5.5671e+03	1.6892e-16
5.5701e+03	1.6968e-16
5.5731e+03	1.7567e-16
5.5762e+03	1.7125e-16
5.5792e+03	1.7141e-16
5.5823e+03	1.6209e-16
5.5853e+03	1.6390e-16
5.5883e+03	1.6948e-16
5.5914e+03	1.6365e-16
5.5944e+03	1.5744e-16
5.5975e+03	1.6166e-16
5.6005e+03	1.6169e-16
5.6036e+03	1.5404e-16
5.6066e+03	1.5383e-16
5.6096e+03	1.5326e-16
5.6127e+03	1.4680e-16
5.6157e+03	1.5617e-16
5.6188e+03	1.5404e-16
5.6218e+03	1.5136e-16
5.6248e+03	1.4623e-16
5.6279e+03	1.5115e-16
5.6309e+03	1.5688e-16
5.6340e+03	1.5536e-16
5.6370e+03	1.5439e-16
5.6401e+03	1.5877e-16
5.6431e+03	1.6613e-16
5.6461e+03	1.6300e-16
5.6492e+03	1.6833e-16
5.6522e+03	1.6585e-16
5.6553e+03	1.6837e-16
5.6583e+03	1.7815e-16
5.6613e+03	1.7759e-16
5.6644e+03	1.7496e-16
5.6674e+03	1.7835e-16
5.6705e+03	1.7491e-16
5.6735e+03	1.7720e-16
5.6766e+03	1.8489e-16
5.6796e+03	1.9025e-16
5.6826e+03	1.9137e-16
5.6857e+03	1.8655e-16
5.6887e+03	1.8970e-16
5.6918e+03	1.8757e-16
5.6948e+03	1.8014e-16
5.6978e+03	1.8299e-16
5.7009e+03	1.7911e-16
5.7039e+03	1.8140e-16
5.7070e+03	1.9303e-16
5.7100e+03	1.9297e-16
5.7130e+03	1.9037e-16
5.7161e+03	1.8883e-16
5.7191e+03	1.8544e-16
5.7222e+03	1.8534e-16
5.7252e+03	1.8371e-16
5.7283e+03	1.9016e-16
5.7313e+03	1.8718e-16
5.7343e+03	1.9048e-16
5.7374e+03	1.9271e-16
5.7404e+03	1.9236e-16
5.7435e+03	1.9020e-16
5.7465e+03	1.8959e-16
5.7495e+03	1.8506e-16
5.7526e+03	1.9000e-16
5.7556e+03	1.8724e-16
5.7587e+03	1.9417e-16
5.7617e+03	1.9539e-16
5.7648e+03	1.9141e-16
5.7678e+03	1.9273e-16
5.7708e+03	1.9159e-16
5.7739e+03	1.9521e-16
5.7769e+03	1.8992e-16
5.7800e+03	1.8301e-16
5.7830e+03	1.8706e-16
5.7860e+03	1.8496e-16
5.7891e+03	1.8560e-16
5.7921e+03	1.8546e-16
5.7952e+03	1.8177e-16
5.7982e+03	1.7878e-16
5.8012e+03	1.7869e-16
5.8043e+03	1.7694e-16
5.8073e+03	1.8108e-16
5.8104e+03	1.7348e-16
5.8134e+03	1.7217e-16
5.8165e+03	1.7326e-16
5.8195e+03	1.7739e-16
5.8225e+03	1.6988e-16
5.8256e+03	1.6665e-16
5.8286e+03	1.6740e-16
5.8317e+03	1.6584e-16
5.8347e+03	1.6322e-16
5.8377e+03	1.6217e-16
5.8408e+03	1.5906e-16
5.8438e+03	1.5806e-16
5.8469e+03	1.5622e-16
5.8499e+03	1.5589e-16
5.8530e+03	1.4988e-16
5.8560e+03	1.5022e-16
5.8590e+03	1.4699e-16
5.8621e+03	1.4503e-16
5.8651e+03	1.4349e-16
5.8682e+03	1.3973e-16
5.8712e+03	1.3835e-16
5.8742e+03	1.3499e-16
5.8773e+03	1.2947e-16
5.8803e+03	1.3080e-16
5.8834e+03	1.3607e-16
5.8864e+03	1.2991e-16
5.8894e+03	1.2785e-16
5.8925e+03	1.2959e-16
5.8955e+03	1.2263e-16
5.8986e+03	1.2650e-16
5.9016e+03	1.2407e-16
5.9047e+03	1.2889e-16
5.9077e+03	1.2431e-16
5.9107e+03	1.2671e-16
5.9138e+03	1.2581e-16
5.9168e+03	1.3369e-16
5.9199e+03	1.2834e-16
5.9229e+03	1.2727e-16
5.9259e+03	1.2584e-16
5.9290e+03	1.2543e-16
5.9320e+03	1.3021e-16
5.9351e+03	1.3155e-16
5.9381e+03	1.3123e-16
5.9412e+03	1.2966e-16
5.9442e+03	1.3260e-16
5.9472e+03	1.3686e-16
5.9503e+03	1.3771e-16
5.9533e+03	1.3392e-16
5.9564e+03	1.3289e-16
5.9594e+03	1.4043e-16
5.9624e+03	1.3624e-16
5.9655e+03	1.3613e-16
5.9685e+03	1.3914e-16
5.9716e+03	1.4141e-16
5.9746e+03	1.3995e-16
5.9776e+03	1.3958e-16
5.9807e+03	1.4748e-16
5.9837e+03	1.4556e-16
5.9868e+03	1.4730e-16
5.9898e+03	1.4731e-16
5.9929e+03	1.4956e-16
5.9959e+03	1.4414e-16
5.9989e+03	1.4437e-16
6.0020e+03	1.4871e-16
6.0050e+03	1.4537e-16
6.0081e+03	1.4670e-16
6.0111e+03	1.4878e-16
6.0141e+03	1.5701e-16
6.0172e+03	1.5706e-16
6.0202e+03	1.5641e-16
6.0233e+03	1.5746e-16
6.0263e+03	1.5519e-16
6.0294e+03	1.5582e-16
6.0324e+03	1.5500e-16
6.0354e+03	1.5922e-16
6.0385e+03	1.6614e-16
6.0415e+03	1.6555e-16
6.0446e+03	1.6814e-16
6.0476e+03	1.7297e-16
6.0506e+03	1.6750e-16
6.0537e+03	1.6903e-16
6.0567e+03	1.6875e-16
6.0598e+03	1.6670e-16
6.0628e+03	1.7231e-16
6.0659e+03	1.6963e-16
6.0689e+03	1.7248e-16
6.0719e+03	1.7306e-16
6.0750e+03	1.7229e-16
6.0780e+03	1.7162e-16
6.0811e+03	1.7101e-16
6.0841e+03	1.7143e-16
6.0871e+03	1.7147e-16
6.0902e+03	1.6959e-16
6.0932e+03	1.7436e-16
6.0963e+03	1.7765e-16
6.0993e+03	1.7515e-16
6.1023e+03	1.7329e-16
6.1054e+03	1.6467e-16
6.1084e+03	1.6647e-16
6.1115e+03	1.6547e-16
6.1145e+03	1.6632e-16
6.1176e+03	1.6716e-16
6.1206e+03	1.6940e-16
6.1236e+03	1.7069e-16
6.1267e+03	1.7296e-16
6.1297e+03	1.7260e-16
6.1328e+03	1.7198e-16
6.1358e+03	1.6362e-16
6.1388e+03	1.6124e-16
6.1419e+03	1.6341e-16
6.1449e+03	1.6443e-16
6.1480e+03	1.6471e-16
6.1510e+03	1.6159e-16
6.1541e+03	1.6308e-16
6.1571e+03	1.5777e-16
6.1601e+03	1.5878e-16
6.1632e+03	1.5788e-16
6.1662e+03	1.5476e-16
6.1693e+03	1.4984e-16
6.1723e+03	1.5344e-16
6.1753e+03	1.5232e-16
6.1784e+03	1.5029e-16
6.1814e+03	1.4609e-16
6.1845e+03	1.3730e-16
6.1875e+03	1.4041e-16
6.1905e+03	1.3993e-16
6.1936e+03	1.3922e-16
6.1966e+03	1.3788e-16
6.1997e+03	1.3351e-16
6.2027e+03	1.2746e-16
6.2058e+03	1.3070e-16
6.2088e+03	1.3126e-16
6.2118e+03	1.2484e-16
6.2149e+03	1.1466e-16
6.2179e+03	1.1301e-16
6.2210e+03	1.1133e-16
6.2240e+03	1.1586e-16
6.2270e+03	1.1096e-16
6.2301e+03	1.0883e-16
6.2331e+03	1.0425e-16
6.2362e+03	1.0445e-16
6.2392e+03	1.0261e-16
6.2423e+03	1.0151e-16
6.2453e+03	9.9816e-17
6.2483e+03	9.3144e-17
6.2514e+03	8.8072e-17
6.2544e+03	8.5899e-17
6.2575e+03	8.6743e-17
6.2605e+03	8.5548e-17
6.2635e+03	8.3223e-17
6.2666e+03	8.4902e-17
6.2696e+03	8.3981e-17
6.2727e+03	8.7149e-17
6.2757e+03	8.6863e-17
6.2787e+03	8.6240e-17
6.2818e+03	8.2707e-17
6.2848e+03	7.9894e-17
6.2879e+03	8.2232e-17
6.2909e+03	8.1440e-17
6.2940e+03	8.0844e-17
6.2970e+03	8.3622e-17
6.3000e+03	8.7799e-17
6.3031e+03	9.5681e-17
6.3061e+03	9.4502e-17
6.3092e+03	9.5885e-17
6.3122e+03	9.8177e-17
6.3152e+03	1.0027e-16
6.3183e+03	9.1069e-17
6.3213e+03	9.8217e-17
6.3244e+03	1.0400e-16
6.3274e+03	1.0384e-16
6.3305e+03	1.0698e-16
6.3335e+03	1.1215e-16
6.3365e+03	1.1364e-16
6.3396e+03	1.1465e-16
6.3426e+03	1.1687e-16
6.3457e+03	1.1740e-16
6.3487e+03	1.1803e-16
6.3517e+03	1.1578e-16
6.3548e+03	1.1448e-16
6.3578e+03	1.2384e-16
6.3609e+03	1.2482e-16
6.3639e+03	1.2272e-16
6.3670e+03	1.2622e-16
6.3700e+03	1.2434e-16
6.3730e+03	1.2504e-16
6.3761e+03	1.3082e-16
6.3791e+03	1.3234e-16
6.3822e+03	1.2774e-16
6.3852e+03	1.3170e-16
6.3882e+03	1.3630e-16
6.3913e+03	1.3560e-16
6.3943e+03	1.3451e-16
6.3974e+03	1.3691e-16
6.4004e+03	1.3971e-16
6.4034e+03	1.3991e-16
6.4065e+03	1.3957e-16
6.4095e+03	1.4306e-16
6.4126e+03	1.4324e-16
6.4156e+03	1.3990e-16
6.4187e+03	1.4263e-16
6.4217e+03	1.4705e-16
6.4247e+03	1.4517e-16
6.4278e+03	1.4525e-16
6.4308e+03	1.4270e-16
6.4339e+03	1.4394e-16
6.4369e+03	1.4539e-16
6.4399e+03	1.4578e-16
6.4430e+03	1.4484e-16
6.4460e+03	1.4056e-16
6.4491e+03	1.4114e-16
6.4521e+03	1.4252e-16
6.4552e+03	1.4613e-16
6.4582e+03	1.4303e-16
6.4612e+03	1.4626e-16
6.4643e+03	1.4380e-16
6.4673e+03	1.3908e-16
6.4704e+03	1.4377e-16
6.4734e+03	1.4531e-16
6.4764e+03	1.4329e-16
6.4795e+03	1.4035e-16
6.4825e+03	1.3959e-16
6.4856e+03	1.3816e-16
6.4886e+03	1.4555e-16
6.4916e+03	1.4551e-16
6.4947e+03	1.4847e-16
6.4977e+03	1.4604e-16
6.5008e+03	1.4597e-16
6.5038e+03	1.4566e-16
6.5069e+03	1.4395e-16
6.5099e+03	1.4864e-16
6.5129e+03	1.4964e-16
6.5160e+03	1.4673e-16
6.5190e+03	1.4935e-16
6.5221e+03	1.5386e-16
6.5251e+03	1.5085e-16
6.5281e+03	1.5283e-16
6.5312e+03	1.5253e-16
6.5342e+03	1.5292e-16
6.5373e+03	1.5184e-16
6.5403e+03	1.5308e-16
6.5434e+03	1.4927e-16
6.5464e+03	1.5019e-16
6.5494e+03	1.5002e-16
6.5525e+03	1.5318e-16
6.5555e+03	1.5353e-16
6.5586e+03	1.4823e-16
6.5616e+03	1.4829e-16
6.5646e+03	1.4893e-16
6.5677e+03	1.4784e-16
6.5707e+03	1.4869e-16
6.5738e+03	1.5218e-16
6.5768e+03	1.4666e-16
6.5798e+03	1.4723e-16
6.5829e+03	1.4521e-16
6.5859e+03	1.4033e-16
6.5890e+03	1.4235e-16
6.5920e+03	1.4427e-16
6.5951e+03	1.3775e-16
6.5981e+03	1.4006e-16
6.6011e+03	1.4015e-16
6.6042e+03	1.3945e-16
6.6072e+03	1.3777e-16
6.6103e+03	1.3930e-16
6.6133e+03	1.3471e-16
6.6163e+03	1.3604e-16
6.6194e+03	1.3185e-16
6.6224e+03	1.3442e-16
6.6255e+03	1.2867e-16
6.6285e+03	1.3419e-16
6.6316e+03	1.3772e-16
6.6346e+03	1.3271e-16
6.6376e+03	1.3685e-16
6.6407e+03	1.3144e-16
6.6437e+03	1.3080e-16
6.6468e+03	1.3772e-16
6.6498e+03	1.4101e-16
6.6528e+03	1.3571e-16
6.6559e+03	1.3528e-16
6.6589e+03	1.3742e-16
6.6620e+03	1.3528e-16
6.6650e+03	1.3925e-16
6.6680e+03	1.4498e-16
6.6711e+03	1.4029e-16
6.6741e+03	1.4161e-16
6.6772e+03	1.4197e-16
6.6802e+03	1.4464e-16
6.6833e+03	1.4387e-16
6.6863e+03	1.4834e-16
6.6893e+03	1.4970e-16
6.6924e+03	1.4469e-16
6.6954e+03	1.4358e-16
6.6985e+03	1.5023e-16
6.7015e+03	1.4590e-16
6.7045e+03	1.4948e-16
6.7076e+03	1.4845e-16
6.7106e+03	1.4620e-16
6.7137e+03	1.4836e-16
6.7167e+03	1.4360e-16
6.7198e+03	1.4338e-16
6.7228e+03	1.4253e-16
6.7258e+03	1.4398e-16
6.7289e+03	1.4214e-16
6.7319e+03	1.3916e-16
6.7350e+03	1.3510e-16
6.7380e+03	1.3468e-16
6.7410e+03	1.3752e-16
6.7441e+03	1.3545e-16
6.7471e+03	1.3173e-16
6.7502e+03	1.3247e-16
6.7532e+03	1.3267e-16
6.7563e+03	1.3075e-16
6.7593e+03	1.3259e-16
6.7623e+03	1.3630e-16
6.7654e+03	1.3186e-16
6.7684e+03	1.3205e-16
6.7715e+03	1.3256e-16
6.7745e+03	1.3031e-16
6.7775e+03	1.3597e-16
6.7806e+03	1.3543e-16
6.7836e+03	1.3109e-16
6.7867e+03	1.3316e-16
6.7897e+03	1.3585e-16
6.7927e+03	1.3550e-16
6.7958e+03	1.3195e-16
6.7988e+03	1.3575e-16
6.8019e+03	1.3473e-16
6.8049e+03	1.3489e-16
6.8080e+03	1.3089e-16
6.8110e+03	1.3513e-16
6.8140e+03	1.2806e-16
6.8171e+03	1.3560e-16
6.8201e+03	1.3307e-16
6.8232e+03	1.2859e-16
6.8262e+03	1.3409e-16
6.8292e+03	1.3376e-16
6.8323e+03	1.2910e-16
6.8353e+03	1.2674e-16
6.8384e+03	1.2668e-16
6.8414e+03	1.3358e-16
6.8445e+03	1.2683e-16
6.8475e+03	1.2330e-16
6.8505e+03	1.2445e-16
6.8536e+03	1.2597e-16
6.8566e+03	1.2812e-16
6.8597e+03	1.2486e-16
6.8627e+03	1.2425e-16
6.8657e+03	1.2645e-16
6.8688e+03	1.2712e-16
6.8718e+03	1.3019e-16
6.8749e+03	1.2842e-16
6.8779e+03	1.2384e-16
6.8809e+03	1.2553e-16
6.8840e+03	1.2891e-16
6.8870e+03	1.2847e-16
6.8901e+03	1.3316e-16
6.8931e+03	1.3440e-16
6.8962e+03	1.3550e-16
6.8992e+03	1.3363e-16
6.9022e+03	1.3514e-16
6.9053e+03	1.3537e-16
6.9083e+03	1.3384e-16
6.9114e+03	1.3481e-16
6.9144e+03	1.3113e-16
6.9174e+03	1.2768e-16
6.9205e+03	1.3184e-16
6.9235e+03	1.3100e-16
6.9266e+03	1.3306e-16
6.9296e+03	1.3453e-16
6.9327e+03	1.3236e-16
6.9357e+03	1.2872e-16
6.9387e+03	1.2691e-16
6.9418e+03	1.2559e-16
6.9448e+03	1.2506e-16
6.9479e+03	1.2305e-16
6.9509e+03	1.2116e-16
6.9539e+03	1.1562e-16
6.9570e+03	1.1558e-16
6.9600e+03	1.1870e-16
6.9631e+03	1.2208e-16
6.9661e+03	1.2162e-16
6.9691e+03	1.1600e-16
6.9722e+03	1.1437e-16
6.9752e+03	1.1101e-16
6.9783e+03	1.0772e-16
6.9813e+03	1.0839e-16
6.9844e+03	1.0676e-16
6.9874e+03	1.0785e-16
6.9904e+03	1.0603e-16
6.9935e+03	1.0010e-16
6.9965e+03	9.9988e-17
6.9996e+03	1.0760e-16
7.0026e+03	1.0580e-16
7.0056e+03	1.0746e-16
7.0087e+03	1.0540e-16
7.0117e+03	1.0010e-16
7.0148e+03	1.0464e-16
7.0178e+03	9.6591e-17
7.0209e+03	1.0051e-16
7.0239e+03	9.9215e-17
7.0269e+03	1.0080e-16
7.0300e+03	1.0463e-16
7.0330e+03	1.0341e-16
7.0361e+03	1.0094e-16
7.0391e+03	1.0163e-16
7.0421e+03	1.0635e-16
7.0452e+03	1.0588e-16
7.0482e+03	1.0377e-16
7.0513e+03	1.0367e-16
7.0543e+03	1.0375e-16
7.0574e+03	1.0427e-16
7.0604e+03	1.0614e-16
7.0634e+03	1.0335e-16
7.0665e+03	1.0334e-16
7.0695e+03	9.9961e-17
7.0726e+03	1.0445e-16
7.0756e+03	1.0579e-16
7.0786e+03	1.0512e-16
7.0817e+03	1.0422e-16
7.0847e+03	1.0298e-16
7.0878e+03	1.0182e-16
7.0908e+03	1.0130e-16
7.0938e+03	9.9860e-17
7.0969e+03	9.9648e-17
7.0999e+03	9.9465e-17
7.1030e+03	9.8365e-17
7.1060e+03	9.6504e-17
7.1091e+03	9.5414e-17
7.1121e+03	9.4508e-17
7.1151e+03	9.6686e-17
7.1182e+03	1.0177e-16
7.1212e+03	1.0192e-16
7.1243e+03	9.7145e-17
7.1273e+03	9.5885e-17
7.1303e+03	9.1954e-17
7.1334e+03	9.1130e-17
7.1364e+03	9.2267e-17
7.1395e+03	9.3451e-17
7.1425e+03	9.4613e-17
7.1456e+03	9.6286e-17
7.1486e+03	9.2244e-17
7.1516e+03	9.5930e-17
7.1547e+03	9.7778e-17
7.1577e+03	9.0762e-17
7.1608e+03	9.6092e-17
7.1638e+03	9.6017e-17
7.1668e+03	9.7051e-17
7.1699e+03	9.6328e-17
7.1729e+03	9.2472e-17
7.1760e+03	9.1064e-17
7.1790e+03	9.5365e-17
7.1820e+03	1.0205e-16
7.1851e+03	9.9806e-17
7.1881e+03	1.0000e-16
7.1912e+03	9.9466e-17
7.1942e+03	1.0178e-16
7.1973e+03	1.0153e-16
7.2003e+03	9.8264e-17
7.2033e+03	9.7252e-17
7.2064e+03	9.6610e-17
7.2094e+03	9.9000e-17
7.2125e+03	9.9904e-17
7.2155e+03	9.8463e-17
7.2185e+03	9.7519e-17
7.2216e+03	1.0163e-16
7.2246e+03	1.0027e-16
7.2277e+03	1.0100e-16
7.2307e+03	1.0296e-16
7.2338e+03	1.0205e-16
7.2368e+03	1.0140e-16
7.2398e+03	9.8226e-17
7.2429e+03	1.0017e-16
7.2459e+03	1.0023e-16
7.2490e+03	1.0089e-16
7.2520e+03	1.0216e-16
7.2550e+03	1.0249e-16
7.2581e+03	1.0566e-16
7.2611e+03	1.0397e-16
7.2642e+03	1.0958e-16
7.2672e+03	1.0856e-16
7.2702e+03	1.0674e-16
7.2733e+03	1.0949e-16
7.2763e+03	1.0532e-16
7.2794e+03	1.0442e-16
7.2824e+03	1.0745e-16
7.2855e+03	1.0817e-16
7.2885e+03	1.0538e-16
7.2915e+03	1.0924e-16
7.2946e+03	1.1097e-16
7.2976e+03	1.0875e-16
7.3007e+03	1.1008e-16
7.3037e+03	1.1197e-16
7.3067e+03	1.0735e-16
7.3098e+03	1.0986e-16
7.3128e+03	1.1069e-16
7.3159e+03	1.0713e-16
7.3189e+03	1.0799e-16
7.3220e+03	1.1179e-16
7.3250e+03	1.0750e-16
7.3280e+03	1.0954e-16
7.3311e+03	1.0665e-16
7.3341e+03	1.0905e-16
7.3372e+03	1.0847e-16
7.3402e+03	1.0875e-16
7.3432e+03	1.0723e-16
7.3463e+03	1.0966e-16
7.3493e+03	1.0535e-16
7.3524e+03	1.0352e-16
7.3554e+03	1.0292e-16
7.3584e+03	1.0462e-16
7.3615e+03	1.0901e-16
7.3645e+03	1.0466e-16
7.3676e+03	1.0337e-16
7.3706e+03	1.0473e-16
7.3737e+03	1.0563e-16
7.3767e+03	9.8467e-17
7.3797e+03	1.0249e-16
7.3828e+03	1.0500e-16
7.3858e+03	1.0188e-16
7.3889e+03	1.0342e-16
7.3919e+03	1.0425e-16
7.3949e+03	1.0214e-16
7.3980e+03	1.0095e-16
7.4010e+03	1.0337e-16
7.4041e+03	1.0467e-16
7.4071e+03	1.0454e-16
7.4102e+03	1.0085e-16
7.4132e+03	1.0671e-16
7.4162e+03	1.0449e-16
7.4193e+03	1.0262e-16
7.4223e+03	1.0352e-16
7.4254e+03	1.0577e-16
7.4284e+03	1.0632e-16
7.4314e+03	1.0386e-16
7.4345e+03	1.0146e-16
7.4375e+03	1.0432e-16
7.4406e+03	1.0379e-16
7.4436e+03	9.8669e-17
7.4467e+03	1.0229e-16
7.4497e+03	9.8140e-17
7.4527e+03	1.0216e-16
7.4558e+03	1.0363e-16
7.4588e+03	1.0367e-16
7.4619e+03	1.0417e-16
7.4649e+03	1.0465e-16
7.4679e+03	1.0202e-16
7.4710e+03	9.8316e-17
7.4740e+03	9.8561e-17
7.4771e+03	9.6449e-17
7.4801e+03	9.7835e-17
7.4831e+03	9.7489e-17
7.4862e+03	9.3983e-17
7.4892e+03	9.4185e-17
7.4923e+03	9.8917e-17
7.4953e+03	9.7669e-17
7.4984e+03	1.0026e-16
7.5014e+03	1.0200e-16
7.5044e+03	9.6925e-17
7.5075e+03	9.9099e-17
7.5105e+03	9.2832e-17
7.5136e+03	9.1017e-17
7.5166e+03	9.4641e-17
7.5196e+03	8.9551e-17
7.5227e+03	9.3513e-17
7.5257e+03	9.5633e-17
7.5288e+03	9.4376e-17
7.5318e+03	9.3446e-17
7.5349e+03	9.6240e-17
7.5379e+03	9.4884e-17
7.5409e+03	9.5860e-17
7.5440e+03	9.5681e-17
7.5470e+03	9.0892e-17
7.5501e+03	8.8971e-17
7.5531e+03	8.5969e-17
7.5561e+03	8.6977e-17
7.5592e+03	9.0167e-17
7.5622e+03	8.9095e-17
7.5653e+03	8.8152e-17
7.5683e+03	8.7119e-17
7.5713e+03	9.0919e-17
7.5744e+03	8.7820e-17
7.5774e+03	8.6436e-17
7.5805e+03	8.5119e-17
7.5835e+03	8.3956e-17
7.5866e+03	7.8211e-17
7.5896e+03	7.7022e-17
7.5926e+03	7.4746e-17
7.5957e+03	7.5905e-17
7.5987e+03	6.9044e-17
7.6018e+03	7.0448e-17
7.6048e+03	7.6044e-17
7.6078e+03	7.5409e-17
7.6109e+03	7.3069e-17
7.6139e+03	7.0286e-17
7.6170e+03	7.1272e-17
7.6200e+03	7.0367e-17
7.6231e+03	6.2366e-17
7.6261e+03	6.1502e-17
7.6291e+03	6.4143e-17
7.6322e+03	6.3231e-17
7.6352e+03	5.9945e-17
7.6383e+03	6.4674e-17
7.6413e+03	6.4238e-17
7.6443e+03	5.8282e-17
7.6474e+03	5.8182e-17
7.6504e+03	5.9572e-17
7.6535e+03	6.3814e-17
7.6565e+03	6.2819e-17
7.6595e+03	6.5180e-17
7.6626e+03	5.7668e-17
7.6656e+03	5.8317e-17
7.6687e+03	5.9824e-17
7.6717e+03	6.1080e-17
7.6748e+03	5.5678e-17
7.6778e+03	5.8440e-17
7.6808e+03	6.3085e-17
7.6839e+03	5.7045e-17
7.6869e+03	6.1005e-17
7.6900e+03	6.1363e-17
7.6930e+03	6.0301e-17
7.6960e+03	5.3339e-17
7.6991e+03	5.7413e-17
7.7021e+03	5.8418e-17
7.7052e+03	5.7854e-17
7.7082e+03	5.1951e-17
7.7113e+03	5.1926e-17
7.7143e+03	5.2841e-17
7.7173e+03	5.2003e-17
7.7204e+03	5.3994e-17
7.7234e+03	5.2944e-17
7.7265e+03	4.9335e-17
7.7295e+03	4.9294e-17
7.7325e+03	4.6396e-17
7.7356e+03	5.0972e-17
7.7386e+03	5.1892e-17
7.7417e+03	4.8488e-17
7.7447e+03	5.3914e-17
7.7478e+03	4.8337e-17
7.7508e+03	4.8099e-17
7.7538e+03	5.0334e-17
7.7569e+03	4.8928e-17
7.7599e+03	4.9559e-17
7.7630e+03	5.3529e-17
7.7660e+03	5.5432e-17
7.7690e+03	5.4344e-17
7.7721e+03	5.6277e-17
7.7751e+03	5.3006e-17
7.7782e+03	5.3835e-17
7.7812e+03	5.9606e-17
7.7842e+03	5.3940e-17
7.7873e+03	6.2154e-17
7.7903e+03	6.3324e-17
7.7934e+03	6.5607e-17
7.7964e+03	6.7214e-17
7.7995e+03	6.4963e-17
7.8025e+03	6.8784e-17
7.8055e+03	6.7162e-17
7.8086e+03	7.5893e-17
7.8116e+03	7.9317e-17
7.8147e+03	7.8493e-17
7.8177e+03	7.9601e-17
7.8207e+03	7.9143e-17
7.8238e+03	8.3880e-17
7.8268e+03	8.6006e-17
7.8299e+03	8.5526e-17
7.8329e+03	8.8066e-17
7.8360e+03	9.0964e-17
7.8390e+03	9.7859e-17
7.8420e+03	9.5999e-17
7.8451e+03	9.4891e-17
7.8481e+03	9.7201e-17
7.8512e+03	1.0244e-16
7.8542e+03	1.0411e-16
7.8572e+03	9.9609e-17
7.8603e+03	1.0098e-16
7.8633e+03	9.9776e-17
7.8664e+03	1.0345e-16
7.8694e+03	1.0561e-16
7.8724e+03	1.0551e-16
7.8755e+03	1.0617e-16
7.8785e+03	1.1109e-16
7.8816e+03	1.1026e-16
7.8846e+03	1.1113e-16
7.8877e+03	1.1443e-16
7.8907e+03	1.1935e-16
7.8937e+03	1.2057e-16
7.8968e+03	1.1290e-16
7.8998e+03	1.1340e-16
7.9029e+03	1.2244e-16
7.9059e+03	1.1775e-16
7.9089e+03	1.1603e-16
7.9120e+03	1.1482e-16
7.9150e+03	1.1234e-16
7.9181e+03	1.2104e-16
7.9211e+03	1.1772e-16
7.9242e+03	1.1645e-16
7.9272e+03	1.2154e-16
7.9302e+03	1.2146e-16
7.9333e+03	1.1895e-16
7.9363e+03	1.1785e-16
7.9394e+03	1.1464e-16
7.9424e+03	1.1547e-16
7.9454e+03	1.1359e-16
7.9485e+03	1.1558e-16
7.9515e+03	1.1071e-16
7.9546e+03	1.0959e-16
7.9576e+03	1.1395e-16
7.9606e+03	1.1553e-16
7.9637e+03	1.1581e-16
7.9667e+03	1.0656e-16
7.9698e+03	1.1078e-16
7.9728e+03	1.0967e-16
7.9759e+03	1.1672e-16
7.9789e+03	1.1480e-16
7.9819e+03	1.1019e-16
7.9850e+03	1.1311e-16
7.9880e+03	1.1006e-16
7.9911e+03	1.0436e-16
7.9941e+03	1.0454e-16
7.9971e+03	1.0687e-16
8.0002e+03	1.0677e-16
8.0032e+03	1.0310e-16
8.0063e+03	1.0338e-16
8.0093e+03	1.0684e-16
8.0124e+03	1.1199e-16
8.0154e+03	1.0512e-16
8.0184e+03	1.0587e-16
8.0215e+03	1.0746e-16
8.0245e+03	1.0044e-16
8.0276e+03	1.0226e-16
8.0306e+03	1.0657e-16
8.0336e+03	1.0593e-16
8.0367e+03	1.0231e-16
8.0397e+03	1.0066e-16
8.0428e+03	9.7540e-17
8.0458e+03	9.9400e-17
8.0489e+03	9.6745e-17
8.0519e+03	9.5481e-17
8.0549e+03	9.5793e-17
8.0580e+03	1.0123e-16
8.0610e+03	1.0163e-16
8.0641e+03	1.0129e-16
8.0671e+03	1.0251e-16
8.0701e+03	9.9628e-17
8.0732e+03	9.1846e-17
8.0762e+03	9.4003e-17
8.0793e+03	9.1541e-17
8.0823e+03	8.9705e-17
8.0853e+03	9.4057e-17
8.0884e+03	9.4752e-17
8.0914e+03	8.8924e-17
8.0945e+03	8.4413e-17
8.0975e+03	8.5540e-17
8.1006e+03	8.6586e-17
8.1036e+03	8.3005e-17
8.1066e+03	8.3149e-17
8.1097e+03	8.5943e-17
8.1127e+03	8.5862e-17
8.1158e+03	8.8184e-17
8.1188e+03	8.8277e-17
8.1218e+03	7.8823e-17
8.1249e+03	7.8053e-17
8.1279e+03	8.1413e-17
8.1310e+03	7.9850e-17
8.1340e+03	7.6840e-17
8.1371e+03	8.0027e-17
8.1401e+03	7.6700e-17
8.1431e+03	8.1733e-17
8.1462e+03	8.1145e-17
8.1492e+03	7.3291e-17
8.1523e+03	7.4108e-17
8.1553e+03	7.6062e-17
8.1583e+03	7.9859e-17
8.1614e+03	7.8711e-17
8.1644e+03	7.9740e-17
8.1675e+03	7.9722e-17
8.1705e+03	7.7991e-17
8.1735e+03	7.9215e-17
8.1766e+03	7.7857e-17
8.1796e+03	7.2806e-17
8.1827e+03	7.1801e-17
8.1857e+03	6.8871e-17
8.1888e+03	7.4637e-17
8.1918e+03	7.3106e-17
8.1948e+03	7.3548e-17
8.1979e+03	7.2587e-17
8.2009e+03	7.3589e-17
8.2040e+03	7.7381e-17
8.2070e+03	7.2212e-17
8.2100e+03	7.4352e-17
8.2131e+03	7.1608e-17
8.2161e+03	7.0514e-17
8.2192e+03	7.3915e-17
8.2222e+03	7.7167e-17
8.2253e+03	7.0865e-17
8.2283e+03	7.2441e-17
8.2313e+03	7.6739e-17
8.2344e+03	6.9682e-17
8.2374e+03	7.1718e-17
8.2405e+03	6.9737e-17
8.2435e+03	7.2612e-17
8.2465e+03	7.2266e-17
8.2496e+03	7.2372e-17
8.2526e+03	7.4076e-17
8.2557e+03	7.3952e-17
8.2587e+03	7.5210e-17
8.2617e+03	7.2838e-17
8.2648e+03	7.0521e-17
8.2678e+03	7.1777e-17
8.2709e+03	6.8208e-17
8.2739e+03	6.8597e-17
8.2770e+03	6.8729e-17
8.2800e+03	6.7842e-17
8.2830e+03	6.5486e-17
8.2861e+03	7.2593e-17
8.2891e+03	7.2892e-17
8.2922e+03	7.0574e-17
8.2952e+03	6.6348e-17
8.2982e+03	6.4602e-17
8.3013e+03	6.4279e-17
8.3043e+03	6.0611e-17
8.3074e+03	6.5747e-17
8.3104e+03	6.7232e-17
8.3135e+03	6.6276e-17
8.3165e+03	6.0137e-17
8.3195e+03	6.1694e-17
8.3226e+03	6.2975e-17
8.3256e+03	5.9607e-17
8.3287e+03	5.6033e-17
8.3317e+03	5.3558e-17
8.3347e+03	5.6401e-17
8.3378e+03	5.1204e-17
8.3408e+03	4.9055e-17
8.3439e+03	4.9689e-17
8.3469e+03	5.2858e-17
8.3499e+03	5.4258e-17
8.3530e+03	4.8064e-17
8.3560e+03	4.4790e-17
8.3591e+03	4.1322e-17
8.3621e+03	4.4030e-17
8.3652e+03	3.9532e-17
8.3682e+03	4.2953e-17
8.3712e+03	4.5889e-17
8.3743e+03	4.5335e-17
8.3773e+03	4.2373e-17
8.3804e+03	4.3818e-17
8.3834e+03	3.8103e-17
8.3864e+03	3.2641e-17
8.3895e+03	3.1936e-17
8.3925e+03	3.5156e-17
8.3956e+03	3.2469e-17
8.3986e+03	3.5036e-17
8.4017e+03	2.9631e-17
8.4047e+03	3.3290e-17
8.4077e+03	3.7393e-17
8.4108e+03	3.5787e-17
8.4138e+03	3.3504e-17
8.4169e+03	2.4434e-17
8.4199e+03	2.6091e-17
8.4229e+03	3.0708e-17
8.4260e+03	2.6785e-17
8.4290e+03	2.9850e-17
8.4321e+03	3.4048e-17
8.4351e+03	2.8211e-17
8.4382e+03	2.4463e-17
8.4412e+03	2.8186e-17
8.4442e+03	2.3317e-17
8.4473e+03	2.3773e-17
8.4503e+03	2.1747e-17
8.4534e+03	2.6554e-17
8.4564e+03	2.5057e-17
8.4594e+03	2.9798e-17
8.4625e+03	2.4234e-17
8.4655e+03	2.3436e-17
8.4686e+03	2.8203e-17
8.4716e+03	2.3166e-17
8.4746e+03	2.1599e-17
8.4777e+03	2.7373e-17
8.4807e+03	2.6417e-17
8.4838e+03	3.0316e-17
8.4868e+03	2.9743e-17
8.4899e+03	2.9660e-17
8.4929e+03	3.0575e-17
8.4959e+03	3.0104e-17
8.4990e+03	2.7334e-17
8.5020e+03	3.1670e-17
8.5051e+03	3.1537e-17
8.5081e+03	2.8864e-17
8.5111e+03	3.0940e-17
8.5142e+03	3.5196e-17
8.5172e+03	3.4764e-17
8.5203e+03	3.4895e-17
8.5233e+03	3.8540e-17
8.5264e+03	3.5197e-17
8.5294e+03	3.7611e-17
8.5324e+03	3.9818e-17
8.5355e+03	4.2459e-17
8.5385e+03	4.8613e-17
8.5416e+03	4.4686e-17
8.5446e+03	4.9593e-17
8.5476e+03	5.1001e-17
8.5507e+03	5.1683e-17
8.5537e+03	5.2456e-17
8.5568e+03	5.1003e-17
8.5598e+03	5.1059e-17
8.5628e+03	5.0257e-17
8.5659e+03	5.0421e-17
8.5689e+03	4.8929e-17
8.5720e+03	5.8303e-17
8.5750e+03	5.8028e-17
8.5781e+03	5.6663e-17
8.5811e+03	5.7624e-17
8.5841e+03	5.6119e-17
8.5872e+03	5.6922e-17
8.5902e+03	5.9123e-17
8.5933e+03	6.1950e-17
8.5963e+03	6.0355e-17
8.5993e+03	6.2717e-17
8.6024e+03	6.1214e-17
8.6054e+03	6.1645e-17
8.6085e+03	6.3874e-17
8.6115e+03	6.1328e-17
8.6146e+03	6.0858e-17
8.6176e+03	6.1651e-17
8.6206e+03	6.2547e-17
8.6237e+03	5.8595e-17
8.6267e+03	6.4578e-17
8.6298e+03	6.6337e-17
8.6328e+03	6.0971e-17
8.6358e+03	6.0029e-17
8.6389e+03	6.8043e-17
8.6419e+03	5.9739e-17
8.6450e+03	6.5380e-17
8.6480e+03	7.0161e-17
8.6510e+03	6.5478e-17
8.6541e+03	5.9439e-17
8.6571e+03	6.0564e-17
8.6602e+03	6.6844e-17
8.6632e+03	6.6300e-17
8.6663e+03	6.2374e-17
8.6693e+03	6.7244e-17
8.6723e+03	7.3226e-17
8.6754e+03	6.7055e-17
8.6784e+03	6.7623e-17
8.6815e+03	6.5675e-17
8.6845e+03	7.3974e-17
8.6875e+03	7.2441e-17
8.6906e+03	7.0298e-17
8.6936e+03	7.9162e-17
8.6967e+03	7.8438e-17
8.6997e+03	6.9080e-17
8.7028e+03	6.9703e-17
8.7058e+03	7.6331e-17
8.7088e+03	7.6299e-17
8.7119e+03	7.4327e-17
8.7149e+03	7.5044e-17
8.7180e+03	7.8443e-17
8.7210e+03	8.3252e-17
8.7240e+03	8.5762e-17
8.7271e+03	7.8587e-17
8.7301e+03	8.0720e-17
8.7332e+03	8.4912e-17
8.7362e+03	8.2180e-17
8.7393e+03	7.8920e-17
8.7423e+03	8.8522e-17
8.7453e+03	8.6785e-17
8.7484e+03	8.4449e-17
8.7514e+03	8.9774e-17
8.7545e+03	8.9672e-17
8.7575e+03	8.7764e-17
8.7605e+03	8.3933e-17
8.7636e+03	8.1227e-17
8.7666e+03	8.0493e-17
8.7697e+03	7.9359e-17
8.7727e+03	8.9139e-17
8.7757e+03	9.1261e-17
8.7788e+03	9.1800e-17
8.7818e+03	8.1370e-17
8.7849e+03	8.6369e-17
8.7879e+03	8.9534e-17
8.7910e+03	8.0611e-17
8.7940e+03	8.0281e-17
8.7970e+03	8.3926e-17
8.8001e+03	8.8442e-17
8.8031e+03	8.6168e-17
8.8062e+03	7.8820e-17
8.8092e+03	8.1453e-17
8.8122e+03	8.4100e-17
8.8153e+03	8.7390e-17
8.8183e+03	8.1259e-17
8.8214e+03	7.4342e-17
8.8244e+03	7.3908e-17
8.8275e+03	7.6975e-17
8.8305e+03	7.5761e-17
8.8335e+03	7.3108e-17
8.8366e+03	7.2018e-17
8.8396e+03	7.0264e-17
8.8427e+03	6.9820e-17
8.8457e+03	7.3179e-17
8.8487e+03	7.1489e-17
8.8518e+03	7.8857e-17
8.8548e+03	7.3018e-17
8.8579e+03	7.2505e-17
8.8609e+03	7.3478e-17
8.8639e+03	7.3759e-17
8.8670e+03	7.0785e-17
8.8700e+03	7.2201e-17
8.8731e+03	6.8530e-17
8.8761e+03	6.7011e-17
8.8792e+03	7.4941e-17
8.8822e+03	6.7936e-17
8.8852e+03	6.7269e-17
8.8883e+03	6.4641e-17
8.8913e+03	7.0328e-17
8.8944e+03	7.5104e-17
8.8974e+03	7.0785e-17
8.9004e+03	6.7195e-17
8.9035e+03	6.3709e-17
8.9065e+03	6.3628e-17
8.9096e+03	7.2886e-17
8.9126e+03	6.4524e-17
8.9157e+03	7.5209e-17
8.9187e+03	7.1524e-17
8.9217e+03	6.5438e-17
8.9248e+03	7.0355e-17
8.9278e+03	6.8138e-17
8.9309e+03	6.7882e-17
8.9339e+03	6.7440e-17
8.9369e+03	6.8398e-17
8.9400e+03	6.2769e-17
8.9430e+03	6.5261e-17
8.9461e+03	6.9168e-17
8.9491e+03	6.9542e-17
8.9521e+03	6.7703e-17
8.9552e+03	6.3335e-17
8.9582e+03	7.0341e-17
8.9613e+03	7.3839e-17
8.9643e+03	6.6423e-17
8.9674e+03	6.5163e-17
8.9704e+03	6.2856e-17
8.9734e+03	6.8489e-17
8.9765e+03	6.7036e-17
8.9795e+03	6.4757e-17
8.9826e+03	6.0094e-17
8.9856e+03	5.9662e-17
8.9886e+03	5.6616e-17
8.9917e+03	6.2009e-17
8.9947e+03	6.2481e-17
8.9978e+03	6.4710e-17
9.0008e+03	6.7035e-17
9.0039e+03	6.1452e-17
9.0069e+03	5.6622e-17
9.0099e+03	5.6390e-17
9.0130e+03	5.9122e-17
9.0160e+03	6.0875e-17
9.0191e+03	5.7926e-17
9.0221e+03	5.7139e-17
9.0251e+03	5.9729e-17
9.0282e+03	5.6189e-17
9.0312e+03	5.7049e-17
9.0343e+03	4.8502e-17
9.0373e+03	4.6070e-17
9.0403e+03	4.4876e-17
9.0434e+03	5.4863e-17
9.0464e+03	4.1148e-17
9.0495e+03	3.8567e-17
9.0525e+03	5.2219e-17
9.0556e+03	4.3116e-17
9.0586e+03	3.9727e-17
9.0616e+03	5.0638e-17
9.0647e+03	4.9357e-17
9.0677e+03	4.2293e-17
9.0708e+03	4.1905e-17
9.0738e+03	3.7653e-17
9.0768e+03	3.9078e-17
9.0799e+03	4.0036e-17
9.0829e+03	4.3772e-17
9.0860e+03	3.6805e-17
9.0890e+03	3.9107e-17
9.0921e+03	3.4247e-17
9.0951e+03	3.8245e-17
9.0981e+03	4.1879e-17
9.1012e+03	3.7615e-17
9.1042e+03	3.7644e-17
9.1073e+03	3.6277e-17
9.1103e+03	3.2074e-17
9.1133e+03	3.6778e-17
9.1164e+03	3.6569e-17
9.1194e+03	3.3047e-17
9.1225e+03	3.9017e-17
9.1255e+03	3.3064e-17
9.1286e+03	3.8473e-17
9.1316e+03	3.1186e-17
9.1346e+03	3.4890e-17
9.1377e+03	3.7641e-17
9.1407e+03	4.2084e-17
9.1438e+03	3.8567e-17
9.1468e+03	3.3743e-17
9.1498e+03	4.1132e-17
9.1529e+03	3.9306e-17
9.1559e+03	3.8845e-17
9.1590e+03	3.7308e-17
9.1620e+03	4.3297e-17
9.1650e+03	5.0001e-17
9.1681e+03	4.8214e-17
9.1711e+03	5.3658e-17
9.1742e+03	4.8934e-17
9.1772e+03	5.3983e-17
9.1803e+03	5.6802e-17
9.1833e+03	5.4789e-17
9.1863e+03	5.0979e-17
9.1894e+03	5.0041e-17
9.1924e+03	4.3455e-17
9.1955e+03	4.4499e-17
9.1985e+03	4.0418e-17
9.2015e+03	4.0615e-17
9.2046e+03	4.0151e-17
9.2076e+03	4.2843e-17
9.2107e+03	3.9526e-17
9.2137e+03	3.8197e-17
9.2168e+03	4.3873e-17
9.2198e+03	4.0086e-17
9.2228e+03	3.7674e-17
9.2259e+03	4.1744e-17
9.2289e+03	4.8707e-17
9.2320e+03	4.8913e-17
9.2350e+03	4.6534e-17
