# Template No.          15: sn2003du (Ia-norm;           -8) ; z= 0.078 +/- 0.005
#redshifted_wavelength[A] flux[arbitraty]
   3638.84839      0.418871611    
   3643.77808      0.422291070    
   3648.71436      0.425881803    
   3653.65747      0.429624230    
   3658.60718      0.433455080    
   3663.56372      0.437280893    
   3668.52637      0.441005051    
   3673.49634      0.444559455    
   3678.47314      0.447932482    
   3683.45605      0.451182216    
   3688.44629      0.454427719    
   3693.44312      0.457818270    
   3698.44653      0.461486429    
   3703.45703      0.465499371    
   3708.47437      0.469823420    
   3713.49829      0.474318862    
   3718.52881      0.478770405    
   3723.56641      0.482951492    
   3728.61084      0.486705512    
   3733.66235      0.490021497    
   3738.71997      0.493075788    
   3743.78516      0.496222347    
   3748.85693      0.499922901    
   3753.93555      0.504632175    
   3759.02100      0.510665059    
   3764.11353      0.518087864    
   3769.21265      0.526672184    
   3774.31860      0.535935938    
   3779.43188      0.545273304    
   3784.55249      0.554146469    
   3789.67944      0.562287211    
   3794.81299      0.569847107    
   3799.95410      0.577439547    
   3805.10229      0.586042285    
   3810.25684      0.596768439    
   3815.41870      0.610552132    
   3820.58765      0.627828240    
   3825.76318      0.648298442    
   3830.94629      0.670858741    
   3836.13599      0.693727016    
   3841.33276      0.714757144    
   3846.53687      0.731867731    
   3851.74780      0.743479431    
   3856.96558      0.748840034    
   3862.19092      0.748143911    
   3867.42285      0.742402613    
   3872.66235      0.733093858    
   3877.90845      0.721682310    
   3883.16211      0.709147453    
   3888.42261      0.695659459    
   3893.69043      0.680508375    
   3898.96558      0.662319005    
   3904.24731      0.639504194    
   3909.53662      0.610832751    
   3914.83276      0.575947106    
   3920.13647      0.535673559    
   3925.44702      0.492018819    
   3930.76489      0.447837532    
   3936.09033      0.406250805    
   3941.42236      0.369973272    
   3946.76172      0.340740919    
   3952.10864      0.319008291    
   3957.46265      0.304011613    
   3962.82397      0.294182688    
   3968.19238      0.287797898    
   3973.56812      0.283665091    
   3978.95142      0.281634480    
   3984.34155      0.282761246    
   3989.73901      0.289049536    
   3995.14429      0.302829176    
   4000.55640      0.325933546    
   4005.97632      0.358915150    
   4011.40308      0.400541037    
   4016.83740      0.447737068    
   4022.27905      0.496034503    
   4027.72852      0.540423036    
   4033.18457      0.576403916    
   4038.64868      0.600967169    
   4044.12012      0.613234401    
   4049.59814      0.614596784    
   4055.08447      0.608313203    
   4060.57788      0.598680973    
   4066.07910      0.590008259    
   4071.58716      0.585663319    
   4077.10303      0.587448239    
   4082.62646      0.595444858    
   4088.15723      0.608337641    
   4093.69556      0.624086499    
   4099.24170      0.640723467    
   4104.79492      0.657023549    
   4110.35547      0.672852695    
   4115.92432      0.689103305    
   4121.50000      0.707262874    
   4127.08350      0.728775978    
   4132.67432      0.754421771    
   4138.27295      0.783920884    
   4143.87891      0.815906703    
   4149.49316      0.848275959    
   4155.11426      0.878809690    
   4160.74365      0.905865908    
   4166.38037      0.928917527    
   4172.02441      0.948754847    
   4177.67676      0.967273951    
   4183.33594      0.986899555    
   4189.00342       1.00980616    
   4194.67822       1.03716552    
   4200.36084       1.06864274    
   4206.05127       1.10229731    
   4211.74902       1.13492489    
   4217.45459       1.16275108    
   4223.16797       1.18228877    
   4228.88916       1.19113410    
   4234.61865       1.18849385    
   4240.35498       1.17532456    
   4246.09961       1.15407097    
   4251.85156       1.12810445    
   4257.61182       1.10102808    
   4263.37988       1.07603824    
   4269.15527       1.05548871    
   4274.93896       1.04073155    
   4280.73047       1.03221226    
   4286.52979       1.02973175    
   4292.33691       1.03274882    
   4298.15137       1.04061198    
   4303.97461       1.05265868    
   4309.80469       1.06818366    
   4315.64355       1.08633912    
   4321.49023       1.10605192    
   4327.34473       1.12603509    
   4333.20703       1.14492571    
   4339.07715       1.16152084    
   4344.95508       1.17503643    
   4350.84180       1.18528557    
   4356.73535       1.19269621    
   4362.63770       1.19813287    
   4368.54785       1.20256531    
   4374.46631       1.20667636    
   4380.39258       1.21054828    
   4386.32666       1.21354091    
   4392.26855       1.21442866    
   4398.21875       1.21177828    
   4404.17725       1.20446372    
   4410.14355       1.19216168    
   4416.11865       1.17565894    
   4422.10107       1.15685511    
   4428.09131       1.13841820    
   4434.09033       1.12317240    
   4440.09717       1.11336899    
   4446.11279       1.11004889    
   4452.13574       1.11268187    
   4458.16650       1.11920381    
   4464.20654       1.12645793    
   4470.25439       1.13093317    
   4476.31055       1.12961125    
   4482.37451       1.12069392    
   4488.44727       1.10402322    
   4494.52783       1.08108234    
   4500.61670       1.05459309    
   4506.71338       1.02782404    
   4512.81885       1.00380337    
   4518.93213      0.984646976    
   4525.05420      0.971167862    
   4531.18408      0.962845623    
   4537.32275      0.958133638    
   4543.46924      0.954984426    
   4549.62451      0.951431036    
   4555.78857      0.946058691    
   4561.95996      0.938252270    
   4568.14014      0.928185582    
   4574.32861      0.916601062    
   4580.52539      0.904485345    
   4586.73145      0.892768085    
   4592.94482      0.882145226    
   4599.16699      0.873070657    
   4605.39795      0.865892529    
   4611.63672      0.861052632    
   4617.88428      0.859241843    
   4624.14062      0.861421764    
   4630.40479      0.868665993    
   4636.67773      0.881846845    
   4642.95850      0.901249766    
   4649.24854      0.926237881    
   4655.54736      0.955087364    
   4661.85352      0.985072494    
   4668.16943       1.01281714    
   4674.49365       1.03485155    
   4680.82617       1.04825699    
   4687.16748       1.05124640    
   4693.51709       1.04354906    
   4699.87549       1.02650642    
   4706.24268       1.00286138    
   4712.61816      0.976290703    
   4719.00244      0.950785697    
   4725.39551      0.930019081    
   4731.79688      0.916818976    
   4738.20752      0.912842989    
   4744.62646      0.918488920    
   4751.05420      0.933022738    
   4757.49023      0.954865575    
   4763.93555      0.981956482    
   4770.38916       1.01210833    
   4776.85156       1.04329705    
   4783.32324       1.07384670    
   4789.80322       1.10250878    
   4796.29199       1.12845397    
   4802.78955       1.15120482    
   4809.29590       1.17054355    
   4815.81104       1.18642271    
   4822.33545       1.19889450    
   4828.86816       1.20807076    
   4835.41016       1.21411431    
   4841.96045       1.21725953    
   4848.52002       1.21785593    
   4855.08838       1.21642005    
   4861.66553       1.21368098    
   4868.25195       1.21059442    
   4874.84717       1.20830750    
   4881.45117       1.20805573    
   4888.06445       1.21099186    
   4894.68604       1.21796191    
   4901.31689       1.22926724    
   4907.95703       1.24446368    
   4914.60547       1.26225495    
   4921.26416       1.28053200    
   4927.93066       1.29658008    
   4934.60693       1.30744600    
   4941.29150       1.31041634    
   4947.98535       1.30352688    
   4954.68848       1.28600347    
   4961.40088       1.25853825    
   4968.12256       1.22332847    
   4974.85303       1.18384540    
   4981.59229       1.14435589    
   4988.34082       1.10926807    
   4995.09863       1.08241022    
   5001.86621       1.06637299    
   5008.64160       1.06203985    
   5015.42725       1.06839895    
   5022.22168       1.08268249    
   5029.02539       1.10082173    
   5035.83838       1.11814678    
   5042.66016       1.13021362    
   5049.49219       1.13361442    
   5056.33252       1.12662387    
   5063.18262       1.10955679    
   5070.04199       1.08476281    
   5076.91016       1.05624342    
   5083.78760       1.02894878    
   5090.67480       1.00786781    
   5097.57178      0.997080088    
   5104.47705      0.998939276    
   5111.39209       1.01355302    
   5118.31689       1.03866613    
   5125.25098       1.06998456    
   5132.19385       1.10188711    
   5139.14697       1.12840116    
   5146.10889       1.14425206    
   5153.08008       1.14578784    
   5160.06152       1.13159561    
   5167.05176       1.10269523    
   5174.05176       1.06227636    
   5181.06104       1.01504958    
   5188.08008      0.966354668    
   5195.10840      0.921220183    
   5202.14600      0.883566201    
   5209.19385      0.855707526    
   5216.25098      0.838229835    
   5223.31738      0.830222905    
   5230.39307      0.829773188    
   5237.47900      0.834567606    
   5244.57422      0.842447162    
   5251.67969      0.851781249    
   5258.79395      0.861596107    
   5265.91797      0.871470928    
   5273.05225      0.881279290    
   5280.19531      0.890894234    
   5287.34863      0.899976790    
   5294.51123      0.907927275    
   5301.68359      0.914019704    
   5308.86621      0.917669594    
   5316.05859      0.918734431    
   5323.26025      0.917731941    
   5330.47168      0.915877342    
   5337.69336      0.914898634    
   5344.92383      0.916663051    
   5352.16553      0.922708452    
   5359.41553      0.933817625    
   5366.67578      0.949769557    
   5373.94629      0.969357550    
   5381.22656      0.990691483    
   5388.51660       1.01171100    
   5395.81641       1.03077495    
   5403.12695       1.04715335    
   5410.44678       1.06126940    
   5417.77588       1.07460403    
   5425.11572       1.08926451    
   5432.46533       1.10732484    
   5439.82422       1.13010955    
   5447.19385       1.15763080    
   5454.57324       1.18834853    
   5461.96289       1.21935284    
   5469.36230       1.24694610    
   5476.77197       1.26750183    
   5484.19141       1.27838504    
   5491.62109       1.27869892    
   5499.06055       1.26964962    
   5506.51025       1.25441658    
   5513.96973       1.23753595    
   5521.43994       1.22392404    
   5528.91992       1.21776855    
   5536.40967       1.22154438    
   5543.90967       1.23539066    
   5551.42041       1.25699520    
   5558.94141       1.28201854    
   5566.47217       1.30495775    
   5574.01270       1.32025564    
   5581.56396       1.32340837    
   5589.12549       1.31183147    
   5596.69727       1.28531456    
   5604.27881       1.24598789    
   5611.87109       1.19783998    
   5619.47363       1.14591706    
   5627.08691       1.09539628    
   5634.70996       1.05072713    
   5642.34326       1.01500750    
   5649.98730      0.989690244    
   5657.64160      0.974632144    
   5665.30566      0.968429804    
   5672.98047      0.968929291    
   5680.66602      0.973782361    
   5688.36182      0.980926394    
   5696.06787      0.988905430    
   5703.78467      0.996992111    
   5711.51172       1.00511682    
   5719.24854       1.01364958    
   5726.99658       1.02310014    
   5734.75537       1.03381026    
   5742.52441       1.04570425    
   5750.30371       1.05814683    
   5758.09424       1.06994021    
   5765.89453       1.07946169    
   5773.70557       1.08492517    
   5781.52734       1.08472633    
   5789.35986       1.07780790    
   5797.20312       1.06397796    
   5805.05664       1.04411101    
   5812.92090       1.02017665    
   5820.79590      0.995064795    
   5828.68115      0.972211301    
   5836.57715      0.955077767    
   5844.48438      0.946567774    
   5852.40186      0.948493063    
   5860.33057      0.961200833    
   5868.26953      0.983450532    
   5876.21924       1.01258290    
   5884.17969       1.04496396    
   5892.15088       1.07662523    
   5900.13379       1.10397494    
   5908.12646       1.12443602    
   5916.13037       1.13687754    
   5924.14551       1.14174974    
   5932.17041       1.14089787    
   5940.20654       1.13710093    
   5948.25439       1.13344204    
   5956.31299       1.13265240    
   5964.38184       1.13657176    
   5972.46143       1.14583826    
   5980.55273       1.15986121    
   5988.65479       1.17706573    
   5996.76807       1.19533038    
   6004.89209       1.21250808    
   6013.02686       1.22689748    
   6021.17285       1.23756325    
   6029.32959       1.24443817    
   6037.49756       1.24820518    
   6045.67676       1.25000608    
   6053.86719       1.25106537    
   6062.06885       1.25232697    
   6070.28027       1.25419891    
   6078.50391       1.25645828    
   6086.73926       1.25833166    
   6094.98438       1.25871944    
   6103.24121       1.25649953    
   6111.50977       1.25083327    
   6119.78906       1.24139822    
   6128.07959       1.22850084    
   6136.38135       1.21304643    
   6144.69482       1.19638467    
   6153.01904       1.18007255    
   6161.35547       1.16560876    
   6169.70166       1.15419745    
   6178.05957       1.14658475    
   6186.42969       1.14299059    
   6194.81055       1.14313722    
   6203.20215       1.14635396    
   6211.60645       1.15172982    
   6220.02100       1.15827680    
   6228.44727       1.16507494    
   6236.88525       1.17138016    
   6245.33398       1.17668450    
   6253.79541       1.18073118    
   6262.26758       1.18349624    
   6270.75098       1.18514669    
   6279.24609       1.18598855    
   6287.75244       1.18641269    
   6296.27100       1.18684280    
   6304.80029       1.18768692    
   6313.34131       1.18929005    
   6321.89453       1.19189143    
   6330.45947       1.19558299    
   6339.03467       1.20027912    
   6347.62256       1.20569944    
   6356.22168       1.21137512    
   6364.83301       1.21668053    
   6373.45508       1.22089398    
   6382.08984       1.22328186    
   6390.73535       1.22319686    
   6399.39307       1.22017133    
   6408.06201       1.21399248    
   6416.74365       1.20473707    
   6425.43652       1.19275177    
   6434.14111       1.17857921    
   6442.85791       1.16283429    
   6451.58594       1.14604735    
   6460.32568       1.12850749    
   6469.07764       1.11013722    
   6477.84131       1.09043932    
   6486.61719       1.06853998    
   6495.40479       1.04333699    
   6504.20459       1.01374161    
   6513.01562      0.978979170    
   6521.83936      0.938890636    
   6530.67432      0.894170880    
   6539.52148      0.846482158    
   6548.38086      0.798397779    
   6557.25195      0.753162861    
   6566.13525      0.714296401    
   6575.03076      0.685098171    
   6583.93750      0.668145716    
   6592.85742      0.664882421    
   6601.78857      0.675383389    
   6610.73242      0.698353767    
   6619.68799      0.731365204    
   6628.65527      0.771289170    
   6637.63623      0.814837575    
   6646.62744      0.859096169    
   6655.63232      0.901941895    
   6664.64844      0.942253709    
   6673.67773      0.979885936    
   6682.71777       1.01541972    
   6691.77197       1.04977131    
   6700.83691       1.08376098    
   6709.91455       1.11776114    
   6719.00488       1.15150905    
   6728.10742       1.18413341    
   6737.22266       1.21437550    
   6746.34863       1.24093962    
   6755.48877       1.26286685    
   6764.64014       1.27982616    
   6773.80518       1.29223597    
   6782.98096       1.30118191    
   6792.16992       1.30815256    
   6801.37158       1.31466556    
   6810.58594       1.32188725    
   6819.81201       1.33035278    
   6829.05078       1.33985543    
   6838.30225       1.34953928    
   6847.56641       1.35815561    
   6856.84277       1.36441243    
   6866.13232       1.36731684    
   6875.43311       1.36641479    
   6884.74805       1.36187410    
   6894.07520       1.35439670    
   6903.41455       1.34500456    
   6912.76660       1.33476865    
   6922.13184       1.32457352    
   6931.50928       1.31497931    
   6940.89941       1.30621767    
   6950.30273       1.29830074    
   6959.71826       1.29119349    
   6969.14600       1.28497326    
   6978.58740       1.27990925    
   6988.04150       1.27642727    
   6997.50830       1.27496505    
   7006.98828       1.27576935    
   7016.48047       1.27870607    
   7025.98584       1.28316534    
   7035.50439       1.28810680    
   7045.03516       1.29225528    
   7054.58008       1.29439890    
   7064.13623       1.29371130    
   7073.70654       1.28999913    
   7083.28955       1.28379560    
   7092.88574       1.27626157    
   7102.49414       1.26890695    
   7112.11621       1.26320899    
   7121.75098       1.26022458    
   7131.39893       1.26030707    
   7141.06006       1.26300919    
   7150.73389       1.26719630    
   7160.42139       1.27134240    
   7170.12207       1.27392507    
   7179.83496       1.27381361    
   7189.56152       1.27054322    
   7199.30176       1.26440728    
   7209.05469       1.25634968    
   7218.82129       1.24769580    
   7228.60059       1.23980558    
   7238.39307       1.23374188    
   7248.19873       1.23004627    
   7258.01807       1.22866714    
   7267.85059       1.22904766    
   7277.69678       1.23032999    
   7287.55566       1.23160589    
   7297.42871       1.23214185    
   7307.31494       1.23151863    
   7317.21436       1.22966135    
   7327.12744       1.22677362    
   7337.05273       1.22321284    
   7346.99268       1.21935880    
   7356.94580       1.21551752    
   7366.91211       1.21188605    
   7376.89209       1.20857012    
   7386.88623       1.20563567    
   7396.89258       1.20315421    
   7406.91406       1.20122015    
   7416.94873       1.19992375    
   7426.99658       1.19929707    
   7437.05811       1.19925451    
   7447.13281       1.19956613    
   7457.22217       1.19988644    
   7467.32373       1.19984150    
   7477.43994       1.19915545    
   7487.56982       1.19777513    
   7497.71387       1.19594944    
   7507.87109       1.19422400    
   7518.04199       1.19334209    
   7528.22705       1.19406986    
   7538.42529       1.19699168    
   7548.63721       1.20233452    
   7558.86377       1.20987785    
   7569.10400       1.21897888    
   7579.35889       1.22871411    
   7589.62598       1.23809707    
   7599.90820       1.24631143    
   7610.20312       1.25289094    
   7620.51367       1.25779366    
   7630.83740       1.26134694    
   7641.17529       1.26408339    
   7651.52637       1.26651859    
   7661.89258       1.26894200    
   7672.27246       1.27128577    
   7682.66553       1.27312028    
   7693.07373       1.27377427    
   7703.49561       1.27254999    
   7713.93164       1.26896763    
   7724.38135       1.26296246    
   7734.84619       1.25497377    
   7745.32422       1.24589419    
   7755.81787       1.23688734    
   7766.32422       1.22912633    
   7776.84521       1.22351837    
   7787.38086       1.22049654    
   7797.93115       1.21993160    
   7808.49463       1.22118545    
   7819.07324       1.22329140    
   7829.66553       1.22520554    
   7840.27295       1.22606301    
   7850.89404       1.22536886    
   7861.52979       1.22308135    
   7872.18066       1.21956944    
   7882.84473       1.21546984    
   7893.52393       1.21148705    
   7904.21729       1.20819926    
   7914.92529       1.20591962    
   7925.64795       1.20464540    
   7936.38477       1.20410168    
   7947.13623       1.20385349    
   7957.90283       1.20345104    
   7968.68262       1.20255911    
   7979.47900       1.20103800    
   7990.28809       1.19895649    
   8001.11279       1.19654226    
   8011.95264       1.19409180    
   8022.80615       1.19187009    
   8033.67432       1.19003415    
   8044.55811       1.18859684    
   8055.45654       1.18744195    
   8066.36914       1.18637443    
   8077.29785       1.18519175    
   8088.24023       1.18374693    
   8099.19678       1.18198943    
   8110.16895       1.17996895    
   8121.15625       1.17780948    
   8132.15820       1.17566144    
   8143.17480       1.17365229    
   8154.20605       1.17184889    
   8165.25293       1.17024398    
   8176.31445       1.16876602    
   8187.39111       1.16731000    
   8198.48242       1.16577327    
   8209.58984       1.16408813    
   8220.71094       1.16223848    
   8231.84863       1.16025925    
   8242.99902       1.15821946    
   8254.16699       1.15619636    
   8265.34863       1.15425062    
   8276.54590       1.15240967    
   8287.75781       1.15066326    
   8298.98633       1.14897084    
   8310.22949       1.14727938    
   8321.48730       1.14554036    
   8332.76074       1.14372516    
   8344.04883       1.14183080    
   8355.35352       1.13987803    
   8366.67188       1.13790071    
   8378.00684       1.13593423    
   8389.35645       1.13400412    
   8400.72168       1.13211977    
   8412.10156       1.13027346    
   8423.49805       1.12844694    
   8434.90918       1.12661731    
   8446.33691       1.12476611    
   8457.77832       1.12288356    
   8469.23730       1.12097049    
   8480.70996       1.11903608    
   8492.19922       1.11709309    
   8503.70312       1.11515355    
   8515.22461       1.11322534    
   8526.75879       1.11131036    
   8538.31055       1.10940599    
   8549.87793       1.10750663    
   8561.46094       1.10560715    
   8573.05957       1.10370350    
   8584.67383       1.10179472    
   8596.30371       1.09988081    
   8607.94922       1.09796369    
   8619.61035       1.09604406    
   8631.28711       1.09412289    
   8642.98047       1.09219980    
   8654.68848       1.09027493    
   8666.41406       1.08834970    
   8678.15430       1.08642530    
   8689.91016       1.08450496    
   8701.68262       1.08259094    
   8713.47168       1.08068454    
   8725.27539       1.07878506    
   8737.09570       1.07688951    
   8748.93262       1.07499409    
   8760.78516       1.07309473    
   8772.65234       1.07118928    
   8784.53711       1.06927776    
   8796.43750       1.06736326    
   8808.35449       1.06545067    
   8820.28809       1.06354523    
   8832.23730       1.06165075    
   8844.20215       1.05976820    
   8856.18262       1.05789578    
   8868.18066       1.05602944    
   8880.19434       1.05416346    
   8892.22559       1.05229330    
   8904.27148       1.05041659    
   8916.33496       1.04853404    
   8928.41309       1.04664898    
   8940.50879       1.04476619    
   8952.62109       1.04289043    
   8964.74902       1.04102480    
   8976.89453       1.03917003    
   8989.05566       1.03732419    
   9001.23242       1.03548300    
   9013.42676       1.03364205    
   9025.63770       1.03179789    
   9037.86426       1.02994943    
   9050.10840       1.02809715    
   9062.36816       1.02624416    
   9074.64648       1.02439380    
   9086.93848       1.02254951    
   9099.25000       1.02071297    
   9111.57715       1.01888430    
   9123.92090       1.01706171    
   9136.28027       1.01524246    
   9148.65820       1.01342404    
   9161.05078       1.01160479    
   9173.46289       1.00978398    
   9185.88965       1.00796258    
   9198.33398       1.00614202    
   9210.79492       1.00432420    
   9223.27344       1.00251079    
   9235.76855       1.00070214    
   9248.28125      0.998898029    
   9260.80762      0.997097850    
   9273.35547      0.995300293    
   9285.91699      0.993504405    
   9298.49707      0.991709888    
   9311.09375      0.989916861    
   9323.70703      0.988125503    
   9336.33984      0.986336529    
   9348.98730      0.984550059    
   9361.65332      0.982765913    
   9374.33496      0.980984271    
   9387.03516      0.979204714    
   9399.75098      0.977427304    
   9412.48633      0.975652158    
   9425.23633      0.973879933    
   9438.00586      0.972110868    
   9450.79102      0.970345557    
   9463.59375      0.968583763    
   9476.41504      0.966824830    
   9489.25293      0.965067923    
   9502.10742      0.963312089    
   9514.98047      0.961556911    
   9527.87012      0.959802389    
   9540.77832      0.958048999    
   9553.70215      0.956298113    
   9566.64648      0.954550803    
   9579.60547      0.952808201    
   9592.58398      0.951070487    
   9605.57910      0.949336946    
   9618.59180      0.947606862    
   9631.62305      0.945878267    
   9644.67090      0.944150090    
   9657.73633      0.942421675    
   9670.82031      0.940693319    
   9683.92090      0.938965857    
   9697.04004      0.937241018    
   9710.17773      0.935520411    
   9723.33105      0.933804870    
   9736.50391      0.932094693    
   9749.69434      0.930389106    
   9762.90234      0.928686678    
   9776.12793      0.926985860    
   9789.37207      0.925285220    
   9802.63379      0.923584342    
   9815.91406      0.921883583    
   9829.21094      0.920184195    
   9842.52832      0.918487549    
   9855.86133      0.916795075    
   9869.21387      0.915107667    
   9882.58301      0.913425267    
   9895.97070      0.911747158    
   9909.37793      0.910072148    
   9922.80176      0.908398926    
   9936.24609      0.906726420    
   9949.70605      0.905054450    
   9963.18555      0.903383255    
   9976.68164      0.901713967    
   9990.19824      0.900047481    
   10003.7324      0.900001645    
   10017.2842      0.899957001    
   10030.8535      0.899913549    
   10044.4434      0.899870872    
   10058.0508      0.899828076    
   10071.6768      0.899784446    
   10085.3203      0.899739563    
   10098.9844      0.899693370    
   10112.6641      0.899646044    
   10126.3652      0.899598122    
   10140.0820      0.899550021    
   10153.8203      0.899502039    
   10167.5752      0.899454355    
   10181.3496      0.899406910    
   10195.1436      0.899359405    
   10208.9541      0.899311960    
   10222.7842      0.899264455    
   10236.6338      0.899216950    
   10250.5020      0.899169683    
   10264.3877      0.899122655    
   10278.2939      0.899075747    
   10292.2178      0.899028540    
   10306.1611      0.898980796    
   10320.1230      0.898932159    
   10334.1035      0.898882568    
   10348.1035      0.898832500    
   10362.1221      0.898782432    
   10376.1592      0.898733258    
   10390.2168      0.898685575    
