5107.119125 5.919612e-18
5109.095588 2.090071e-17
5111.074845 1.965715e-17
5113.053748 1.737499e-17
5115.034294 1.425556e-17
5117.013806 1.673238e-17
5118.998082 1.351844e-17
5120.982839 1.575698e-17
5122.964716 1.543837e-17
5124.949930 1.426202e-17
5126.935640 1.520580e-17
5128.923323 1.522673e-17
5130.910505 1.489759e-17
5132.899478 1.408988e-17
5134.888558 1.433122e-17
5136.878987 1.562607e-17
5138.870991 1.526296e-17
5140.861958 1.369038e-17
5142.856128 1.540680e-17
5144.850515 1.450769e-17
5146.843454 1.418228e-17
5148.839730 1.453757e-17
5150.838010 1.577756e-17
5152.835798 1.452973e-17
5154.835649 1.465146e-17
5156.832713 1.455088e-17
5158.832915 1.396523e-17
5160.834739 1.481550e-17
5162.836760 1.416298e-17
5164.839644 1.367000e-17
5166.843655 1.421933e-17
5168.849212 1.533370e-17
5170.854236 1.441184e-17
5172.861135 1.287598e-17
5174.869724 1.159722e-17
5176.877294 1.357996e-17
5178.886868 1.365301e-17
5180.896408 1.312103e-17
5182.907764 1.308416e-17
5184.920966 1.248697e-17
5186.933390 1.186633e-17
5188.947676 1.330133e-17
5190.961045 1.219525e-17
5192.976902 1.281692e-17
5194.993957 1.310679e-17
5197.010868 1.175092e-17
5199.029119 1.180026e-17
5201.048187 1.192455e-17
5203.068997 1.197996e-17
5205.089654 1.145478e-17
5207.112001 1.087449e-17
5209.129085 1.156724e-17
5211.158281 1.138632e-17
5213.182640 1.075666e-17
5215.207370 1.114173e-17
5217.234570 1.124787e-17
5219.260939 1.185270e-17
5221.289204 1.232939e-17
5223.318584 1.087267e-17
5225.347497 1.122924e-17
5227.380247 1.005734e-17
5229.410335 1.144982e-17
5231.442192 1.189853e-17
5233.475627 1.136313e-17
5235.510770 9.586175e-18
5237.546280 1.114328e-17
5239.581572 1.062653e-17
5241.618150 1.170833e-17
5243.657130 1.107297e-17
5245.695089 1.103132e-17
5247.734279 1.015574e-17
5249.775575 1.013750e-17
5251.816433 1.134073e-17
5253.859344 1.007125e-17
5255.902285 1.040118e-17
5257.944701 1.127821e-17
5259.989760 1.091597e-17
5262.035559 1.103037e-17
5264.081445 1.011890e-17
5266.129964 1.086231e-17
5268.178122 1.063888e-17
5270.226959 9.914016e-18
5272.276693 1.091045e-17
5274.328617 1.025365e-17
5276.379008 1.059942e-17
5278.431949 9.950409e-18
5280.485558 1.133500e-17
5282.540516 1.060718e-17
5284.595472 1.144547e-17
5286.651667 1.205078e-17
5288.708029 1.121570e-17
5290.766317 1.010110e-17
5292.825431 1.154397e-17
5294.883622 1.115755e-17
5296.944331 1.056602e-17
5299.006649 9.217578e-18
5301.068090 1.185239e-17
5303.131938 1.075316e-17
5305.194971 1.144100e-17
5307.260140 1.071807e-17
5309.324981 1.209796e-17
5311.391999 1.128059e-17
5313.460114 9.437456e-18
5315.527609 1.146850e-17
5317.596511 1.138309e-17
5319.666309 1.172061e-17
5321.736738 1.089604e-17
5323.809087 1.158319e-17
5325.882555 1.165242e-17
5327.953371 1.092001e-17
5330.030486 1.144959e-17
5332.102050 9.305365e-18
5334.183002 1.188846e-17
5336.259615 1.324022e-17
5338.332559 1.222986e-17
5340.413303 1.180804e-17
5342.492387 1.125456e-17
5344.573393 1.106462e-17
5346.653139 1.283692e-17
5348.734751 1.172580e-17
5350.816908 1.213356e-17
5352.901027 1.117567e-17
5354.986468 1.234205e-17
5357.069861 1.224708e-17
5359.157713 1.186933e-17
5361.244220 1.216726e-17
5363.331572 1.241982e-17
5365.421489 1.112612e-17
5367.510098 1.197086e-17
5369.600296 1.319459e-17
5371.683707 1.152777e-17
5373.781001 1.306022e-17
5375.876283 1.391850e-17
5377.970869 1.310964e-17
5380.066342 1.239238e-17
5382.160924 1.254975e-17
5384.256586 1.229829e-17
5386.353083 1.102519e-17
5388.451783 1.291383e-17
5390.551242 1.272326e-17
5392.650473 1.299651e-17
5394.751049 1.271201e-17
5396.851284 1.395114e-17
5398.953375 1.238183e-17
5401.056969 1.391828e-17
5403.162063 1.284361e-17
5405.267840 1.284446e-17
5407.370578 1.366733e-17
5409.476434 1.405382e-17
5411.584034 1.404725e-17
5413.691801 1.409132e-17
5415.801627 1.531592e-17
5417.910455 1.419765e-17
5420.021934 1.399469e-17
5422.133262 1.338398e-17
5424.244837 1.450580e-17
5426.358828 1.382753e-17
5428.471409 1.452405e-17
5430.586896 1.350200e-17
5432.701616 1.553869e-17
5434.818946 1.392792e-17
5436.934596 1.472635e-17
5439.053839 1.398300e-17
5441.173293 1.564616e-17
5443.291823 1.514262e-17
5445.411198 1.480358e-17
5447.533972 1.542797e-17
5449.655236 1.617322e-17
5451.781965 1.524891e-17
5453.902791 1.422168e-17
5456.026046 1.543055e-17
5458.151299 1.604175e-17
5460.278074 1.544241e-17
5462.405086 1.687997e-17
5464.532588 1.587826e-17
5466.662294 1.568774e-17
5468.790883 1.547954e-17
5470.920939 1.537999e-17
5473.053283 1.569008e-17
5475.184292 1.567151e-17
5477.316428 1.535405e-17
5479.450608 1.719816e-17
5481.584406 1.588356e-17
5483.721586 1.612754e-17
5485.856293 1.534717e-17
5487.992470 1.671318e-17
5490.130460 1.640549e-17
5492.269728 1.616634e-17
5494.407755 1.590197e-17
5496.548970 1.522306e-17
5498.689325 1.599858e-17
5500.830434 1.619872e-17
5502.973177 1.443696e-17
5505.116747 1.701977e-17
5507.260526 1.604613e-17
5509.406121 1.613667e-17
5511.551149 1.476126e-17
5513.698493 1.619708e-17
5515.845656 1.567671e-17
5517.993773 1.555318e-17
5520.141925 1.526871e-17
5522.292097 1.706120e-17
5524.445322 1.606447e-17
5526.594410 1.674052e-17
5528.746979 1.452899e-17
5530.898578 1.414152e-17
5533.057775 1.392780e-17
5535.207657 1.497449e-17
5537.362701 1.535993e-17
5539.519423 1.534697e-17
5541.668024 1.474053e-17
5543.833859 1.463393e-17
5545.992335 1.540182e-17
5548.151175 1.428896e-17
5550.312384 1.464445e-17
5552.473726 1.478663e-17
5554.635147 1.464032e-17
5556.796529 1.540137e-17
5558.961691 1.475673e-17
5561.125753 1.547877e-17
5563.288851 1.520078e-17
5565.454457 1.517810e-17
5567.620581 1.623983e-17
5569.790025 1.541541e-17
5571.955881 1.516091e-17
5574.128178 1.403613e-17
5576.294463 9.744730e-18
5578.466143 1.767030e-17
5580.637431 6.341740e-18
5582.811314 5.827225e-18
5584.983544 1.475026e-17
5587.157109 1.477654e-17
5589.331565 1.602757e-17
5591.519404 1.558361e-17
5593.690698 2.156374e-17
5595.901921 1.525676e-17
5598.037551 1.557582e-17
5600.214108 1.369719e-17
5602.395213 1.617848e-17
5604.574195 1.313892e-17
5606.754621 1.459414e-17
5608.936738 1.500820e-17
5611.118287 1.559008e-17
5613.302276 1.528184e-17
5615.484883 1.442586e-17
5617.669271 1.512445e-17
5619.855151 1.482860e-17
5622.042574 1.424944e-17
5624.228520 1.432780e-17
5626.416698 1.286052e-17
5628.604169 1.430492e-17
5630.793879 1.416340e-17
5632.985137 1.254530e-17
5635.173856 1.303852e-17
5637.366240 1.353742e-17
5639.559213 1.367273e-17
5641.746603 1.284533e-17
5643.940138 1.223727e-17
5646.141717 1.190490e-17
5648.336061 1.233028e-17
5650.533293 1.233576e-17
5652.729714 1.228332e-17
5654.928252 1.328431e-17
5657.126914 1.149931e-17
5659.323466 1.175829e-17
5661.525543 1.139360e-17
5663.726108 1.151310e-17
5665.928584 1.291639e-17
5668.130712 1.268241e-17
5670.333525 1.170129e-17
5672.538818 1.149746e-17
5674.741851 1.152350e-17
5676.946879 1.125607e-17
5679.154838 1.165414e-17
5681.362521 1.093665e-17
5683.569590 1.226789e-17
5685.777533 1.173254e-17
5687.987182 1.182165e-17
5690.199973 1.072445e-17
5692.408214 1.125886e-17
5694.619026 1.180022e-17
5696.831969 1.118786e-17
5699.045338 1.084795e-17
5701.258490 1.128583e-17
5703.475625 9.947172e-18
5705.688004 1.107338e-17
5707.905006 1.126114e-17
5710.121267 1.146427e-17
5712.341149 1.141212e-17
5714.557315 1.088695e-17
5716.777352 1.197942e-17
5718.998097 1.060882e-17
5721.216922 9.598292e-18
5723.443262 1.147130e-17
5725.661512 1.103459e-17
5727.884174 1.044812e-17
5730.108612 9.539459e-18
5732.332266 1.006039e-17
5734.560361 1.031102e-17
5736.784606 1.014322e-17
5739.010339 1.076404e-17
5741.238540 1.032283e-17
5743.466033 1.089508e-17
5745.696216 1.002013e-17
5747.924106 1.052787e-17
5750.155049 9.726405e-18
5752.387413 1.008447e-17
5754.619672 1.090219e-17
5756.851246 1.065513e-17
5759.085148 9.383362e-18
5761.318822 1.160981e-17
5763.553011 1.034573e-17
5765.790795 1.064447e-17
5768.026678 1.042282e-17
5770.262179 9.919811e-18
5772.501802 9.271772e-18
5774.740134 9.171875e-18
5776.978965 8.663307e-18
5779.219916 8.522348e-18
5781.459584 9.388543e-18
5783.702008 1.033014e-17
5785.944038 9.147470e-18
5788.186826 9.093356e-18
5790.429856 8.875901e-18
5792.677073 1.047596e-17
5794.920388 1.011665e-17
5797.166917 9.881299e-18
5799.413994 8.887772e-18
5801.660707 9.686537e-18
5803.909616 9.760671e-18
5806.158682 9.162471e-18
5808.406844 1.067430e-17
5810.658108 9.088115e-18
5812.909979 8.914139e-18
5815.162052 9.398590e-18
5817.405236 8.614939e-18
5819.667341 9.756651e-18
5821.920229 1.024258e-17
5824.175531 9.815983e-18
5826.432916 1.018222e-17
5828.687949 9.459164e-18
5830.946144 9.198668e-18
5833.205927 1.012064e-17
5835.461060 1.013732e-17
5837.720854 9.556299e-18
5839.980288 8.809163e-18
5842.241246 9.361063e-18
5844.502439 9.789081e-18
5846.765774 9.681589e-18
5849.027780 9.623719e-18
5851.289447 9.510559e-18
5853.548260 8.814723e-18
5855.815182 9.203491e-18
5858.079453 9.124863e-18
5860.351218 1.030937e-17
5862.619692 8.298829e-18
5864.886841 8.527915e-18
5867.155260 8.722010e-18
5869.425917 8.782504e-18
5871.696333 9.370580e-18
5873.963944 8.526454e-18
5876.237262 9.984280e-18
5878.508037 8.312954e-18
5880.782990 9.473437e-18
5883.054574 8.742191e-18
5885.328291 1.058157e-17
5887.603949 8.881471e-18
5889.880089 9.626100e-18
5892.156253 8.390226e-18
5894.434870 7.740627e-18
5896.711563 7.904231e-18
5898.990716 7.293193e-18
5901.271522 8.219776e-18
5903.548945 8.272711e-18
5905.830637 8.010768e-18
5908.112223 8.482004e-18
5910.393396 8.115784e-18
5912.676936 6.859644e-18
5914.960084 8.198417e-18
5917.244475 9.166337e-18
5919.529842 9.339916e-18
5921.815273 7.612052e-18
5924.100369 8.955075e-18
5926.388434 9.624360e-18
5928.677627 8.597584e-18
5930.964085 9.788616e-18
5933.253190 9.087115e-18
5935.543112 9.692144e-18
5937.834840 8.578815e-18
5940.125318 9.947510e-18
5942.418096 9.366594e-18
5944.708923 8.868250e-18
5947.003190 1.025296e-17
5949.298126 8.550822e-18
5951.591472 1.022220e-17
5953.887826 9.155531e-18
5956.183917 9.401945e-18
5958.481428 1.026097e-17
5960.778954 1.080462e-17
5963.076708 1.096476e-17
5965.374566 9.846773e-18
5967.675482 1.113752e-17
5969.975077 1.036447e-17
5972.276355 9.004786e-18
5974.578810 1.038130e-17
5976.880541 9.704013e-18
5979.182443 9.096695e-18
5981.488953 9.621970e-18
5983.791006 9.449946e-18
5986.096547 1.000129e-17
5988.402605 9.903199e-18
5990.710202 9.066262e-18
5993.015695 1.055258e-17
5995.324677 8.419710e-18
5997.633484 9.869204e-18
5999.942175 8.874394e-18
6002.256425 8.645800e-18
6004.563375 1.015939e-17
6006.874950 8.565030e-18
6009.185795 9.679046e-18
6011.500477 9.050347e-18
6013.811725 8.158729e-18
6016.125284 8.444862e-18
6018.442460 9.316189e-18
6020.756572 9.527666e-18
6023.072644 8.835681e-18
6025.386749 9.574799e-18
6027.709222 8.599795e-18
6030.025717 8.043042e-18
6032.344557 8.451503e-18
6034.663222 9.181262e-18
6036.983063 9.295148e-18
6039.304976 8.115344e-18
6041.627784 8.266705e-18
6043.949938 8.237568e-18
6046.271933 8.868061e-18
6048.594057 8.523372e-18
6050.921547 7.278268e-18
6053.244396 9.509545e-18
6055.569212 9.269578e-18
6057.896154 9.740954e-18
6060.224282 9.830638e-18
6062.550505 9.538382e-18
6064.877865 8.994713e-18
6067.209066 9.475007e-18
6069.537503 8.358847e-18
6071.868398 8.266785e-18
6074.199271 8.929957e-18
6076.530675 9.226826e-18
6078.862826 8.866659e-18
6081.196622 8.045856e-18
6083.527011 8.696079e-18
6085.864196 9.383851e-18
6088.198948 8.657234e-18
6090.534915 9.096010e-18
6092.871097 8.499421e-18
6095.207720 9.888279e-18
6097.546202 9.187746e-18
6099.883808 8.764080e-18
6102.222600 9.323302e-18
6104.562691 9.760704e-18
6106.904118 8.881996e-18
6109.243752 9.155171e-18
6111.585024 9.682105e-18
6113.927981 8.841243e-18
6116.271224 1.032169e-17
6118.614328 9.246834e-18
6120.956711 9.395833e-18
6123.303881 9.338350e-18
6125.648997 9.912132e-18
6127.994709 9.894508e-18
6130.341132 9.717067e-18
6132.690279 8.965687e-18
6135.038235 1.090076e-17
6137.386208 9.934574e-18
6139.736261 9.679801e-18
6142.086771 1.005437e-17
6144.437184 1.082300e-17
6146.788816 9.812046e-18
6149.149106 9.481339e-18
6151.493620 1.043290e-17
6153.846508 1.034280e-17
6156.201257 9.981034e-18
6158.555456 1.083632e-17
6160.911557 1.061291e-17
6163.265989 1.010926e-17
6165.623217 1.100376e-17
6167.981259 1.028939e-17
6170.338408 1.176626e-17
6172.697845 1.196531e-17
6175.057049 1.134205e-17
6177.416625 1.081267e-17
6179.776359 1.097580e-17
6182.139031 1.127436e-17
6184.500610 1.178128e-17
6186.862738 1.092508e-17
6189.223656 1.215097e-17
6191.589618 1.149858e-17
6193.953483 1.207854e-17
6196.319400 1.153551e-17
6198.684376 1.220925e-17
6201.052029 1.191357e-17
6203.417367 1.266950e-17
6205.786396 1.191798e-17
6208.153654 1.143421e-17
6210.522439 1.211176e-17
6212.892743 1.214523e-17
6215.261794 1.283829e-17
6217.633787 1.235422e-17
6220.004694 1.177972e-17
6222.376395 1.285816e-17
6224.749428 1.167419e-17
6227.123262 1.175237e-17
6229.495914 1.198708e-17
6231.871785 1.206993e-17
6234.245656 1.214652e-17
6236.622314 1.255555e-17
6238.998952 1.106726e-17
6241.376230 1.074160e-17
6243.753467 1.196855e-17
6246.131878 1.165636e-17
6248.511687 1.172847e-17
6250.891599 1.179783e-17
6253.269650 1.132624e-17
6255.652651 1.145600e-17
6258.033081 1.251295e-17
6260.416331 1.121718e-17
6262.798371 1.236972e-17
6265.181863 1.251538e-17
6267.565261 1.118759e-17
6269.951971 1.161804e-17
6272.336624 1.189968e-17
6274.721458 1.006406e-17
6277.108468 1.042377e-17
6279.495464 1.146927e-17
6281.883818 1.127994e-17
6284.271245 1.144165e-17
6286.660259 1.088047e-17
6289.050738 1.148316e-17
6291.440576 1.112514e-17
6293.828765 1.321814e-17
6296.220603 1.381431e-17
6298.615155 9.509399e-18
6301.007306 1.085651e-17
6303.401452 1.002336e-17
6305.797984 1.073240e-17
6308.190402 1.215914e-17
6310.586190 1.252051e-17
6312.981126 1.178620e-17
6315.377028 1.102349e-17
6317.774196 1.241019e-17
6320.171744 1.194475e-17
6322.571190 1.108016e-17
6324.969754 1.195117e-17
6327.368395 1.123851e-17
6329.768373 1.115428e-17
6332.171586 1.068670e-17
6334.570830 1.187299e-17
6336.973158 1.179082e-17
6339.375980 1.130649e-17
6341.779238 1.098231e-17
6344.181569 1.176252e-17
6346.586948 1.101986e-17
6348.991364 1.148072e-17
6351.396635 1.083336e-17
6353.803210 1.101062e-17
6356.209387 1.021259e-17
6358.616335 1.251323e-17
6361.025697 8.386613e-18
6363.434828 1.119271e-17
6365.843775 1.367758e-17
6368.254748 8.459868e-18
6370.663382 9.929381e-18
6373.076788 9.591834e-18
6375.485986 8.201270e-18
6377.899539 8.923890e-18
6380.312242 9.512770e-18
6382.724697 8.966584e-18
6385.140254 9.383923e-18
6387.554047 7.926101e-18
6389.969652 8.814800e-18
6392.385973 7.780468e-18
6394.801896 8.309000e-18
6397.218219 8.722748e-18
6399.636695 7.100248e-18
6402.054560 8.039654e-18
6404.474326 7.283613e-18
6406.892670 8.692853e-18
6409.313183 7.301267e-18
6411.734055 8.229813e-18
6414.154709 7.395093e-18
6416.577488 8.102452e-18
6418.999571 7.614488e-18
6421.422031 7.073303e-18
6423.845886 7.276815e-18
6426.270459 8.514185e-18
6428.695507 7.926637e-18
6431.120236 8.522641e-18
6433.545747 7.265500e-18
6435.973701 7.440302e-18
6438.399567 8.669783e-18
6440.827389 8.322615e-18
6443.255788 8.206848e-18
6445.685023 8.482753e-18
6448.114300 7.672853e-18
6450.543467 7.771571e-18
6452.975101 8.387995e-18
6455.406364 8.521534e-18
6457.838759 8.845214e-18
6460.269826 7.679761e-18
6462.703511 7.706401e-18
6465.137916 9.192315e-18
6467.570253 9.066142e-18
6470.006624 8.180630e-18
6472.443362 8.290672e-18
6474.876964 8.418218e-18
6477.314604 8.566856e-18
6479.750537 7.844878e-18
6482.187439 8.507148e-18
6484.637470 8.356097e-18
6487.079447 9.419569e-18
6489.505927 9.528668e-18
6491.944803 8.140133e-18
6494.384886 9.468548e-18
6496.812918 8.906786e-18
6499.268139 9.002478e-18
6501.711450 8.167448e-18
6504.154090 8.243605e-18
6506.596514 9.519048e-18
6509.042345 8.384777e-18
6511.485867 8.773013e-18
6513.931092 8.666339e-18
6516.376307 9.315149e-18
6518.823491 8.520415e-18
6521.269281 9.504535e-18
6523.717612 9.271337e-18
6526.165010 8.469177e-18
6528.613479 8.883908e-18
6531.062622 9.249430e-18
6533.512955 1.002540e-17
6535.963056 8.574914e-18
6538.414013 8.705440e-18
6540.863446 8.312300e-18
6543.317100 8.251355e-18
6545.770141 9.085220e-18
6548.224043 8.842641e-18
6550.676219 8.866154e-18
6553.131237 8.262645e-18
6555.585077 8.720590e-18
6558.041591 9.011366e-18
6560.497557 8.624525e-18
6562.953451 8.994092e-18
6565.410372 8.006811e-18
6567.868906 9.154294e-18
6570.326499 8.077139e-18
6572.785251 8.264284e-18
6575.244869 7.858729e-18
6577.715864 8.444620e-18
6580.165492 7.550677e-18
6582.626342 8.758801e-18
6585.087476 8.511883e-18
6587.555483 8.648113e-18
6590.012858 7.880572e-18
6592.474541 7.382984e-18
6594.939400 7.043970e-18
6597.404797 8.328479e-18
6599.867624 7.138149e-18
6602.335406 6.963895e-18
6604.800317 7.019319e-18
6607.266673 7.186591e-18
6609.733073 7.905169e-18
6612.202155 6.718203e-18
6614.670245 7.030162e-18
6617.138843 6.795612e-18
6619.602096 6.717288e-18
6622.077766 6.308414e-18
6624.547799 6.908242e-18
6627.019262 6.982375e-18
6629.491715 6.608560e-18
6631.964540 6.152879e-18
6634.435362 6.659298e-18
6636.902942 6.174173e-18
6639.384520 6.797101e-18
6641.857291 6.663215e-18
6644.331493 6.599279e-18
6646.808980 6.695231e-18
6649.283220 6.950052e-18
6651.759743 6.820622e-18
6654.237273 7.002646e-18
6656.716875 8.000910e-18
6659.192062 7.896547e-18
6661.671350 7.232099e-18
6664.151497 8.140302e-18
6666.629984 7.335020e-18
6669.110490 7.539799e-18
6671.591091 7.622278e-18
6674.073520 8.393860e-18
6676.554381 8.492461e-18
6679.036843 8.683239e-18
6681.520314 8.763184e-18
6684.004915 8.010163e-18
6686.487643 8.844734e-18
6688.972941 8.272440e-18
6691.458051 7.462341e-18
6693.943189 7.668249e-18
6696.429848 8.184660e-18
6698.916895 8.540348e-18
6701.403696 8.542255e-18
6703.892298 8.944902e-18
6706.379826 8.573330e-18
6708.868988 9.274374e-18
6711.359020 9.049288e-18
6713.848189 9.592054e-18
6716.339498 9.473240e-18
6718.830194 9.116489e-18
6721.322003 9.459529e-18
6723.813488 9.203418e-18
6726.306640 9.314761e-18
6728.800373 9.827696e-18
6731.293266 8.665081e-18
6733.787954 9.406650e-18
6736.282238 8.993362e-18
6738.778322 9.538582e-18
6741.272730 9.979588e-18
6743.770534 1.003718e-17
6746.267552 9.617831e-18
6748.764781 1.004084e-17
6751.261950 9.829605e-18
6753.761474 9.036403e-18
6756.259505 9.886308e-18
6758.759594 9.822795e-18
6761.259537 9.542308e-18
6763.760015 1.040316e-17
6766.261001 8.921116e-18
6768.763355 1.000610e-17
6771.265094 9.126944e-18
6773.767501 1.018433e-17
6776.270602 1.002411e-17
6778.783274 8.670557e-18
6781.278483 9.671357e-18
6783.783882 9.607269e-18
6786.289251 9.539142e-18
6788.794958 9.898300e-18
6791.300665 9.986573e-18
6793.808012 9.540014e-18
6796.315276 9.304416e-18
6798.822856 8.458929e-18
6801.332717 9.933622e-18
6803.840521 9.179141e-18
6806.349820 9.678456e-18
6808.859280 9.613045e-18
6811.370539 9.717317e-18
6813.881150 8.177551e-18
6816.393472 9.741296e-18
6818.904531 9.115463e-18
6821.417307 9.420923e-18
6823.930728 9.764464e-18
6826.443220 8.960269e-18
6828.957893 9.439579e-18
6831.473004 1.044138e-17
6833.987673 8.971513e-18
6836.503139 8.922438e-18
6839.024672 4.944862e-18
6841.527902 8.221506e-18
6844.053387 9.931996e-18
6846.570561 9.001986e-18
6849.089143 8.984295e-18
6851.608436 8.651655e-18
6854.126776 8.588312e-18
6856.647819 8.172769e-18
6859.165375 8.923541e-18
6861.687710 9.291065e-18
6864.209094 7.996474e-18
6866.730455 8.150951e-18
6869.253653 6.394201e-18
6871.775673 6.514319e-18
6874.298984 6.789217e-18
6876.822950 6.612987e-18
6879.347600 8.433258e-18
6881.871329 7.372859e-18
6884.397032 8.622940e-18
6886.923795 7.104568e-18
6889.449235 7.827938e-18
6891.951194 7.352808e-18
6894.503951 7.855843e-18
6897.030712 7.790372e-18
6899.558973 7.004333e-18
6902.088783 7.961054e-18
6904.616611 7.929762e-18
6907.147611 7.891033e-18
6909.677393 7.253978e-18
6912.208400 7.860280e-18
6914.738737 7.792246e-18
6917.272122 8.317052e-18
6919.803362 7.635641e-18
6922.335742 8.048799e-18
6924.869766 8.083940e-18
6927.403463 7.665506e-18
6929.937731 8.533847e-18
6932.472733 7.318958e-18
6935.006815 7.926343e-18
6937.543160 8.560366e-18
6940.079378 9.049072e-18
6942.615649 7.951011e-18
6945.152835 7.313855e-18
6947.691660 8.077855e-18
6950.229295 8.480040e-18
6952.769122 7.644002e-18
6955.308346 9.047912e-18
6957.847207 8.238951e-18
6960.392131 7.238653e-18
6962.928638 7.823339e-18
6965.469089 7.560196e-18
6968.010030 7.520042e-18
6970.552747 7.606292e-18
6973.094329 7.808288e-18
6975.639267 8.126085e-18
6978.180831 8.616453e-18
6980.725656 6.475235e-18
6983.270795 8.042310e-18
6985.815868 8.668192e-18
6988.360312 7.511848e-18
6990.907811 7.964220e-18
6993.453357 8.292282e-18
6996.000422 8.111363e-18
6998.547705 8.258027e-18
7001.095149 8.029032e-18
7003.644516 8.075718e-18
7006.193493 7.896895e-18
7008.742657 8.229660e-18
7011.292484 7.510862e-18
7013.842864 8.085955e-18
7016.394364 8.445893e-18
7018.944858 7.285697e-18
7021.496639 8.679294e-18
7024.050275 8.101510e-18
7026.600263 8.312177e-18
7029.153791 8.299672e-18
7031.710036 8.534417e-18
7034.262898 8.596952e-18
7036.819977 9.009508e-18
7039.373060 7.910835e-18
7041.928578 8.082959e-18
7044.483289 8.861380e-18
7047.041705 8.156210e-18
7049.598113 7.895901e-18
7052.156542 7.671749e-18
7054.713465 9.428777e-18
7057.272815 8.111413e-18
7059.831284 9.095322e-18
7062.390566 9.086910e-18
7064.950643 8.844986e-18
7067.511324 9.164426e-18
7070.072006 8.621552e-18
7072.632706 8.215379e-18
7075.194601 9.101238e-18
7077.757049 8.990950e-18
7080.320139 8.511950e-18
7082.882851 8.969520e-18
7085.446651 8.707496e-18
7088.010796 9.575889e-18
7090.576653 8.431773e-18
7093.140205 8.931319e-18
7095.706242 9.052831e-18
7098.272770 9.125951e-18
7100.838012 8.675521e-18
7103.405641 9.448639e-18
7105.972974 9.561878e-18
7108.541205 9.186487e-18
7111.108641 8.841725e-18
7113.677892 8.777396e-18
7116.247631 9.900792e-18
7118.816690 8.665653e-18
7121.386724 9.152099e-18
7123.958033 9.348279e-18
7126.528563 8.338999e-18
7129.100283 9.172309e-18
7131.672701 8.698432e-18
7134.244683 8.276964e-18
7136.817831 8.213090e-18
7139.391715 8.778675e-18
7141.964348 8.452473e-18
7144.540186 9.372965e-18
7147.114197 9.166502e-18
7149.690146 8.200028e-18
7152.264900 8.738935e-18
7154.840254 9.627335e-18
7157.418333 8.752871e-18
7159.995481 8.717086e-18
7162.573290 9.132616e-18
7165.150502 8.081351e-18
7167.729412 8.567536e-18
7170.307946 8.318175e-18
7172.887687 7.695672e-18
7175.467319 8.186881e-18
7178.047038 8.523454e-18
7180.628502 8.384303e-18
7183.209993 7.843232e-18
7185.789542 7.488599e-18
7188.373166 7.587993e-18
7190.956720 7.916952e-18
7193.537569 7.573999e-18
7196.122429 7.299491e-18
7198.706197 8.301035e-18
7201.290959 8.107737e-18
7203.876177 7.598998e-18
7206.460416 7.697624e-18
7209.046130 7.863129e-18
7211.631793 7.761500e-18
7214.219291 7.748666e-18
7216.807075 8.227551e-18
7219.394462 8.391114e-18
7221.981190 8.606407e-18
7224.570291 8.285572e-18
7227.159093 8.424984e-18
7229.748272 7.018690e-18
7232.337906 7.891103e-18
7234.927943 8.785795e-18
7237.518529 7.202697e-18
7240.109282 9.026887e-18
7242.700837 6.810174e-18
7245.293603 6.665331e-18
7247.885619 8.519000e-18
7250.479117 7.388803e-18
7253.069948 7.291917e-18
7255.665757 9.221177e-18
7258.260701 7.583060e-18
7260.854592 7.527448e-18
7263.449940 7.902323e-18
7266.045059 7.789392e-18
7268.640976 7.659051e-18
7271.236762 8.844677e-18
7273.834325 8.094445e-18
7276.431258 6.730061e-18
7279.029104 8.988555e-18
7281.628026 7.344539e-18
7284.226684 8.360431e-18
7286.824415 8.016526e-18
7289.424561 8.391408e-18
7292.024562 6.551918e-18
7294.624900 8.275553e-18
7297.223282 7.146358e-18
7299.826323 7.451874e-18
7302.428312 7.244727e-18
7305.031171 7.882582e-18
7307.632927 7.750418e-18
7310.236100 6.976521e-18
7312.839033 7.978762e-18
7315.443151 6.300224e-18
7318.047494 7.576343e-18
7320.651894 7.013377e-18
7323.257804 7.099975e-18
7325.862188 7.835392e-18
7328.469453 6.684309e-18
7331.075069 8.094835e-18
7333.682234 6.812258e-18
7336.289635 6.918425e-18
7338.896620 6.804505e-18
7341.505164 7.968882e-18
7344.113957 5.600841e-18
7346.723075 5.721537e-18
7349.332762 6.486708e-18
7351.942640 6.055719e-18
7354.552519 6.651937e-18
7357.168866 5.913383e-18
7359.774485 5.945968e-18
7362.385358 4.448430e-18
7364.998413 5.016482e-18
7367.609854 4.068842e-18
7370.223025 4.812484e-18
7372.836632 4.591037e-18
7375.450396 4.604609e-18
7378.065135 4.333411e-18
7380.678641 3.491413e-18
7383.294505 3.838668e-18
7385.908495 3.804978e-18
7388.524903 3.596932e-18
7391.141504 4.065611e-18
7393.757362 4.276478e-18
7396.374652 3.630003e-18
7398.992918 3.475047e-18
7401.610906 4.762594e-18
7404.229206 3.943792e-18
7406.848036 4.138667e-18
7409.467741 3.594425e-18
7412.086596 2.651474e-18
7414.706852 2.256782e-18
7417.326825 3.048002e-18
7419.947484 3.577256e-18
7422.569627 2.329047e-18
7425.190839 3.544185e-18
7427.813245 3.190318e-18
7430.435796 3.405396e-18
7433.058650 2.657287e-18
7435.681874 3.045755e-18
7438.306069 3.562498e-18
7440.929827 3.600500e-18
7443.493959 1.372202e-18
7446.118324 2.473872e-18
7448.744096 2.526112e-18
7451.429614 3.333744e-18
7454.057620 3.520042e-18
7456.684296 3.271773e-18
7459.310685 2.781758e-18
7461.939072 2.863939e-18
7464.567255 4.134312e-18
7467.195019 3.200131e-18
7469.823795 4.162828e-18
7472.453657 3.374795e-18
7475.083510 3.834060e-18
7477.713000 3.590214e-18
7480.343494 4.193837e-18
7482.973603 2.634503e-18
7485.605770 3.078401e-18
7488.237435 3.888813e-18
7490.869806 4.908975e-18
7493.501232 3.333836e-18
7496.135313 3.540814e-18
7498.768319 3.634883e-18
7501.401384 4.252360e-18
7504.036439 5.268091e-18
7506.670219 4.471513e-18
7509.305492 5.040109e-18
7511.940698 5.106111e-18
7514.572630 4.509619e-18
7517.212668 4.746863e-18
7519.849151 5.054940e-18
7522.485991 5.978731e-18
7525.123951 6.313193e-18
7527.761333 5.002247e-18
7530.399629 6.064556e-18
7533.038563 5.514073e-18
7535.677244 5.378071e-18
7538.316378 5.948634e-18
7540.955947 5.979788e-18
7543.596989 5.803880e-18
7546.237019 5.779432e-18
7548.877674 6.432404e-18
7551.519204 6.646583e-18
7554.162462 6.088174e-18
7556.803650 6.772513e-18
7559.445875 6.188165e-18
7562.089560 6.820420e-18
7564.733579 6.506362e-18
7567.376872 6.825528e-18
7570.019781 6.800249e-18
7572.665087 5.092198e-18
7575.310395 6.876134e-18
7577.956043 6.455337e-18
7580.601791 6.811710e-18
7583.247467 6.783075e-18
7585.894694 6.867434e-18
7588.541190 6.113746e-18
7591.188528 6.459311e-18
7593.837339 6.009445e-18
7596.484686 4.417033e-18
7599.133914 2.549461e-18
7601.782583 2.375312e-18
7604.430804 1.657173e-18
7607.082082 1.749624e-18
7609.731742 2.185871e-18
7612.382175 2.790754e-18
7615.032889 3.451422e-18
7617.684492 5.323949e-18
7620.336765 4.857117e-18
7622.988162 4.008142e-18
7625.641144 4.018302e-18
7628.294378 3.624977e-18
7630.947172 4.129337e-18
7633.601060 4.268346e-18
7636.255571 3.596233e-18
7638.909163 4.460390e-18
7641.564719 4.368958e-18
7644.222717 4.264129e-18
7646.875203 5.019702e-18
7649.531653 4.856394e-18
7652.188009 5.273815e-18
7654.844659 5.369922e-18
7657.502092 5.389198e-18
7660.159664 5.631016e-18
7662.817770 6.299089e-18
7665.475722 6.640183e-18
7668.135349 6.561785e-18
7670.794305 5.827073e-18
7673.453884 7.085742e-18
7676.113138 6.017933e-18
7678.773690 6.718471e-18
7681.434201 6.352414e-18
7684.094773 6.316989e-18
7686.757881 6.660390e-18
7689.418889 6.463743e-18
7692.080965 7.295531e-18
7694.743944 6.414010e-18
7697.406619 6.513420e-18
7700.070650 6.624552e-18
7702.734279 6.493534e-18
7705.398131 6.130143e-18
7708.063019 6.241743e-18
7710.727385 6.245373e-18
7713.392658 6.358098e-18
7716.058746 7.645359e-18
7718.725137 8.495814e-18
7721.391401 6.481793e-18
7724.058504 6.386284e-18
7726.724519 6.883510e-18
7729.392563 5.956214e-18
7732.061713 5.704729e-18
7734.730044 6.074341e-18
7737.398066 6.211026e-18
7740.067238 5.972593e-18
7742.737315 5.967462e-18
7745.406488 6.275455e-18
7748.076572 8.067794e-18
7750.747234 7.015271e-18
7753.419041 7.375410e-18
7756.089967 6.179602e-18
7758.761947 6.764108e-18
7761.434410 6.140146e-18
7764.106233 6.890903e-18
7766.779930 5.715317e-18
7769.452500 6.443072e-18
7772.126215 6.150886e-18
7774.800330 6.374852e-18
7777.474712 5.666794e-18
7780.149888 7.083174e-18
7782.824945 5.475107e-18
7785.500102 6.022446e-18
7788.176811 5.941258e-18
7790.851832 6.334796e-18
7793.528985 7.506001e-18
7796.206329 6.478332e-18
7798.883539 7.133143e-18
7801.562057 6.479659e-18
7804.239692 6.167775e-18
7806.917756 6.906376e-18
7809.596927 5.438614e-18
7812.276373 6.541282e-18
7814.955861 6.814307e-18
7817.635619 6.245920e-18
7820.316190 6.474863e-18
7822.996789 5.487909e-18
7825.678519 7.097970e-18
7828.359984 5.533120e-18
7831.041612 6.581111e-18
7833.724083 6.280119e-18
7836.407000 5.918804e-18
7839.088507 5.891391e-18
7841.772381 5.834684e-18
7844.456369 5.966561e-18
7847.140539 6.596035e-18
7849.824731 5.835776e-18
7852.509392 6.303603e-18
7855.194984 5.507906e-18
7857.880361 7.042481e-18
7860.566437 5.123784e-18
7863.252893 7.297540e-18
7865.939432 5.387163e-18
7868.626351 6.453365e-18
7871.313366 6.288350e-18
7874.001424 6.070651e-18
7876.689680 7.191645e-18
7879.377706 6.649610e-18
7882.067415 6.371396e-18
7884.755694 6.739565e-18
7887.445478 5.780538e-18
7890.135657 5.634450e-18
7892.825882 4.531063e-18
7895.516349 6.106472e-18
7898.207276 6.254098e-18
7900.898758 5.949597e-18
7903.590586 6.331658e-18
7906.282622 6.194788e-18
7908.974603 7.089159e-18
7911.667433 6.501798e-18
7914.361040 6.963133e-18
7917.054548 7.328849e-18
7919.748455 3.862846e-18
7922.442956 7.229650e-18
7925.136878 5.615601e-18
7927.832497 5.103437e-18
7930.528397 6.230196e-18
7933.223010 6.217051e-18
7935.919800 5.279498e-18
7938.616183 5.468841e-18
7941.313147 6.290228e-18
7944.009843 7.013165e-18
7946.706772 7.096238e-18
7949.404911 7.960313e-18
7952.103456 7.065730e-18
7954.801925 5.727593e-18
7957.501926 5.608502e-18
7960.199732 5.662034e-18
7962.899211 5.849106e-18
7965.599358 5.952793e-18
7968.300013 5.294587e-18
7971.001019 7.359284e-18
7973.702698 6.246709e-18
7976.403069 5.864669e-18
7979.104619 5.828150e-18
7981.806952 5.073069e-18
7984.509641 4.851505e-18
7987.212550 4.711385e-18
7989.915398 5.605743e-18
7992.618841 4.692964e-18
7995.322911 6.735023e-18
7998.027258 4.725295e-18
8000.732293 5.111544e-18
8003.436412 5.946331e-18
8006.142130 5.679923e-18
8008.847494 5.252549e-18
8011.553860 4.999009e-18
8014.259833 5.361492e-18
8016.966867 5.600527e-18
8019.673612 6.297958e-18
8022.381589 6.070488e-18
8025.088790 5.504692e-18
8027.797052 6.249315e-18
8030.505450 4.002965e-18
8033.214668 5.199605e-18
8035.923741 5.474582e-18
8038.634152 5.636114e-18
8041.343126 5.188160e-18
8044.053000 5.251845e-18
8046.763659 4.930308e-18
8049.474498 5.524720e-18
8052.185648 5.503073e-18
8054.897419 4.802873e-18
8057.609001 4.792670e-18
8060.321775 5.138391e-18
8063.033730 5.983325e-18
8065.746934 6.334885e-18
8068.461113 5.270015e-18
8071.174125 5.598100e-18
8073.888394 5.230893e-18
8076.602567 5.658709e-18
8079.317467 4.894540e-18
8082.032350 4.002598e-18
8084.748083 4.577937e-18
8087.462859 4.991389e-18
8090.179546 5.151881e-18
8092.896115 5.341045e-18
8095.613226 5.154471e-18
8098.330199 4.767295e-18
8101.047400 4.441295e-18
8103.765138 4.795096e-18
8106.483343 4.779062e-18
8109.202136 4.703341e-18
8111.920369 4.982054e-18
8114.640071 4.581068e-18
8117.359404 4.592731e-18
8120.079734 4.394877e-18
8122.800142 4.397038e-18
8125.518911 4.276236e-18
8128.241408 5.061412e-18
8130.962171 4.408023e-18
8133.683603 4.515499e-18
8136.406415 5.133246e-18
8139.128145 5.178566e-18
8141.850477 4.703838e-18
8144.573496 4.411271e-18
8147.297279 4.739530e-18
8150.020126 5.340352e-18
8152.745613 4.393183e-18
8155.468787 4.899583e-18
8158.193562 4.008197e-18
8160.917998 4.311088e-18
8163.643698 4.997778e-18
8166.369075 3.840128e-18
8169.095794 4.311610e-18
8171.822251 4.514949e-18
8174.548212 4.501965e-18
8177.275056 4.363354e-18
8180.002217 4.265415e-18
8182.730555 4.782732e-18
8185.458269 5.137526e-18
8188.186659 3.958815e-18
8190.915494 4.557343e-18
8193.644119 4.578544e-18
8196.374066 4.760788e-18
8199.103175 3.965853e-18
8201.833539 4.404243e-18
8204.564090 4.882137e-18
8207.294530 4.700527e-18
8210.025747 4.000083e-18
8212.756543 4.178733e-18
8215.489078 5.100436e-18
8218.220315 4.205301e-18
8220.954107 4.433407e-18
8223.685540 3.913533e-18
8226.418942 4.254027e-18
8229.152686 4.075876e-18
8231.885679 4.157141e-18
8234.620301 4.437082e-18
8237.353704 4.634563e-18
8240.088809 4.537629e-18
8242.824505 4.476423e-18
8245.559959 4.268747e-18
8248.295401 4.536800e-18
8251.031103 4.475874e-18
8253.767404 3.911509e-18
8256.503881 4.287998e-18
8259.237132 3.708044e-18
8261.978905 4.306095e-18
8264.716484 4.156324e-18
8267.454188 4.951701e-18
8270.192832 4.153383e-18
8272.931014 4.126660e-18
8275.670532 3.552199e-18
8278.409088 4.406804e-18
8281.149213 3.317434e-18
8283.889330 4.520283e-18
8286.629666 5.661161e-18
8289.370381 3.174927e-18
8292.111312 3.967452e-18
8294.852629 4.384809e-18
8297.594571 4.105307e-18
8300.336019 4.378128e-18
8303.078586 3.853142e-18
8305.821946 3.860410e-18
8308.563697 3.522203e-18
8311.307393 4.921038e-18
8314.051146 4.601647e-18
8316.794894 4.859042e-18
8319.539586 3.149124e-18
8322.285178 3.659129e-18
8325.028507 4.564534e-18
8327.773958 4.108371e-18
8330.518906 3.915475e-18
8333.265788 3.628369e-18
8336.011828 4.177573e-18
8338.757758 4.303974e-18
8341.504614 4.235807e-18
8344.252097 3.171087e-18
8346.999785 3.240107e-18
8349.747605 5.690867e-18
8352.496054 4.571248e-18
8355.244004 5.048514e-18
8357.993341 3.636515e-18
8360.742194 4.225934e-18
8363.492142 4.747893e-18
8366.241262 3.929183e-18
8368.991678 4.036998e-18
8371.742018 2.882697e-18
8374.493021 3.494691e-18
8377.243488 4.325599e-18
8379.995700 4.883780e-18
8382.746816 3.829064e-18
8385.499064 2.630617e-18
8388.251408 2.511569e-18
8391.004245 3.716546e-18
8393.757213 3.771147e-18
8396.510215 4.190749e-18
8399.263861 4.880165e-18
8402.018379 3.461911e-18
8404.772320 4.677883e-18
8407.527684 3.537088e-18
8410.281559 3.191469e-18
8413.037710 3.226079e-18
8415.792776 2.724473e-18
8418.548513 4.200875e-18
8421.305171 3.498565e-18
8424.061302 3.164774e-18
8426.817926 2.080502e-18
8429.575514 4.021803e-18
8432.333021 2.095512e-18
8435.090906 9.145827e-19
8437.849648 4.071558e-18
8440.607546 3.097051e-18
8443.365934 3.421276e-18
8446.125089 3.164852e-18
8448.884808 3.760838e-18
8451.644365 4.455539e-18
8454.404646 4.072559e-18
8457.165099 3.326198e-18
8459.925475 3.706866e-18
8462.686367 2.782141e-18
8465.447765 2.107924e-18
8468.209772 2.151436e-18
8470.971571 1.470395e-18
8473.734307 3.794199e-18
8476.496440 3.362703e-18
8479.258972 4.093071e-18
8482.022132 3.158217e-18
8484.786601 3.967356e-18
8487.550323 3.082380e-18
8490.314078 3.839215e-18
8493.078627 3.978981e-18
8495.843272 3.041865e-18
8498.608509 3.492713e-18
8501.373807 4.944704e-18
8504.139897 4.523818e-18
8506.905938 3.022933e-18
8509.672199 3.532801e-18
8512.439000 2.707699e-18
8515.205736 3.469837e-18
8517.973723 3.365884e-18
8520.740594 4.119560e-18
8523.508729 3.381505e-18
8526.277671 3.271489e-18
8529.045269 3.582945e-18
8531.814652 3.464688e-18
8534.583537 3.346983e-18
8537.353507 3.654409e-18
8540.123235 2.873150e-18
8542.893216 1.993519e-18
8545.664077 3.145349e-18
8548.434249 2.191322e-18
8551.205661 3.369589e-18
8553.977196 3.512851e-18
8556.749116 3.377118e-18
8559.520767 2.920974e-18
8562.293094 3.520076e-18
8565.065949 3.339837e-18
8567.838729 4.074835e-18
8570.611790 3.334151e-18
8573.385790 3.241018e-18
8576.159589 3.354008e-18
8578.933795 2.796679e-18
8581.707532 3.433360e-18
8584.483492 2.966726e-18
8587.257958 3.286081e-18
8590.033768 3.251818e-18
8592.809388 3.151416e-18
8595.585804 4.500333e-18
8598.361672 3.163395e-18
8601.138584 3.311348e-18
8603.915845 2.890343e-18
8606.693113 3.850161e-18
8609.470355 2.749286e-18
8612.248555 3.316135e-18
8615.026535 3.443982e-18
8617.805224 3.516466e-18
8620.583850 2.500040e-18
8623.363384 3.732405e-18
8626.142810 2.364882e-18
8628.922535 2.780134e-18
8631.702655 3.725564e-18
8634.483027 2.158133e-18
8637.263872 4.026113e-18
8640.044766 4.179559e-18
8642.826277 3.481841e-18
8645.607865 3.185331e-18
8648.389403 3.398948e-18
8651.172050 2.722890e-18
8653.954342 2.754454e-18
8656.737208 4.959939e-18
8659.521499 4.165159e-18
8662.304205 3.615493e-18
8665.087971 2.624594e-18
8667.872018 3.667952e-18
8670.656140 3.721077e-18
8673.440985 2.788263e-18
8676.226228 3.234504e-18
8679.011636 4.188380e-18
8681.797073 2.559688e-18
8684.583115 3.091082e-18
8687.369087 3.408299e-18
8690.156152 3.638169e-18
8692.942796 2.912065e-18
8695.729410 3.168904e-18
8698.517712 3.195535e-18
8701.305313 3.597018e-18
8704.092757 3.906122e-18
8706.881550 2.590352e-18
8709.670251 3.685764e-18
8712.459261 3.952906e-18
8715.248874 3.627505e-18
8718.038337 3.344230e-18
8720.828086 3.050683e-18
8723.618378 2.652951e-18
8726.408891 3.049541e-18
8729.199583 3.006302e-18
8731.990663 3.306742e-18
8734.782482 2.957771e-18
8737.573865 3.235165e-18
8740.366211 3.454813e-18
8743.158227 3.141793e-18
8745.951100 2.920454e-18
8748.743799 2.996600e-18
8751.536966 3.497886e-18
8754.330918 3.045993e-18
8757.124581 2.564367e-18
8759.918716 9.685950e-19
8762.713125 2.104540e-18
8765.508075 2.233617e-18
8768.303262 1.182377e-18
8771.098598 1.366922e-18
8773.894193 1.383280e-18
8776.690219 1.361225e-18
8779.486566 4.990357e-18
8782.283046 8.205696e-19
8785.080529 2.693003e-18
8787.876847 3.648923e-18
8790.674868 2.803351e-18
8793.472429 3.635849e-18
8796.270687 4.462996e-18
8799.069176 3.242415e-18
8801.867942 2.715527e-18
8804.666787 2.404407e-18
8807.465705 2.371854e-18
8810.265244 2.811763e-18
8813.069031 3.336732e-18
8815.865265 3.427774e-18
8818.666117 2.939234e-18
8821.467016 4.625665e-18
8824.268159 3.138912e-18
8827.069461 2.239284e-18
8829.871615 9.624369e-19
8832.673716 4.070915e-18
8835.475837 3.786159e-18
8838.278515 1.610128e-18
8841.081252 4.817048e-18
8843.884891 3.207629e-18
8846.687937 3.529661e-18
8849.492027 2.340613e-18
8852.295984 3.033448e-18
8855.100790 2.711364e-18
8857.904711 3.732366e-18
8860.710012 3.392793e-18
8863.515559 3.606077e-18
8866.321150 4.092348e-18
8869.127198 2.390755e-18
8871.933381 2.746646e-18
8874.739773 2.948691e-18
8877.546753 3.244468e-18
8880.353588 3.954356e-18
8883.161196 4.543481e-18
8885.968944 4.390147e-18
8888.777042 5.465223e-18
8891.585595 4.491352e-18
8894.394199 3.208535e-18
8897.202688 2.298793e-18
8900.012032 3.606385e-18
8902.821860 2.041824e-18
8905.631265 1.827004e-18
8908.441698 4.617354e-18
8911.251707 2.808608e-18
8914.062776 1.385068e-18
8916.873537 4.820721e-18
8919.684996 4.117407e-18
8922.496626 -1.920705e-18
8925.308908 1.181466e-18
8928.120975 4.506021e-18
8930.933527 3.282328e-18
8933.745734 3.078092e-18
8936.559145 3.703247e-18
8939.372283 3.843864e-18
8942.186305 4.433823e-18
8945.000353 2.672576e-18
8947.814670 3.185307e-18
8950.629329 3.119080e-18
8953.444014 5.851620e-18
8956.259210 5.960683e-18
8959.074330 2.298935e-18
8961.890523 -3.345858e-19
8964.706891 3.800798e-18
8967.523600 2.067760e-18
8970.338429 3.501222e-18
8973.156582 2.720229e-18
8975.973679 2.250730e-18
8978.791094 2.488935e-18
8981.608428 1.136159e-18
8984.427569 1.414239e-18
8987.246078 2.930289e-18
8990.064818 3.989666e-18
8992.883127 2.956015e-18
8995.702913 2.731118e-18
8998.522350 4.753866e-19
9001.342952 4.513566e-18
9004.163057 3.477463e-18
9006.983596 2.925389e-18
9009.804016 2.741161e-18
9012.625208 1.323921e-18
9015.446666 1.947514e-18
9018.268480 1.488109e-18
9021.090412 1.799506e-18
9023.913045 2.045396e-18
9026.735718 2.417886e-18
9029.557462 2.785180e-18
9032.381556 2.257964e-18
9035.204837 3.136497e-18
9038.028604 1.956966e-18
9040.852937 2.313278e-18
9043.677507 1.517194e-18
9046.501856 2.757296e-18
9049.326928 3.075918e-18
9052.151897 2.067496e-18
9054.978036 2.280960e-18
9057.803692 2.368395e-18
9060.629973 2.178591e-18
9063.455720 2.349044e-18
9066.282962 2.146158e-18
9069.109991 1.881517e-18
9071.937265 1.126725e-18
9074.764743 2.052633e-18
9077.593329 2.324132e-18
9080.421099 1.888505e-18
9083.249925 2.245075e-18
9086.078220 2.571170e-18
9088.906656 1.708886e-18
9091.737249 2.255792e-18
9094.566623 2.174033e-18
9097.396649 2.069157e-18
9100.227137 1.856118e-18
9103.057057 1.547855e-18
9105.888118 8.274164e-19
9108.719815 1.635317e-18
9111.550771 1.943591e-18
9114.387880 3.010316e-18
9117.214899 1.794784e-18
9120.047019 1.840272e-18
9122.878693 2.131665e-18
9125.713010 2.304785e-18
9128.546324 9.161936e-19
9131.379144 1.399394e-18
9134.213523 1.947478e-18
9137.047439 2.184601e-18
9139.881629 1.916514e-18
9142.716368 2.438826e-18
9145.551728 1.526161e-18
9148.387338 1.560177e-18
9151.222762 2.171046e-18
9154.058116 1.884222e-18
9156.894167 1.914497e-18
9159.731010 1.581681e-18
9162.568100 1.605780e-18
9165.405248 1.126108e-18
9168.242638 1.576182e-18
9171.079761 2.724594e-18
9173.917284 1.185928e-18
9176.756067 1.946439e-18
9179.598871 2.359974e-18
9182.433856 2.304380e-18
9185.273175 2.262250e-18
9188.111604 2.631812e-18
9190.950760 1.712169e-18
9193.791632 1.829053e-18
9196.632322 1.171059e-18
9199.472285 2.103519e-18
9202.313728 1.893661e-18
9205.156225 2.500982e-18
9207.995990 1.838629e-18
9210.838086 2.551078e-18
9213.679934 1.859763e-18
9216.521881 1.635232e-18
9219.365039 2.681406e-18
9222.207609 1.998007e-18
9225.051138 2.685319e-18
9227.893858 2.891915e-18
9230.738472 2.870762e-18
9233.582479 2.029666e-18
9236.426661 1.629367e-18
9239.272804 1.799013e-18
9242.116715 1.789167e-18
9244.962079 1.938206e-18
9247.806768 1.984017e-18
9250.653439 1.900241e-18
9253.499438 1.770719e-18
9256.346859 2.134194e-18
9259.192952 1.337471e-18
9262.040469 2.355213e-18
9264.887199 2.780476e-18
9267.734996 2.531977e-18
9270.583232 2.652556e-18
9273.431268 1.346013e-18
9276.279586 1.646915e-18
9279.128926 1.852976e-18
9281.978090 2.133794e-18
9284.826784 1.591126e-18
9287.676607 2.404702e-18
9290.526774 1.985504e-18
9293.377387 1.427959e-18
9296.227426 8.727923e-19
9299.078402 1.906711e-19
9301.930672 -1.209496e-18
9304.781368 -8.510126e-19
9307.632929 1.233717e-18
9310.484913 4.353353e-18
9313.337589 4.639348e-19
9316.190251 1.902052e-19
9319.043309 -3.980427e-19
9321.896397 1.464913e-20
9324.749919 1.240080e-18
9327.603337 3.270681e-18
9330.457719 2.396846e-18
9333.312163 2.145531e-18
9336.166938 -1.408444e-19
9339.022210 1.943096e-18
9341.877341 2.697096e-18
9344.732795 1.588234e-18
9347.588414 2.313700e-18
9350.444080 1.315279e-18
9353.301346 4.090307e-19
9356.157850 9.240664e-19
9359.015668 1.742941e-18
9361.872287 1.944566e-18
9364.729513 2.234412e-18
9367.588169 2.142403e-18
9370.445883 7.442072e-18
9373.304761 6.353822e-18
9376.163826 3.095205e-18
9379.022794 7.134359e-18
9381.882260 4.092721e-18
9384.741752 2.928231e-18
9387.601774 1.144686e-18
9390.461894 1.406205e-18
9393.323005 1.600295e-18
9396.183677 1.795038e-18
9399.045130 1.796400e-18
9401.906474 1.694497e-18
9404.767791 8.800698e-19
9407.630149 2.679964e-18
9410.492288 2.644911e-18
9413.355228 2.815550e-18
9416.218082 1.649697e-18
9419.081541 1.948230e-18
9421.944347 1.459034e-18
9424.806130 3.725860e-18
9427.672709 1.812419e-18
9430.537015 1.518907e-18
9433.401798 2.655864e-18
9436.266780 2.275521e-18
9439.132419 2.106057e-18
9441.998097 3.729838e-18
9444.863608 2.979384e-18
9447.729947 2.000365e-18
9450.596480 2.085529e-18
9453.462707 3.054234e-18
9456.330591 2.009175e-18
9459.198023 2.376313e-18
9462.065307 2.691231e-18
9464.933120 2.050609e-18
9467.801504 1.755349e-18
9470.669953 2.024831e-18
9473.538628 3.590340e-18
9476.408232 1.335004e-18
9479.277683 4.732719e-18
9482.147272 2.858067e-18
9485.017192 2.543544e-18
9487.887152 1.521974e-18
9490.758073 1.560099e-18
9493.629217 1.495810e-18
9496.500442 2.078406e-18
9499.371753 1.246382e-18
9502.243652 1.576188e-18
9505.116003 1.769824e-18
9507.988098 2.271121e-18
9510.860397 1.511945e-18
9513.733770 1.767357e-18
9516.606705 1.904950e-18
9519.480531 4.397105e-19
9522.354493 1.606043e-18
9525.228608 1.675011e-18
9528.103178 1.512746e-18
9530.978181 1.948485e-18
9533.852898 2.289033e-18
9536.727637 1.615180e-18
9539.603598 2.208545e-18
9542.479792 1.807213e-18
9545.355884 1.848712e-18
9548.232453 1.870561e-18
9551.109461 1.593908e-18
9553.986620 1.624100e-18
9556.864101 1.791649e-18
9559.741554 1.678337e-18
9562.619577 8.436854e-19
9565.497880 1.331526e-18
9568.376497 1.460123e-19
9571.255469 9.633418e-19
9574.134790 2.102249e-18
9577.014443 1.609332e-18
9579.894261 1.736006e-18
9582.774396 1.689658e-18
9585.654419 1.773758e-18
9588.535234 1.563320e-18
9591.415937 1.435468e-18
9594.297640 1.795266e-18
9597.178744 1.350635e-18
9600.061244 1.182268e-18
9602.943301 1.769826e-18
9605.825759 1.204387e-18
9608.708795 1.495470e-18
9611.591523 1.429800e-18
9614.474818 1.865251e-18
9617.358353 1.349096e-18
9620.242595 2.072598e-18
9623.126547 1.563562e-18
9626.011604 1.176508e-18
9628.896213 1.346474e-18
9631.781275 1.488792e-18
9634.667042 1.786886e-18
9637.552098 1.543242e-18
9640.438831 1.465491e-18
9643.325689 1.264854e-18
9646.211500 1.395397e-18
9649.098669 1.512302e-18
9651.985599 1.535910e-18
9654.873565 9.748317e-19
9657.760961 1.459374e-18
9660.649695 1.965326e-18
9663.537657 2.017644e-18
9666.426616 2.021109e-18
9669.315549 1.581965e-18
9672.205063 2.011752e-18
9675.095776 1.693245e-18
9677.984614 1.809617e-18
9680.874662 1.843743e-18
9683.765189 1.218180e-18
9686.655997 1.314369e-18
9689.547123 1.673467e-18
9692.438871 1.798465e-18
9695.330525 1.844827e-18
9698.222750 1.358410e-18
9701.114812 1.218052e-18
9704.007712 8.052732e-19
9706.900607 1.039509e-18
9709.793669 1.222413e-18
9712.687856 5.132132e-19
9715.581000 7.998250e-19
9718.475019 9.719262e-19
9721.369974 9.258794e-19
9724.264839 1.616393e-18
9727.160575 1.696409e-18
9730.054898 1.353501e-18
9732.950272 1.606299e-18
9735.846158 1.010169e-18
9738.742371 1.547534e-18
9741.639135 1.420744e-18
9744.536021 2.120093e-18
9747.433041 2.075916e-18
9750.331106 1.357140e-18
9753.228708 8.671910e-19
9756.126576 1.452051e-18
9759.024796 1.039506e-18
9761.924666 1.292464e-18
9764.822163 1.249081e-18
9767.721583 1.717055e-18
9770.621374 1.431562e-18
9773.521443 1.196678e-18
9776.421471 1.422229e-18
9779.322039 1.385159e-18
9782.222331 7.157609e-19
9785.123934 1.162713e-18
9788.025094 1.085929e-19
9790.926665 2.222413e-18
9793.828742 2.851756e-18
9796.731012 1.604836e-18
9799.633829 3.693890e-19
9802.535905 5.069133e-19
9805.439872 1.106068e-18
9808.343047 5.061219e-19
9811.247093 9.670112e-19
9814.151058 2.111827e-18
9817.055601 1.519494e-18
9819.960145 1.454465e-18
9822.865519 1.344011e-18
9825.770804 1.029895e-18
9828.676227 1.026476e-18
9831.582124 1.356736e-18
9834.488491 1.204339e-18
9837.394914 1.851441e-18
9840.302063 1.690889e-18
9843.209491 1.489518e-18
9846.116659 1.664621e-18
9849.024383 6.688621e-19
9851.932666 9.135499e-19
9854.840850 1.245517e-18
9857.749357 1.117329e-18
9860.658651 1.227540e-18
9863.567906 7.167267e-19
9866.477553 1.124395e-18
9869.387510 1.206804e-18
9872.297845 -7.503155e-20
9875.208105 -7.711496e-19
9878.118981 -4.913442e-19
9881.030070 1.535743e-18
9883.941748 1.460242e-18
9886.853265 1.487565e-18
9889.765488 1.486201e-18
9892.677961 7.935662e-19
9895.590632 3.529945e-19
9898.503509 8.754045e-19
9901.416995 -8.859811e-21
9904.330191 9.544480e-19
9907.244388 3.216050e-19
9910.158670 -8.976729e-19
9913.072978 6.149784e-19
9915.988050 1.131981e-18
9918.903214 1.326014e-18
9921.818893 1.685607e-18
9924.734259 1.044206e-18
9927.650045 9.177252e-19
9930.566736 1.384402e-18
9933.483163 8.729211e-19
9936.400306 7.027043e-19
9939.318140 5.756346e-19
9942.235332 1.884855e-18
9945.153328 9.069871e-19
9948.071342 6.436419e-20
9950.989901 9.006211e-19
9953.908750 -8.257521e-19
9956.827969 -3.311136e-19
9959.747502 1.650797e-18
9962.667326 1.021235e-18
9965.587460 -1.183390e-19
9968.507653 8.508098e-19
9971.428283 7.706964e-19
9974.349384 1.301145e-18
9977.270728 1.269883e-18
9980.192605 1.224606e-18
9983.114767 1.096264e-18
9986.036807 1.267003e-18
9988.959299 1.005333e-18
9991.882144 1.322215e-18
9994.805211 4.707907e-19
9997.728738 1.192946e-18
10000.652988 1.006698e-18
10003.577008 1.104758e-18
10006.501386 1.973596e-18
10009.426150 3.576589e-18
10012.351116 2.023330e-18
10015.276513 2.121096e-18
10018.202288 8.030140e-19
10021.128290 9.203571e-19
10024.054708 -2.396673e-19
10026.981358 3.966576e-19
10029.908303 6.130364e-19
10032.835468 6.218692e-19
10035.763016 7.920791e-19
10038.690944 8.741080e-19
10041.619271 7.156822e-19
10044.547831 1.010167e-18
10047.476653 4.884933e-19
10050.405810 7.126196e-19
10053.335255 8.174717e-19
10056.265052 7.993072e-19
10059.195138 1.163101e-18
10062.125541 9.183031e-19
10065.056367 1.544198e-18
10067.987387 1.000307e-18
10070.918800 5.556958e-19
10073.850489 6.104499e-19
10076.782480 1.026242e-18
10079.714720 2.141242e-19
10082.647320 6.774292e-19
10085.580369 8.672357e-19
10088.513630 1.730978e-19
10091.447231 8.148905e-19
10094.381060 5.154408e-19
10097.315270 8.605926e-19
10100.249846 1.993169e-19
10103.184723 6.413153e-19
10106.119885 8.487162e-19
10109.055453 1.049547e-18
10111.991204 1.040684e-18
10114.927299 6.577679e-19
10117.863735 9.296310e-19
10120.800528 2.761111e-19
10123.737624 9.260769e-19
10126.675013 4.232678e-19
10129.612772 9.867674e-19
10132.550777 1.045486e-18
10135.489139 8.367585e-19
10138.427794 5.842727e-19
10141.366845 7.352846e-19
10144.306159 9.439171e-19
10147.245804 7.025737e-19
10150.185763 9.291244e-19
10153.126045 1.159683e-18
10156.066648 4.376681e-19
10159.007577 9.783554e-19
10161.948831 7.788052e-19
10164.890395 1.097729e-18
10167.832276 2.832039e-19
10170.774490 7.721219e-19
10173.717042 1.339687e-18
10176.659903 1.289219e-18
10179.603070 9.446455e-19
10182.546574 8.658690e-19
10185.490441 1.003200e-18
10188.434508 8.960245e-19
10191.378987 1.912506e-18
10194.323792 1.065001e-18
10197.268954 3.554847e-19
10200.214387 3.538385e-19
10203.160136 9.274073e-19
10206.106151 1.002832e-18
10209.052623 1.271981e-18
10211.999325 1.494262e-19
10214.946459 1.097322e-18
10217.894341 6.297726e-19
10220.841614 1.009593e-18
10223.789601 4.176276e-19
10226.737923 5.196203e-19
10229.686286 1.060557e-18
10232.635598 7.260998e-19
10235.584944 8.503563e-19
10238.534587 9.541341e-19
10241.484571 9.603602e-19
10244.435033 1.040124e-18
10247.385737 8.099468e-19
10250.336507 9.988628e-19
10253.287867 1.070460e-18
10256.239387 1.332579e-18
10259.191235 1.113971e-18
10262.143727 9.652176e-19
10265.096240 7.990388e-19
10268.049131 7.228168e-19
10271.002543 9.790733e-19
10273.956216 9.600849e-19
10276.910041 7.188451e-19
10279.864130 1.572269e-18
10282.819099 5.459039e-19
10285.773891 1.616314e-18
10288.729037 6.560069e-19
10291.684616 6.309809e-19
10294.640629 1.375132e-18
10297.596800 3.071425e-19
10300.553343 5.041213e-19
10303.510182 7.747864e-19
10306.467325 9.127181e-19
10309.424933 1.135711e-18
10312.382709 8.625464e-19
10315.340797 5.666254e-19
10318.299729 6.585114e-19
10321.258571 3.277063e-19
10324.217684 6.859064e-19
10327.177303 8.304889e-19
10330.137032 1.041393e-18
10333.097119 1.021153e-18
10336.057671 9.794296e-19
10339.018608 9.110341e-19
10341.980056 9.212504e-19
10344.941659 1.163128e-18
10347.903080 9.662466e-19
10350.865595 7.352068e-19
10353.828063 1.355462e-18
10356.790901 8.589596e-19
10359.754362 1.090278e-18
10362.717671 1.290604e-18
10365.681382 9.472119e-19
10368.646096 8.049777e-19
10371.611523 3.268968e-19
10374.575282 9.638959e-19
10377.540725 7.529493e-19
10380.506283 1.270114e-18
10383.471912 1.005775e-18
10386.438271 9.493165e-19
10389.404787 7.453539e-19
10392.371603 1.076632e-18
10395.338685 6.748879e-19
