5100.563141 2.304259e-18
5102.552577 2.964687e-18
5104.543140 2.498517e-18
5106.534668 2.205997e-18
5108.526823 2.308712e-18
5110.520208 2.632159e-18
5112.514390 2.162723e-18
5114.509391 2.387670e-18
5116.505320 1.283652e-18
5118.502296 2.388081e-18
5120.499983 2.858064e-18
5122.498484 2.885134e-18
5124.498376 2.100902e-18
5126.498570 1.481884e-18
5128.500131 2.433259e-18
5130.502237 3.152082e-18
5132.505791 2.493210e-18
5134.509369 1.773928e-18
5136.514953 2.603281e-18
5138.520198 2.484202e-18
5140.527481 2.355593e-18
5142.534435 2.531832e-18
5144.543389 1.863445e-18
5146.552718 2.210158e-18
5148.563221 3.011885e-18
5150.574383 3.015897e-18
5152.586159 2.452954e-18
5154.599509 1.912020e-18
5156.613243 1.690095e-18
5158.627914 2.517583e-18
5160.643306 1.690130e-18
5162.660303 2.922104e-18
5164.677353 2.356132e-18
5166.696086 2.626553e-18
5168.714835 2.323743e-18
5170.735306 2.632666e-18
5172.755919 3.300538e-18
5174.777888 2.931531e-18
5176.800752 2.683423e-18
5178.824085 2.780958e-18
5180.848852 2.247414e-18
5182.867048 1.835865e-18
5184.892882 2.499780e-18
5186.919793 1.946188e-18
5188.952636 1.441113e-18
5190.981210 2.981945e-18
5193.013833 2.772220e-18
5195.044949 2.590252e-18
5197.075997 1.527530e-18
5199.108432 2.047821e-18
5201.141807 3.554116e-18
5203.175452 2.313848e-18
5205.210447 2.192182e-18
5207.246787 2.368746e-18
5209.283692 1.729159e-18
5211.320722 2.697972e-18
5213.359622 2.911312e-18
5215.398945 2.052661e-18
5217.438675 1.838822e-18
5219.480587 1.580296e-18
5221.521830 1.615875e-18
5223.565085 2.522307e-18
5225.608823 2.212882e-18
5227.652782 2.257542e-18
5229.698672 2.471451e-18
5231.744535 1.818177e-18
5233.792145 3.166719e-18
5235.840036 3.057431e-18
5237.888261 1.534107e-18
5239.934918 1.412650e-18
5241.988936 2.417368e-18
5244.040251 1.751470e-18
5246.092894 1.445454e-18
5248.146117 1.799792e-18
5250.199646 1.731317e-18
5252.254941 1.770875e-18
5254.310652 1.181938e-18
5256.366848 2.330709e-18
5258.424635 1.919240e-18
5260.482780 2.421042e-18
5262.541834 4.882561e-19
5264.601743 1.194058e-18
5266.662968 1.920673e-18
5268.724245 2.064928e-18
5270.786582 1.969747e-18
5272.849957 2.005643e-18
5274.914663 1.232484e-18
5276.979970 1.073808e-18
5279.045656 3.576874e-19
5281.112018 6.081678e-19
5283.180614 1.249412e-18
5285.248013 1.488335e-18
5287.317973 1.514846e-18
5289.387798 1.022839e-18
5291.459111 3.706130e-20
5293.530552 6.220087e-19
5295.603354 -1.999058e-19
5297.676902 1.285946e-19
5299.751645 7.132824e-19
5301.826338 7.035303e-19
5303.902485 4.450288e-19
5305.979400 1.442214e-18
5308.057272 7.987875e-19
5310.135861 7.210345e-19
5312.214792 2.932845e-19
5314.295932 -8.252992e-19
5316.376060 -4.831602e-19
5318.458773 4.955248e-19
5320.541420 -1.265831e-19
5322.624413 -7.663340e-19
5324.709251 6.095846e-19
5326.794599 -1.838311e-19
5328.880243 4.560263e-19
5330.967761 1.103649e-18
5333.055506 4.831500e-21
5335.143047 -8.518889e-19
5337.233641 3.248768e-19
5339.322407 1.244811e-19
5341.413989 9.903047e-19
5343.506112 1.426681e-19
5345.599247 2.281223e-19
5347.692407 6.761651e-20
5349.787294 -1.831530e-19
5351.881865 1.233730e-19
5353.977608 1.612262e-19
5356.075034 2.480083e-20
5358.171860 3.474331e-19
5360.271329 6.492068e-19
5362.369764 3.703607e-20
5364.470618 -5.498978e-20
5366.570600 1.873407e-19
5368.672690 7.492861e-19
5370.775594 6.853037e-19
5372.878799 2.056089e-19
5374.982846 5.428934e-19
5377.088053 1.219146e-18
5379.193780 1.420416e-18
5381.300499 1.818173e-18
5383.407743 9.942215e-19
5385.516828 1.280657e-18
5387.625336 1.283585e-18
5389.735195 1.142798e-18
5391.845806 2.054708e-18
5393.957463 1.959114e-18
5396.069805 2.041648e-18
5398.182971 2.752752e-18
5400.297174 2.153705e-18
5402.411428 1.841833e-18
5404.527344 2.065915e-18
5406.643735 2.173954e-18
5408.760500 2.102550e-18
5410.879273 2.293373e-18
5412.997300 3.229407e-18
5415.117057 2.806876e-18
5417.237876 2.153453e-18
5419.358661 2.779341e-18
5421.480870 2.933689e-18
5423.603650 3.711123e-18
5425.727425 2.191299e-18
5427.851482 2.846890e-18
5429.977875 3.091680e-18
5432.100835 2.423611e-18
5434.229638 3.833352e-18
5436.356922 2.885568e-18
5438.485636 2.890255e-18
5440.615184 3.747712e-18
5442.745140 2.876574e-18
5444.875292 2.243140e-18
5447.007809 2.077694e-18
5449.139168 2.024682e-18
5451.273041 1.851333e-18
5453.406680 2.223995e-18
5455.541300 3.272150e-18
5457.677369 3.215435e-18
5459.813303 2.813835e-18
5461.950400 2.018510e-18
5464.088515 3.063577e-18
5466.227325 3.161936e-18
5468.367407 2.206407e-18
5470.506847 2.279588e-18
5472.647820 2.551766e-18
5474.790183 2.226084e-18
5476.932387 3.244612e-18
5479.076233 2.428619e-18
5481.220123 2.763899e-18
5483.365264 2.893088e-18
5485.511205 2.935241e-18
5487.657691 2.363205e-18
5489.798617 2.476023e-18
5491.953302 2.860727e-18
5494.101128 3.165326e-18
5496.249968 3.958830e-18
5498.402825 3.811341e-18
5500.553257 2.990031e-18
5502.705376 2.862388e-18
5504.859571 3.661398e-18
5507.011557 1.189986e-18
5509.166282 3.747316e-18
5511.321227 2.930298e-18
5513.476522 2.353879e-18
5515.634387 2.719297e-18
5517.792281 3.370437e-18
5519.949004 2.851129e-18
5522.108833 3.083651e-18
5524.262164 2.021431e-18
5526.429477 2.077652e-18
5528.590445 2.739154e-18
5530.751556 2.696415e-18
5532.915039 2.093524e-18
5535.078969 3.278829e-18
5537.243260 2.089496e-18
5539.407961 2.467437e-18
5541.574395 3.452441e-18
5543.740764 1.853558e-18
5545.908533 2.230343e-18
5548.076446 2.218745e-18
5550.244510 2.292085e-18
5552.415563 2.352392e-18
5554.585817 2.144584e-18
5556.757440 2.661274e-18
5558.928601 2.224051e-18
5561.101618 1.928965e-18
5563.275739 1.118783e-18
5565.448331 2.019164e-18
5567.624293 2.032185e-18
5569.800314 2.468055e-18
5571.976412 1.956690e-18
5574.154459 2.804224e-18
5576.332419 -3.008372e-18
5578.511740 4.596013e-20
5580.691091 4.802043e-19
5582.872329 3.874003e-18
5585.052576 2.746664e-18
5587.234326 2.659431e-18
5589.417121 2.337290e-18
5591.600502 2.739997e-18
5593.784092 3.118280e-18
5595.969472 2.814321e-18
5598.155075 2.734386e-18
5600.341298 2.470132e-18
5602.528189 2.535606e-18
5604.716591 4.158109e-18
5606.904800 3.450349e-18
5609.094357 1.916185e-18
5611.284655 3.545008e-18
5613.475146 3.395607e-18
5615.667121 2.245172e-18
5617.859309 2.426472e-18
5620.052298 3.252154e-18
5622.246498 3.216468e-18
5624.439295 3.290649e-18
5626.635874 2.705621e-18
5628.831976 3.621652e-18
5631.029202 2.421753e-18
5633.226551 3.553205e-18
5635.424750 2.838394e-18
5637.623873 2.588591e-18
5639.823975 3.018448e-18
5642.024452 1.812011e-18
5644.225053 2.583638e-18
5646.427414 2.855847e-18
5648.630547 1.901447e-18
5650.833264 2.430099e-18
5653.037444 2.738837e-18
5655.242751 2.404524e-18
5657.447977 2.742225e-18
5659.655367 2.583015e-18
5661.861784 2.276193e-18
5664.069412 3.072747e-18
5666.278342 2.226403e-18
5668.487875 2.326218e-18
5670.697260 2.842998e-18
5672.907948 2.223382e-18
5675.125976 3.225396e-18
5677.331849 2.148083e-18
5679.545224 1.950599e-18
5681.758561 2.874762e-18
5683.972973 2.817601e-18
5686.188098 2.554587e-18
5688.404266 1.595116e-18
5690.626397 1.220834e-18
5692.837928 2.285441e-18
5695.056089 1.344457e-18
5697.274475 2.290877e-18
5699.494618 2.468911e-18
5701.714428 6.422636e-19
5703.935197 1.394845e-18
5706.156736 1.986259e-18
5708.379153 1.735603e-18
5710.602500 1.818269e-18
5712.823719 1.633822e-18
5715.050645 1.431858e-18
5717.275948 2.282084e-18
5719.501896 2.191427e-18
5721.729098 1.382398e-18
5723.951055 2.032249e-19
5726.183018 1.722626e-18
5728.412093 1.181861e-18
5730.643072 1.256268e-18
5732.872656 1.348652e-18
5735.103423 1.397846e-18
5737.335035 1.573307e-18
5739.568196 8.898531e-19
5741.800420 1.662060e-18
5744.034211 1.598577e-18
5746.268940 2.350287e-18
5748.504320 1.724927e-18
5750.739762 2.554157e-18
5752.976435 1.671437e-18
5755.213153 1.022941e-18
5757.452631 1.930206e-18
5759.690991 1.578343e-18
5761.930155 2.631586e-18
5764.169879 2.174154e-18
5766.411856 2.196250e-18
5768.652206 1.233637e-18
5770.895277 2.087457e-18
5773.138328 2.749810e-18
5775.382123 1.847493e-18
5777.625547 2.758927e-18
5779.902153 2.070588e-18
5782.150605 2.046265e-18
5784.397081 2.616494e-18
5786.630392 2.978244e-18
5788.866641 1.990385e-18
5791.106747 2.666078e-18
5793.355529 3.001560e-18
5795.606602 1.607245e-18
5797.856871 2.080183e-18
5800.107855 2.609149e-18
5802.360457 2.796731e-18
5804.612920 1.841732e-18
5806.865837 3.074214e-18
5809.120535 2.636470e-18
5811.375552 2.788378e-18
5813.631240 2.098070e-18
5815.887727 2.125748e-18
5818.143783 3.068668e-18
5820.401358 3.190318e-18
5822.659977 2.891106e-18
5824.918773 3.157515e-18
5827.178318 1.973883e-18
5829.439241 2.618877e-18
5831.699777 3.015601e-18
5833.960852 2.523349e-18
5836.224309 2.089500e-18
5838.487209 1.487459e-18
5840.750927 1.759983e-18
5843.015747 2.191205e-18
5845.280346 2.671382e-18
5847.546232 2.995127e-18
5849.812635 2.640828e-18
5852.080476 2.638779e-18
5854.348400 1.899143e-18
5856.617126 1.607758e-18
5858.885423 3.234429e-18
5861.155539 2.525814e-18
5863.426675 2.766885e-18
5865.697500 2.189476e-18
5867.969334 2.982877e-18
5870.242389 2.496114e-18
5872.515539 2.610227e-18
5874.789636 2.953080e-18
5877.064355 2.338648e-18
5879.339549 2.412290e-18
5881.616253 1.871558e-18
5883.891551 1.723066e-18
5886.169466 2.041260e-18
5888.448013 1.521698e-19
5890.726394 1.652158e-18
5893.005944 7.606116e-19
5895.286313 2.561231e-18
5897.566735 2.955209e-18
5899.848512 2.739753e-18
5902.130589 3.474135e-18
5904.412645 2.117166e-18
5906.696479 2.813382e-18
5908.980491 2.724742e-18
5911.265123 2.947183e-18
5913.550587 2.373422e-18
5915.836783 2.504444e-18
5918.123888 2.573370e-18
5920.410604 1.979887e-18
5922.698915 2.969582e-18
5924.987236 1.628473e-18
5927.277463 2.202382e-18
5929.566848 3.308101e-18
5931.858053 2.158661e-18
5934.149118 2.373232e-18
5936.441676 2.667415e-18
5938.734084 2.654492e-18
5941.027296 2.196557e-18
5943.321444 3.420977e-18
5945.616056 2.432184e-18
5947.911969 1.911459e-18
5950.201763 3.421625e-18
5952.504316 2.049925e-18
5954.801721 2.382873e-18
5957.099680 2.748518e-18
5959.399574 2.540333e-18
5961.697064 2.780823e-18
5963.998582 2.555165e-18
5966.298077 2.641644e-18
5968.599394 2.266414e-18
5970.901785 2.461553e-18
5973.204157 2.665918e-18
5975.507167 2.908170e-18
5977.810635 2.587354e-18
5980.115815 1.937704e-18
5982.420953 2.067496e-18
5984.726636 2.884133e-18
5987.033459 2.002575e-18
5989.340097 2.326685e-18
5991.648110 2.754829e-18
5993.956337 2.395107e-18
5996.265804 2.741284e-18
5998.575312 2.911670e-18
6000.885408 2.693874e-18
6003.196986 1.840391e-18
6005.508827 3.238659e-18
6007.820792 1.820039e-18
6010.133804 2.902581e-18
6012.447168 2.545090e-18
6014.761179 2.819597e-18
6017.076804 3.039509e-18
6019.392202 1.760797e-18
6021.708663 1.885992e-18
6024.025022 2.568439e-18
6026.342099 3.052706e-18
6028.660402 2.614816e-18
6030.979745 2.713805e-18
6033.298653 3.562556e-18
6035.619018 2.253682e-18
6037.939249 2.408224e-18
6040.260984 3.035123e-18
6042.582945 2.570676e-18
6044.905478 2.853981e-18
6047.227923 2.762170e-18
6049.552058 2.984218e-18
6051.876887 3.048671e-18
6054.202596 2.790072e-18
6056.527615 2.440165e-18
6058.853972 2.762290e-18
6061.181506 2.698009e-18
6063.508783 2.458399e-18
6065.837020 1.932059e-18
6068.166468 2.539342e-18
6070.499810 1.991598e-18
6072.820062 1.273525e-18
6075.156476 2.158943e-18
6077.487855 2.017215e-18
6079.820416 2.378086e-18
6082.152095 2.367733e-18
6084.486197 2.167054e-18
6086.820080 2.546328e-18
6089.154675 3.035250e-18
6091.489594 2.879771e-18
6093.826026 2.299919e-18
6096.161776 3.074066e-18
6098.499034 2.633938e-18
6100.837547 2.675010e-18
6103.174530 3.144490e-18
6105.514138 2.493151e-18
6107.853668 2.369965e-18
6110.194579 2.117013e-18
6112.535232 2.170376e-18
6114.876038 2.245710e-18
6117.218786 2.542292e-18
6119.560395 1.545436e-18
6121.904726 2.603869e-18
6124.248315 2.996997e-18
6126.592893 2.271139e-18
6128.937964 2.694024e-18
6131.283836 3.066790e-18
6133.630448 2.844584e-18
6135.977228 2.398012e-18
6138.324670 2.956528e-18
6140.673434 2.105227e-18
6143.021701 2.652082e-18
6145.371847 2.437192e-18
6147.722214 1.986451e-18
6150.072206 2.151075e-18
6152.423405 2.582943e-18
6154.775898 2.029224e-18
6157.128361 2.422510e-18
6159.480971 2.856418e-18
6161.835258 2.025303e-18
6164.189617 2.705095e-18
6166.544123 2.886069e-18
6168.899803 2.363103e-18
6171.256633 2.798468e-18
6173.612783 3.288740e-18
6175.970898 2.784317e-18
6178.328342 3.125993e-18
6180.687543 2.756220e-18
6183.046733 2.077161e-18
6185.406270 2.801238e-18
6187.766882 2.302366e-18
6190.128793 2.213833e-18
6192.489092 2.563937e-18
6194.852411 2.651902e-18
6197.215125 3.067746e-18
6199.578081 2.353279e-18
6201.942390 2.709638e-18
6204.307570 2.641459e-18
6206.672137 2.042809e-18
6209.038530 2.871797e-18
6211.404440 2.027333e-18
6213.772036 2.060475e-18
6216.139747 2.577059e-18
6218.508409 2.728898e-18
6220.877053 1.861186e-18
6223.246212 3.519462e-18
6225.611620 3.618438e-18
6227.986727 1.331592e-18
6230.359095 1.676217e-18
6232.730459 2.204235e-18
6235.103385 2.540318e-18
6237.475953 2.467811e-18
6239.849477 1.758264e-18
6242.223995 2.192361e-18
6244.599446 2.619610e-18
6246.974875 2.376444e-18
6249.350728 2.665244e-18
6251.727630 2.030381e-18
6254.104217 2.338646e-18
6256.482147 1.248925e-18
6258.860731 2.800347e-18
6261.240547 1.680461e-18
6263.619348 2.454558e-18
6265.999683 2.209418e-18
6268.380553 2.317943e-18
6270.761679 2.133291e-18
6273.144007 1.958312e-18
6275.526538 1.946187e-18
6277.909690 1.956000e-18
6280.292324 1.615206e-18
6282.677623 2.077937e-18
6285.063282 1.486145e-18
6287.442390 2.434135e-18
6289.833705 1.625076e-18
6292.220539 1.544691e-18
6294.608248 2.785976e-18
6296.995779 2.078127e-18
6299.384738 7.459620e-19
6301.773353 1.978219e-18
6304.162938 3.652302e-18
6306.553942 3.530197e-18
6308.944241 2.376213e-18
6311.335208 2.455114e-18
6313.727245 2.138799e-18
6316.120038 2.836978e-18
6318.512894 2.039983e-18
6320.906303 1.813780e-18
6323.301139 2.651227e-18
6325.695907 2.240595e-18
6328.091048 2.187704e-18
6330.486984 2.734665e-18
6332.883899 1.844198e-18
6335.280887 2.093943e-18
6337.678313 2.954751e-18
6340.077613 1.759372e-18
6342.475695 2.111460e-18
6344.875223 2.072908e-18
6347.274944 2.283685e-18
6349.676169 1.700772e-18
6352.076829 3.083809e-18
6354.478492 2.471783e-18
6356.881352 2.600333e-18
6359.283418 2.207357e-18
6361.687617 2.023231e-18
6364.092180 1.154833e-18
6366.495646 2.152136e-18
6368.901446 1.730358e-18
6371.306808 1.819257e-18
6373.713225 2.091172e-18
6376.120753 2.272207e-18
6378.528196 1.564001e-18
6380.935122 1.719190e-18
6383.344048 2.400463e-18
6385.753628 2.330596e-18
6388.163248 2.018725e-18
6390.573429 2.083708e-18
6392.984228 2.236191e-18
6395.392951 2.040270e-18
6397.807808 2.290893e-18
6400.220507 2.352427e-18
6402.633479 2.530364e-18
6405.047338 2.418990e-18
6407.456442 2.546285e-18
6409.871378 2.265082e-18
6412.277897 1.749948e-18
6414.694481 1.445880e-18
6417.110984 1.586004e-18
6419.526961 2.364853e-18
6421.945769 1.769904e-18
6424.377156 1.513970e-18
6426.795659 1.951378e-18
6429.215427 1.542138e-18
6431.634716 1.119927e-18
6434.055773 1.551861e-18
6436.477232 1.635240e-18
6438.897598 1.634324e-18
6441.320003 1.758521e-18
6443.743148 1.648680e-18
6446.166022 1.270509e-18
6448.589650 1.808312e-18
6451.014165 1.028371e-18
6453.439038 1.232483e-18
6455.864709 1.437240e-18
6458.290448 1.978778e-18
6460.717010 1.577106e-18
6463.144020 1.778039e-18
6465.572564 1.892492e-18
6467.999715 9.804180e-19
6470.429061 8.805147e-19
6472.861531 1.147137e-18
6475.287778 1.584162e-18
6477.718554 9.321037e-19
6480.150017 1.355113e-18
6482.581038 9.243567e-19
6485.015685 9.723727e-19
6487.445952 9.281502e-19
6489.879244 1.115146e-18
6492.311962 1.240818e-18
6494.747135 8.974816e-19
6497.181757 9.199926e-19
6499.617490 1.119218e-18
6502.053267 1.575896e-18
6504.489565 5.204294e-19
6506.926498 1.536130e-18
6509.364468 1.478325e-18
6511.802163 6.835770e-19
6514.241001 1.109607e-18
6516.679377 1.844303e-18
6519.120081 1.428537e-18
6521.560292 1.145250e-18
6524.000726 1.393166e-18
6526.442408 1.009300e-18
6528.884186 1.367515e-18
6531.326954 1.376810e-18
6533.769836 1.525510e-18
6536.212984 1.763732e-18
6538.657767 1.616939e-18
6541.101763 1.790609e-18
6543.547387 2.293552e-18
6545.992516 2.348947e-18
6548.439024 1.756518e-18
6550.886060 2.183927e-18
6553.333938 2.029968e-18
6555.781005 2.312101e-18
6558.229644 2.013099e-18
6560.678878 2.397952e-18
6563.128346 2.124284e-18
6565.577429 2.522923e-18
6568.028684 2.500705e-18
6570.479810 2.637693e-18
6572.930877 2.000911e-18
6575.384159 2.039360e-18
6577.835978 1.826808e-18
6580.289394 2.655800e-18
6582.743481 2.836582e-18
6585.197346 2.579065e-18
6587.652190 3.401145e-18
6590.108020 2.676082e-18
6592.563322 2.417135e-18
6595.020090 2.577797e-18
6597.477018 2.450517e-18
6599.934589 2.095764e-18
6602.392328 2.849394e-18
6604.851101 2.269146e-18
6607.310027 2.346844e-18
6609.770001 2.979780e-18
6612.230053 2.721554e-18
6614.690793 2.497170e-18
6617.151518 2.932064e-18
6619.613423 2.733469e-18
6622.076221 2.931699e-18
6624.538218 2.871733e-18
6627.002246 3.239388e-18
6629.465531 2.385009e-18
6631.930203 2.606466e-18
6634.394718 2.812742e-18
6636.859951 2.011649e-18
6639.326968 2.662893e-18
6641.792508 2.684211e-18
6644.259574 2.184399e-18
6646.727399 2.643767e-18
6649.196401 2.875674e-18
6651.662230 2.956450e-18
6654.133017 2.822054e-18
6656.602504 2.541764e-18
6659.072761 2.331166e-18
6661.543339 2.325249e-18
6664.015622 2.848141e-18
6666.486706 2.029428e-18
6668.958508 2.416481e-18
6671.431088 2.108745e-18
6673.904496 1.821220e-18
6676.378271 2.352164e-18
6678.853196 2.250841e-18
6681.327674 2.274831e-18
6683.802688 2.270211e-18
6686.278262 2.597269e-18
6688.754922 2.101828e-18
6691.232143 2.217917e-18
6693.709109 1.999145e-18
6696.187174 1.954533e-18
6698.665942 2.140841e-18
6701.144549 2.752422e-18
6703.623234 2.388625e-18
6706.104483 1.931940e-18
6708.585240 2.206557e-18
6711.065754 2.594268e-18
6713.546914 1.755957e-18
6716.029592 2.323152e-18
6718.511743 1.771442e-18
6720.994683 2.874491e-18
6723.478842 2.894294e-18
6725.962523 2.484222e-18
6728.447150 2.544478e-18
6730.932208 1.991344e-18
6733.417439 2.201944e-18
6735.904418 2.484278e-18
6738.390578 2.493352e-18
6740.878151 2.319378e-18
6743.365455 2.521562e-18
6745.853124 2.237830e-18
6748.341996 2.322525e-18
6750.831531 2.197774e-18
6753.322310 2.269707e-18
6755.811928 2.112042e-18
6758.302010 1.911778e-18
6760.792731 2.129626e-18
6763.285435 2.394250e-18
6765.777282 1.762876e-18
6768.269917 2.477440e-18
6770.764162 1.612790e-18
6773.256677 1.375143e-18
6775.751209 2.378506e-18
6778.246654 2.624409e-18
6780.741103 2.073213e-18
6783.237260 2.568684e-18
6785.733607 2.251888e-18
6788.230271 2.951617e-18
6790.727351 2.196327e-18
6793.225367 1.992724e-18
6795.723457 2.005662e-18
6798.222572 2.312925e-18
6800.721590 1.731067e-18
6803.221295 1.937959e-18
6805.722254 2.273408e-18
6808.222702 2.197418e-18
6810.723790 2.088205e-18
6813.225450 1.804423e-18
6815.729692 2.025379e-18
6818.230510 2.417398e-18
6820.734442 2.211350e-18
6823.237378 1.966970e-18
6825.741832 2.573600e-18
6828.247104 2.888891e-18
6830.751669 2.165063e-18
6833.258012 2.224097e-18
6835.764019 2.648887e-18
6838.270985 1.563359e-18
6840.778550 2.165205e-18
6843.285634 2.060000e-18
6845.794423 1.965374e-18
6848.302924 2.247786e-18
6850.812219 1.876415e-18
6853.322134 1.854544e-18
6855.832071 2.268044e-18
6858.342829 1.884273e-18
6860.853809 1.800793e-18
6863.365729 1.812823e-18
6865.878505 2.232965e-18
6868.390882 1.568824e-18
6870.904353 1.673105e-18
6873.417328 2.571447e-18
6875.931704 1.854869e-18
6878.446594 2.054153e-18
6880.961373 2.026614e-18
6883.477819 1.391172e-18
6885.993510 1.611984e-18
6888.509188 1.814719e-18
6891.026885 1.433587e-18
6893.544996 1.432125e-18
6896.062426 2.077907e-18
6898.581228 1.849021e-18
6901.100667 1.713587e-18
6903.619581 2.612412e-18
6906.140489 1.677846e-18
6908.659993 2.208332e-18
6911.181963 2.092017e-18
6913.702714 1.473125e-18
6916.225019 1.679269e-18
6918.747495 2.059502e-18
6921.270245 1.093847e-18
6923.793907 1.924772e-18
6926.317854 2.128639e-18
6928.842736 2.101171e-18
6931.366945 1.638584e-18
6933.892378 2.102859e-18
6936.418172 1.841131e-18
6938.944732 1.618454e-18
6941.471374 1.666374e-18
6943.998508 1.632513e-18
6946.533145 1.318092e-18
6949.054741 2.309149e-18
6951.583601 2.167917e-18
6954.113182 2.865311e-18
6956.642005 2.660972e-18
6959.172794 2.349824e-18
6961.702892 2.093359e-18
6964.235008 2.237896e-18
6966.766130 2.087962e-18
6969.298250 2.451779e-18
6971.830916 2.277671e-18
6974.363606 2.451690e-18
6976.897499 2.285628e-18
6979.431398 2.400071e-18
6981.965786 1.531174e-18
6984.501155 2.831416e-18
6987.033809 2.209897e-18
6989.572093 2.028829e-18
6992.108837 1.877333e-18
6994.645326 2.543459e-18
6997.182509 2.040552e-18
6999.720954 2.134714e-18
7002.259047 2.112193e-18
7004.797335 1.874240e-18
7007.336890 1.824028e-18
7009.877235 2.705177e-18
7012.416665 1.887908e-18
7014.957807 1.643753e-18
7017.498839 1.905550e-18
7020.040119 1.957756e-18
7022.582869 1.552963e-18
7025.124615 1.814398e-18
7027.668182 1.838399e-18
7030.211647 1.821290e-18
7032.755335 1.761144e-18
7035.299901 1.572716e-18
7037.844741 1.291899e-18
7040.390577 2.176651e-18
7042.936227 1.512480e-18
7045.482334 1.495762e-18
7048.029401 1.766549e-18
7050.576677 1.645711e-18
7053.124370 1.478841e-18
7055.672240 2.040794e-18
7058.220670 2.638246e-18
7060.770284 1.455800e-18
7063.320209 1.848210e-18
7065.869788 2.147107e-18
7068.420014 1.328364e-18
7070.972354 1.652410e-18
7073.523048 1.398837e-18
7076.074728 1.350890e-18
7078.627337 1.184705e-18
7081.180537 1.456401e-18
7083.733395 9.336439e-19
7086.287131 1.093314e-18
7088.841729 8.476873e-19
7091.396469 1.263402e-18
7093.951186 1.007113e-18
7096.506913 8.291307e-19
7099.063196 6.935082e-19
7101.619894 1.463722e-18
7104.177198 1.261013e-18
7106.734321 6.664988e-19
7109.291895 1.108164e-18
7111.851501 1.015102e-18
7114.409465 1.841546e-19
7116.968717 5.866751e-19
7119.528783 4.415281e-19
7122.088888 3.813183e-19
7124.650143 5.344983e-19
7127.210744 8.397072e-19
7129.772135 1.900017e-19
7132.335558 5.718802e-19
7134.897045 7.264434e-19
7137.460124 4.532633e-19
7140.024182 3.959315e-19
7142.587511 -2.936218e-19
7145.152184 9.693227e-20
7147.717140 4.867107e-20
7150.282223 7.920618e-19
7152.848569 7.567730e-19
7155.413710 4.506477e-19
7157.980511 8.511643e-20
7160.548429 6.874260e-19
7163.115455 9.543197e-19
7165.684459 1.074326e-19
7168.252181 2.782271e-19
7170.820769 6.192628e-19
7173.390643 8.089217e-19
7175.960304 2.894012e-19
7178.530888 9.619765e-19
7181.102058 7.474173e-19
7183.672532 5.673560e-19
7186.244520 4.520553e-19
7188.817431 7.174587e-19
7191.388656 8.110556e-19
7193.962448 9.305628e-19
7196.536014 7.514781e-19
7199.109664 1.074742e-18
7201.683899 1.401799e-18
7204.259342 1.175723e-18
7206.833887 1.278556e-18
7209.412787 7.973542e-19
7211.986177 1.045501e-18
7214.562697 1.116571e-18
7217.140001 2.142001e-18
7219.713001 1.532034e-18
7222.295148 1.125855e-18
7224.874601 1.489133e-18
7227.453436 1.741448e-18
7230.032028 1.811162e-18
7232.611514 1.785846e-18
7235.187448 1.495245e-18
7237.772373 1.557282e-18
7240.354190 1.816936e-18
7242.935708 1.871517e-18
7245.517476 2.840761e-18
7248.100230 2.283460e-18
7250.683338 3.228728e-18
7253.266377 2.250817e-18
7255.849594 3.013145e-18
7258.434547 2.777842e-18
7261.019258 2.654819e-18
7263.603445 3.331836e-18
7266.189731 3.295517e-18
7268.775989 3.475546e-18
7271.361447 3.292294e-18
7273.948668 3.312498e-18
7276.536374 3.788089e-18
7279.124559 4.923292e-18
7281.712475 4.116775e-18
7284.301392 4.804578e-18
7286.890466 4.963698e-18
7289.479530 5.011919e-18
7292.070274 4.663859e-18
7294.659984 5.353428e-18
7297.251587 5.420219e-18
7299.842041 5.782629e-18
7302.434092 5.941324e-18
7305.026710 5.690736e-18
7307.618893 5.624931e-18
7310.212516 6.424414e-18
7312.805673 5.044005e-18
7315.399733 5.813701e-18
7317.994212 5.831709e-18
7320.589196 5.979873e-18
7323.184814 5.543622e-18
7325.779722 6.250245e-18
7328.376485 4.804636e-18
7330.972284 5.951668e-18
7333.570431 6.668017e-18
7336.166404 7.013272e-18
7338.764859 6.433603e-18
7341.363810 5.717470e-18
7343.962618 5.668433e-18
7346.561819 6.647197e-18
7349.161263 5.851147e-18
7351.761401 6.067487e-18
7354.361456 5.472628e-18
7356.962591 5.918529e-18
7359.564093 5.205366e-18
7362.166004 5.818515e-18
7364.768148 5.689016e-18
7367.370973 5.257445e-18
7369.973933 5.162900e-18
7372.577890 5.173411e-18
7375.182075 6.523330e-18
7377.786065 5.425161e-18
7380.390675 4.944414e-18
7382.996420 5.256741e-18
7385.601181 5.090980e-18
7388.208546 5.032516e-18
7390.814805 4.611267e-18
7393.421454 6.032993e-18
7396.029248 5.624585e-18
7398.636915 5.003082e-18
7401.245185 4.801119e-18
7403.854285 4.789853e-18
7406.463721 4.431634e-18
7409.072699 4.352801e-18
7411.683103 4.237480e-18
7414.293008 4.429150e-18
7416.904067 3.635680e-18
7419.515737 4.260459e-18
7422.127458 4.014455e-18
7424.739166 4.448550e-18
7427.352069 4.581210e-18
7429.965093 3.929546e-18
7432.578440 4.188219e-18
7435.192416 4.141623e-18
7437.807062 3.222254e-18
7440.421466 3.612218e-18
7443.036508 3.775203e-18
7445.652547 2.940230e-18
7448.267921 3.196246e-18
7450.884776 3.433792e-18
7453.501746 3.172693e-18
7456.118734 2.906136e-18
7458.736163 3.692005e-18
7461.354864 3.234848e-18
7463.973379 2.907397e-18
7466.591545 3.782377e-18
7469.211694 3.433000e-18
7471.831238 2.587623e-18
7474.452082 2.698015e-18
7477.074142 2.803370e-18
7479.692882 2.974645e-18
7482.315173 2.467539e-18
7484.937185 3.853230e-18
7487.559213 3.278202e-18
7490.182383 3.477071e-18
7492.805104 3.150664e-18
7495.429709 3.181738e-18
7498.052865 3.196388e-18
7500.677374 2.789667e-18
7503.302628 2.525062e-18
7505.927114 2.230220e-18
7508.552712 2.729308e-18
7511.179979 2.964946e-18
7513.806023 3.025029e-18
7516.433275 2.967321e-18
7519.059965 3.087173e-18
7521.688488 2.852180e-18
7524.316437 2.311790e-18
7526.945328 2.612398e-18
7529.574862 2.828830e-18
7532.203252 2.438995e-18
7534.834149 2.230827e-18
7537.464481 2.443336e-18
7540.094456 2.268674e-18
7542.726012 2.400140e-18
7545.358092 2.661141e-18
7547.989548 2.541069e-18
7550.622093 1.918557e-18
7553.254517 2.545379e-18
7555.888214 1.888141e-18
7558.522078 2.281830e-18
7561.155234 2.337109e-18
7563.790995 2.849532e-18
7566.425072 2.355274e-18
7569.060640 2.353426e-18
7571.696343 1.197560e-18
7574.332551 1.387993e-18
7576.969317 2.405336e-18
7579.606489 2.420153e-18
7582.243271 2.225536e-18
7584.880933 2.334071e-18
7587.519994 1.897894e-18
7590.158011 1.774316e-18
7592.796952 1.520854e-18
7595.436176 1.333614e-18
7598.076736 7.398937e-19
7600.716868 3.570499e-19
7603.359734 7.564424e-20
7605.998978 4.010557e-19
7608.639674 4.939253e-19
7611.281977 1.246903e-18
7613.924252 7.269141e-19
7616.566722 1.161035e-18
7619.209799 1.542931e-18
7621.853745 1.146863e-18
7624.498212 1.438294e-18
7627.141670 8.971950e-19
7629.786865 6.948263e-19
7632.432573 1.019867e-18
7635.078428 1.028499e-18
7637.723368 7.886293e-19
7640.369451 1.431167e-18
7643.017064 5.783934e-19
7645.663926 1.341708e-18
7648.311776 1.054147e-18
7650.959223 1.657485e-18
7653.608639 1.768350e-18
7656.256388 1.963246e-18
7658.905959 1.301848e-18
7661.556180 1.517337e-18
7664.206178 1.458233e-18
7666.856159 1.176041e-18
7669.507682 2.070125e-18
7672.158932 1.803389e-18
7674.810166 1.628602e-18
7677.462778 1.813317e-18
7680.114360 1.942909e-18
7682.768347 1.365240e-18
7685.420865 1.912785e-18
7688.074900 2.252327e-18
7690.728824 1.605829e-18
7693.383756 1.535619e-18
7696.038147 1.890166e-18
7698.693969 2.538453e-18
7701.349436 2.079090e-18
7704.005325 2.183062e-18
7706.662228 1.436876e-18
7709.318711 1.360070e-18
7711.976057 1.793110e-18
7714.634127 2.096757e-18
7717.292330 1.271056e-18
7719.951448 8.562613e-19
7722.609910 2.157032e-18
7725.269323 1.684705e-18
7727.928748 1.768735e-18
7730.588867 9.478743e-19
7733.249573 1.196561e-18
7735.910764 1.428563e-18
7738.571491 1.175396e-18
7741.233741 1.640849e-18
7743.895351 1.386018e-18
7746.557206 1.616215e-18
7749.221143 2.096290e-18
7751.884548 1.631993e-18
7754.547659 7.471087e-19
7757.212940 1.618833e-18
7759.877226 1.765850e-18
7762.541627 2.086517e-18
7765.207078 1.709947e-18
7767.872906 1.626278e-18
7770.538535 2.088916e-18
7773.205258 2.012632e-18
7775.871691 2.543836e-18
7778.536813 1.865627e-18
7781.206674 2.244055e-18
7783.874923 2.208713e-18
7786.543652 1.477337e-18
7789.211956 1.195303e-18
7791.881670 2.200604e-18
7794.551354 1.789921e-18
7797.221298 1.958327e-18
7799.892686 2.761411e-18
7802.562444 1.294875e-18
7805.233608 1.929624e-18
7807.905623 2.199990e-18
7810.577854 1.856008e-18
7813.249902 1.973706e-18
7815.922032 1.159501e-18
7818.595140 2.489338e-18
7821.269817 2.478446e-18
7823.943537 1.879515e-18
7826.618119 1.724902e-18
7829.292916 2.178095e-18
7831.968207 1.954483e-18
7834.643448 1.502258e-18
7837.318498 2.378899e-18
7839.995811 1.406807e-18
7842.672177 1.145560e-18
7845.349322 9.799789e-19
7848.026786 1.579566e-18
7850.704575 1.585004e-18
7853.382869 1.761458e-18
7856.061349 1.620595e-18
7858.740875 2.262018e-18
7861.420104 1.437600e-18
7864.100162 2.064397e-18
7866.780984 1.721366e-18
7869.460375 1.838276e-18
7872.141476 1.638627e-18
7874.823062 1.866056e-18
7877.504919 1.718509e-18
7880.186402 5.525608e-19
7882.869178 1.115413e-18
7885.552143 1.791580e-18
7888.236170 1.600993e-18
7890.919170 2.098766e-18
7893.603153 2.523389e-18
7896.288402 1.042274e-18
7898.972603 1.154986e-18
7901.657477 1.900379e-18
7904.344403 1.973408e-18
7907.029543 1.488914e-18
7909.714944 1.809746e-18
7912.402444 2.929408e-18
7915.089586 1.113403e-18
7917.777233 1.521941e-18
7920.465268 1.811327e-18
7923.153295 2.193919e-18
7925.842205 1.994741e-18
7928.531529 1.594931e-18
7931.220640 1.442731e-18
7933.910310 1.984623e-18
7936.600101 1.620039e-18
7939.291365 1.052758e-18
7941.982205 1.943181e-18
7944.673095 2.198898e-18
7947.364871 2.448983e-18
7950.057283 2.072889e-18
7952.750098 2.003955e-18
7955.442176 1.703589e-18
7958.134868 1.756828e-18
7960.828893 1.375426e-18
7963.531106 1.546030e-18
7966.217631 1.644457e-18
7968.912744 2.269596e-18
7971.608423 1.767433e-18
7974.303052 2.299623e-18
7976.998782 2.709932e-18
7979.695344 1.533179e-18
7982.392417 1.894075e-18
7985.089631 1.804453e-18
7987.786440 9.607211e-19
7990.483940 2.337403e-18
7993.182342 2.455481e-18
7995.880910 1.177772e-18
7998.580766 2.125034e-18
8001.279007 1.082785e-18
8003.979114 9.174869e-19
8006.678855 1.620602e-18
8009.379499 1.791614e-18
8012.080394 1.476023e-18
8014.781015 2.362338e-18
8017.483178 1.399188e-18
8020.184984 2.547977e-18
8022.886721 2.268878e-18
8025.589971 3.003563e-18
8028.292960 2.152317e-18
8030.996540 1.921432e-18
8033.700097 1.606283e-18
8036.404430 1.294535e-18
8039.108743 1.628292e-18
8041.813312 1.921810e-18
8044.518484 1.767921e-18
8047.224615 2.165065e-18
8049.931295 1.394583e-18
8052.628795 2.076785e-18
8055.343268 2.290157e-18
8058.051379 2.574235e-18
8060.758444 1.508321e-18
8063.466143 1.516872e-18
8066.174962 2.654474e-18
8068.883955 1.630581e-18
8071.591555 1.953293e-18
8074.301512 1.332245e-18
8077.011540 1.742411e-18
8079.721085 2.411119e-18
8082.431925 2.321775e-18
8085.143083 1.845132e-18
8087.853349 2.239572e-18
8090.566180 2.961127e-18
8093.277239 1.887651e-18
8095.989914 2.030147e-18
8098.702180 2.260833e-18
8101.415649 1.983144e-18
8104.129144 2.242453e-18
8106.844026 1.635085e-18
8109.557112 2.335371e-18
8112.271810 2.236909e-18
8114.985651 1.940616e-18
8117.702492 1.872551e-18
8120.416589 1.629340e-18
8123.133037 2.056675e-18
8125.849799 2.376711e-18
8128.566026 2.244967e-18
8131.284343 2.410907e-18
8134.000905 1.259467e-18
8136.718273 2.475189e-18
8139.436969 2.119315e-18
8142.156946 1.340104e-18
8144.874186 1.396183e-18
8147.593765 2.318382e-18
8150.313031 1.815612e-18
8153.033611 2.648761e-18
8155.753627 2.012669e-18
8158.473949 1.895539e-18
8161.195886 1.715668e-18
8163.916850 2.433074e-18
8166.638507 1.839490e-18
8169.361056 1.814803e-18
8172.083227 2.304403e-18
8174.806423 1.740028e-18
8177.529511 1.694531e-18
8180.253601 1.557246e-18
8182.977317 1.666676e-18
8185.701431 1.909314e-18
8188.426090 1.991212e-18
8191.151291 1.632913e-18
8193.876887 1.883582e-18
8196.603007 1.886817e-18
8199.328863 1.755268e-18
8202.055320 2.234137e-18
8204.781893 2.488882e-18
8207.509610 2.233213e-18
8210.236943 2.307972e-18
8212.964814 2.358958e-18
8215.693385 1.076020e-18
8218.421757 1.910619e-18
8221.150569 1.934587e-18
8223.880352 1.377380e-18
8226.609985 2.183844e-18
8229.340104 1.538876e-18
8232.070261 1.685860e-18
8234.801759 2.057423e-18
8237.531991 1.831253e-18
8240.263926 1.928956e-18
8242.996166 1.861937e-18
8245.728463 2.058431e-18
8248.460757 1.562348e-18
8251.193546 1.855881e-18
8253.926836 2.122627e-18
8256.660639 1.666884e-18
8259.394306 2.155696e-18
8262.129818 1.765646e-18
8264.863471 1.464312e-18
8267.598683 2.283389e-18
8270.334073 1.708342e-18
8273.069738 1.306581e-18
8275.806091 2.382788e-18
8278.542120 1.059916e-18
8281.279336 1.294874e-18
8284.016729 2.428131e-18
8286.754112 3.052427e-18
8289.492054 2.809859e-18
8292.230550 2.039066e-18
8294.968934 1.921026e-18
8297.707720 2.598633e-19
8300.447394 2.294883e-18
8303.186977 1.118330e-18
8305.927058 2.543338e-18
8308.667346 2.260799e-18
8311.408287 1.396188e-18
8314.148740 1.513206e-18
8316.890484 2.261737e-18
8319.632903 2.221360e-18
8322.374034 1.937500e-18
8325.116193 1.803116e-18
8327.859895 2.022101e-18
8330.602720 1.036397e-18
8333.345538 1.795952e-18
8336.089883 1.780162e-18
8338.833517 1.663200e-18
8341.578204 9.336323e-19
8344.323219 1.055627e-18
8347.068805 2.517629e-18
8349.814870 4.017375e-18
8352.561124 1.033425e-18
8355.306364 1.972062e-18
8358.053514 3.054839e-18
8360.799919 1.476122e-18
8363.547171 2.020375e-18
8366.295662 1.629915e-18
8369.043108 9.914162e-19
8371.791727 2.349568e-18
8374.540141 1.717136e-18
8377.289474 1.685393e-18
8380.038278 2.078739e-18
8382.788328 1.814273e-18
8385.538385 1.229614e-18
8388.289425 1.704943e-18
8391.038976 1.188805e-18
8393.789515 6.711350e-19
8396.541756 4.414783e-19
8399.293846 4.191199e-19
8402.045991 4.986996e-19
8404.799218 6.998651e-19
8407.551464 1.561937e-18
8410.303286 9.500677e-19
8413.057876 1.420443e-18
8415.811866 1.474064e-18
8418.566135 9.922964e-19
8421.320818 1.715162e-18
8424.075269 1.863559e-18
8426.830054 1.075272e-18
8429.586109 1.993174e-18
8432.341926 1.863260e-18
8435.098202 1.523229e-18
8437.856232 1.128122e-18
8440.611688 1.578072e-18
8443.368410 1.458209e-18
8446.126384 1.460734e-18
8448.886144 1.779680e-18
8451.642997 1.419087e-18
8454.398259 2.583953e-18
8457.162381 9.551813e-19
8459.919112 7.766565e-19
8462.678461 1.080970e-18
8465.439376 1.098707e-18
8468.199013 1.055348e-18
8470.960583 1.929037e-18
8473.721162 1.456794e-18
8476.482172 1.433451e-18
8479.243576 1.191201e-18
8482.005709 1.723396e-18
8484.767569 1.277419e-18
8487.531020 1.606051e-18
8490.292741 1.216030e-18
8493.056644 1.769406e-18
8495.820623 1.242135e-18
8498.584483 2.463324e-18
8501.348742 1.063637e-18
8504.113088 1.566684e-18
8506.878614 9.436628e-19
8509.643591 2.164827e-18
8512.410015 1.344084e-18
8515.175182 1.547552e-18
8517.942083 1.501963e-18
8520.707974 1.489624e-18
8523.475076 1.426494e-18
8526.242215 1.457428e-18
8529.009906 1.374586e-18
8531.777811 1.382886e-18
8534.546511 1.612612e-18
8537.314885 1.105740e-18
8540.083300 2.029396e-18
8542.853576 1.523019e-18
8545.622463 1.947818e-18
8548.392521 1.295119e-18
8551.163051 1.442496e-18
8553.933441 6.686754e-19
8556.705188 1.542547e-18
8559.475457 1.557465e-18
8562.246759 1.768374e-18
8565.019556 1.765996e-18
8567.792008 1.742847e-18
8570.563933 1.580471e-18
8573.336048 1.319071e-18
8576.110457 1.386003e-18
8578.883066 1.168607e-18
8581.657506 1.986550e-18
8584.430552 1.670758e-18
8587.205936 1.399195e-18
8589.981602 2.030261e-18
8592.756689 1.394138e-18
8595.531582 9.135125e-19
8598.307560 1.543927e-18
8601.082850 1.636419e-18
8603.860477 1.465159e-18
8606.637267 1.595133e-18
8609.413731 9.321530e-19
8612.190954 1.293337e-18
8614.969459 2.058367e-18
8617.747015 1.317265e-18
8620.525390 4.894458e-19
8623.304742 1.653991e-18
8626.083319 1.604702e-18
8628.863062 9.150428e-19
8631.642657 3.539283e-19
8634.422238 2.021190e-18
8637.203300 8.758573e-19
8639.984225 1.513248e-18
8642.764956 1.538829e-18
8645.546312 1.505364e-18
8648.326954 2.649940e-18
8651.109012 1.443519e-18
8653.892076 4.586797e-19
8656.674346 5.536420e-19
8659.457535 1.259318e-18
8662.240792 1.381236e-18
8665.023988 1.863998e-18
8667.807741 1.888549e-18
8670.592342 2.559187e-18
8673.377121 1.914395e-18
8676.161977 1.392473e-18
8678.946961 1.659873e-18
8681.731657 2.164806e-18
8684.517981 1.130569e-18
8687.304089 1.652038e-18
8690.090313 2.765730e-18
8692.877324 8.483556e-19
8695.663697 1.399083e-18
8698.452128 2.027121e-18
8701.239324 1.615840e-18
8704.027489 1.425982e-18
8706.815146 1.766209e-18
8709.603478 1.741194e-18
8712.393134 1.642752e-18
8715.186613 2.258744e-18
8717.972699 1.712946e-18
8720.761620 1.236917e-18
8723.551552 2.001500e-18
8726.341665 1.350835e-18
8729.132947 1.097674e-18
8731.925247 1.575726e-18
8734.716535 1.890247e-18
8737.507566 1.554257e-18
8740.299309 1.481452e-18
8743.091515 1.273793e-18
8745.885061 1.810665e-18
8748.677119 1.910610e-18
8751.470965 1.516639e-18
8754.263905 2.036033e-18
8757.058036 2.195297e-18
8759.852542 7.221893e-19
8762.647022 1.457908e-18
8765.442202 2.419695e-18
8768.237415 5.346922e-19
8771.032955 -4.415795e-19
8773.828676 2.241018e-18
8776.624515 2.801338e-18
8779.421007 3.396684e-19
8782.218075 4.323869e-19
8785.016335 1.518886e-18
8787.811866 1.855102e-18
8790.609286 6.495276e-19
8793.407603 1.348561e-18
8796.206606 2.043175e-18
8799.000203 1.481127e-18
8801.803509 1.974451e-18
8804.602262 1.625520e-18
8807.401710 1.923896e-18
8810.202020 1.183489e-18
8813.001317 1.403226e-18
8815.802572 1.112801e-18
8818.602384 1.663467e-18
8821.403148 6.364001e-19
8824.204489 -5.548476e-19
8827.006781 5.261285e-19
8829.808453 2.649091e-18
8832.611276 2.539157e-18
8835.413308 1.326324e-18
8838.215834 -3.369849e-19
8841.019849 1.845028e-18
8843.823641 1.966287e-18
8846.626366 9.403893e-19
8849.429649 1.253550e-18
8852.234701 1.797705e-18
8855.039659 1.497007e-18
8857.843775 1.724577e-18
8860.648856 1.515360e-18
8863.454309 1.561014e-18
8866.260518 1.068197e-18
8869.067201 1.752217e-18
8871.873160 2.399072e-18
8874.680874 2.304430e-18
8877.486110 1.528895e-18
8880.294006 1.065585e-18
8883.101095 1.038988e-18
8885.909381 1.573320e-18
8888.717941 1.324044e-18
8891.526967 1.356213e-18
8894.335140 1.726230e-18
8897.144238 1.884532e-18
8899.952953 1.321533e-19
8902.763688 5.556784e-19
8905.573086 9.569023e-19
8908.383857 3.077338e-18
8911.204753 1.503554e-18
8914.015089 1.509525e-18
8916.825174 9.430388e-19
8919.637703 -3.831598e-19
8922.449354 -1.323509e-19
8925.262306 1.830833e-18
8928.063899 1.472707e-18
8930.876398 1.755804e-18
8933.689147 7.812798e-19
8936.501962 1.569091e-18
8939.315189 1.131062e-18
8942.129634 8.194682e-19
8944.943962 6.438494e-19
8947.758048 1.272019e-18
8950.573384 1.513734e-18
8953.386652 5.862750e-19
8956.202863 2.975265e-21
8959.018320 7.197635e-19
8961.834045 2.111379e-18
8964.651203 2.436779e-18
8967.467641 1.719368e-18
8970.283290 9.943835e-19
8973.100476 9.594571e-19
8975.917691 1.624314e-18
8978.734757 1.428624e-18
8981.553060 1.728877e-18
8984.370722 1.614473e-18
8987.189110 1.561881e-18
8990.008211 9.768053e-19
8992.827416 2.047908e-18
8995.646786 1.200850e-18
8998.467322 1.334864e-18
9001.285999 5.081513e-19
9004.105872 9.496318e-19
9006.927174 2.266773e-18
9009.746784 1.065011e-18
9012.568905 1.748435e-18
9015.388793 1.308062e-18
9018.210681 1.451982e-18
9021.033684 1.293879e-18
9023.853689 1.349694e-18
9026.677766 1.830595e-18
9029.499406 1.421971e-18
9032.322453 1.356225e-18
9035.145970 1.006794e-18
9037.969423 1.821891e-18
9040.793159 1.369729e-18
9043.617698 1.676155e-18
9046.441616 8.659441e-19
9049.266411 1.519343e-18
9052.090921 2.008516e-18
9054.916807 1.075629e-18
9057.741927 1.306296e-18
9060.568214 1.401562e-18
9063.393573 1.143330e-18
9066.220108 1.366157e-18
9069.046505 1.259830e-18
9071.873711 9.696888e-19
9074.700814 1.221379e-18
9077.527815 1.776816e-18
9080.355860 1.503218e-18
9083.183623 1.244493e-18
9086.012089 1.793249e-18
9088.839926 1.241895e-18
9091.669327 1.813207e-18
9094.498617 1.058942e-18
9097.327932 1.864658e-18
9100.157361 1.060485e-18
9102.987434 1.357826e-18
9105.816983 1.226563e-18
9108.648881 1.499022e-18
9111.477898 1.371647e-18
9114.309398 1.187287e-18
9117.141443 1.467784e-18
9119.972413 1.184710e-18
9122.802960 1.066854e-18
9125.636081 1.546115e-18
9128.468995 1.478594e-18
9131.301413 1.107074e-18
9134.134024 1.161802e-18
9136.967556 1.700161e-18
9139.800695 9.126032e-19
9142.634145 1.290371e-18
9145.469636 1.019361e-18
9148.302705 5.441120e-19
9151.136933 1.225714e-18
9153.971942 1.726696e-18
9156.806930 9.564221e-19
9159.641913 1.258392e-18
9162.478296 1.529907e-18
9165.305219 4.653156e-19
9168.149458 1.357646e-18
9170.986840 1.324743e-18
9173.822147 8.815612e-19
9176.658662 1.157879e-18
9179.497725 9.554297e-19
9182.333770 1.715739e-18
9185.172325 1.613150e-18
9188.010391 1.148868e-18
9190.846135 1.018258e-18
9193.686744 1.075197e-18
9196.525318 1.475745e-18
9199.364798 1.711432e-18
9202.202964 1.554092e-18
9205.043543 1.450494e-18
9207.883346 1.033041e-18
9210.722637 1.130388e-18
9213.562911 1.131240e-18
9216.405077 1.533186e-18
9219.245255 6.006413e-19
9222.085284 1.164546e-18
9224.927843 8.650782e-19
9227.768460 1.196982e-18
9230.611296 1.230011e-18
9233.452785 1.145521e-18
9236.295792 1.061119e-18
9239.137438 1.114358e-18
9241.981745 1.438776e-18
9244.824517 8.174478e-19
9247.667349 1.390234e-18
9250.510555 3.056947e-19
9253.355441 8.650973e-19
9256.199402 6.963349e-19
9259.043496 9.061737e-19
9261.888915 8.456396e-19
9264.732996 1.081684e-18
9267.579491 9.232600e-19
9270.423975 5.862331e-19
9273.270228 3.819722e-19
9276.115780 1.111113e-18
9278.961415 4.821326e-19
9281.809024 7.065996e-19
9284.655090 7.657921e-19
9287.502174 2.665826e-19
9290.349262 3.663005e-19
9293.197488 7.887526e-19
9296.044225 5.025062e-19
9298.892940 1.683802e-18
9301.740543 6.205821e-19
9304.589357 8.283584e-19
9307.438323 1.160407e-18
9310.286855 -1.928873e-18
9313.136801 -4.750140e-19
9315.986257 1.119609e-18
9318.836094 1.594954e-18
9321.686042 3.992703e-19
9324.536112 -5.499761e-19
9327.386736 -9.396787e-19
9330.238049 6.273868e-19
9333.087871 2.080927e-19
9335.939810 5.841525e-19
9338.790974 7.759442e-19
9341.642941 4.788015e-19
9344.494548 1.056977e-20
9347.346650 -2.706746e-20
9350.199079 2.084686e-19
9353.052902 -1.590379e-19
9355.905159 -2.086192e-19
9358.758164 7.931735e-19
9361.611128 3.992827e-19
9364.464849 -2.058224e-20
9367.318902 2.344452e-19
9370.172609 7.920052e-19
9373.026693 -4.965163e-19
9375.882244 3.365622e-19
9378.737314 1.699453e-18
9381.592967 1.695989e-18
9384.447624 -5.290900e-19
9387.303803 3.340659e-19
9390.159133 1.597748e-19
9393.015226 8.374118e-19
9395.871183 2.632497e-19
9398.726853 -4.681862e-19
9401.584910 7.689034e-21
9404.441520 5.949223e-20
9407.298979 -3.233265e-19
9410.156635 2.137652e-19
9413.014794 2.775624e-19
9415.871739 1.583443e-19
9418.730166 2.098026e-19
9421.588485 6.727225e-19
9424.448001 1.000616e-18
9427.306251 6.903289e-19
9430.165834 5.237735e-19
9433.024133 4.157244e-19
9435.883203 7.719368e-19
9438.744353 2.192057e-19
9441.603793 1.527871e-19
9444.464775 -4.274968e-19
9447.326173 8.589366e-19
9450.186251 9.309725e-19
9453.037126 1.066034e-18
9455.907498 9.220556e-19
9458.769216 9.340133e-20
9461.631397 7.925639e-19
9464.493003 6.914711e-19
9467.355739 3.623473e-19
9470.217346 1.308733e-19
9473.079075 7.493273e-19
9475.942490 1.054310e-18
9478.806027 3.754744e-19
9481.669375 5.087090e-19
9484.533551 2.829170e-19
9487.396459 4.763627e-19
9490.260512 4.683230e-19
9493.125144 2.652427e-19
9495.989308 5.140575e-19
9498.852104 5.851143e-19
9501.718405 8.254194e-19
9504.583497 -9.103567e-20
9507.448479 9.539241e-19
9510.314710 2.439546e-19
9513.179524 3.509450e-19
9516.045495 3.341283e-19
9518.911969 2.489131e-19
9521.778648 -3.878720e-20
9524.644800 9.895269e-19
9527.512703 1.349686e-19
9530.379441 7.004918e-20
9533.245549 3.809240e-19
9536.130996 2.857540e-19
9538.998742 1.999536e-19
9541.885614 3.110442e-19
9544.753036 7.081312e-19
9547.621230 5.398183e-19
9550.489643 5.342668e-19
9553.323217 2.130409e-19
9556.192166 4.111767e-19
9559.061736 4.740060e-19
9561.930677 2.411266e-19
9564.800204 -3.389910e-20
9567.670078 -6.346026e-20
9570.540501 4.166737e-19
9573.411484 6.008243e-19
9576.280365 6.355618e-19
9579.151142 4.364450e-19
9582.023297 3.648839e-19
9584.893633 4.540007e-19
9587.765845 3.630131e-19
9590.637183 6.275071e-19
9593.508056 6.064629e-19
9596.379625 3.139547e-19
9599.253185 2.554262e-19
9602.126396 7.117252e-19
9604.997369 3.373417e-19
9607.870813 2.073240e-19
9610.743761 5.233852e-19
9613.617683 6.636892e-20
9616.489889 6.318277e-19
9619.363474 8.892246e-19
9622.238097 2.609921e-19
9625.112386 8.667226e-19
9627.985587 1.100543e-18
9630.861793 5.655778e-19
9633.735298 7.228470e-19
9636.610300 5.956687e-19
9639.485588 3.572320e-19
9642.360504 5.870709e-19
9645.235660 5.058871e-19
9648.112350 6.670673e-19
9650.988031 8.143418e-19
9653.862797 6.155609e-19
9656.739447 5.835810e-19
9659.616733 4.638504e-19
9662.493149 5.315105e-19
9665.368758 7.598191e-19
9668.247463 8.372900e-19
9671.112394 7.651413e-19
9673.989952 5.438247e-19
9676.867101 7.184902e-19
9679.745522 6.427722e-19
9682.632541 9.156134e-19
9685.513922 7.141236e-19
9688.392093 2.872832e-19
9691.271231 3.508771e-19
9694.149579 3.535240e-19
9697.028924 4.636816e-19
9699.907943 9.508419e-19
9702.787602 8.343881e-19
9705.667451 9.193639e-19
9708.547945 1.146050e-18
9711.426881 7.129179e-19
9714.306775 7.101937e-19
9717.187528 2.067760e-19
9720.068483 2.449905e-19
9722.948854 3.184088e-19
9725.830187 9.698051e-19
9728.711684 5.351847e-19
9731.592125 3.948375e-19
9734.474125 2.947417e-19
9737.355173 5.217135e-19
9740.238176 7.038164e-19
9743.119778 5.884798e-19
9746.002147 1.044767e-19
9748.885022 4.676709e-19
9751.766974 2.806297e-19
9754.649744 3.014199e-19
9757.534287 2.462973e-19
9760.414800 2.292391e-19
9763.300102 7.364815e-19
9766.183377 4.065500e-19
9769.067389 4.453838e-19
9771.951257 1.949164e-19
9774.835208 3.432828e-19
9777.717831 3.880935e-19
9780.604370 4.354057e-19
9783.488236 -1.299917e-19
9786.373043 2.162899e-19
9789.258532 3.451018e-20
9792.143670 -1.081871e-19
9795.029616 -4.788149e-19
9797.915128 6.992001e-19
9800.800843 5.726605e-19
9803.687265 9.389208e-19
9806.572669 4.090306e-19
9809.458744 1.874519e-20
9812.345736 3.899046e-19
9815.231962 6.547260e-19
9818.118961 3.459536e-19
9821.005060 2.226610e-19
9823.893142 5.969400e-20
9826.780804 2.758323e-19
9829.666768 3.702254e-19
9832.555062 2.275474e-20
9835.444197 7.728180e-19
9838.330809 4.146407e-19
9841.219523 3.789109e-19
9844.107655 6.854317e-19
9846.996613 2.093810e-19
9849.885408 4.333462e-19
9852.773542 4.131963e-19
9855.663248 4.769450e-19
9858.551982 2.489830e-19
9861.441627 4.973051e-19
9864.332314 2.244966e-19
9867.220890 3.303625e-19
9870.109936 8.759357e-20
9873.001138 1.413045e-19
9875.889896 7.832161e-19
9878.781508 1.140589e-18
9881.671400 4.151788e-19
9884.562442 4.800448e-19
9887.453963 3.965059e-19
9890.344628 4.952047e-19
9893.235081 3.578918e-19
9896.127600 8.803476e-19
9899.017596 2.485377e-19
9901.911067 6.105319e-19
9904.801973 3.949274e-19
9907.693981 4.176544e-19
9910.586099 5.153993e-19
9913.478091 2.381589e-19
9916.370807 4.342170e-19
9919.263606 -1.603650e-20
9922.157352 3.846494e-19
9925.049294 8.010670e-19
9927.943009 2.480345e-19
9930.836375 1.591460e-19
9933.728628 2.980649e-19
9936.623370 4.377227e-19
9939.510135 4.712662e-19
9942.409531 1.350767e-19
9945.304265 -1.706516e-19
9948.198720 4.715231e-19
9951.093104 3.718157e-19
9953.987309 -9.492612e-21
9956.881572 8.424244e-19
9959.775761 2.267440e-19
9962.672039 -3.470164e-19
9965.566841 -1.024661e-19
9968.461515 -1.437431e-19
9971.357490 2.466013e-19
9974.252580 3.398221e-19
9977.147822 3.447119e-19
9980.044076 3.687094e-19
9982.940753 1.486254e-19
9985.835161 3.504829e-19
9988.732778 1.303149e-19
9991.628889 2.725574e-19
9994.524568 2.989882e-19
9997.421346 2.442688e-19
10000.319434 5.115644e-19
10003.215716 4.826790e-19
10006.112390 4.617960e-19
10009.009635 -4.763035e-20
10011.906861 3.700873e-20
10014.805255 -8.693894e-19
10017.702862 -5.771649e-19
10020.601090 2.046534e-19
10023.498999 2.350594e-19
10026.395540 5.697330e-19
10029.295083 3.840825e-19
10032.193020 2.116866e-19
10035.093156 2.823588e-20
10037.989887 2.956482e-19
10040.888954 1.464329e-19
10043.787597 6.740974e-19
10046.686898 5.584015e-20
10049.586095 1.362263e-19
10052.485573 4.769704e-19
10055.384852 2.041332e-19
10058.284362 1.669879e-19
10061.183650 3.139496e-19
10064.083865 2.836875e-19
10066.983901 -1.709102e-20
10069.883962 4.436876e-19
10072.784880 6.149369e-20
10075.684101 3.833484e-19
10078.584297 1.366331e-19
10081.485834 1.038295e-19
10084.386361 4.752407e-19
10087.287087 2.704970e-19
10090.188176 3.794607e-19
10093.089505 3.437933e-19
10095.990299 3.031262e-19
10098.892029 5.806866e-20
10101.792793 2.776079e-19
10104.694945 3.116210e-19
10107.596836 3.273225e-20
10110.498799 1.466206e-19
10113.399958 2.746717e-19
10116.302387 1.605703e-19
10119.204136 5.197380e-19
10122.107346 4.103397e-19
10125.009244 -6.848275e-20
10127.912186 4.594235e-19
10130.814521 3.557962e-19
10133.718053 5.049354e-19
10136.619820 1.731319e-19
10139.523910 3.891257e-19
10142.426479 6.851284e-20
10145.328746 1.888493e-19
10148.233834 3.320350e-19
10151.136450 3.971067e-19
10154.039991 3.128388e-19
10156.943564 3.752173e-19
10159.847716 2.751274e-19
10162.751968 -1.495652e-19
10165.654654 5.699787e-19
10168.559642 1.731713e-19
10171.464232 1.688886e-19
10174.367668 5.900591e-19
10177.273240 1.062070e-19
10180.177902 -5.677935e-20
10183.081553 -6.880022e-20
10185.987033 1.151258e-19
10188.891303 4.399308e-19
10191.794343 9.392893e-20
10194.701836 2.118604e-20
10197.605958 5.031195e-19
10200.511535 4.608919e-19
10203.417361 7.247820e-19
10206.321857 -4.637695e-19
10209.227740 4.835823e-19
10212.133913 1.337698e-20
10215.040525 7.026023e-19
10217.947156 -9.587202e-21
10220.853116 1.395571e-19
10223.758584 3.611638e-19
10226.664759 3.630991e-19
10229.571768 2.352483e-20
10232.477804 -2.007131e-20
10235.383173 2.534328e-19
10238.290938 -5.724579e-20
10241.198060 2.257943e-19
10244.104266 9.999318e-20
10247.010789 2.811296e-19
10249.918843 2.060795e-19
10252.825252 4.119115e-19
10255.732290 -3.964507e-20
10258.639888 -2.734151e-20
10261.547755 2.810859e-19
10264.455221 -5.439368e-20
10267.360787 1.634689e-19
10270.270214 2.155677e-19
10273.177380 -4.763231e-20
10276.085121 5.184730e-20
10278.992722 5.233659e-20
10281.901534 4.784327e-19
10284.808913 -2.621669e-19
10287.717303 -1.026864e-19
10290.625537 1.978921e-19
10293.534477 4.629321e-19
10296.438560 1.061622e-18
