5108.410322 6.621647e-18
5110.394933 2.592710e-17
5112.390707 2.095102e-17
5114.354600 2.033899e-17
5116.338252 1.948723e-17
5118.327317 1.929297e-17
5120.307537 1.831857e-17
5122.295709 1.712774e-17
5124.274121 1.764936e-17
5126.285794 1.744729e-17
5128.254508 1.855462e-17
5130.240385 1.927557e-17
5132.240554 1.901487e-17
5134.225817 1.896760e-17
5136.220207 1.886346e-17
5138.201215 2.103665e-17
5140.213139 2.160121e-17
5142.189979 1.795990e-17
5144.189684 1.816208e-17
5146.191792 2.009951e-17
5148.197881 1.924430e-17
5150.175125 2.177949e-17
5152.194897 1.959589e-17
5154.178018 1.948471e-17
5156.179232 2.002325e-17
5158.168824 1.996444e-17
5160.177786 2.268902e-17
5162.180424 2.144715e-17
5164.194172 1.893627e-17
5166.193612 2.147924e-17
5168.201461 1.819819e-17
5170.216445 1.880961e-17
5172.214015 2.046876e-17
5174.222951 1.842125e-17
5176.226150 1.894414e-17
5178.248551 1.859992e-17
5180.268868 1.957325e-17
5182.264237 1.911479e-17
5184.287087 1.866109e-17
5186.291520 2.022794e-17
5188.304495 2.012798e-17
5190.317922 1.852160e-17
5192.337288 2.156171e-17
5194.357520 2.060587e-17
5196.358529 2.038325e-17
5198.391344 1.976577e-17
5200.409173 2.042871e-17
5202.435888 2.091766e-17
5204.452310 2.235287e-17
5206.492731 1.847931e-17
5208.505463 1.865830e-17
5210.524387 1.821290e-17
5212.563088 1.850650e-17
5214.573947 2.017546e-17
5216.595968 1.954849e-17
5218.624073 2.020197e-17
5220.654740 2.134171e-17
5222.693549 1.871201e-17
5224.724635 2.115678e-17
5226.755155 1.954431e-17
5228.758517 2.178499e-17
5230.821080 2.188543e-17
5232.848239 1.846223e-17
5234.887354 2.027191e-17
5236.929576 2.141004e-17
5238.956860 1.777212e-17
5240.986788 2.185972e-17
5243.035473 1.876578e-17
5245.061529 1.993518e-17
5247.104646 1.933763e-17
5249.175812 2.097401e-17
5251.186480 1.860327e-17
5253.250665 1.935137e-17
5255.277900 1.873223e-17
5257.324944 1.775499e-17
5259.367617 1.867120e-17
5261.450628 1.887229e-17
5263.460448 2.052456e-17
5265.505391 2.048975e-17
5267.589080 1.733057e-17
5269.597913 2.197553e-17
5271.658478 1.817811e-17
5273.733947 1.683555e-17
5275.740339 2.041463e-17
5277.815985 1.968483e-17
5279.844182 1.928107e-17
5281.919487 1.855412e-17
5283.965593 1.997932e-17
5286.032322 1.905313e-17
5288.082398 1.942888e-17
5290.176907 2.136864e-17
5292.191233 2.049296e-17
5294.257208 2.098094e-17
5296.331303 2.007355e-17
5298.376084 2.153960e-17
5300.441367 1.911530e-17
5302.508103 1.679442e-17
5304.573071 1.951787e-17
5306.631103 2.062814e-17
5308.721620 1.993613e-17
5310.771449 2.009210e-17
5312.844627 1.878957e-17
5314.896977 1.845226e-17
5316.967353 1.843783e-17
5319.062319 1.864978e-17
5321.111711 1.805421e-17
5323.179441 1.866010e-17
5325.237959 1.936756e-17
5327.333569 1.878658e-17
5329.404380 1.759019e-17
5331.456388 1.792162e-17
5333.548088 1.612504e-17
5335.646527 1.844029e-17
5337.709177 2.009930e-17
5339.788273 2.065630e-17
5341.855446 2.031187e-17
5343.931639 1.848889e-17
5346.023091 1.745033e-17
5348.109138 2.007256e-17
5350.175238 1.708568e-17
5352.249000 1.824222e-17
5354.358094 1.997143e-17
5356.445840 1.694146e-17
5358.508338 1.935760e-17
5360.609283 1.760710e-17
5362.715431 1.767187e-17
5364.775950 1.754058e-17
5366.874527 1.747738e-17
5368.979975 1.912075e-17
5371.044295 1.756958e-17
5373.174333 1.685309e-17
5375.221584 1.918133e-17
5377.342330 1.633497e-17
5379.423226 1.806958e-17
5381.538803 1.477479e-17
5383.615945 1.714452e-17
5385.710264 1.604562e-17
5387.808268 1.585485e-17
5389.907970 1.748895e-17
5392.030355 1.560123e-17
5394.112711 1.620955e-17
5396.191552 1.639254e-17
5398.331317 1.716126e-17
5400.403038 1.814723e-17
5402.514506 1.733578e-17
5404.610228 1.531459e-17
5406.722032 1.698106e-17
5408.859172 1.656239e-17
5410.933167 1.471616e-17
5413.047399 1.625201e-17
5415.146619 1.672517e-17
5417.260992 1.535161e-17
5419.356470 1.847739e-17
5421.475007 1.727343e-17
5423.591579 1.633812e-17
5425.701519 1.803923e-17
5427.836121 1.768232e-17
5429.944994 1.399422e-17
5432.050399 1.609295e-17
5434.174339 1.659917e-17
5436.276002 1.396027e-17
5438.395287 1.692399e-17
5440.511597 1.433160e-17
5442.632670 1.575120e-17
5444.743775 1.444486e-17
5446.883757 1.598691e-17
5448.992305 1.397752e-17
5451.105208 1.485561e-17
5453.262258 1.681231e-17
5455.368812 1.579149e-17
5457.474584 1.542625e-17
5459.603208 1.613726e-17
5461.747458 1.495126e-17
5463.855806 1.595385e-17
5466.028038 1.691601e-17
5468.111981 1.586733e-17
5470.257305 1.589102e-17
5472.377740 1.627919e-17
5474.500812 1.512449e-17
5476.649785 1.569039e-17
5478.783337 1.509284e-17
5480.914005 1.541625e-17
5483.054008 1.530122e-17
5485.185418 1.631083e-17
5487.311896 1.455848e-17
5489.441623 1.448998e-17
5491.594607 1.505274e-17
5493.734065 1.573488e-17
5495.864136 1.508023e-17
5498.015137 1.567614e-17
5500.135331 1.571126e-17
5502.293074 1.602091e-17
5504.436401 1.522835e-17
5506.569927 1.592084e-17
5508.713245 1.602069e-17
5510.865762 1.478624e-17
5513.011498 1.652491e-17
5515.159603 1.507931e-17
5517.298261 1.570470e-17
5519.449738 1.680818e-17
5521.644581 1.875983e-17
5523.744929 1.579536e-17
5525.882454 1.713914e-17
5528.062678 1.677036e-17
5530.204160 1.514493e-17
5532.353895 1.568085e-17
5534.509519 1.499638e-17
5536.633645 1.599904e-17
5538.827025 1.568892e-17
5540.968617 1.428721e-17
5543.124913 1.444796e-17
5545.281770 1.488189e-17
5547.449491 1.505179e-17
5549.599028 1.447059e-17
5551.758889 1.486282e-17
5553.919339 1.413880e-17
5556.080789 1.258002e-17
5558.249112 1.600311e-17
5560.406852 1.459789e-17
5562.579678 1.364505e-17
5564.740489 1.448853e-17
5566.906898 1.253690e-17
5569.066057 1.374945e-17
5571.230670 1.296892e-17
5573.396976 1.607624e-17
5575.565272 1.567854e-17
5577.737493 1.815675e-17
5579.908942 1.374058e-17
5582.081144 1.127103e-17
5584.255527 1.190905e-17
5586.431610 1.565934e-17
5588.597141 1.249261e-17
5590.762296 1.317770e-17
5592.940977 1.228440e-17
5595.121162 1.259989e-17
5597.289955 1.322252e-17
5599.471951 1.274704e-17
5601.655349 1.406401e-17
5603.829598 1.152948e-17
5606.008957 1.247415e-17
5608.175685 1.448209e-17
5610.370103 1.316555e-17
5612.553316 1.369855e-17
5614.734813 1.153914e-17
5616.922270 1.241511e-17
5619.102231 1.252887e-17
5621.288550 1.210070e-17
5623.492282 1.316655e-17
5625.663059 1.230182e-17
5627.832067 1.189889e-17
5630.025642 1.428513e-17
5632.220712 1.398434e-17
5634.411074 1.349633e-17
5636.617770 1.431290e-17
5638.778077 1.226314e-17
5640.975824 1.325561e-17
5643.181959 1.488499e-17
5645.413063 1.333522e-17
5647.563724 1.251957e-17
5649.760695 1.392778e-17
5651.954469 1.271854e-17
5654.151737 1.366003e-17
5656.349872 1.265615e-17
5658.538827 1.319896e-17
5660.744903 1.445265e-17
5662.954162 1.258012e-17
5665.144793 1.316554e-17
5667.346826 1.332864e-17
5669.547852 1.390482e-17
5671.752421 1.481332e-17
5673.979749 1.734060e-17
5676.152240 1.269385e-17
5678.386627 1.482263e-17
5680.574932 1.433284e-17
5682.765115 1.515118e-17
5684.983735 1.479102e-17
5687.212997 1.459592e-17
5689.396917 1.387090e-17
5691.610017 1.367811e-17
5693.818736 1.494689e-17
5696.035870 1.291180e-17
5698.239855 1.342131e-17
5700.444272 1.526610e-17
5702.689813 1.327800e-17
5704.878989 1.427640e-17
5707.099397 1.415191e-17
5709.307887 1.351028e-17
5711.540684 1.474460e-17
5713.748787 1.451948e-17
5715.951791 1.458999e-17
5718.185257 1.336768e-17
5720.419044 1.479865e-17
5722.632234 1.322163e-17
5724.860581 1.409504e-17
5727.060508 1.553998e-17
5729.281137 1.436544e-17
5731.499797 1.436555e-17
5733.741435 1.528932e-17
5735.991966 1.550307e-17
5738.171715 1.433415e-17
5740.423093 1.692691e-17
5742.623462 1.610909e-17
5744.873289 1.402426e-17
5747.107348 1.433403e-17
5749.315797 1.410645e-17
5751.547295 1.366854e-17
5753.791296 1.532195e-17
5756.020093 1.404141e-17
5758.236215 1.372925e-17
5760.483388 1.450732e-17
5762.715420 1.423431e-17
5764.929160 1.511803e-17
5767.177428 1.456291e-17
5769.406118 1.374362e-17
5771.626027 1.605671e-17
5773.878025 1.442612e-17
5776.129835 1.376257e-17
5778.357663 1.385618e-17
5780.592050 1.462929e-17
5782.838513 1.515109e-17
5785.090050 1.631596e-17
5787.327277 1.516842e-17
5789.577766 1.375467e-17
5791.814123 1.435679e-17
5794.057620 1.441624e-17
5796.296373 1.427184e-17
5798.540918 1.682926e-17
5800.797701 1.628343e-17
5803.044712 1.774853e-17
5805.278346 1.523056e-17
5807.535111 1.520462e-17
5809.786232 1.492426e-17
5812.010069 1.515481e-17
5814.291930 1.527427e-17
5816.532592 1.429891e-17
5818.778362 1.488704e-17
5821.041693 1.435773e-17
5823.284613 1.638980e-17
5825.519176 1.661619e-17
5827.816382 1.689173e-17
5830.057986 1.678308e-17
5832.348978 1.416915e-17
5834.558533 1.735246e-17
5836.830442 1.459035e-17
5839.096625 1.679826e-17
5841.365157 1.586092e-17
5843.595545 1.654672e-17
5845.851775 1.721366e-17
5848.127092 1.601950e-17
5850.398076 1.447797e-17
5852.634789 1.690417e-17
5854.916584 1.564676e-17
5857.175949 1.722216e-17
5859.452289 1.663266e-17
5861.666821 1.682556e-17
5863.991635 1.753206e-17
5866.239489 1.386879e-17
5868.489401 1.623756e-17
5870.777221 1.624681e-17
5873.055500 1.464901e-17
5875.330076 1.689442e-17
5877.609759 1.767727e-17
5879.854429 1.657653e-17
5882.115097 1.629918e-17
5884.399448 1.500587e-17
5886.665425 1.596138e-17
5888.940427 1.528474e-17
5891.215408 1.258339e-17
5893.491530 1.525034e-17
5895.769066 1.568752e-17
5898.046258 1.665484e-17
5900.322732 1.575096e-17
5902.615625 1.567455e-17
5904.880833 1.769082e-17
5907.159853 1.473406e-17
5909.473227 1.392826e-17
5911.716034 1.468922e-17
5914.003610 1.480675e-17
5916.256872 1.666507e-17
5918.574018 1.542090e-17
5920.843342 1.622314e-17
5923.133420 1.567925e-17
5925.413035 1.516020e-17
5927.706618 1.539456e-17
5930.003337 1.655384e-17
5932.282803 1.468987e-17
5934.574593 1.563471e-17
5936.850916 1.783798e-17
5939.185902 1.611910e-17
5941.442141 1.609481e-17
5943.730598 1.456104e-17
5946.025501 1.396935e-17
5948.311025 1.482270e-17
5950.594093 1.645305e-17
5952.902896 1.527358e-17
5955.197225 1.484006e-17
5957.506133 1.707537e-17
5959.807581 1.578109e-17
5962.068340 1.673474e-17
5964.398846 1.757670e-17
5966.679556 1.529940e-17
5968.978240 1.544108e-17
5971.277764 1.638732e-17
5973.595730 1.612866e-17
5975.855330 1.515586e-17
5978.189817 1.501293e-17
5980.475265 1.493133e-17
5982.775029 1.506705e-17
5985.136761 1.399814e-17
5987.417561 1.519110e-17
5989.689182 1.466204e-17
5991.985438 1.716041e-17
5994.310165 1.382484e-17
5996.605802 1.668411e-17
5998.923421 1.495693e-17
6001.256831 1.373388e-17
6003.539742 1.500445e-17
6005.873646 1.369396e-17
6008.172739 1.475742e-17
6010.470536 1.455221e-17
6012.810732 1.577363e-17
6015.093405 1.450909e-17
6017.408607 1.517710e-17
6019.747793 1.570173e-17
6022.030301 1.447601e-17
6024.347333 1.535727e-17
6026.660286 1.435585e-17
6029.009951 1.396369e-17
6031.311435 1.310797e-17
6033.610878 1.479329e-17
6035.970051 1.378827e-17
6038.266492 1.600358e-17
6040.570434 1.386996e-17
6042.896723 1.420773e-17
6045.211581 1.302243e-17
6047.548023 1.416175e-17
6049.856233 1.385487e-17
6052.206545 1.393417e-17
6054.519376 1.523246e-17
6056.838472 1.290675e-17
6059.166890 1.172771e-17
6061.492150 1.386071e-17
6063.815637 1.323863e-17
6066.134100 1.367152e-17
6068.462870 1.439926e-17
6070.822684 1.455108e-17
6073.130526 1.354063e-17
6075.460815 1.477815e-17
6077.799734 1.391165e-17
6080.114347 1.276595e-17
6082.433353 1.539821e-17
6084.818980 1.545908e-17
6087.100054 1.305732e-17
6089.440809 1.430230e-17
6091.789781 1.373292e-17
6094.138027 1.454376e-17
6096.515126 1.397319e-17
6098.802313 1.309721e-17
6101.146307 1.302594e-17
6103.463410 1.310020e-17
6105.801821 1.357774e-17
6108.168278 1.335762e-17
6110.489591 1.208289e-17
6112.821683 1.499761e-17
6115.178932 1.385541e-17
6117.509110 1.326438e-17
6119.881828 1.489277e-17
6122.204398 1.384573e-17
6124.536598 1.421338e-17
6126.875166 1.356480e-17
6129.243536 1.612209e-17
6131.580159 1.357467e-17
6133.926397 1.330818e-17
6136.312848 1.762752e-17
6138.622997 1.511286e-17
6140.973212 1.424933e-17
6143.312298 1.424717e-17
6145.655194 1.380431e-17
6148.021669 1.384047e-17
6150.396834 1.434495e-17
6152.732554 1.401714e-17
6155.057048 1.488420e-17
6157.446039 1.483276e-17
6159.795850 1.306806e-17
6162.134725 1.382148e-17
6164.473659 1.402061e-17
6166.834195 1.344959e-17
6169.210886 1.294066e-17
6171.574174 1.383585e-17
6173.921442 1.198470e-17
6176.281539 1.426616e-17
6178.623185 1.302589e-17
6181.004523 1.415172e-17
6183.339702 1.403932e-17
6185.724146 1.295000e-17
6188.076578 1.366271e-17
6190.450909 1.232971e-17
6192.816887 1.246841e-17
6195.153727 1.366431e-17
6197.529873 1.382383e-17
6199.909838 1.335040e-17
6202.259919 1.329978e-17
6204.630136 1.421572e-17
6206.998565 1.394077e-17
6209.376930 1.361863e-17
6211.768704 1.386278e-17
6214.103588 1.167517e-17
6216.475081 1.258771e-17
6218.845764 1.280642e-17
6221.205907 1.254881e-17
6223.580747 1.225439e-17
6225.949305 1.302828e-17
6228.320978 1.251360e-17
6230.710947 1.342380e-17
6233.087960 1.236785e-17
6235.457711 1.386849e-17
6237.818262 1.357592e-17
6240.201790 1.204421e-17
6242.578067 1.293138e-17
6244.954671 1.091550e-17
6247.326762 1.221332e-17
6249.707709 1.279220e-17
6252.083716 1.177330e-17
6254.468378 1.184279e-17
6256.856159 1.199107e-17
6259.242535 1.283139e-17
6261.611013 1.001899e-17
6263.994795 1.099867e-17
6266.378967 1.130173e-17
6268.772406 1.184132e-17
6271.133923 1.185350e-17
6273.536700 1.211356e-17
6275.914943 1.212003e-17
6278.283481 1.098162e-17
6280.689309 1.122128e-17
6283.073189 1.094975e-17
6285.469366 1.316672e-17
6287.842462 1.223497e-17
6290.243126 1.206014e-17
6292.630184 1.119368e-17
6295.019045 1.147960e-17
6297.408988 1.161714e-17
6299.800757 1.414224e-17
6302.193598 1.318862e-17
6304.587499 1.012105e-17
6306.986824 1.113418e-17
6309.395433 1.436671e-17
6311.767584 1.250788e-17
6314.166078 1.251947e-17
6316.562491 1.204082e-17
6318.941094 1.081029e-17
6321.344306 1.327549e-17
6323.757662 1.366259e-17
6326.142119 1.347101e-17
6328.539854 1.315216e-17
6330.940536 1.383759e-17
6333.340934 1.268762e-17
6335.753547 1.281242e-17
6338.133488 1.319239e-17
6340.547747 1.291269e-17
6342.942984 1.341715e-17
6345.362386 1.280811e-17
6347.768342 1.333605e-17
6350.158917 1.196589e-17
6352.570055 1.436198e-17
6354.980640 1.276856e-17
6357.380120 1.241313e-17
6359.783774 1.473258e-17
6362.197906 1.426357e-17
6364.605557 1.291634e-17
6367.015259 1.170850e-17
6369.425755 1.146422e-17
6371.859552 1.309085e-17
6374.267460 1.467846e-17
6376.656467 1.293633e-17
6379.057492 1.243783e-17
6381.468029 1.199889e-17
6383.894024 1.199678e-17
6386.318550 1.073899e-17
6388.720547 1.186753e-17
6391.123681 1.245805e-17
6393.539813 1.236640e-17
6395.944443 1.212709e-17
6398.363663 1.186335e-17
6400.787607 1.213469e-17
6403.181313 1.328584e-17
6405.677285 1.484494e-17
6408.075962 1.387176e-17
6410.459858 1.395546e-17
6412.882342 1.325143e-17
6415.319359 1.552992e-17
6417.743629 1.313139e-17
6420.178713 1.291410e-17
6422.576375 1.314539e-17
6425.004360 1.421952e-17
6427.451613 1.421931e-17
6429.857008 1.368354e-17
6432.251799 1.241907e-17
6434.717188 1.521752e-17
6437.151336 1.378794e-17
6439.554717 1.392314e-17
6442.023506 1.575780e-17
6444.398457 1.321402e-17
6446.834199 1.383832e-17
6449.265681 1.410900e-17
6451.701935 1.243962e-17
6454.130140 1.344731e-17
6456.530684 1.372070e-17
6459.010537 1.481011e-17
6461.440589 1.234873e-17
6463.849147 1.484952e-17
6466.301632 1.495444e-17
6468.706068 1.271402e-17
6471.175551 1.540485e-17
6473.598745 1.234803e-17
6476.035849 1.308261e-17
6478.458548 1.331702e-17
6480.912439 1.230545e-17
6483.342825 1.323154e-17
6485.755236 1.327316e-17
6488.219971 1.304631e-17
6490.664159 1.250475e-17
6493.109036 1.401188e-17
6495.547325 1.480552e-17
6497.970882 1.350295e-17
6500.401911 1.494418e-17
6502.864389 1.303618e-17
6505.301493 1.163533e-17
6507.758861 1.310967e-17
6510.224914 1.421464e-17
6512.633975 1.175127e-17
6515.085298 1.230593e-17
6517.538907 1.435762e-17
6519.974136 1.270547e-17
6522.417961 1.332752e-17
6524.883006 1.532614e-17
6527.317730 1.385521e-17
6529.762452 1.305592e-17
6532.200818 1.508939e-17
6534.671556 1.294556e-17
6537.110917 1.268611e-17
6539.566319 1.234201e-17
6542.024996 1.413605e-17
6544.460738 1.265062e-17
6546.918255 1.402551e-17
6549.385533 1.209920e-17
6551.812669 1.468192e-17
6554.256516 1.405151e-17
6556.744044 1.205553e-17
6559.171534 1.258267e-17
6561.671274 1.312483e-17
6564.114265 1.337785e-17
6566.548424 1.244741e-17
6569.014483 1.400196e-17
6571.499800 1.317067e-17
6573.934018 1.203693e-17
6576.390209 1.394534e-17
6578.851356 1.216639e-17
6581.289935 1.290829e-17
6583.779945 1.307509e-17
6586.251321 1.234059e-17
6588.704588 1.277350e-17
6591.148756 1.284117e-17
6593.627144 1.199757e-17
6596.085376 1.174112e-17
6598.557407 1.322285e-17
6601.028862 1.111315e-17
6603.471662 1.228815e-17
6605.937274 1.177651e-17
6608.424622 1.104045e-17
6610.883962 1.102609e-17
6613.327012 1.059948e-17
6615.819833 1.279739e-17
6618.272904 1.121200e-17
6620.753873 1.129862e-17
6623.225813 1.177782e-17
6625.693291 1.105058e-17
6628.166802 1.229441e-17
6630.625204 1.220602e-17
6633.123319 1.139558e-17
6635.566415 1.138516e-17
6638.044240 1.280906e-17
6640.520650 1.152301e-17
6643.014019 1.178899e-17
6645.477617 1.144357e-17
6647.940078 1.121213e-17
6650.442450 1.140692e-17
6652.908262 1.094416e-17
6655.386828 1.126288e-17
6657.868469 1.192517e-17
6660.339460 1.123608e-17
6662.825137 1.225375e-17
6665.294649 1.123928e-17
6667.810023 1.278842e-17
6670.261806 1.090255e-17
6672.743125 1.177600e-17
6675.216815 1.180198e-17
6677.696829 1.164536e-17
6680.187638 1.188697e-17
6682.655870 1.273128e-17
6685.145968 1.106172e-17
6687.632751 1.246029e-17
6690.114526 1.216189e-17
6692.609931 1.379463e-17
6695.087389 1.175150e-17
6697.579902 1.180293e-17
6700.072443 1.153281e-17
6702.557730 1.138137e-17
6705.034440 1.222783e-17
6707.538683 1.229509e-17
6710.019929 1.049967e-17
6712.507166 1.187617e-17
6715.015478 1.213689e-17
6717.490888 1.205014e-17
6719.967836 1.137194e-17
6722.488379 1.328248e-17
6724.952918 1.146406e-17
6727.450417 1.244420e-17
6729.952842 1.196482e-17
6732.440455 1.222605e-17
6734.926912 1.174103e-17
6737.444348 1.295168e-17
6739.926812 1.219597e-17
6742.417659 1.206881e-17
6744.932261 1.285469e-17
6747.435337 1.249422e-17
6749.920459 1.203856e-17
6752.396326 1.308772e-17
6754.919846 1.134470e-17
6757.410749 1.266906e-17
6759.907100 1.272606e-17
6762.412213 1.290837e-17
6764.943548 1.332800e-17
6767.419370 1.556983e-17
6769.996609 1.517487e-17
6772.532133 2.148006e-17
6775.036327 2.265921e-17
6777.523854 1.850798e-17
6779.983299 1.347514e-17
6782.443980 1.317096e-17
6784.939000 1.383518e-17
6787.441087 1.161608e-17
6790.008062 1.366512e-17
6792.481758 1.325141e-17
6794.961839 1.185384e-17
6797.477164 1.332872e-17
6799.983716 1.580477e-17
6802.502121 1.196884e-17
6804.998415 1.288275e-17
6807.494484 1.367223e-17
6810.019081 1.266717e-17
6812.524588 1.171771e-17
6815.047228 1.308592e-17
6817.583751 1.422040e-17
6820.071322 1.218285e-17
6822.599575 1.235415e-17
6825.107055 1.167828e-17
6827.601785 1.122265e-17
6830.129608 1.118787e-17
6832.650712 1.295962e-17
6835.160659 1.145104e-17
6837.669254 1.185512e-17
6840.193521 9.334325e-18
6842.709894 8.297566e-18
6845.204585 1.238102e-17
6847.746507 1.349098e-17
6850.261813 1.181345e-17
6852.800483 1.484816e-17
6855.320048 1.367897e-17
6857.827052 1.316818e-17
6860.349688 1.228183e-17
6862.859662 1.199868e-17
6865.388376 1.088091e-17
6867.902839 1.231671e-17
6870.427454 9.613550e-18
6872.958943 8.916100e-18
6875.477716 8.668525e-18
6878.017715 1.099273e-17
6880.527571 1.058140e-17
6883.059111 1.079351e-17
6885.595813 1.139457e-17
6888.106517 9.450819e-18
6890.635215 9.875320e-18
6893.145715 1.109348e-17
6895.691507 1.085503e-17
6898.204883 1.063259e-17
6900.741597 1.028375e-17
6903.275930 1.070404e-17
6905.799035 9.801611e-18
6908.325956 1.212099e-17
6910.869232 1.009336e-17
6913.413340 1.093214e-17
6915.925961 1.080126e-17
6918.465277 1.007238e-17
6921.001107 1.188280e-17
6923.543401 1.044292e-17
6926.064918 1.021722e-17
6928.605003 1.005973e-17
6931.136406 1.188618e-17
6933.679965 1.186239e-17
6936.216848 1.137345e-17
6938.743480 1.051185e-17
6941.283506 1.065330e-17
6943.805699 9.793739e-18
6946.356196 9.953107e-18
6948.898830 8.965447e-18
6951.425793 1.082761e-17
6953.972991 1.058151e-17
6956.512356 1.003930e-17
6959.063938 9.969597e-18
6961.580356 1.020684e-17
6964.125324 1.323322e-17
6966.679987 9.272898e-18
6969.222805 1.051351e-17
6971.762110 1.048809e-17
6974.317567 9.841610e-18
6976.861016 1.050363e-17
6979.396678 1.007973e-17
6981.945963 8.768857e-18
6984.485061 8.550861e-18
6987.030385 8.798571e-18
6989.574383 9.259803e-18
6992.130394 8.719088e-18
6994.658509 8.983641e-18
6997.224343 9.348356e-18
6999.760751 8.646107e-18
7002.322586 1.080309e-17
7004.876624 1.025786e-17
7007.414912 8.674119e-18
7009.969596 8.650492e-18
7012.522281 8.613608e-18
7015.062210 8.421058e-18
7017.609637 7.903513e-18
7020.181224 8.397067e-18
7022.713159 8.705643e-18
7025.279344 1.047407e-17
7027.840425 8.598680e-18
7030.394327 8.402696e-18
7032.924389 8.405905e-18
7035.497169 8.296523e-18
7038.040414 7.635884e-18
7040.601907 8.621433e-18
7043.173300 8.889272e-18
7045.722359 8.060798e-18
7048.274084 8.777386e-18
7050.840122 8.069149e-18
7053.397503 8.348992e-18
7055.950439 8.929073e-18
7058.512325 8.543433e-18
7061.080011 8.834511e-18
7063.635415 8.755332e-18
7066.204519 8.569823e-18
7068.752181 8.495605e-18
7071.319649 8.440879e-18
7073.891730 7.984383e-18
7076.451983 8.845804e-18
7079.011888 8.140464e-18
7081.568668 8.820360e-18
7084.139345 7.878067e-18
7086.702757 8.370404e-18
7089.261293 8.606670e-18
7091.839157 8.317829e-18
7094.392823 8.223416e-18
7096.977318 1.118198e-17
7099.552951 9.140505e-18
7102.106693 9.588413e-18
7104.674625 1.060972e-17
7107.235584 8.080546e-18
7109.799927 8.889684e-18
7112.377814 8.946169e-18
7114.940557 9.612795e-18
7117.521896 1.112638e-17
7120.090757 8.682659e-18
7122.654918 8.329697e-18
7125.233129 9.127029e-18
7127.807795 1.014539e-17
7130.376935 9.184004e-18
7132.949491 9.201026e-18
7135.528739 1.012154e-17
7138.103193 1.049597e-17
7140.676915 8.800152e-18
7143.237740 9.667529e-18
7145.821405 9.176807e-18
7148.399476 9.725030e-18
7150.977833 9.160648e-18
7153.559665 1.041800e-17
7156.124907 9.104414e-18
7158.711594 1.027806e-17
7161.286165 9.968853e-18
7163.869387 9.547854e-18
7166.431199 1.075449e-17
7169.035880 9.926267e-18
7171.595586 9.056318e-18
7174.175635 1.032546e-17
7176.778039 9.930186e-18
7179.348929 9.126286e-18
7181.921295 9.134235e-18
7184.516231 9.469585e-18
7187.095343 9.585501e-18
7189.676514 8.699644e-18
7192.269005 9.711813e-18
7194.851743 9.797530e-18
7197.433442 8.409169e-18
7200.014423 9.875765e-18
7202.598315 9.749248e-18
7205.185695 9.269459e-18
7207.780720 9.870784e-18
7210.372590 1.197144e-17
7212.941991 1.020747e-17
7215.543119 1.111694e-17
7218.149044 1.141033e-17
7220.713959 1.156174e-17
7223.298132 1.117378e-17
7225.903094 1.024534e-17
7228.478242 1.007836e-17
7231.072229 9.934781e-18
7233.673325 9.930342e-18
7236.264642 9.545858e-18
7238.854066 1.038971e-17
7241.446849 9.138998e-18
7244.040557 9.296560e-18
7246.645533 1.046616e-17
7249.223406 1.068251e-17
7251.823748 1.028751e-17
7254.411899 1.071124e-17
7257.007045 1.011175e-17
7259.598491 1.019801e-17
7262.209341 1.067285e-17
7264.822582 1.228309e-17
7267.402838 1.069341e-17
7269.988114 1.097928e-17
7272.603754 1.019150e-17
7275.186165 1.099957e-17
7277.790443 1.148220e-17
7280.390230 1.097167e-17
7282.990325 1.007011e-17
7285.595639 1.097433e-17
7288.190906 9.925449e-18
7290.791936 1.001148e-17
7293.388108 1.052278e-17
7296.010977 1.278018e-17
7298.616337 1.201733e-17
7301.187613 1.244942e-17
7303.798426 1.186509e-17
7306.413495 1.145948e-17
7309.006317 1.022732e-17
7311.607280 9.605073e-18
7314.220307 1.000975e-17
7316.827429 1.054640e-17
7319.424083 1.089913e-17
7322.038799 1.066479e-17
7324.646653 1.006703e-17
7327.247187 1.104506e-17
7329.860783 1.062154e-17
7332.469337 1.035160e-17
7335.065005 1.149956e-17
7337.688611 1.047921e-17
7340.297905 1.213161e-17
7342.905349 1.215212e-17
7345.515995 1.192466e-17
7348.127417 1.234679e-17
7350.726165 1.153366e-17
7353.355897 1.460836e-17
7355.960971 1.107623e-17
7358.568989 1.087712e-17
7361.187495 1.180403e-17
7363.800831 1.197590e-17
7366.397754 1.232598e-17
7369.028637 1.178652e-17
7371.642203 1.138084e-17
7374.258807 1.171306e-17
7376.873556 9.961445e-18
7379.473056 1.104405e-17
7382.096668 1.134546e-17
7384.725956 1.197362e-17
7387.322943 1.083393e-17
7389.947043 1.206022e-17
7392.563791 1.236937e-17
7395.197127 1.163558e-17
7397.812782 1.060423e-17
7400.426831 1.097829e-17
7403.061578 1.071069e-17
7405.671476 1.201881e-17
7408.289696 1.061633e-17
7410.914502 1.072338e-17
7413.518736 1.152832e-17
7416.178167 1.430445e-17
7418.782762 1.148552e-17
7421.395228 1.158644e-17
7424.021319 1.195461e-17
7426.654763 1.032212e-17
7429.279687 1.226706e-17
7431.895603 1.188320e-17
7434.517110 1.216636e-17
7437.150281 1.148048e-17
7439.765636 1.128020e-17
7442.388404 1.174639e-17
7445.021981 1.171085e-17
7447.641003 1.210225e-17
7450.289314 1.145201e-17
7452.904736 1.190017e-17
7455.543007 1.058546e-17
7458.151341 1.098819e-17
7460.791582 1.044147e-17
7463.429119 1.273229e-17
7466.053301 1.145118e-17
7468.672082 1.194952e-17
7471.321383 1.197009e-17
7473.946646 1.037861e-17
7476.572374 1.127255e-17
7479.212316 1.168094e-17
7481.826958 9.288936e-18
7484.482117 1.173820e-17
7487.104741 1.175509e-17
7489.743085 1.082486e-17
7492.370069 1.175149e-17
7494.998165 1.170490e-17
7497.636845 1.159113e-17
7500.280641 1.190729e-17
7502.908529 1.250674e-17
7505.546209 1.218393e-17
7508.176305 1.108168e-17
7510.820824 1.145219e-17
7513.452953 1.193517e-17
7516.105478 1.025978e-17
7518.739342 1.074461e-17
7521.362714 1.123953e-17
7524.014383 1.114419e-17
7526.662072 1.102531e-17
7529.294582 1.227096e-17
7531.937408 9.808882e-18
7534.572695 1.032604e-17
7537.223623 1.138667e-17
7539.847639 1.141819e-17
7542.485653 1.198250e-17
7545.142709 1.139232e-17
7547.785994 1.120330e-17
7550.424923 1.085900e-17
7553.059747 1.197074e-17
7555.723643 1.124136e-17
7558.356259 1.176185e-17
7560.991433 1.047319e-17
7563.649422 1.064685e-17
7566.299316 1.056019e-17
7568.928348 1.056101e-17
7571.591680 1.026890e-17
7574.233368 1.051313e-17
7576.869068 1.174072e-17
7579.519110 9.756725e-18
7582.178800 1.131476e-17
7584.814165 1.073799e-17
7587.463032 1.272723e-17
7590.122087 1.178405e-17
7592.762666 9.269237e-18
7595.436809 8.038105e-18
7598.066997 6.654356e-18
7600.718054 5.158028e-18
7603.369249 3.734332e-18
7606.022401 3.606928e-18
7608.662866 4.209457e-18
7611.320015 2.460494e-18
7613.981120 3.512881e-18
7616.632688 4.329044e-18
7619.293358 7.187286e-18
7621.938818 7.445839e-18
7624.592733 6.721196e-18
7627.246894 5.677577e-18
7629.898840 6.607941e-18
7632.561694 6.106796e-18
7635.212255 4.997837e-18
7637.875780 5.844582e-18
7640.530477 5.520411e-18
7643.186574 5.899398e-18
7645.849799 6.936358e-18
7648.502749 7.738287e-18
7651.155069 7.048828e-18
7653.815325 8.078653e-18
7656.475297 7.548884e-18
7659.137713 7.896565e-18
7661.804760 8.366676e-18
7664.460182 1.012080e-17
7667.122873 9.346498e-18
7669.782801 8.830151e-18
7672.458744 9.772054e-18
7675.097623 9.525646e-18
7677.778386 1.097855e-17
7680.432759 9.322814e-18
7683.083379 9.370211e-18
7685.748983 8.907909e-18
7688.417030 9.049075e-18
7691.073426 1.052842e-17
7693.736655 9.763930e-18
7696.406366 1.000414e-17
7699.077393 9.131984e-18
7701.760446 9.534399e-18
7704.403714 1.033273e-17
7707.063771 1.040137e-17
7709.736864 1.117839e-17
7712.408208 1.061494e-17
7715.071464 1.014484e-17
7717.743690 8.754747e-18
7720.412563 1.096866e-17
7723.078064 9.162064e-18
7725.747532 8.686148e-18
7728.419710 1.007047e-17
7731.086443 1.008549e-17
7733.751940 9.284625e-18
7736.429490 8.842087e-18
7739.093040 1.017996e-17
7741.772665 9.156457e-18
7744.435431 9.791139e-18
7747.115889 9.834104e-18
7749.788804 1.017529e-17
7752.461971 1.129201e-17
7755.135431 1.091536e-17
7757.808609 9.468884e-18
7760.479057 8.974102e-18
7763.153158 9.904313e-18
7765.832879 8.275338e-18
7768.499833 9.223559e-18
7771.183451 9.756553e-18
7773.854298 9.423194e-18
7776.530976 9.819397e-18
7779.208534 9.785939e-18
7781.885925 9.723111e-18
7784.572866 9.944308e-18
7787.236823 1.014885e-17
7789.913163 8.451664e-18
7792.602045 9.456026e-18
7795.279086 8.409929e-18
7797.957931 8.784848e-18
7800.638576 1.157811e-17
7803.318931 9.523886e-18
7805.984691 8.923878e-18
7808.685791 8.365133e-18
7811.360688 8.920437e-18
7814.038676 9.887889e-18
7816.721212 8.181876e-18
7819.407047 9.056055e-18
7822.084915 1.212503e-17
7824.774218 9.574131e-18
7827.456226 8.785525e-18
7830.140369 8.434592e-18
7832.837472 9.149187e-18
7835.507522 9.281999e-18
7838.179486 9.515186e-18
7840.885256 7.872901e-18
7843.564149 8.704974e-18
7846.240714 1.039186e-17
7848.938570 8.895609e-18
7851.616671 7.571594e-18
7854.310163 1.010913e-17
7856.998241 8.321911e-18
7859.685917 7.148159e-18
7862.374368 8.374093e-18
7865.062578 9.344667e-18
7867.751642 9.496342e-18
7870.440701 8.403016e-18
7873.130191 9.584039e-18
7875.820420 9.987571e-18
7878.511340 8.883213e-18
7881.198005 8.899424e-18
7883.892635 9.326152e-18
7886.584301 9.169851e-18
7889.276033 8.939391e-18
7891.968263 8.589766e-18
7894.660687 8.006910e-18
7897.354029 8.233238e-18
7900.047713 8.048201e-18
7902.740870 8.940757e-18
7905.425910 8.662815e-18
7908.125692 9.058420e-18
7910.823913 1.000467e-17
7913.527064 8.755597e-18
7916.211260 8.266665e-18
7918.910876 8.947061e-18
7921.606974 6.941697e-18
7924.303769 8.540561e-18
7927.000418 1.000237e-17
7929.695388 7.443893e-18
7932.395591 8.394961e-18
7935.093073 9.759397e-18
7937.791713 9.409604e-18
7940.490630 1.024455e-17
7943.185982 9.062890e-18
7945.880780 9.046184e-18
7948.583969 7.978348e-18
7951.290842 1.002568e-17
7953.988944 7.750744e-18
7956.693584 8.773932e-18
7959.391203 8.701697e-18
7962.088948 8.772478e-18
7964.791477 9.058447e-18
7967.497302 9.776403e-18
7970.200021 9.266950e-18
7972.899797 9.747394e-18
7975.603877 8.228340e-18
7978.309694 9.320001e-18
7981.005699 9.325943e-18
7983.718948 8.742315e-18
7986.423431 9.412440e-18
7989.117152 8.324925e-18
7991.831485 8.470281e-18
7994.536347 9.829653e-18
7997.245825 8.733589e-18
7999.952339 8.168069e-18
8002.659783 8.236568e-18
8005.362507 8.425988e-18
8008.068484 8.875211e-18
8010.772854 8.873227e-18
8013.491413 8.684670e-18
8016.198352 7.923293e-18
8018.904599 1.002057e-17
8021.614918 7.908090e-18
8024.333325 8.223749e-18
8027.036670 8.818373e-18
8029.746891 7.505693e-18
8032.458135 8.509861e-18
8035.169085 8.065759e-18
8037.881278 7.801819e-18
8040.597474 8.331869e-18
8043.293349 9.370872e-18
8046.014187 9.720392e-18
8048.728332 8.370021e-18
8051.439309 8.677792e-18
8054.151651 8.639277e-18
8056.869291 8.554711e-18
8059.589728 8.230503e-18
8062.298591 9.785942e-18
8065.013404 8.646406e-18
8067.729001 8.501744e-18
8070.440825 8.756389e-18
8073.161520 8.868866e-18
8075.872799 9.340404e-18
8078.588435 8.505742e-18
8081.304941 9.017852e-18
8084.033481 9.209144e-18
8086.739935 9.351118e-18
8089.464763 8.395702e-18
8092.173213 1.001844e-17
8094.892411 9.042059e-18
8097.616225 8.493048e-18
8100.337953 8.115775e-18
8103.050458 8.133604e-18
8105.778333 8.267953e-18
8108.498543 9.280184e-18
8111.215993 7.814665e-18
8113.941111 9.435495e-18
8116.663148 9.011426e-18
8119.373320 8.621905e-18
8122.111753 8.608501e-18
8124.829929 9.164109e-18
8127.544562 9.319611e-18
8130.273161 7.415450e-18
8132.989288 9.377076e-18
8135.720493 7.955343e-18
8138.438801 8.063729e-18
8141.171995 8.365654e-18
8143.889966 8.242659e-18
8146.616243 6.959766e-18
8149.342077 8.333365e-18
8152.069940 8.529562e-18
8154.791932 7.552009e-18
8157.519933 8.040677e-18
8160.249503 8.929562e-18
8162.979687 7.933582e-18
8165.704571 8.382794e-18
8168.424331 6.775654e-18
8171.160125 8.234765e-18
8173.889370 8.748996e-18
8176.621783 9.703624e-18
8179.339731 8.423880e-18
8182.073455 8.441644e-18
8184.802192 8.210420e-18
8187.551882 9.890269e-18
8190.263709 8.050863e-18
8192.990077 8.103136e-18
8195.728784 8.459392e-18
8198.459755 9.008308e-18
8201.187901 8.216924e-18
8203.922621 8.396820e-18
8206.655356 8.590899e-18
8209.378626 9.592894e-18
8212.119725 8.517787e-18
8214.852049 8.126426e-18
8217.589716 9.376563e-18
8220.318741 9.429454e-18
8223.054453 8.025639e-18
8225.789783 8.022225e-18
8228.521858 7.069122e-18
8231.262403 7.104152e-18
8233.994961 6.950387e-18
8236.734298 7.499401e-18
8239.474994 8.358854e-18
8242.201928 8.632731e-18
8244.939040 8.238206e-18
8247.680957 8.907596e-18
8250.435159 9.147420e-18
8253.157316 8.046470e-18
8255.899758 9.213719e-18
8258.633184 7.205147e-18
8261.364899 7.304522e-18
8264.111499 8.278552e-18
8266.850286 8.146388e-18
8269.587189 8.233688e-18
8272.335317 7.580095e-18
8275.076120 8.049453e-18
8277.818416 8.339125e-18
8280.554333 7.449693e-18
8283.298640 8.731648e-18
8286.041131 9.068758e-18
8288.783568 8.481414e-18
8291.526111 7.943953e-18
8294.268826 7.896285e-18
8297.012327 9.161589e-18
8299.755957 7.445345e-18
8302.497323 7.092659e-18
8305.244201 7.902924e-18
8307.988428 8.696917e-18
8310.735276 7.770097e-18
8313.478212 7.957147e-18
8316.224267 8.430813e-18
8318.969169 6.841058e-18
8321.711985 6.824024e-18
8324.455704 8.203354e-18
8327.201104 7.749122e-18
8329.955952 7.620612e-18
8332.703346 8.353568e-18
8335.441112 8.366628e-18
8338.193206 7.145285e-18
8340.947141 8.681050e-18
8343.696560 1.224706e-17
8346.445481 8.988850e-18
8349.195432 1.221341e-17
8351.944728 8.783562e-18
8354.695473 8.739476e-18
8357.445300 8.634718e-18
8360.195594 9.305614e-18
8362.942146 8.579203e-18
8365.697858 7.999208e-18
8368.449320 7.614947e-18
8371.195641 7.219219e-18
8373.949555 8.143275e-18
8376.700222 7.680027e-18
8379.453139 8.441238e-18
8382.211830 7.735448e-18
8384.962455 8.841782e-18
8387.716277 9.048268e-18
8390.473629 8.338693e-18
8393.224870 7.343531e-18
8395.985192 8.274310e-18
8398.737394 8.544386e-18
8401.493182 8.970952e-18
8404.248809 9.010188e-18
8407.004521 8.198455e-18
8409.761424 6.604129e-18
8412.514000 7.656492e-18
8415.275505 8.297905e-18
8418.031485 8.989758e-18
8420.789455 7.093110e-18
8423.547298 8.693071e-18
8426.305071 7.447793e-18
8429.060336 9.207940e-18
8431.822836 6.105810e-18
8434.582069 5.674113e-18
8437.341300 4.760311e-18
8440.101543 6.638851e-18
8442.858063 7.146763e-18
8445.618136 7.060576e-18
8448.381776 7.179545e-18
8451.142931 9.318582e-18
8453.904158 6.750909e-18
8456.666357 1.002362e-17
8459.428049 7.615152e-18
8462.186984 6.689210e-18
8464.952437 8.214348e-18
8467.715637 8.305074e-18
8470.478900 9.795228e-18
8473.242701 9.367688e-18
8476.005799 5.185221e-18
8478.768072 6.520408e-18
8481.528453 7.650283e-18
8484.295812 8.358425e-18
8487.058802 6.525992e-18
8489.828805 7.590486e-18
8492.594798 8.217699e-18
8495.357895 7.274710e-18
8498.128214 7.694703e-18
8500.893358 8.310127e-18
8503.657769 8.530022e-18
8506.427872 6.619402e-18
8509.195208 8.059240e-18
8511.963167 7.596786e-18
8514.728414 7.939159e-18
8517.495762 7.505725e-18
8520.263050 6.508432e-18
8523.035487 7.220982e-18
8525.805985 7.435368e-18
8528.573440 8.058252e-18
8531.344528 8.089620e-18
8534.112269 6.423609e-18
8536.886012 6.881304e-18
8539.654397 7.458641e-18
8542.425873 8.076512e-18
8545.197186 7.155147e-18
8547.968867 7.723961e-18
8550.740929 7.750538e-18
8553.514481 7.499339e-18
8556.284059 7.687370e-18
8559.061702 7.534681e-18
8561.839090 6.612624e-18
8564.603283 6.407879e-18
8567.374106 7.649781e-18
8570.155871 7.197158e-18
8572.930190 6.898616e-18
8575.702427 7.742693e-18
8578.471535 6.828309e-18
8581.253357 6.910669e-18
8584.031362 7.719581e-18
8586.815065 6.758202e-18
8589.581155 7.556227e-18
8592.360438 6.688111e-18
8595.137410 6.930797e-18
8597.905801 5.453155e-18
8600.685265 7.791063e-18
8603.467062 7.309284e-18
8606.242430 7.335265e-18
8609.023394 6.869540e-18
8611.802987 6.738874e-18
8614.582961 6.303060e-18
8617.363084 7.313715e-18
8620.140275 6.873311e-18
8622.922619 7.357913e-18
8625.703067 8.218624e-18
8628.483308 6.565535e-18
8631.264388 5.579337e-18
8634.045574 6.301796e-18
8636.826392 5.823166e-18
8639.608143 5.027896e-18
8642.390320 7.301792e-18
8645.169861 7.085811e-18
8647.954840 6.536833e-18
8650.737573 7.962802e-18
8653.520594 7.019798e-18
8656.303942 7.921904e-18
8659.088292 7.571513e-18
8661.872180 7.998876e-18
8664.656257 6.245333e-18
8667.441008 5.076129e-18
8670.225719 6.125245e-18
8673.008671 6.813238e-18
8675.796414 5.432377e-18
8678.582397 7.616732e-18
8681.367480 5.560685e-18
8684.154987 6.122471e-18
8686.941065 6.746039e-18
8689.728042 7.184965e-18
8692.513028 7.484822e-18
8695.296628 6.566041e-18
8698.090669 6.522884e-18
8700.878890 7.047180e-18
8703.667004 6.593544e-18
8706.455331 6.398888e-18
8709.244884 6.381411e-18
8712.031564 6.786185e-18
8714.823426 5.429727e-18
8717.613400 6.447916e-18
8720.402927 6.059881e-18
8723.191627 5.321262e-18
8725.982467 6.760188e-18
8728.773490 5.972114e-18
8731.564914 5.422241e-18
8734.364449 7.579092e-18
8737.146089 5.796728e-18
8739.947953 7.020732e-18
8742.735707 6.440084e-18
8745.528207 6.415031e-18
8748.316220 6.338952e-18
8751.109561 7.571351e-18
8753.902883 6.356103e-18
8756.712668 6.748205e-18
8759.497509 6.562905e-18
8762.291885 6.217814e-18
8765.086810 7.757531e-18
8767.882370 5.667918e-18
8770.677444 5.986307e-18
8773.473316 5.429109e-18
8776.269265 5.551050e-18
8779.065122 6.441824e-18
8781.862033 6.414661e-18
8784.659177 6.829579e-18
8787.456277 5.608453e-18
8790.252882 4.996599e-18
8793.051226 7.083456e-18
8795.849074 7.055187e-18
8798.647497 7.246013e-18
8801.445647 6.410107e-18
8804.244285 7.171224e-18
8807.048217 5.798120e-18
8809.841075 6.836795e-18
8812.640587 7.388631e-18
8815.442748 5.893661e-18
8818.243154 7.142101e-18
8821.044235 7.036410e-18
8823.837492 7.268080e-18
8826.646514 5.985296e-18
8829.448085 7.497943e-18
8832.249706 7.693526e-18
8835.052131 6.900939e-18
8837.853929 6.653721e-18
8840.656631 7.051191e-18
8843.459737 9.014254e-18
8846.262481 6.181321e-18
8849.065498 5.163410e-18
8851.869926 7.370846e-18
8854.673525 7.409199e-18
8857.479646 5.915488e-18
8860.282674 6.406569e-18
8863.087280 6.683462e-18
8865.892320 6.411294e-18
8868.698202 5.174288e-18
8871.504079 7.030008e-18
8874.309958 6.204370e-18
8877.116533 8.451358e-18
8879.922343 7.603376e-18
8882.727113 6.916162e-18
8885.537162 1.010139e-17
8888.344330 7.208009e-18
8891.152454 9.920901e-18
8893.960596 9.572983e-18
8896.768215 7.185971e-18
8899.573742 6.242198e-18
8902.383709 8.048669e-18
8905.195232 7.949137e-18
8908.004388 5.857847e-18
8910.814069 7.564914e-18
8913.624053 7.173944e-18
8916.433902 3.983935e-18
8919.244823 7.332089e-18
8922.055817 1.038268e-17
8924.866831 5.364194e-18
8927.678635 4.504997e-18
8930.490042 7.657410e-18
8933.299379 6.329744e-18
8936.113846 6.539671e-18
8938.925611 6.181413e-18
8941.738907 7.855460e-18
8944.552445 8.234044e-18
8947.365678 8.807849e-18
8950.179550 7.691996e-18
8952.993360 5.526559e-18
8955.807796 8.704548e-18
8958.621881 7.761818e-18
8961.436683 7.327073e-18
8964.252370 1.144795e-17
8967.067237 6.660943e-18
8969.883129 6.210139e-18
8972.695890 6.561272e-18
8975.514291 5.975936e-18
8978.340036 6.687754e-18
8981.147691 7.164539e-18
8983.962331 6.138694e-18
8986.781834 4.554017e-18
8989.599879 5.107078e-18
8992.417106 5.562026e-18
8995.234058 3.755468e-18
8998.053369 5.493551e-18
9000.872449 7.722287e-18
9003.691624 6.350662e-18
9006.510906 8.701114e-18
9009.330171 5.765062e-18
9012.149662 5.793945e-18
9014.969084 5.345831e-18
9017.788073 6.103232e-18
9020.608125 5.194863e-18
9023.432023 6.651333e-18
9026.252753 6.016773e-18
9029.070508 5.471761e-18
9031.898107 6.252772e-18
9034.717355 6.665502e-18
9037.537419 7.351346e-18
9040.362609 7.865784e-18
9043.185890 6.877724e-18
9046.008278 6.359062e-18
9048.829939 6.451378e-18
9051.655487 6.104095e-18
9054.479547 5.518064e-18
9057.303824 7.499842e-18
9060.128069 6.243201e-18
9062.952693 6.219422e-18
9065.777513 6.158374e-18
9068.602565 6.496960e-18
9071.428317 6.097368e-18
9074.255236 5.462721e-18
9077.080318 5.239169e-18
9079.906880 5.997256e-18
9082.733185 5.490235e-18
9085.560166 5.921764e-18
9088.389347 5.664037e-18
9091.214743 5.901751e-18
9094.042814 5.330098e-18
9096.871225 6.473862e-18
9099.700262 4.965230e-18
9102.528252 4.661033e-18
9105.356483 5.035935e-18
9108.186349 6.163526e-18
9111.015581 5.266364e-18
9113.842572 5.090682e-18
9116.670631 5.707298e-18
9119.506747 4.554539e-18
9122.336027 4.813751e-18
9125.166421 6.661067e-18
9127.997383 5.390136e-18
9130.825987 4.206325e-18
9133.660306 5.279318e-18
9136.492347 4.427803e-18
9139.321475 4.159764e-18
9142.157073 5.801993e-18
9144.989153 5.404858e-18
9147.820827 5.023496e-18
9150.656211 5.303005e-18
9153.489406 5.226322e-18
9156.320316 4.665731e-18
9159.153533 3.294352e-18
9161.991095 4.594579e-18
9164.826492 6.165732e-18
9167.661672 6.564134e-18
9170.495594 5.990280e-18
9173.331213 5.102768e-18
9176.167325 4.641130e-18
9179.003058 4.531340e-18
9181.839359 3.954564e-18
9184.676074 4.912901e-18
9187.509752 5.707380e-18
9190.349669 4.496673e-18
9193.186538 4.305901e-18
9196.022814 5.006922e-18
9198.860365 4.824493e-18
9201.698369 4.890183e-18
9204.536191 6.054166e-18
9207.377763 3.827902e-18
9210.216160 4.889370e-18
9213.052830 5.079207e-18
9215.895617 4.824884e-18
9218.735217 6.254729e-18
9221.575824 5.627737e-18
9224.413303 6.218100e-18
9227.256242 6.400263e-18
9230.096804 4.290872e-18
9232.937757 4.519579e-18
9235.777598 4.204361e-18
9238.620996 4.450100e-18
9241.462469 4.599977e-18
9244.304835 4.631133e-18
9247.147294 4.965547e-18
9249.990800 4.924406e-18
9252.829088 4.852295e-18
9255.676788 5.008148e-18
9258.516810 5.425868e-18
9261.364162 5.019467e-18
9264.207993 4.375237e-18
9267.051708 3.518955e-18
9269.896838 4.697071e-18
9272.741511 4.983238e-18
9275.584152 3.921576e-18
9278.432466 3.240723e-18
9281.278281 4.651914e-18
9284.123786 3.811939e-18
9286.969711 3.311503e-18
9289.815864 4.141378e-18
9292.663251 3.625675e-18
9295.510460 3.141494e-18
9298.358095 3.047423e-18
9301.205286 2.341995e-18
9304.053311 1.538304e-18
9306.901516 3.153759e-18
9309.749937 3.092542e-18
9312.598564 4.458172e-18
9315.447883 3.698574e-18
9318.296927 3.223566e-18
9321.146402 2.348164e-18
9323.995975 2.264436e-18
9326.845542 2.751389e-18
9329.696075 9.409248e-19
9332.546633 1.621914e-18
9335.397298 2.553717e-18
9338.248597 3.748753e-18
9341.099821 2.201104e-18
9343.950880 2.494816e-18
9346.802988 2.487746e-18
9349.655011 2.742906e-18
9352.507397 1.767211e-18
9355.357921 1.772259e-18
9358.213303 1.993697e-18
9361.066063 2.752048e-18
9363.919333 2.712504e-18
9366.773393 2.659807e-18
9369.627672 3.613621e-18
9372.481649 4.475618e-18
9375.336363 5.571117e-18
9378.191496 6.201948e-18
9381.046396 3.700763e-18
9383.901440 3.031396e-18
9386.756628 1.356544e-18
9389.612490 3.523726e-18
9392.468118 2.150126e-18
9395.324679 2.924422e-18
9398.179838 3.716817e-18
9401.038951 2.804857e-18
9403.896343 2.643176e-18
9406.753070 2.986768e-18
9409.610747 2.820491e-18
9412.468771 2.557293e-18
9415.327009 2.895663e-18
9418.186144 3.191178e-18
9421.044732 1.809903e-18
9423.903654 3.827852e-18
9426.762725 2.110023e-18
9429.622375 2.541931e-18
9432.482211 2.635271e-18
9435.342394 2.582152e-18
9438.203109 2.924608e-18
9441.063714 3.648509e-18
9443.924687 3.500206e-18
9446.785536 2.858559e-18
9449.646831 1.385632e-18
9452.508442 2.341363e-18
9455.370777 2.369697e-18
9458.233267 3.283001e-18
9461.095610 3.031144e-18
9463.958060 4.683682e-18
9466.821002 2.483081e-18
9469.684213 2.839540e-18
9472.548248 3.460932e-18
9475.412075 4.977969e-18
9478.276010 3.567379e-18
9481.140529 4.244686e-18
9484.005189 3.847996e-18
9486.869661 2.507156e-18
9489.734455 1.706577e-18
9492.598433 2.565422e-18
9495.465485 2.040380e-18
9498.331601 2.245743e-18
9501.198062 2.926811e-18
9504.065015 3.221057e-18
9506.931491 3.733012e-18
9509.798398 3.733932e-18
9512.665274 2.333880e-18
9515.533064 2.451522e-18
9518.400836 1.661064e-18
9521.268799 1.820309e-18
9524.137529 2.675469e-18
9527.005870 2.454202e-18
9529.875032 3.465258e-18
9532.743614 2.052988e-18
9535.613170 2.385566e-18
9538.482242 2.398510e-18
9541.352421 2.224811e-18
9544.223111 2.650163e-18
9547.092868 2.566161e-18
9549.963944 2.497870e-18
9552.835401 2.559883e-18
9555.706310 2.950923e-18
9558.577693 1.366223e-18
9561.449262 1.969860e-18
9564.321546 2.331637e-18
9567.193609 1.501407e-18
9570.066550 1.315615e-18
9572.939214 2.854055e-18
9575.812432 2.349897e-18
9578.685983 2.795580e-18
9581.558992 2.170059e-18
9584.432900 1.989338e-18
9587.307166 2.050930e-18
9590.181290 1.950146e-18
9593.055914 1.765467e-18
9595.930207 1.723692e-18
9598.806264 2.336165e-18
9601.681997 2.289107e-18
9604.557611 1.830835e-18
9607.433488 1.649339e-18
9610.309843 1.850933e-18
9613.186268 2.107405e-18
9616.063049 2.169337e-18
9618.940003 1.882368e-18
9621.817452 1.910486e-18
9624.694945 1.683238e-18
9627.573031 2.375458e-18
9630.451175 2.718507e-18
9633.329188 2.043000e-18
9636.207546 1.952425e-18
9639.086874 2.481400e-18
9641.965801 2.241396e-18
9644.845413 2.205141e-18
9647.724636 1.338275e-18
9650.604685 2.081698e-18
9653.485074 2.067884e-18
9656.365516 2.011573e-18
9659.246244 2.237553e-18
9662.127309 2.267054e-18
9665.008861 2.076879e-18
9667.890687 1.910744e-18
9670.771696 2.585809e-18
9673.654256 1.733261e-18
9676.536637 2.647855e-18
9679.418859 2.668354e-18
9682.301567 2.742013e-18
9685.184808 2.180898e-18
9688.068257 2.783673e-18
9690.950350 1.948193e-18
9693.835952 1.984758e-18
9696.720116 2.092202e-18
9699.604794 1.550010e-18
9702.489039 6.175153e-19
9705.374151 2.379880e-18
9708.259492 2.342111e-18
9711.144682 2.533821e-18
9714.030362 1.549085e-18
9716.916291 8.802034e-19
9719.803019 2.345171e-18
9722.688183 1.446458e-18
9725.576451 2.057326e-18
9728.463316 1.473879e-18
9731.350408 2.066810e-18
9734.238162 2.211843e-18
9737.125780 2.698281e-18
9740.013657 1.752773e-18
9742.902564 2.510321e-18
9745.790974 1.875627e-18
9748.680151 1.987955e-18
9751.569301 2.367440e-18
9754.458996 1.841074e-18
9757.347746 1.772990e-18
9760.238286 1.798552e-18
9763.128351 2.144699e-18
9766.018838 2.357623e-18
9768.909523 2.337693e-18
9771.801122 2.102321e-18
9774.694166 1.556791e-18
9777.583344 1.499925e-18
9780.475764 2.257562e-18
9783.367545 2.006504e-18
9786.259757 1.475305e-18
9789.152432 1.236083e-18
9792.045273 1.560833e-18
9794.938749 1.953489e-18
9797.832136 2.132775e-18
9800.725724 1.312514e-18
9803.619471 1.707099e-18
9806.513631 2.273000e-18
9809.407973 1.859124e-18
9812.302814 2.433833e-18
9815.197957 2.221340e-18
9818.093205 2.118294e-18
9820.988675 1.417701e-18
9823.884456 1.800030e-18
9826.780904 2.170438e-18
9829.676201 1.811544e-18
9832.572843 2.003445e-18
9835.469699 1.746575e-18
9838.366894 1.976594e-18
9841.264871 1.741259e-18
9844.162535 1.658981e-18
9847.060067 2.082543e-18
9849.958514 1.291843e-18
9852.856567 1.443699e-18
9855.755281 1.681253e-18
9858.654184 2.156152e-18
9861.553748 2.469257e-18
9864.453013 1.920372e-18
9867.351539 1.517871e-18
9870.252841 6.075293e-19
9873.153115 6.686719e-19
9876.053633 8.263164e-19
9878.954135 1.058600e-18
9881.855153 1.346947e-18
9884.756902 1.984766e-18
9887.658706 2.260946e-18
9890.560373 2.172783e-18
9893.462482 1.711508e-18
9896.364805 1.062847e-18
9899.267400 1.252283e-18
9902.170525 1.643727e-18
9905.073253 1.661052e-18
9907.976815 9.898418e-19
9910.880508 8.309879e-19
9913.784774 1.433337e-18
9916.689025 9.725060e-19
9919.593589 1.136379e-18
9922.498501 2.199615e-18
9925.403311 1.204510e-18
9928.307349 2.009479e-18
9931.214066 1.443445e-18
9934.120040 1.556705e-18
9937.026145 1.962519e-18
9939.932587 1.413758e-18
9942.839313 2.766334e-18
9945.746095 1.939091e-18
9948.653243 1.566547e-18
9951.560416 2.119948e-18
9954.468297 1.975549e-18
9957.376341 1.720487e-18
9960.284773 1.108246e-18
9963.193071 1.626027e-18
9966.101942 1.109200e-18
9969.010887 1.141401e-18
9971.919977 2.208474e-18
9974.829629 1.977275e-18
9977.739588 1.456377e-18
9980.649602 1.448914e-18
9983.560032 1.933377e-18
9986.470806 1.742113e-18
9989.381483 1.729793e-18
9992.292561 1.759831e-18
9995.203836 1.071917e-18
9998.115572 2.197265e-18
10001.027849 2.110246e-18
10003.940158 2.562211e-18
10006.852485 1.922814e-18
10009.765186 3.397813e-18
10012.678200 4.361246e-18
10015.591430 2.531475e-18
10018.505103 2.664555e-18
10021.419027 1.800954e-18
10024.333053 1.818343e-18
10027.247399 1.386148e-18
10030.162046 7.403915e-19
10033.076850 1.355959e-18
10035.991900 1.752050e-18
10038.907413 1.653978e-18
10041.823260 1.383742e-18
10044.738709 2.069874e-18
10047.655376 1.573702e-18
10050.571852 1.756394e-18
10053.488535 1.937552e-18
10056.405575 1.261825e-18
10059.322965 1.424353e-18
10062.240554 1.779447e-18
10065.158397 1.520057e-18
10068.076539 1.345034e-18
10070.994819 1.759129e-18
10073.913461 1.199751e-18
10076.832330 1.116571e-18
10079.751549 9.042975e-19
10082.670738 1.261256e-18
10085.590746 1.094785e-18
10088.510705 1.436393e-18
10091.430969 2.032646e-18
10094.351472 1.593934e-18
10097.272160 1.280680e-18
10100.193308 2.118199e-18
10103.115022 1.549874e-18
10106.036254 1.230697e-18
10108.958080 1.814475e-18
10111.880244 1.939076e-18
10114.802555 1.524821e-18
10117.725144 2.105929e-18
10120.648186 1.517086e-18
10123.571420 1.048053e-18
10126.494904 3.908870e-19
10129.418617 1.079892e-18
10132.342555 2.186278e-18
10135.266899 1.626773e-18
10138.191477 1.573568e-18
10141.116312 1.616989e-18
10144.041391 1.476262e-18
10146.966752 1.991636e-18
10149.892378 2.326249e-18
10152.818279 1.044432e-18
10155.744444 1.161850e-18
10158.670899 1.651492e-18
10161.597610 1.451203e-18
10164.524568 1.254706e-18
10167.451828 1.378700e-18
10170.379354 1.400720e-18
10173.307132 1.236001e-18
10176.235223 9.927627e-19
10179.163535 8.143253e-19
10182.092162 9.757827e-19
10185.021010 1.635503e-18
10187.950149 1.615011e-18
10190.879572 1.291893e-18
10193.809223 1.246190e-18
10196.739290 1.212034e-18
10199.669484 1.460768e-18
10202.599893 1.710914e-18
10205.530722 1.001881e-18
10208.461814 1.030623e-18
10211.393034 9.742607e-19
10214.324675 9.574472e-19
10217.256540 1.305174e-18
10220.188655 1.255188e-18
10223.121085 1.453176e-18
10226.053640 1.398891e-18
10228.986743 1.646541e-18
10231.919793 1.802509e-18
10234.853344 1.328086e-18
10237.787156 1.399078e-18
10240.721177 1.366310e-18
10243.655504 1.577153e-18
10246.590089 1.566033e-18
10249.524978 1.359527e-18
10252.460058 1.084706e-18
10255.395387 1.695780e-18
10258.331010 1.281936e-18
10261.267004 1.432658e-18
10264.203307 1.819644e-18
10267.139642 1.424521e-18
10270.076275 1.464076e-18
10273.013752 1.738466e-18
10275.950884 1.520076e-18
10278.888192 1.750819e-18
10281.826091 1.990118e-18
10284.764417 1.247449e-18
10287.702892 8.937071e-19
10290.641651 1.202707e-18
10293.580307 2.028207e-18
10296.519630 1.842845e-18
10299.459142 1.403560e-18
10302.399111 1.486253e-18
10305.338857 1.760778e-18
10308.279168 1.545258e-18
10311.219927 1.371898e-18
10314.160649 1.181729e-18
10317.101740 1.126456e-18
10320.043463 1.491159e-18
10322.985220 1.356813e-18
10325.927151 1.525687e-18
10328.869296 1.292470e-18
10331.811850 1.555629e-18
10334.754759 9.264547e-19
10337.697303 1.465545e-18
10340.640261 8.635906e-19
10343.584340 8.396379e-19
10346.528656 9.870248e-19
10349.473000 9.666059e-19
10352.417334 1.115090e-18
10355.362117 1.089313e-18
10358.306965 1.003485e-18
10361.251945 9.885636e-19
10364.197648 1.585856e-18
10367.143755 1.130389e-18
10370.089652 8.437812e-19
10373.036155 1.074270e-18
10375.982834 1.480925e-18
10378.929813 9.517413e-19
10381.876600 1.385382e-18
10384.824839 9.707843e-19
10387.772019 1.367999e-18
10390.720388 8.565577e-19
10393.668351 1.007227e-18
