3633.809794 1.115341e-18
3635.255186 -5.569510e-18
3636.702494 -5.388190e-20
3638.149249 1.347728e-19
3639.596939 -7.237059e-18
3641.048433 2.979069e-19
3642.498674 1.826648e-18
3643.950103 3.962548e-18
3645.401914 -2.559045e-18
3646.855469 3.683510e-18
3648.308659 -4.650767e-19
3649.764550 -1.331908e-18
3651.219042 -2.264968e-18
3652.677611 4.547129e-18
3654.136002 2.829699e-19
3655.595828 -4.144518e-18
3657.054590 5.259733e-18
3658.515569 -2.222478e-18
3659.976437 2.398471e-18
3661.440111 -1.041810e-18
3662.902926 1.870779e-18
3664.368515 2.292172e-18
3665.833782 -2.520019e-18
3667.299241 -8.410696e-19
3668.765891 2.334743e-18
3670.236985 3.207323e-18
3671.703245 -1.107377e-18
3673.174270 9.146990e-19
3674.645121 -1.418180e-18
3676.116435 -8.218356e-19
3677.589951 2.798422e-19
3679.063043 -3.626447e-18
3680.537228 -5.042598e-18
3682.013816 -1.080426e-18
3683.489842 3.033258e-18
3684.967095 -4.385372e-18
3686.445209 -6.595984e-19
3687.923732 -8.755083e-19
3689.405185 -1.856841e-18
3690.884991 -3.015536e-18
3692.367455 1.427286e-18
3693.851262 -2.157809e-18
3695.333133 7.739719e-19
3696.817576 -3.367519e-19
3698.305002 -1.931841e-18
3699.790445 -5.255190e-18
3701.278323 3.075335e-21
3702.766122 3.041078e-18
3704.255590 2.703324e-19
3705.746248 4.102693e-19
3707.237047 6.296459e-19
3708.728920 1.186383e-18
3710.222605 -3.944488e-18
3711.715056 1.363368e-19
3713.210036 5.692413e-18
3714.706280 3.488721e-18
3716.202274 -1.474552e-18
3717.699724 -3.596289e-19
3719.198082 7.700512e-19
3720.696845 -5.793035e-20
3722.198048 -5.441329e-19
3723.698408 -1.460126e-18
3725.200077 -9.983431e-19
3726.702448 6.087251e-19
3728.207567 4.179047e-19
3729.711254 4.494800e-19
3731.217229 -1.826105e-18
3732.722650 -1.839917e-18
3734.230724 -2.664251e-18
3735.738689 9.039874e-19
3737.246858 4.782374e-18
3738.758145 1.763650e-18
3740.268600 -1.364014e-18
3741.779210 2.638830e-18
3743.292953 -3.964992e-20
3744.806593 -1.991226e-18
3746.322181 -1.887019e-18
3747.836299 2.224802e-18
3749.352168 1.974824e-18
3750.869703 3.168428e-18
3752.387542 -6.958255e-19
3753.906717 1.087904e-18
3755.426211 8.017203e-19
3756.947650 -2.054175e-18
3758.467619 -9.301454e-19
3759.991818 -2.775150e-18
3761.514551 9.890126e-20
3763.038697 -4.268348e-19
3764.562072 -2.252165e-19
3766.090055 -1.589826e-19
3767.616762 1.695428e-18
3769.144178 2.270037e-18
3770.672837 1.987039e-18
3772.202877 -2.575692e-18
3773.732742 -3.401133e-19
3775.264561 2.870783e-18
3776.795827 2.216132e-18
3778.329768 -5.149548e-19
3779.862855 6.215443e-19
3781.398337 6.063755e-19
3782.933879 -3.426843e-21
3784.470816 -2.134039e-19
3786.007485 -1.734433e-18
3787.545521 2.212018e-18
3789.085516 2.848425e-19
3790.626158 -1.702650e-18
3792.166225 6.392255e-20
3793.709117 2.542321e-18
3795.252580 -1.461753e-18
3796.793683 9.796344e-19
3798.339137 -1.643444e-19
3799.884103 -9.332669e-19
3801.430254 -2.595510e-18
3802.977452 7.379459e-19
3804.525478 1.734613e-18
3806.073388 -7.205346e-19
3807.628532 1.897437e-18
3809.173789 -1.880333e-18
3810.726087 -1.925595e-18
3812.277557 -1.839471e-18
3813.831345 5.380783e-18
3815.384526 4.320060e-19
3816.939806 1.956229e-19
3818.496291 1.276724e-18
3820.052231 1.495383e-19
3821.609997 -2.661127e-18
3823.167216 -2.507893e-19
3824.727607 1.795299e-18
3826.287234 1.754495e-19
3827.847992 -1.094793e-18
3829.410609 7.234731e-19
3830.971904 -2.098008e-18
3832.536344 -1.240882e-18
3834.100682 3.363493e-18
3835.666302 2.873956e-18
3837.230922 -1.357287e-18
3838.797500 1.448341e-18
3840.366384 8.311594e-19
3841.934660 2.013205e-18
3843.504274 5.874260e-19
3845.074653 1.231221e-18
3846.645694 1.500952e-18
3848.218565 -7.776128e-19
3849.791515 1.011803e-19
3851.363994 1.088980e-18
3852.939319 3.775702e-19
3854.514110 -1.363148e-18
3856.091840 8.840392e-19
3857.666688 4.493248e-19
3859.246139 -6.730496e-19
3860.824767 3.831981e-19
3862.404769 5.951699e-19
3863.985107 2.237614e-18
3865.566395 -5.910179e-19
3867.148352 1.905934e-18
3868.732604 -2.715504e-19
3870.315540 6.250846e-19
3871.899926 1.233575e-18
3873.494026 -3.820239e-19
3875.089213 -3.225592e-19
3876.676540 1.746904e-19
3878.264724 4.696533e-19
3879.853683 5.607161e-20
3881.426699 9.605805e-19
3883.017321 1.756306e-18
3884.607972 4.843125e-19
3886.201439 -1.136229e-19
3887.794441 5.452801e-19
3889.388426 -1.054381e-18
3890.983122 4.958719e-20
3892.579274 3.972600e-19
3894.175551 -1.554405e-21
3895.772328 -5.589495e-19
3897.370473 1.293208e-19
3898.970234 -4.499820e-19
3900.570835 8.990819e-19
3902.170758 -8.791154e-19
3903.772385 5.454799e-19
3905.374174 -5.442410e-19
3906.978487 -1.530238e-18
3908.581753 -4.285129e-19
3910.186378 3.024571e-19
3911.792326 1.135575e-19
3913.399239 9.932764e-19
3915.006638 1.044277e-19
3916.614690 6.478833e-19
3918.222798 -1.632826e-18
3919.834024 9.551060e-19
3921.444580 5.567717e-19
3923.055458 -1.686855e-18
3924.667260 7.268376e-19
3926.281371 6.347227e-19
3927.894913 2.136691e-19
3929.510286 2.195816e-19
3931.124834 1.644194e-18
3932.742226 1.061517e-18
3934.359270 9.567635e-19
3935.977540 -5.800072e-19
3937.595707 6.863579e-19
3939.215432 -9.538359e-20
3940.837200 7.284301e-19
3942.453694 2.734179e-18
3944.080323 3.654217e-19
3945.702382 3.710971e-19
3947.326853 -2.570956e-19
3948.951708 1.506249e-19
3950.576802 6.610025e-20
3952.203464 4.048029e-19
3953.829195 -3.454418e-20
3955.458141 6.270361e-19
3957.087173 3.170037e-18
3958.716330 1.383616e-18
3960.346650 1.725991e-18
3961.978722 5.266966e-19
3963.610133 -1.759463e-19
3965.242234 -1.514262e-18
3966.876803 -4.010418e-19
3968.511009 1.056151e-18
3970.144876 -1.449963e-18
3971.782576 9.847127e-19
3973.418049 -7.043690e-19
3975.056476 1.461482e-18
3976.694799 9.813869e-20
3978.333488 1.226266e-18
3979.975683 -7.467925e-20
3981.614938 -8.243575e-19
3983.257585 -4.371026e-19
3984.898837 -1.470227e-18
3986.542347 -5.274319e-19
3988.186953 1.451428e-18
3989.831735 1.501747e-18
3991.476846 -8.267563e-19
3993.124187 -7.959691e-19
3994.770629 1.536497e-19
3996.418717 -9.304978e-20
3998.068111 1.108019e-18
3999.717711 9.100552e-19
4001.368200 -8.129353e-19
4003.018469 1.366725e-18
4004.671338 -1.511037e-19
4006.324562 7.561421e-19
4007.977612 1.864847e-18
4009.632551 1.139546e-18
4011.287918 1.272046e-19
4012.943548 -4.848521e-19
4014.601163 1.459637e-18
4016.257886 -4.565883e-20
4017.917429 7.000059e-19
4019.575699 3.422095e-19
4021.236037 -6.653616e-19
4022.897231 -9.157221e-20
4024.558960 -4.506758e-21
4026.222011 -9.375113e-19
4027.884837 3.851355e-19
4029.548824 1.276573e-19
4031.212929 1.008358e-18
4032.877625 -6.624757e-19
4034.545380 -3.548065e-19
4036.211970 -1.572579e-18
4037.879503 4.359622e-19
4039.549119 -1.123514e-18
4041.218075 -2.891982e-19
4042.888402 1.208817e-18
4044.559410 -9.278714e-19
4046.231132 -1.686293e-18
4047.905174 -5.742381e-19
4049.577662 -2.385804e-18
4051.251329 1.637967e-19
4052.926697 -4.132356e-19
4054.602017 -3.199393e-19
4056.279103 -6.258169e-19
4057.956680 4.324432e-19
4059.634491 -7.270061e-19
4061.313244 1.128032e-18
4062.992705 1.094700e-18
4064.672720 -4.399783e-19
4066.355305 -5.495415e-19
4068.035741 3.844612e-20
4069.720141 -3.145588e-19
4071.403120 1.729193e-19
4073.086661 -4.395928e-19
4074.772326 5.944056e-19
4076.458054 3.629829e-19
4078.145296 -7.810853e-19
4079.832228 5.511213e-19
4081.520764 -5.696454e-19
4083.209048 -1.046404e-18
4084.899314 8.867278e-19
4086.589330 7.114330e-19
4088.281760 3.806788e-19
4089.973152 3.134824e-19
4091.666046 -1.151406e-18
4093.359016 8.948547e-20
4095.053636 -6.940374e-19
4096.749995 3.230953e-19
4098.445314 -9.027394e-20
4100.141464 -8.938535e-20
4101.838754 -3.389474e-19
4103.537188 8.903167e-19
4105.231310 6.739127e-19
4106.935943 -5.613686e-19
4108.636406 -7.958037e-19
4110.337262 1.291255e-19
4112.039254 -4.154801e-19
4113.742660 3.984097e-20
4115.445426 -1.157881e-19
4117.149746 2.683670e-19
4118.857164 4.847511e-19
4120.562840 -6.774600e-19
4122.269467 3.066194e-19
4123.975940 6.179605e-19
4125.684046 -1.001400e-18
4127.393488 -4.445635e-19
4129.101556 9.551217e-20
4130.812012 -2.167334e-19
4132.522557 -2.925746e-19
4134.234785 -6.740778e-19
4135.947510 2.704122e-19
4137.660730 1.697281e-18
4139.374731 6.047131e-19
4141.089595 1.821097e-19
4142.805353 1.362442e-18
4144.521922 7.375530e-19
4146.239325 9.822899e-19
4147.956706 7.755792e-19
4149.675222 1.800416e-18
4151.395575 -7.195425e-21
4153.114516 1.013243e-20
4154.836477 2.189117e-19
4156.557062 1.149936e-18
4158.279849 4.655142e-19
4160.003514 3.838659e-19
4161.726597 7.684410e-19
4163.451840 -1.554614e-18
4165.177858 -9.322001e-20
4166.903164 -1.105417e-19
4168.629796 5.758972e-19
4170.357886 -1.723636e-19
4172.086352 -1.744992e-20
4173.817543 -2.770295e-19
4175.545253 8.344326e-19
4177.276360 3.760141e-19
4179.006660 1.033881e-18
4180.738643 3.810939e-19
4182.471619 1.057669e-18
4184.205322 -5.582285e-19
4185.939714 8.170291e-19
4187.674534 1.667439e-19
4189.410740 -1.246081e-19
4191.146469 5.088347e-20
4192.888217 -1.689459e-18
4194.622567 -5.822928e-19
4196.360509 6.873803e-19
4198.100916 -6.053498e-20
4199.840660 -1.582575e-19
4201.581128 1.684525e-19
4203.323324 -7.454076e-19
4205.065215 -8.069822e-19
4206.808779 5.366529e-19
4208.552688 -1.558575e-19
4210.297043 6.635515e-19
4212.042211 -5.354741e-20
4213.787638 1.220867e-18
4215.535087 -1.040521e-18
4217.282965 3.749664e-19
4219.031129 -1.184130e-19
4220.780034 6.804761e-19
4222.529412 -2.300653e-19
4224.280019 3.270930e-20
4226.031209 4.553776e-19
4227.783105 1.045208e-19
4229.535623 1.053406e-19
4231.288953 -8.724833e-19
4233.043016 1.072018e-18
4234.798689 7.443241e-19
4236.553006 5.671172e-19
4238.309884 -1.382515e-18
4240.066385 -1.271981e-19
4241.824040 -2.066540e-19
4243.582895 1.474065e-19
4245.341562 -3.381730e-19
4247.102038 1.662849e-19
4248.861567 -6.704476e-19
4250.623185 9.375602e-20
4252.384885 9.486696e-20
4254.151542 1.846433e-19
4255.915509 6.362866e-19
4257.678981 1.823103e-19
4259.441411 8.982892e-19
4261.207945 4.623304e-19
4262.973564 6.917231e-19
4264.739656 -5.057650e-19
4266.506846 9.146349e-20
4268.275533 1.003247e-18
4270.045122 2.682418e-19
4271.813841 4.746002e-19
4273.585358 7.500223e-19
4275.356614 -4.470974e-19
4277.128958 4.081354e-20
4278.901102 9.884761e-20
4280.674873 -6.235256e-19
4282.448130 -3.622743e-19
4284.223451 -5.008643e-19
4285.999430 -1.000031e-18
4287.775555 -3.523532e-19
4289.552283 -8.277437e-19
4291.330041 1.173049e-19
4293.108685 9.165314e-20
4294.887131 -1.715082e-19
4296.667951 -7.424893e-19
4298.448213 1.283330e-18
4300.228651 6.414231e-19
4302.011702 4.946615e-20
4303.794450 8.206535e-19
4305.576815 -4.487728e-19
4307.361306 -8.774702e-19
4309.145662 1.748761e-19
4310.930933 -1.149384e-19
4312.717792 1.951375e-19
4314.504211 5.532838e-19
4316.292131 -7.115295e-19
4318.079790 -7.839199e-20
4319.868536 6.975871e-19
4321.658383 2.216530e-19
4323.449166 1.167545e-18
4325.240805 5.183186e-19
4327.031280 -3.181000e-19
4328.824673 -1.913345e-19
4330.617424 1.456771e-19
4332.411221 -1.396514e-18
4334.205620 1.052606e-19
4336.001334 3.993895e-19
4337.797218 -6.476413e-19
4339.592959 -1.059820e-18
4341.389887 2.439788e-19
4343.188553 4.792268e-19
4344.987857 -1.791833e-19
4346.786538 -1.884801e-19
4348.585524 -7.986379e-19
4350.387872 -1.480431e-18
4352.185344 -4.037903e-19
4353.991097 2.697577e-19
4355.793760 -6.388986e-20
4357.597788 1.404776e-18
4359.401309 7.114678e-19
4361.206892 -6.723641e-19
4363.012463 -8.383668e-19
4364.819180 -1.775744e-19
4366.625934 6.006627e-19
4368.433904 3.672658e-20
4370.241263 -4.149220e-19
4372.050277 8.108391e-19
4373.860383 1.058665e-19
4375.670300 -6.393309e-19
4377.481731 1.099262e-18
4379.293854 -4.205628e-21
4381.105150 2.170584e-19
4382.919896 1.693429e-18
4384.732526 5.735513e-19
4386.547089 -4.611987e-19
4388.362119 6.904946e-19
4390.177783 1.184266e-18
4391.995432 1.148206e-20
4393.810951 3.289558e-19
4395.629423 7.272444e-19
4397.448219 1.073707e-18
4399.267471 -3.696474e-19
4401.087345 8.097757e-19
4402.910132 8.698136e-19
4404.730990 1.167526e-18
4406.552724 9.851483e-19
4408.376467 1.888650e-18
4410.197654 5.648330e-19
4412.020974 2.512714e-18
4413.845980 3.908405e-19
4415.670702 2.025215e-18
4417.497213 2.472545e-18
4419.322904 2.054580e-18
4421.151020 1.549888e-18
4422.978651 2.768865e-18
4424.807449 1.397270e-18
4426.636495 1.179464e-18
4428.465726 2.890634e-18
4430.295806 2.639946e-18
4432.124179 2.842972e-18
4433.950463 1.223040e-18
4435.783097 1.921516e-18
4437.615369 1.565679e-18
4439.460999 1.292789e-18
4441.295221 1.923897e-18
4443.130690 1.866462e-18
4444.966154 1.545111e-18
4446.802973 1.326143e-18
4448.640566 2.021515e-18
4450.478687 7.492128e-19
4452.317046 2.472069e-18
4454.156310 3.008216e-18
4455.996144 1.286016e-18
4457.836937 1.614568e-18
4459.678137 1.701632e-18
4461.520511 2.256311e-18
4463.363143 1.025629e-18
4465.205876 2.366370e-18
4467.049188 9.568352e-19
4468.894359 1.038882e-18
4470.739924 1.523348e-18
4472.586090 1.696060e-18
4474.431820 1.039257e-18
4476.279622 1.992051e-18
4478.130152 1.727356e-18
4479.976031 7.117618e-19
4481.824532 1.401014e-18
4483.675470 4.035771e-19
4485.525779 -1.928047e-19
4487.375873 3.118212e-20
4489.227559 -2.268477e-19
4491.080791 6.464972e-19
4492.933492 1.115485e-18
4494.790582 1.948049e-18
4496.641644 2.518921e-19
4498.496779 3.347665e-19
4500.352479 6.583316e-19
4502.209135 4.927195e-20
4504.065744 -1.881279e-20
4505.923210 6.621877e-19
4507.782906 3.252457e-19
4509.640551 7.595674e-19
4511.500571 9.697038e-20
4513.360251 -1.113463e-19
4515.221574 -4.697433e-19
4517.082875 1.629780e-18
4518.944690 -4.920761e-19
4520.808189 5.255900e-20
4522.670788 8.683223e-19
4524.536163 3.376461e-19
4526.399455 4.119625e-19
4528.265922 8.750890e-19
4530.131422 5.498366e-19
4531.997905 1.307350e-18
4533.865864 1.644134e-18
4535.733839 1.168314e-18
4537.597444 2.288369e-18
4539.471340 1.808758e-18
4541.341247 5.704181e-19
4543.211446 1.916433e-18
4545.083182 1.797111e-18
4546.954437 1.674815e-18
4548.826948 1.438785e-18
4550.699528 2.365967e-18
4552.573997 1.961627e-18
4554.449834 2.246474e-18
4556.322977 2.061310e-18
4558.198214 1.947148e-18
4560.074872 2.929240e-18
4561.951557 1.539930e-18
4563.829611 2.616718e-18
4565.706810 2.569296e-18
4567.585710 2.520717e-18
4569.464928 1.952426e-18
4571.345300 2.506826e-18
4573.226468 2.570972e-18
4575.107892 1.978600e-18
4576.988735 3.287006e-18
4578.871743 2.734360e-18
4580.754910 2.846980e-18
4582.638997 1.975547e-18
4584.522565 3.305076e-18
4586.407641 2.340999e-18
4588.289308 1.897096e-18
4590.180116 2.541483e-18
4592.066864 2.192820e-18
4593.954755 1.729571e-18
4595.842374 2.333322e-18
4597.731359 2.536162e-18
4599.621030 3.261527e-18
4601.510705 3.286543e-18
4603.402131 2.057411e-18
4605.292591 1.837275e-18
4607.185383 3.148869e-18
4609.077141 2.215398e-18
4610.970680 2.682329e-18
4612.864412 2.612381e-18
4614.761799 2.643372e-18
4616.657247 2.450438e-18
4618.552914 2.070904e-18
4620.449190 1.845704e-18
4622.345641 1.237911e-18
4624.239997 1.643684e-18
4626.138505 2.505122e-18
4628.036873 2.220789e-18
4629.936118 2.418754e-18
4631.836440 2.142117e-18
4633.737123 1.783797e-18
4635.637484 2.080110e-18
4637.539669 1.837113e-18
4639.442346 2.815269e-18
4641.345559 1.793955e-18
4643.249080 1.207832e-18
4645.152949 1.898060e-18
4647.058037 3.949326e-18
4648.963151 2.059740e-18
4650.869740 1.858710e-18
4652.776858 2.345198e-18
4654.683695 1.369877e-18
4656.591468 2.262349e-18
4658.500003 2.572668e-18
4660.409051 1.358626e-18
4662.319000 2.224740e-18
4664.229706 1.823553e-18
4666.140556 3.886072e-19
4668.051684 1.771876e-18
4669.963749 2.648243e-18
4671.876834 1.052119e-18
4673.790365 1.271636e-18
4675.704682 1.824346e-18
4677.618721 1.723350e-18
4679.533938 1.679026e-18
4681.450312 2.714651e-18
4683.366078 1.461257e-18
4685.284991 1.003054e-18
4687.200744 1.287842e-18
4689.118695 2.317401e-18
4691.038196 3.846390e-19
4692.956972 2.100453e-18
4694.877376 1.057526e-18
4696.798068 1.357151e-18
4698.719108 1.957034e-18
4700.641499 1.318898e-18
4702.562886 8.430371e-19
4704.486682 2.119732e-18
4706.409258 1.318247e-18
4708.334676 1.776758e-18
4710.259007 1.735453e-18
4712.181146 1.659117e-18
4714.110316 1.989026e-18
4716.037719 1.519574e-18
4717.964059 1.824735e-18
4719.891893 2.787591e-18
4721.820433 1.413156e-18
4723.749828 6.959718e-19
4725.678503 1.302955e-18
4727.608837 1.169091e-18
4729.539906 1.215164e-18
4731.470635 7.778022e-19
4733.403687 1.030622e-18
4735.335303 3.812159e-19
4737.268663 4.903748e-19
4739.202323 1.071938e-18
4741.136568 -1.182092e-19
4743.071215 4.560079e-19
4745.007520 1.096939e-18
4746.943023 -2.201122e-19
4748.879450 4.711459e-19
4750.816992 4.165798e-20
4752.753809 -6.426509e-19
4754.693362 1.410994e-19
4756.632294 7.697005e-19
4758.571474 5.847142e-20
4760.511833 -5.536461e-19
4762.451974 4.279246e-19
4764.393575 3.533925e-19
4766.335713 -7.956734e-19
4768.278043 -3.472103e-19
4770.221562 -1.138979e-19
4772.164498 -7.484018e-22
4774.109244 1.251434e-18
4776.053778 7.179451e-19
4777.999107 5.203254e-20
4779.945229 -5.373599e-20
4781.891582 -1.387956e-19
4783.838604 4.958595e-19
4785.787015 4.852366e-19
4787.734407 3.593294e-19
4789.683592 9.750115e-20
4791.633424 2.804979e-19
4793.583081 1.031277e-18
4795.533673 -6.469900e-19
4797.485217 1.115147e-18
4799.436013 3.991200e-19
4801.389009 5.030499e-19
4803.342228 1.652331e-18
4805.295137 8.027429e-20
4807.249178 5.237909e-19
4809.204095 2.264814e-18
4811.158933 1.686415e-18
4813.114561 1.067046e-18
4815.071508 1.500774e-18
4817.027608 7.081458e-19
4818.985649 1.102717e-18
4820.943458 1.482389e-18
4822.902549 2.002842e-18
4824.861049 1.686248e-18
4826.821251 1.399569e-18
4828.781771 8.833954e-19
4830.742897 1.673842e-18
4832.704202 2.190346e-18
4834.665744 7.315496e-19
4836.628152 2.828934e-18
4838.591585 3.683613e-18
4840.555554 1.712069e-18
4842.519034 1.584254e-18
4844.484868 3.713904e-19
4846.450173 1.168368e-18
4848.415323 1.177317e-18
4850.382357 1.319102e-18
4852.349180 9.270252e-19
4854.317009 2.144902e-18
4856.285028 2.714452e-18
4858.253886 2.487282e-18
4860.222678 1.866053e-18
4862.194127 1.586573e-18
4864.163861 8.677782e-19
4866.134809 1.931590e-18
4868.105734 2.115039e-18
4870.078446 1.410294e-18
4872.050879 1.451690e-18
4874.025226 2.166270e-18
4876.000228 9.917952e-19
4877.973042 2.042855e-18
4879.947313 1.666210e-18
4881.922545 1.556709e-18
4883.899418 9.943919e-19
4885.876011 2.370345e-18
4887.853459 1.587953e-18
4889.830446 1.301547e-18
4891.808670 1.770833e-18
4893.787735 2.456086e-18
4895.767415 1.346317e-18
4897.746767 2.628991e-18
4899.727467 2.598266e-18
4901.708548 2.160484e-18
4903.690111 2.816802e-18
4905.672443 2.208083e-18
4907.654914 2.586694e-18
4909.638140 2.871754e-18
4911.622555 9.517962e-19
4913.605993 1.677541e-18
4915.591229 2.295390e-18
4917.577132 2.223027e-18
4919.562190 1.340995e-18
4921.549395 3.214227e-18
4923.536505 2.245563e-18
4925.523590 2.286400e-18
4927.512272 2.094608e-18
4929.500637 1.699051e-18
4931.489780 1.724569e-18
4933.480091 3.165902e-18
4935.470484 1.266720e-18
4937.460640 2.111097e-18
4939.453011 2.198270e-18
4941.445566 1.784808e-18
4943.436071 2.119826e-18
4945.430231 1.609435e-18
4947.424156 1.898750e-18
4949.417557 2.565541e-18
4951.412353 2.198470e-18
4953.407921 2.435455e-18
4955.403436 2.124587e-18
4957.399457 1.884672e-18
4959.396916 1.804742e-18
4961.393774 1.885477e-18
4963.392002 2.375326e-18
4965.391274 2.763625e-18
4967.389107 2.342070e-18
4969.388983 2.751091e-18
4971.388419 2.384614e-18
4973.389704 2.098888e-18
4975.391518 2.076711e-18
4977.392620 2.532864e-18
4979.394593 1.207979e-18
4981.397586 2.408291e-18
4983.401261 1.395230e-18
4985.404437 1.816656e-18
4987.409060 2.615495e-18
4989.414161 1.736251e-18
4991.419424 1.134129e-18
4993.424965 2.596784e-18
4995.431570 1.334529e-18
4997.438758 1.264437e-18
4999.446580 1.545535e-18
5001.454673 2.906045e-18
5003.463191 9.911569e-19
5005.471156 2.404849e-18
5007.481472 1.544463e-18
5009.491856 1.991223e-18
5011.502930 1.983914e-18
5013.514299 1.356447e-18
5015.525285 6.677139e-19
5017.538391 2.083153e-18
5019.550444 1.978778e-18
5021.564168 1.035837e-18
5023.578420 1.681219e-18
5025.592273 1.763874e-18
5027.607268 1.439564e-18
5029.622906 2.274110e-18
5031.638490 1.308062e-18
5033.655533 9.868439e-19
5035.672234 1.152217e-18
5037.689665 2.469405e-18
5039.707831 2.095308e-18
5041.726607 2.707669e-18
5043.745341 1.823932e-18
5045.765048 3.581342e-19
5047.785793 1.152794e-18
5049.806362 1.123200e-18
5051.827137 1.584460e-18
5053.848740 1.921627e-18
5055.870798 1.566038e-18
5057.893821 1.708205e-18
5059.917502 2.300180e-18
5061.940601 2.243399e-18
5063.965051 2.771329e-18
5065.989929 3.214595e-18
5068.015926 2.362890e-18
5070.040982 1.345960e-18
5072.067458 2.785332e-18
5074.094258 1.852112e-18
5076.122047 1.606879e-18
5078.149464 2.049649e-18
5080.178282 1.942425e-18
5082.207066 1.545376e-18
5084.236351 3.015436e-18
5086.266558 2.544510e-18
5088.296890 2.383677e-18
5090.327824 3.620543e-18
5092.359768 3.187369e-18
5094.391246 2.458637e-18
5096.424008 2.854379e-18
5098.456402 3.539711e-18
5100.490590 3.240648e-18
5102.524516 4.383504e-18
5104.558456 3.986568e-18
5106.593988 3.889051e-18
5108.630163 4.864650e-18
5110.665672 3.856000e-18
5112.702479 3.486574e-18
5114.738879 4.410896e-18
5116.776705 3.402779e-18
5118.814459 4.091744e-18
5120.854606 4.351816e-18
5122.893097 3.895538e-18
5124.931930 4.341023e-18
5126.972694 3.763639e-18
5129.013857 3.312094e-18
5131.055189 3.208637e-18
5133.095367 3.328865e-18
5135.137366 3.567836e-18
5137.180758 3.011478e-18
5139.223732 4.334978e-18
5141.264795 5.051977e-18
5143.310486 3.357601e-18
5145.356514 4.572494e-18
5147.401515 3.023238e-18
5149.446584 4.629488e-18
5151.492748 4.663097e-18
5153.540656 4.430052e-18
5155.586262 4.266732e-18
5157.634358 3.708601e-18
5159.682421 2.727253e-18
5161.731213 3.599743e-18
5163.779864 4.498729e-18
5165.830136 4.087578e-18
5167.879259 4.305516e-18
5169.930645 3.439001e-18
5171.981533 3.546372e-18
5174.033637 3.607087e-18
5176.086784 4.348285e-18
5178.137774 3.707486e-18
5180.190936 4.765872e-18
5182.244352 4.528414e-18
5184.298875 4.802543e-18
5186.352590 4.100241e-18
5188.408568 4.002036e-18
5190.463947 4.173487e-18
5192.519394 4.128970e-18
5194.575673 5.434661e-18
5196.632372 3.353452e-18
5198.690664 3.060492e-18
5200.748590 3.605665e-18
5202.806616 4.147609e-18
5204.866020 3.570761e-18
5206.925344 3.935427e-18
5208.984469 3.469654e-18
5211.045228 4.029712e-18
5213.107537 3.960882e-18
5215.167510 3.493277e-18
5217.230152 4.075050e-18
5219.292538 3.938969e-18
5221.354972 4.042744e-18
5223.418254 3.917051e-18
5225.482852 4.362220e-18
5227.546773 3.442388e-18
5229.611317 3.383337e-18
5231.676493 4.577633e-18
5233.742591 4.380235e-18
5235.808876 4.246237e-18
5237.874974 4.279285e-18
5239.942972 3.683589e-18
5242.010841 3.416636e-18
5244.085921 4.352952e-18
5246.150141 4.239306e-18
5248.219471 3.127932e-18
5250.288500 3.433936e-18
5252.358935 4.160522e-18
5254.429677 3.460531e-18
5256.495547 4.153383e-18
5258.569279 3.357486e-18
5260.640193 2.481867e-18
5262.713887 3.337432e-18
5264.785994 3.127029e-18
5266.859652 2.531058e-18
5268.933744 3.728013e-18
5271.008049 2.603974e-18
5273.082530 2.143831e-18
5275.158280 2.852410e-18
5277.233496 2.750786e-18
5279.309972 1.709906e-18
5281.387112 2.757515e-18
5283.464790 1.868266e-18
5285.541421 1.358996e-18
5287.619782 1.620003e-18
5289.698550 2.268971e-18
5291.777356 1.420237e-18
5293.857333 1.339693e-18
5295.937479 1.096984e-18
5298.017506 1.855172e-18
5300.098845 1.252263e-18
5302.180367 8.317492e-19
5304.265850 5.374712e-19
5306.343987 1.642980e-18
5308.427286 1.506063e-18
5310.510442 2.368923e-19
5312.594479 1.407557e-18
5314.679099 1.665153e-18
5316.763669 1.817756e-19
5318.847857 7.878130e-19
5320.934459 4.233999e-19
5323.020341 3.269494e-19
5325.106743 5.025595e-19
5327.194076 3.444229e-19
5329.281047 5.996767e-19
5331.369979 1.130685e-19
5333.458023 2.854177e-19
5335.546992 1.864561e-19
5337.635943 9.637614e-19
5339.725692 7.704440e-19
5341.821410 -7.571012e-19
5343.907449 6.476942e-19
5345.997895 3.799165e-19
5348.089930 8.623400e-19
5350.181633 7.565879e-19
5352.274678 8.198934e-19
5354.367828 6.872854e-19
5356.460648 9.092478e-19
5358.554805 1.026678e-18
5360.649723 2.872908e-19
5362.744013 1.666445e-18
5364.840112 1.350899e-18
5366.935469 7.174787e-19
5369.031475 1.970548e-18
5371.128861 7.084186e-19
5373.223416 1.428996e-18
5375.323671 2.676245e-18
5377.421785 1.941309e-18
5379.519571 1.983801e-18
5381.616640 2.098988e-18
5383.718268 2.076359e-18
5385.818141 2.935402e-18
5387.918128 3.519538e-18
5390.019554 3.289641e-18
5392.120484 2.491347e-18
5394.221005 3.756954e-18
5396.324775 3.038157e-18
5398.426849 4.296903e-18
5400.529607 4.958322e-18
5402.634059 4.345406e-18
5404.737358 4.509032e-18
5406.841539 4.081913e-18
5408.946584 5.353484e-18
5411.051184 4.950339e-18
5413.157525 5.262699e-18
5415.263874 4.861775e-18
5417.370392 5.082502e-18
5419.477775 4.994605e-18
5421.586206 5.817811e-18
5423.693261 5.402323e-18
5425.801165 5.145951e-18
5427.910633 5.805706e-18
5430.019761 5.270448e-18
5432.129737 5.444303e-18
5434.240336 4.256559e-18
5436.350054 5.031796e-18
5438.462238 4.729143e-18
5440.573345 5.215447e-18
5442.685463 3.873627e-18
5444.797377 4.628137e-18
5446.910823 4.680902e-18
5449.023863 3.804178e-18
5451.137433 4.488527e-18
5453.252415 4.474271e-18
5455.366025 3.912287e-18
5457.482117 4.800984e-18
5459.597341 4.260968e-18
5461.713121 3.859689e-18
5463.829423 5.398042e-18
5465.946979 4.805739e-18
5468.063817 3.644184e-18
5470.181204 4.691869e-18
5472.299675 4.655578e-18
5474.418193 4.665330e-18
5476.537072 4.851711e-18
5478.656803 4.851580e-18
5480.777043 4.237752e-18
5482.896469 5.180048e-18
5485.017834 4.851781e-18
5487.138996 5.085462e-18
5489.260324 5.502043e-18
5491.382913 6.262800e-18
5493.504936 5.228857e-18
5495.628455 5.833247e-18
5497.751504 4.344593e-18
5499.875271 4.640805e-18
5501.999697 6.468283e-18
5504.124289 5.547798e-18
5506.249269 5.236559e-18
5508.375286 4.588760e-18
5510.501038 4.975458e-18
5512.627636 5.631552e-18
5514.754060 4.792584e-18
5516.881542 4.196197e-18
5519.008293 4.228430e-18
5521.138010 5.247780e-18
5523.266061 4.410263e-18
5525.394747 4.751051e-18
5527.524392 5.614736e-18
5529.654369 4.974148e-18
5531.784540 4.370754e-18
5533.914808 4.975277e-18
5536.047012 3.669003e-18
5538.177893 3.689644e-18
5540.309381 4.484791e-18
5542.442585 4.049897e-18
5544.575151 2.516901e-18
5546.708201 3.538976e-18
5548.841975 3.457129e-18
5550.975865 3.356498e-18
5553.110982 3.953641e-18
5555.245420 3.239596e-18
5557.380726 2.948162e-18
5559.517085 3.929341e-18
5561.652767 3.655261e-18
5563.789358 3.169982e-18
5565.929661 3.770354e-18
5568.064157 2.904684e-18
5570.202242 3.104934e-18
5572.339594 3.683110e-18
5574.478743 6.563745e-18
5576.618298 4.153400e-19
5578.758074 1.841229e-18
5580.898550 6.153712e-18
5583.038906 3.940144e-18
5585.179397 5.108077e-18
5587.319859 4.657257e-18
5589.462115 4.253010e-18
5591.604333 4.375648e-18
5593.746257 4.198779e-18
5595.889693 4.202637e-18
5598.032838 5.764899e-18
5600.176726 4.953275e-18
5602.320679 4.996958e-18
5604.465647 5.908562e-18
5606.611077 4.846542e-18
5608.755979 4.918122e-18
5610.900583 4.697197e-18
5613.048054 5.537655e-18
5615.194788 4.779750e-18
5617.341479 4.743105e-18
5619.488532 4.718257e-18
5621.637639 5.195126e-18
5623.784791 5.040047e-18
5625.933830 4.491629e-18
5628.083095 4.555380e-18
5630.232788 5.049206e-18
5632.383024 4.943420e-18
5634.533158 4.160463e-18
5636.683670 5.081664e-18
5638.834496 5.187668e-18
5640.986756 4.402838e-18
5643.138555 4.384110e-18
5645.290726 4.719204e-18
5647.443716 4.308466e-18
5649.596964 4.887641e-18
5651.750845 4.828524e-18
5653.904499 4.028581e-18
5656.059300 4.507368e-18
5658.214055 4.693374e-18
5660.369364 4.397301e-18
5662.524500 4.384478e-18
5664.681225 4.746548e-18
5666.837520 3.772625e-18
5668.993970 4.453042e-18
5671.151398 3.689834e-18
5673.308961 3.379263e-18
5675.467460 3.163419e-18
5677.625517 3.207907e-18
5679.784481 3.479280e-18
5681.944159 3.788776e-18
5684.103729 3.758615e-18
5686.263379 3.527471e-18
5688.420375 5.065796e-18
5690.585096 3.831754e-18
5692.746505 2.736584e-18
5694.907991 2.778565e-18
5697.069542 2.656415e-18
5699.232803 3.137076e-18
5701.395531 2.904241e-18
5703.559130 2.260907e-18
5705.722391 2.847672e-18
5707.886508 2.672527e-18
5710.051312 2.210652e-18
5712.216166 2.249447e-18
5714.380749 2.860923e-18
5716.546974 2.336315e-18
5718.712923 2.205228e-18
5720.879351 2.452670e-18
5723.046304 2.129602e-18
5725.213588 2.662583e-18
5727.381076 2.517955e-18
5729.549331 2.452639e-18
5731.717607 1.898594e-18
5733.886460 3.214230e-18
5736.055473 3.411607e-18
5738.225224 1.939381e-18
5740.395133 3.570866e-18
5742.565537 3.066876e-18
5744.736437 2.736121e-18
5746.907674 3.236664e-18
5749.079611 3.182173e-18
5751.250816 2.348271e-18
5753.423822 2.413121e-18
5755.596680 3.679094e-18
5757.769244 3.073954e-18
5759.942852 4.308028e-18
5762.117295 3.649063e-18
5764.291275 4.007201e-18
5766.465644 3.718133e-18
5768.641085 3.587996e-18
5770.816150 3.076336e-18
5772.992113 4.727224e-18
5775.171624 5.319474e-18
5777.345364 3.534711e-18
5779.521408 4.169380e-18
5781.699914 4.172504e-18
5783.877112 2.589558e-18
5786.055659 4.842068e-18
5788.234115 4.132188e-18
5790.412325 3.304503e-18
5792.597133 4.270617e-18
5794.772779 4.144260e-18
5796.951638 3.448473e-18
5799.133067 3.613878e-18
5801.313366 4.809367e-18
5803.494817 4.511871e-18
5805.676211 4.355980e-18
5807.858243 4.958941e-18
5810.040750 4.327553e-18
5812.223589 4.734878e-18
5814.406213 4.602828e-18
5816.590595 4.224581e-18
5818.773646 4.848664e-18
5820.957798 4.111526e-18
5823.141304 4.155590e-18
5825.328261 4.786734e-18
5827.513503 5.030561e-18
5829.699424 3.572192e-18
5831.885144 5.295318e-18
5834.071621 5.521243e-18
5836.259270 5.301257e-18
5838.445976 4.255825e-18
5840.633797 4.984334e-18
5842.821902 3.991374e-18
5845.010497 3.386687e-18
5847.199491 4.153084e-18
5849.388236 3.751018e-18
5851.578215 3.965646e-18
5853.768144 4.105491e-18
5855.958060 4.211622e-18
5858.149022 4.571798e-18
5860.340139 4.622032e-18
5862.532005 3.858710e-18
5864.722659 4.874074e-18
5866.914959 4.664800e-18
5869.108204 2.324638e-18
5871.301011 3.896777e-18
5873.494235 3.624823e-18
5875.687648 3.474868e-18
5877.882164 4.190623e-18
5880.076755 4.107269e-18
5882.271023 3.716565e-18
5884.466155 4.609524e-18
5886.661544 5.414337e-18
5888.857791 2.082751e-18
5891.053974 3.993578e-18
5893.250681 5.170367e-18
5895.447783 2.617484e-18
5897.645091 5.155233e-18
5899.843596 4.270494e-18
5902.040403 3.456060e-18
5904.239434 4.266997e-18
5906.438084 4.097684e-18
5908.637441 3.668606e-18
5910.836729 4.132046e-18
5913.036266 3.858450e-18
5915.236858 3.772109e-18
5917.437974 4.260554e-18
5919.639334 4.235555e-18
5921.840413 3.375008e-18
5924.041618 4.453784e-18
5926.244213 4.777535e-18
5928.446817 4.711928e-18
5930.648952 4.812364e-18
5932.852580 4.260177e-18
5935.056225 2.809415e-18
5937.260095 4.994117e-18
5939.464528 5.336142e-18
5941.669865 3.719511e-18
5943.874153 4.582892e-18
5946.079231 4.944319e-18
5948.285095 4.039971e-18
5950.491339 4.111464e-18
5952.697802 5.400777e-18
5954.904434 4.380796e-18
5957.111790 5.308052e-18
5959.319554 4.431157e-18
5961.526935 6.067212e-18
5963.735379 4.376907e-18
5965.944156 4.539017e-18
5968.153409 4.169225e-18
5970.361813 4.519299e-18
5972.572128 4.269254e-18
5974.781853 3.602799e-18
5976.992416 4.585951e-18
5979.203420 3.326526e-18
5981.414511 3.740913e-18
5983.625222 4.530088e-18
5985.840082 5.112933e-18
5988.049050 4.544288e-18
5990.262539 5.651078e-18
5992.475689 3.977335e-18
5994.688467 5.235062e-18
5996.901403 5.805726e-18
5999.116101 4.865988e-18
6001.334594 3.835583e-18
6003.544975 5.552989e-18
6005.759681 4.525786e-18
6007.974594 4.797666e-18
6010.191057 4.204599e-18
6012.407163 4.296305e-18
6014.622581 4.666526e-18
6016.840204 5.641805e-18
6019.057356 4.573991e-18
6021.274389 3.793278e-18
6023.492051 5.078949e-18
6025.710921 4.717072e-18
6027.928650 4.528445e-18
6030.147799 5.012569e-18
6032.367073 5.136994e-18
6034.586442 4.105634e-18
6036.806248 4.842713e-18
6039.026702 5.413359e-18
6041.246741 4.431052e-18
6043.468394 4.521966e-18
6045.689806 4.620186e-18
6047.910736 4.648176e-18
6050.134853 4.781444e-18
6052.355228 4.391221e-18
6054.578334 4.546092e-18
6056.800626 3.979559e-18
6059.023439 4.015000e-18
6061.248271 3.855881e-18
6063.471568 4.302171e-18
6065.696184 4.732815e-18
6067.921605 4.646006e-18
6070.145574 4.941228e-18
6072.371883 5.500774e-18
6074.597235 4.269656e-18
6076.823271 4.507641e-18
6079.049678 3.580286e-18
6081.276506 4.043488e-18
6083.503342 4.695959e-18
6085.731690 4.539559e-18
6087.958964 5.056643e-18
6090.192615 4.260163e-18
6092.416059 4.561310e-18
6094.644297 4.379761e-18
6096.873033 4.912902e-18
6099.103166 4.546069e-18
6101.332351 4.734415e-18
6103.562854 4.096060e-18
6105.793927 4.144584e-18
6108.023976 4.128532e-18
6110.255606 3.915676e-18
6112.487199 4.077085e-18
6114.718396 4.503886e-18
6116.950966 5.323368e-18
6119.183326 4.491871e-18
6121.416457 4.607850e-18
6123.649239 4.453544e-18
6125.882839 4.563657e-18
6128.116572 3.731559e-18
6130.351118 4.819680e-18
6132.586070 4.160731e-18
6134.820506 4.086693e-18
6137.055186 4.583167e-18
6139.291152 5.088295e-18
6141.527005 3.656719e-18
6143.763018 4.804917e-18
6145.999892 4.401166e-18
6148.236358 4.524338e-18
6150.473487 4.789583e-18
6152.713160 5.223084e-18
6154.948808 5.050536e-18
6157.187048 4.296301e-18
6159.425801 4.172479e-18
6161.664949 4.993439e-18
6163.903238 5.128686e-18
6166.143010 4.822175e-18
6168.382872 4.083559e-18
6170.623227 4.424919e-18
6172.863833 5.135085e-18
6175.104435 4.428891e-18
6177.345493 5.031411e-18
6179.587607 5.356379e-18
6181.827743 5.164631e-18
6184.071042 4.366803e-18
6186.313400 5.048283e-18
6188.555920 3.692187e-18
6190.799245 5.397437e-18
6193.043364 5.207673e-18
6195.286553 4.251151e-18
6197.530413 4.525843e-18
6199.774389 5.281250e-18
6202.020639 4.658640e-18
6204.264879 4.876726e-18
6206.510182 4.799041e-18
6208.756009 3.205359e-18
6211.001558 4.536166e-18
6213.248486 4.801354e-18
6215.494965 4.751543e-18
6217.741498 5.452447e-18
6219.991552 4.040464e-18
6222.236409 4.630194e-18
6224.485081 5.061441e-18
6226.733410 4.545142e-18
6228.980942 3.580642e-18
6231.230792 3.979482e-18
6233.479761 4.414645e-18
6235.729357 4.056596e-18
6237.979375 3.750182e-18
6240.229240 3.973136e-18
6242.480077 3.637099e-18
6244.730728 3.811995e-18
6246.982222 4.502786e-18
6249.233572 4.137564e-18
6251.484777 4.337032e-18
6253.737457 4.203181e-18
6255.989590 3.573023e-18
6258.242318 3.821548e-18
6260.495966 4.644154e-18
6262.748793 3.843718e-18
6265.002585 2.884926e-18
6267.256943 4.458921e-18
6269.510621 3.572029e-18
6271.765787 3.443983e-18
6274.020389 3.434437e-18
6276.275921 3.486663e-18
6278.531328 4.409792e-18
6280.787121 3.848307e-18
6283.043273 2.647403e-18
6285.299963 3.729723e-18
6287.556808 3.775645e-18
6289.813998 3.635869e-18
6292.071515 4.026009e-18
6294.328431 3.931007e-18
6296.586487 5.015675e-18
6298.845700 3.487268e-18
6301.104536 4.130419e-18
6303.363449 3.161773e-18
6305.623585 6.038038e-18
6307.882681 4.503578e-18
6310.142634 4.543927e-18
6312.402558 4.033306e-18
6314.662957 3.952751e-18
6316.923435 3.604196e-18
6319.185422 3.719708e-18
6321.446901 4.446844e-18
6323.708897 3.626861e-18
6325.970215 3.953566e-18
6328.233204 4.233935e-18
6330.496051 4.406618e-18
6332.758591 4.554048e-18
6335.022352 3.854616e-18
6337.285678 3.630805e-18
6339.549707 3.787487e-18
6341.814157 4.787816e-18
6344.078467 3.591159e-18
6346.343420 4.654300e-18
6348.608537 5.061731e-18
6350.873869 4.640761e-18
6353.139869 4.116991e-18
6355.406571 4.094217e-18
6357.671843 2.907346e-18
6359.938991 4.279398e-18
6362.206108 4.829334e-18
6364.473286 4.303534e-18
6366.741106 3.157810e-18
6369.010048 4.928995e-18
6371.277664 4.318543e-18
6373.545451 3.793623e-18
6375.813376 4.346856e-18
6378.083891 3.431128e-18
6380.352631 3.798099e-18
6382.622591 4.049042e-18
6384.892714 3.012704e-18
6387.163308 3.645631e-18
6389.433486 4.223004e-18
6391.704086 3.626937e-18
6393.976408 4.610918e-18
6396.247269 3.762510e-18
6398.519329 4.174277e-18
6400.791331 4.245517e-18
6403.063431 3.868775e-18
6405.335771 3.808562e-18
6407.609874 3.454198e-18
6409.883241 3.774183e-18
6412.156213 3.086921e-18
6414.430285 4.128318e-18
6416.704683 4.054965e-18
6418.979110 3.039337e-18
6421.253752 4.144691e-18
6423.528811 3.591846e-18
6425.804649 2.901594e-18
6428.079744 2.896986e-18
6430.356211 3.546780e-18
6432.632441 3.116423e-18
6434.908511 2.829306e-18
6437.186386 2.276600e-18
6439.463267 3.087367e-18
6441.740070 2.787424e-18
6444.017739 3.077871e-18
6446.296341 2.698288e-18
6448.574488 3.140156e-18
6450.853649 2.688689e-18
6453.132211 3.020058e-18
6455.411014 2.812127e-18
6457.690478 3.188137e-18
6459.970370 2.688272e-18
6462.250507 3.175425e-18
6464.531187 2.547695e-18
6466.809713 1.185828e-18
6469.092020 1.419222e-18
6471.374002 2.597431e-18
6473.655597 1.280733e-18
6475.936986 1.878248e-18
6478.219681 2.455809e-18
6480.501547 1.686830e-18
6482.784471 1.520122e-18
6485.067740 1.433336e-18
6487.351132 1.450757e-18
6489.633956 1.788152e-18
6491.917512 1.832117e-18
6494.202624 7.007620e-19
6496.486269 1.676970e-18
6498.771224 2.459904e-18
6501.056271 2.409140e-18
6503.341915 2.498440e-18
6505.627342 2.200862e-18
6507.913347 2.151985e-18
6510.198955 2.294099e-18
6512.485521 2.059291e-18
6514.772607 1.718902e-18
6517.059173 2.504676e-18
6519.346274 2.218573e-18
6521.634518 1.792513e-18
6523.921850 2.300819e-18
6526.209493 3.039516e-18
6528.498621 2.066939e-18
6530.786827 2.524648e-18
6533.076633 3.296121e-18
6535.364938 2.587331e-18
6537.654966 2.899199e-18
6539.945092 2.314650e-18
6542.234548 3.086630e-18
6544.525449 3.545699e-18
6546.815977 3.432496e-18
6549.107200 3.544781e-18
6551.397860 3.607042e-18
6553.689361 2.944943e-18
6555.980537 3.166524e-18
6558.273812 3.531802e-18
6560.565807 4.125532e-18
6562.858536 3.219459e-18
6565.151075 3.927984e-18
6567.444778 4.417652e-18
6569.737734 3.479098e-18
6572.031667 3.718094e-18
6574.326199 4.732818e-18
6576.620098 3.678549e-18
6578.914479 4.117828e-18
6581.209936 4.441387e-18
6583.504609 4.262483e-18
6585.799896 3.438955e-18
6588.095711 3.908662e-18
6590.391076 3.363758e-18
6592.687789 4.206683e-18
6594.984829 4.249814e-18
6597.281039 3.905299e-18
6599.577909 4.221037e-18
6601.876210 4.145241e-18
6604.173424 4.014950e-18
6606.470784 3.997029e-18
6608.769203 4.170242e-18
6611.067969 4.125869e-18
6613.365791 3.904060e-18
6615.665557 4.170825e-18
6617.964456 3.437330e-18
6620.264046 4.286725e-18
6622.563928 4.610728e-18
6624.863706 3.714685e-18
6627.164371 4.100220e-18
6629.464814 3.824305e-18
6631.765636 3.754959e-18
6634.066826 4.596435e-18
6636.374889 4.978525e-18
6638.669989 3.395539e-18
6640.972114 3.935561e-18
6643.274080 4.199157e-18
6645.576354 3.878324e-18
6647.879965 3.708562e-18
6650.182101 4.252359e-18
6652.485587 3.000339e-18
6654.789744 2.916226e-18
6657.092960 3.670478e-18
6659.397804 2.796370e-18
6661.701340 3.389044e-18
6664.006565 4.012370e-18
6666.311733 2.723817e-18
6668.616516 4.158183e-18
6670.921403 3.781171e-18
6673.227922 3.551587e-18
6675.533737 2.835563e-18
6677.840030 3.140555e-18
6680.145996 3.865204e-18
6682.453568 3.360220e-18
6684.760676 3.700376e-18
6687.067800 2.853140e-18
6689.375184 3.275356e-18
6691.683097 3.522866e-18
6693.991022 3.269487e-18
6696.299603 2.928546e-18
6698.608591 3.320905e-18
6700.917598 3.320854e-18
6703.225998 3.657197e-18
6705.535998 3.128501e-18
6707.845883 2.616374e-18
6710.155485 3.441668e-18
6712.465047 3.160573e-18
6714.776058 2.637441e-18
6717.086961 3.312810e-18
6719.398413 3.595675e-18
6721.709427 3.012045e-18
6724.020320 2.957494e-18
6726.332727 2.981241e-18
6728.643863 3.154883e-18
6730.956668 3.603331e-18
6733.270013 3.679375e-18
6735.582582 3.699540e-18
6737.895272 2.706629e-18
6740.208455 3.717236e-18
6742.522559 2.942077e-18
6744.836343 2.885413e-18
6747.150029 2.823385e-18
6749.464737 2.776044e-18
6751.779160 3.426829e-18
6754.094600 3.407658e-18
6756.409637 2.756734e-18
6758.727516 3.473171e-18
6761.040582 3.351188e-18
6763.356498 2.919180e-18
6765.673033 3.079362e-18
6767.988259 3.749641e-18
6770.306359 3.118954e-18
6772.622376 3.145834e-18
6774.940346 3.491742e-18
6777.257781 2.314646e-18
6779.574829 3.445347e-18
6781.893335 3.234825e-18
6784.212057 2.998655e-18
6786.529500 2.412726e-18
6788.848532 3.189236e-18
6791.167951 3.493985e-18
6793.486644 2.723637e-18
6795.807066 3.268495e-18
6798.126492 3.258434e-18
6800.446182 3.642654e-18
6802.766468 3.810134e-18
6805.087346 2.839700e-18
6807.407432 2.869503e-18
6809.729007 3.088799e-18
6812.050019 2.506590e-18
6814.371334 3.412977e-18
6816.693634 3.273396e-18
6819.015665 2.540495e-18
6821.337395 2.607392e-18
6823.660582 3.247455e-18
6825.983210 3.225030e-18
6828.305770 2.688458e-18
6830.629454 2.688559e-18
6832.952922 2.858400e-18
6835.277025 3.360628e-18
6837.600421 2.946063e-18
6839.925153 3.008052e-18
6842.249328 3.765508e-18
6844.575985 3.167007e-18
6846.899470 3.270598e-18
6849.224388 3.232794e-18
6851.549889 3.687228e-18
6853.875615 3.416168e-18
6856.201915 2.944015e-18
6858.528206 3.237402e-18
6860.854606 2.796958e-18
6863.181245 2.571310e-18
6865.508661 3.035108e-18
6867.835733 2.497518e-18
6870.163667 2.662988e-18
6872.490710 2.687771e-18
6874.819282 2.917452e-18
6877.146898 2.669986e-18
6879.475582 3.234110e-18
6881.804216 3.366624e-18
6884.132910 3.072315e-18
6886.463085 2.557570e-18
6888.792299 3.152937e-18
6891.120564 3.058676e-18
6893.451491 3.126658e-18
6895.781029 2.866078e-18
6898.111273 2.456439e-18
6900.443034 3.322066e-18
6902.773629 2.784697e-18
6905.105117 2.723492e-18
6907.435745 3.001844e-18
6909.768101 2.892152e-18
6912.099958 2.425231e-18
6914.431544 2.955552e-18
6916.764423 2.135376e-18
6919.096625 1.923007e-18
6921.430042 3.156777e-18
6923.763237 2.182899e-18
6926.096168 2.904326e-18
6928.429748 2.420915e-18
6930.763491 2.631070e-18
6933.097876 2.236301e-18
6935.431553 3.492799e-18
6937.766728 2.686898e-18
6940.100709 2.437623e-18
6942.436876 2.869732e-18
6944.770888 3.212581e-18
6947.106836 3.503569e-18
6949.443096 3.181364e-18
6951.778381 2.382530e-18
6954.115316 3.186422e-18
6956.451066 2.804402e-18
6958.788131 3.105409e-18
6961.122843 3.239767e-18
6963.463160 3.072008e-18
6965.798484 2.827827e-18
6968.136954 2.633368e-18
6970.475455 3.243823e-18
6972.812631 2.915998e-18
6975.150902 3.017380e-18
6977.490150 2.769288e-18
6979.827959 3.377618e-18
6982.167914 3.110540e-18
6984.507204 3.169313e-18
6986.846961 2.836648e-18
6989.185605 2.736835e-18
6991.525834 3.360440e-18
6993.866208 2.766003e-18
6996.206554 2.427998e-18
6998.547158 2.999867e-18
7000.892790 3.175779e-18
7003.268230 4.089228e-18
7005.613330 3.980281e-18
7007.953982 1.202744e-18
7010.283576 2.821568e-18
7012.596622 3.219464e-18
7014.938124 2.396611e-18
7017.281175 2.978485e-18
7019.623709 2.893115e-18
7021.965933 2.941873e-18
7024.310104 3.148091e-18
7026.653185 3.007127e-18
7028.997082 2.875074e-18
7031.340854 2.462018e-18
7033.684812 2.962511e-18
7036.028903 2.826033e-18
7038.373450 2.844237e-18
7040.719071 2.925159e-18
7043.062586 2.050246e-18
7045.408816 2.752752e-18
7047.754531 2.300941e-18
7050.100432 2.627166e-18
7052.446407 3.134715e-18
7054.791900 2.676680e-18
7057.139046 2.981030e-18
7059.485224 2.426887e-18
7061.833118 2.823780e-18
7064.179540 2.211055e-18
7066.526663 2.030862e-18
7068.874710 1.807453e-18
7071.222446 2.255505e-18
7073.570162 2.380652e-18
7075.918696 1.628549e-18
7078.266859 1.949612e-18
7080.615708 1.735672e-18
7082.964506 1.892918e-18
7085.313630 1.714773e-18
7087.662936 1.776387e-18
7090.013252 1.766929e-18
7092.362878 1.295800e-18
7094.712323 1.052554e-18
7097.061696 1.505777e-18
7099.413329 1.452020e-18
7101.764347 1.657124e-18
7104.114412 1.163349e-18
7106.465771 1.445585e-18
7108.817603 1.382388e-18
7111.169154 1.763690e-18
7113.520761 1.161636e-18
7115.872962 5.902340e-19
7118.225329 1.171252e-18
7120.577873 8.648095e-19
7122.930183 9.304960e-19
7125.283587 9.472392e-19
7127.636969 7.862411e-19
7129.989453 9.278628e-19
7132.343915 5.706816e-19
7134.697224 6.818628e-19
7137.051372 6.555742e-19
7139.405843 1.127161e-18
7141.760084 9.311483e-19
7144.114927 5.853559e-19
7146.469404 1.014909e-18
7148.825206 7.168698e-19
7151.179361 5.426928e-19
7153.536433 9.622938e-19
7155.891548 8.767251e-19
7158.246902 4.349818e-19
7160.604334 9.720037e-19
7162.960491 5.791202e-19
7165.316583 1.039778e-18
7167.675866 9.355995e-19
7170.030322 6.827234e-19
7172.387746 1.093490e-18
7174.746830 8.837959e-19
7177.103490 1.156597e-18
7179.461134 1.019198e-18
7181.819697 8.864588e-19
7184.178194 1.100267e-18
7186.536638 9.227166e-19
7188.895027 1.013942e-18
7191.253986 1.071311e-18
7193.614133 7.826533e-19
7195.972510 1.127781e-18
7198.333470 1.232561e-18
7200.692347 1.095840e-18
7203.053309 1.461441e-18
7205.413135 1.446401e-18
7207.773458 1.394382e-18
7210.134924 1.404904e-18
7212.494980 1.772672e-18
7214.856546 1.801803e-18
7217.218328 2.064633e-18
7219.580117 2.035470e-18
7221.940998 2.287414e-18
7224.303527 2.131445e-18
7226.665586 1.806506e-18
7229.028071 2.253819e-18
7231.391244 2.358285e-18
7233.753675 2.398565e-18
7236.116556 2.554468e-18
7238.480024 2.467845e-18
7240.843663 2.489035e-18
7243.207571 2.444221e-18
7245.571506 3.224621e-18
7247.935751 2.853707e-18
7250.300071 3.075060e-18
7252.664959 3.380223e-18
7255.029554 2.756056e-18
7257.394268 3.783867e-18
7259.761107 3.518123e-18
7262.125307 3.745195e-18
7264.490765 3.677472e-18
7266.855258 3.751001e-18
7269.222161 3.920856e-18
7271.587615 3.694762e-18
7273.955538 4.676056e-18
7276.321848 4.204340e-18
7278.688699 4.828614e-18
7281.055934 5.660352e-18
7283.423259 4.972768e-18
7285.790125 6.165077e-18
7288.157833 5.311515e-18
7290.526388 5.212677e-18
7292.893880 5.532694e-18
7295.262351 5.864928e-18
7297.630431 5.835219e-18
7299.999718 6.018826e-18
7302.368785 5.258766e-18
7304.737787 5.708620e-18
7307.107075 5.972009e-18
7309.477519 6.270741e-18
7311.846161 5.755683e-18
7314.216614 6.297525e-18
7316.586518 5.989884e-18
7318.957482 6.460346e-18
7321.328073 6.740784e-18
7323.698467 6.498078e-18
7326.068949 6.723292e-18
7328.440773 6.023500e-18
7330.812009 6.453701e-18
7333.184588 6.874270e-18
7335.555085 6.326370e-18
7337.927081 6.401063e-18
7340.299575 5.429353e-18
7342.672179 6.245872e-18
7345.045762 7.155627e-18
7347.418512 6.346811e-18
7349.790305 6.199195e-18
7352.163763 6.640711e-18
7354.537208 6.065572e-18
7356.910635 5.842005e-18
7359.285041 6.215970e-18
7361.658553 6.117507e-18
7364.032826 6.236958e-18
7366.407666 6.122481e-18
7368.782043 5.073359e-18
7371.157069 6.401040e-18
7373.532374 5.999850e-18
7375.907053 5.919987e-18
7378.282769 6.034384e-18
7380.658328 5.759999e-18
7383.033411 5.508426e-18
7385.410280 5.400467e-18
7387.786289 5.523813e-18
7390.163297 4.879563e-18
7392.539400 5.608128e-18
7394.916197 4.610226e-18
7397.293598 4.825253e-18
7399.670158 5.307894e-18
7402.048367 4.916165e-18
7404.425679 4.737467e-18
7406.804170 5.439174e-18
7409.181100 4.891861e-18
7411.560259 4.553119e-18
7413.937862 5.137113e-18
7416.316620 4.944172e-18
7418.695990 4.685118e-18
7421.074340 4.156289e-18
7423.453545 4.619710e-18
7425.832699 4.043344e-18
7428.212946 4.463903e-18
7430.593192 4.586265e-18
7432.971851 3.869123e-18
7435.352843 4.066156e-18
7437.733160 4.450507e-18
7440.113697 3.846785e-18
7442.494570 4.064862e-18
7444.875674 4.037955e-18
7447.256181 3.613385e-18
7449.637923 3.638020e-18
7452.019150 3.477626e-18
7454.401040 4.096618e-18
7456.782872 3.770280e-18
7459.165391 3.769492e-18
7461.548339 3.833635e-18
7463.929735 3.544068e-18
7466.312539 3.607656e-18
7468.695624 3.609137e-18
7471.078529 3.916092e-18
7473.462684 3.491876e-18
7475.845297 3.294398e-18
7478.229697 3.506867e-18
7480.612828 3.304028e-18
7482.996852 3.182436e-18
7485.381551 3.677062e-18
7487.766488 3.685600e-18
7490.151361 3.330975e-18
7492.534903 2.800715e-18
7494.920456 3.095929e-18
7497.304811 2.952723e-18
7499.691221 2.852771e-18
7502.076468 2.905925e-18
7504.461948 2.991346e-18
7506.848760 3.225333e-18
7509.234126 2.968439e-18
7511.620215 2.901330e-18
7514.007176 2.613700e-18
7516.394664 3.091778e-18
7518.781231 2.887294e-18
7521.168104 2.747323e-18
7523.577645 2.945404e-18
7525.965436 2.764035e-18
7528.352791 2.262938e-18
7530.740857 3.228511e-18
7533.129130 2.491003e-18
7535.516574 2.702283e-18
7537.905695 3.012167e-18
7540.271345 2.785455e-18
7542.660429 2.714430e-18
7545.049587 2.565440e-18
7547.437699 2.590404e-18
7549.826154 2.374344e-18
7552.218175 2.639605e-18
7554.607511 2.255295e-18
7556.997095 2.274230e-18
7559.386923 2.255325e-18
7561.777603 2.419226e-18
7564.167667 2.599380e-18
7566.558912 2.443338e-18
7568.949348 2.428958e-18
7571.340598 2.109906e-18
7573.732053 2.442928e-18
7576.123414 1.734855e-18
7578.514531 2.425803e-18
7580.907320 2.468960e-18
7583.298062 2.252353e-18
7585.690309 2.622091e-18
7588.083784 2.044732e-18
7590.475620 2.167922e-18
7592.861750 2.014703e-18
7595.261623 1.740186e-18
7597.653506 5.656898e-19
7600.047482 6.331582e-19
7602.440881 9.376612e-19
7604.834016 6.424380e-19
7607.228229 8.739095e-19
7609.622505 5.001578e-19
7612.016245 1.063942e-18
7614.410765 9.838493e-19
7616.804493 1.568847e-18
7619.199732 1.955519e-18
7621.595170 1.830128e-18
7623.989500 1.511200e-18
7626.385087 1.392870e-18
7628.781493 9.862379e-19
7631.176108 1.557439e-18
7633.571362 1.292271e-18
7635.968364 1.316892e-18
7638.363878 1.388843e-18
7640.760801 1.619996e-18
7643.156293 1.211024e-18
7645.553892 2.039927e-18
7647.950304 2.023823e-18
7650.347126 1.809771e-18
7652.744977 2.106183e-18
7655.142648 2.242931e-18
7657.539619 2.097392e-18
7659.937080 2.612038e-18
7662.335556 2.615486e-18
7664.733504 2.660953e-18
7667.132227 2.537574e-18
7669.530567 2.194683e-18
7671.928562 2.296268e-18
7674.328296 2.425735e-18
7676.726914 1.941657e-18
7679.126080 2.158065e-18
7681.525148 2.580922e-18
7683.925506 2.806578e-18
7686.324408 2.698628e-18
7688.724682 2.297913e-18
7691.124809 2.781903e-18
7693.524705 2.363921e-18
7695.926004 3.111088e-18
7698.325817 3.048651e-18
7700.726956 2.578245e-18
7703.127931 2.208135e-18
7705.529187 2.611962e-18
7707.929543 2.615975e-18
7710.331633 2.607614e-18
7712.733222 2.263655e-18
7715.135308 1.962455e-18
7717.537674 3.084386e-18
7719.939609 2.346959e-18
7722.342395 1.184373e-18
7724.744831 2.559623e-18
7727.146983 2.040346e-18
7729.550261 2.139067e-18
7731.953731 2.271857e-18
7734.356477 1.816646e-18
7736.759678 2.116372e-18
7739.163547 2.049013e-18
7741.568657 1.417597e-18
7743.970371 1.669656e-18
7746.374675 1.782650e-18
7748.779711 1.188115e-18
7751.184142 1.469896e-18
7753.588850 8.159014e-19
7755.994009 1.510676e-18
7758.398506 1.559152e-18
7760.803886 1.051408e-18
7763.208618 1.173705e-18
7765.615249 1.371668e-18
7768.020022 1.089293e-18
7770.426059 9.077411e-19
7772.831718 8.765490e-19
7775.238398 1.135604e-18
7777.644811 1.134759e-18
7780.050712 9.763813e-19
7782.463944 1.102797e-18
7784.864571 9.409483e-19
7787.272939 4.996157e-19
7789.678527 1.800666e-19
7792.087689 8.340735e-20
