3636.447644 1.561345e-17
3637.881600 3.513493e-17
3639.332285 2.641013e-17
3640.779453 1.745378e-17
3642.231383 6.480268e-18
3643.683257 8.628107e-18
3645.135364 1.686096e-17
3646.588992 9.057533e-18
3648.040186 3.395908e-18
3649.496939 -1.475221e-17
3650.953682 -1.806109e-17
3652.410249 9.000272e-18
3653.868700 1.473824e-17
3655.329947 1.816346e-17
3656.789405 2.196764e-17
3658.244758 1.206184e-17
3659.710687 1.849953e-17
3661.170507 3.528087e-18
3662.635708 8.868705e-18
3664.098127 1.259856e-17
3665.558581 1.928410e-18
3667.029262 1.643256e-17
3668.496800 5.735752e-18
3669.962239 1.217165e-17
3671.432769 -5.757430e-18
3672.905628 1.566032e-17
3674.373904 2.321795e-17
3675.848442 2.167436e-17
3677.319945 1.986227e-17
3678.797541 1.531961e-17
3680.270457 9.917616e-18
3681.742128 1.536710e-17
3683.224030 -8.494751e-18
3684.698682 1.824185e-17
3686.172847 -1.647922e-18
3687.653254 7.168647e-18
3689.130920 8.632905e-18
3690.611920 2.320038e-17
3692.099297 2.181899e-17
3693.576403 1.042337e-17
3695.063881 3.975548e-17
3696.545501 8.721541e-18
3698.028390 1.560040e-17
3699.522791 2.018034e-18
3701.001247 7.763815e-18
3702.493205 3.366617e-17
3703.981319 7.547575e-18
3705.471117 -3.357294e-19
3706.961146 1.293015e-17
3708.453567 2.070460e-17
3709.948684 2.880197e-17
3711.440684 1.768882e-17
3712.937834 2.208771e-17
3714.430460 1.573256e-17
3715.928519 1.612416e-17
3717.421006 9.357220e-18
3718.920409 1.327629e-17
3720.416362 2.037936e-17
3721.923808 1.302315e-17
3723.419783 1.408954e-17
3724.922512 2.369643e-18
3726.423043 1.670643e-17
3727.929473 1.251459e-17
3729.428993 2.011238e-18
3730.940178 1.031918e-17
3732.440709 2.503314e-18
3733.951407 1.571713e-18
3735.458157 3.307476e-18
3736.970581 1.759981e-17
3738.477692 7.828508e-18
3739.987806 1.017271e-17
3741.501450 2.705387e-17
3743.011791 1.606096e-17
3744.523930 1.306745e-17
3746.039549 3.784745e-18
3747.556248 1.345200e-17
3749.070163 1.871657e-17
3750.588625 3.264056e-18
3752.102769 5.050834e-18
3753.624561 1.380277e-17
3755.143889 1.281152e-17
3756.667851 1.745630e-17
3758.183396 3.227656e-18
3759.706458 9.268485e-18
3761.227641 1.466053e-17
3762.756081 1.783300e-17
3764.276048 1.741861e-17
3765.804615 1.642999e-17
3767.329499 9.485114e-18
3768.860874 6.886385e-18
3770.387330 6.886470e-18
3771.914831 1.057381e-17
3773.446423 1.628113e-17
3774.977762 1.124946e-17
3776.510657 7.854889e-18
3778.040494 1.000175e-17
3779.578230 2.131029e-17
3781.112201 1.690921e-17
3782.644251 7.441216e-18
3784.180012 1.171836e-17
3785.718753 1.391712e-17
3787.251924 1.447426e-17
3788.795659 2.458081e-18
3790.331537 1.930437e-17
3791.876809 1.335666e-17
3793.417567 1.711643e-17
3794.960889 1.184574e-17
3796.503438 6.671428e-18
3798.048755 1.821150e-17
3799.597054 1.921335e-17
3801.138675 1.501407e-17
3802.685612 1.523028e-17
3804.232225 1.988115e-17
3805.780667 1.642077e-17
3807.333052 2.431567e-17
3808.881630 1.237347e-18
3810.436158 1.511971e-17
3811.983925 2.112218e-17
3813.535658 6.312131e-18
3815.091246 1.733420e-17
3816.642510 6.785031e-18
3818.199662 1.722890e-17
3819.753749 1.642673e-17
3821.315234 1.226704e-17
3822.870712 1.067738e-17
3824.431122 1.322594e-17
3825.995235 1.721883e-17
3827.551803 5.704607e-18
3829.111655 9.025773e-18
3830.675584 1.338560e-17
3832.241221 1.603287e-17
3833.802933 1.723192e-17
3835.370610 1.244236e-17
3836.931699 1.369697e-17
3838.502102 1.618734e-17
3840.066718 1.555931e-17
3841.637765 1.748430e-17
3843.206878 1.958126e-17
3844.777129 2.259735e-17
3846.345505 9.981436e-18
3847.920491 8.652615e-18
3849.490003 1.050712e-17
3851.063130 1.791646e-17
3852.638520 7.674754e-18
3854.213884 4.868015e-18
3855.792995 2.111245e-17
3857.366142 1.006340e-17
3858.948731 2.313461e-17
3860.522750 1.317771e-17
3862.103796 2.111492e-17
3863.682875 1.341521e-17
3865.275516 1.540144e-17
3866.843696 1.004842e-17
3868.429666 1.350177e-17
3870.015876 1.767080e-17
3871.600086 1.535282e-17
3873.183352 1.395484e-17
3874.768757 1.737837e-17
3876.355220 1.461756e-17
3877.943669 1.439048e-17
3879.535016 1.251617e-17
3881.115754 1.043361e-17
3882.713646 1.765125e-17
3884.299114 1.555003e-17
3885.895635 1.870903e-17
3887.493545 1.882426e-17
3889.087034 1.821020e-17
3890.677877 1.392573e-17
3892.273124 1.527994e-17
3893.871700 2.053671e-17
3895.466930 1.401257e-17
3897.064412 1.619665e-17
3898.665838 1.600052e-17
3900.262493 1.113834e-17
3901.862642 2.597904e-17
3903.458670 2.021383e-17
3905.066376 1.272932e-17
3906.671354 1.697587e-17
3908.275714 1.364457e-17
3909.881123 2.138243e-17
3911.481140 9.765330e-18
3913.092170 1.541430e-17
3914.698595 1.656677e-17
3916.309333 1.391384e-17
3917.914263 1.362346e-17
3919.527293 2.152156e-17
3921.132376 1.202596e-17
3922.749082 1.889268e-17
3924.357621 2.108736e-17
3925.973283 1.540468e-17
3927.589210 2.590836e-17
3929.200186 1.667912e-17
3930.819383 1.563263e-17
3932.432199 1.735206e-17
3934.048595 2.114663e-17
3935.669164 1.635668e-17
3937.288403 1.630648e-17
3938.907561 1.770060e-17
3940.526461 1.857692e-17
3942.148765 2.153925e-17
3943.769521 1.775483e-17
3945.391665 1.941727e-17
3947.019347 1.814804e-17
3948.642585 2.212089e-17
3950.265579 1.833111e-17
3951.895647 2.299083e-17
3953.521810 1.885210e-17
3955.149743 1.991256e-17
3956.781631 1.388027e-17
3958.406644 1.423694e-17
3960.039241 1.636324e-17
3961.666026 1.790021e-17
3963.304636 2.290753e-17
3964.933110 1.643418e-17
3966.564513 1.971886e-17
3968.199780 2.082515e-17
3969.833599 1.544368e-17
3971.471509 1.559150e-17
3973.109971 1.987812e-17
3974.747418 2.190103e-17
3976.382509 1.897065e-17
3978.021331 2.029792e-17
3979.662043 1.625932e-17
3981.302864 2.201143e-17
3982.946442 1.832015e-17
3984.590824 1.928439e-17
3986.231200 1.574037e-17
3987.879300 1.425243e-17
3989.521642 2.048800e-17
3991.167284 1.715589e-17
3992.814479 2.111782e-17
3994.458724 1.630251e-17
3996.109173 1.708791e-17
3997.763636 1.997607e-17
3999.407498 2.077477e-17
4001.056004 1.794719e-17
4002.708276 2.227207e-17
4004.358846 1.659087e-17
4006.013916 1.812791e-17
4007.667345 1.515747e-17
4009.322116 1.937926e-17
4010.974566 2.155700e-17
4012.633461 1.637702e-17
4014.287424 1.324275e-17
4015.950145 1.664568e-17
4017.609447 1.832738e-17
4019.264052 2.087739e-17
4020.924866 2.095059e-17
4022.589087 1.954426e-17
4024.250775 1.655755e-17
4025.913148 1.105175e-17
4027.573938 2.048552e-17
4029.245082 1.964153e-17
4030.904096 1.719915e-17
4032.569793 2.295733e-17
4034.241135 1.899090e-17
4035.901723 1.741897e-17
4037.584630 9.427923e-18
4039.243437 2.160239e-17
4040.910190 1.980114e-17
4042.579653 1.939664e-17
4044.253001 1.797133e-17
4045.922356 1.560507e-17
4047.600413 2.028805e-17
4049.273505 1.745243e-17
4050.944351 2.045513e-17
4052.618086 2.030772e-17
4054.301898 2.350218e-17
4055.982238 1.950932e-17
4057.650186 1.754570e-17
4059.329211 1.490283e-17
4061.007998 1.909794e-17
4062.695579 1.623009e-17
4064.368597 1.779583e-17
4066.050978 2.247591e-17
4067.730344 1.930281e-17
4069.415516 1.719247e-17
4071.096997 1.506426e-17
4072.781013 1.811926e-17
4074.468502 1.591117e-17
4076.155330 1.824669e-17
4077.840242 1.675654e-17
4079.528716 2.177381e-17
4081.218677 1.651913e-17
4082.915170 2.193872e-17
4084.592327 1.719756e-17
4086.287260 1.287006e-17
4087.979862 1.927552e-17
4089.671305 1.929171e-17
4091.363565 1.780725e-17
4093.058749 2.105855e-17
4094.761368 2.183128e-17
4096.449445 1.887681e-17
4098.145260 1.632245e-17
4099.842482 1.914738e-17
4101.539679 1.502280e-17
4103.238027 1.793608e-17
4104.947486 1.129794e-17
4106.635988 1.771527e-17
4108.337476 1.977191e-17
4110.041217 1.948278e-17
4111.742202 1.588258e-17
4113.445085 1.514374e-17
4115.149879 1.646802e-17
4116.864446 1.619337e-17
4118.561436 1.670382e-17
4120.244439 2.108768e-17
4121.972613 1.780908e-17
4123.678711 1.349936e-17
4125.386225 1.578071e-17
4127.099798 1.676857e-17
4128.820103 9.888077e-18
4130.516964 1.751879e-17
4132.230035 1.823048e-17
4133.942527 1.665394e-17
4135.655047 1.430638e-17
4137.372526 9.832161e-18
4139.081977 1.565679e-17
4140.802199 1.293464e-17
4142.513534 1.327458e-17
4144.228750 1.409439e-17
4145.951066 1.406987e-17
4147.667922 1.259948e-17
4149.385649 1.012118e-17
4151.105873 1.178717e-17
4152.829714 1.206706e-17
4154.546995 9.802814e-18
4156.268004 9.664205e-18
4157.992735 1.088516e-17
4159.720627 1.238254e-17
4161.441642 1.039454e-17
4163.166079 1.107861e-17
4164.893497 7.441348e-18
4166.618853 1.144087e-17
4168.346600 1.197787e-17
4170.074472 1.048322e-17
4171.803835 8.906548e-18
4173.532319 7.410112e-18
4175.263409 9.794552e-18
4176.994705 1.299016e-17
4178.733390 1.172600e-17
4180.460240 7.786071e-18
4182.191928 1.009062e-17
4183.927271 8.712775e-18
4185.665722 9.438353e-18
4187.395939 8.579712e-18
4189.133782 1.241871e-17
4190.868973 6.508337e-18
4192.609136 1.042930e-17
4194.348561 1.119206e-17
4196.088182 1.052087e-17
4197.825204 1.037760e-17
4199.568516 9.884674e-18
4201.308715 1.103409e-17
4203.051147 8.971830e-18
4204.795978 1.089778e-17
4206.537038 1.029413e-17
4208.283301 6.945931e-18
4210.028258 1.169110e-17
4211.776983 8.752734e-18
4213.520597 1.143702e-17
4215.267881 1.140562e-17
4217.016420 1.385013e-17
4218.765351 1.085060e-17
4220.517055 9.909386e-18
4222.266094 9.188299e-18
4224.017723 1.005653e-17
4225.768126 1.398572e-17
4227.519914 8.367294e-18
4229.269285 1.303670e-17
4231.032619 1.072537e-17
4232.783896 1.100406e-17
4234.540196 1.103368e-17
4236.292560 9.847133e-18
4238.051193 1.006334e-17
4239.812378 1.277597e-17
4241.567949 1.240939e-17
4243.329734 9.996384e-18
4245.089412 1.196408e-17
4246.848055 7.542748e-18
4248.610697 9.990640e-18
4250.371555 1.028096e-17
4252.135063 1.310029e-17
4253.900355 1.097212e-17
4255.662561 1.123532e-17
4257.428090 8.164044e-18
4259.195701 7.057005e-18
4260.959352 6.539694e-18
4262.725971 6.852787e-18
4264.494006 1.036029e-17
4266.264011 9.426794e-18
4268.033814 1.297090e-17
4269.806600 1.074832e-17
4271.574300 1.100427e-17
4273.347036 9.520631e-18
4275.119350 9.420105e-18
4276.893740 1.161263e-17
4278.663635 8.801427e-18
4280.437435 8.098967e-18
4282.214931 1.012189e-17
4283.988700 8.162737e-18
4285.769263 9.776316e-18
4287.544429 1.146983e-17
4289.322757 8.825555e-18
4291.100429 1.082627e-17
4292.879981 1.163565e-17
4294.661939 1.276709e-17
4296.439915 7.293922e-18
4298.224840 8.885222e-18
4300.005650 9.905203e-18
4301.786203 1.056854e-17
4303.575932 1.062898e-17
4305.356687 9.808179e-18
4307.141239 8.247900e-18
4308.929476 8.812053e-18
4310.713647 1.083488e-17
4312.500764 1.203265e-17
4314.289277 1.433957e-17
4316.075212 1.654548e-17
4317.865576 1.484290e-17
4319.652457 1.517922e-17
4321.447392 1.438714e-17
4323.242342 1.493635e-17
4325.025981 1.067637e-17
4326.821946 8.325662e-18
4328.617547 9.158784e-18
4330.411547 1.159613e-17
4332.209118 1.004494e-17
4334.002401 9.826318e-18
4335.795828 1.132450e-17
4337.597150 1.018103e-17
4339.393701 9.757669e-18
4341.191713 1.053044e-17
4342.993876 1.113469e-17
4344.793146 9.206921e-18
4346.591680 1.236013e-17
4348.393699 1.143280e-17
4350.195393 1.332661e-17
4352.002401 1.296047e-17
4353.797599 1.027803e-17
4355.607927 1.309580e-17
4357.404472 1.215112e-17
4359.216738 1.483069e-17
4361.031341 1.349176e-17
4362.827479 1.389154e-17
4364.636346 1.103857e-17
4366.453285 9.381057e-18
4368.255633 1.327905e-17
4370.063356 1.094973e-17
4371.875366 1.342105e-17
4373.686876 1.324067e-17
4375.496924 1.239546e-17
4377.309736 1.622675e-17
4379.125231 1.276522e-17
4380.936466 1.360363e-17
4382.752403 1.696257e-17
4384.564714 1.488548e-17
4386.383199 1.473114e-17
4388.190706 1.383491e-17
4390.030572 1.579884e-17
4391.836004 1.433278e-17
4393.652239 1.111420e-17
4395.470594 1.345054e-17
4397.293806 1.082783e-17
4399.112724 1.488732e-17
4400.935009 1.337991e-17
4402.756763 1.272635e-17
4404.573308 1.399237e-17
4406.403595 1.259903e-17
4408.228229 1.582442e-17
4410.050430 1.550553e-17
4411.877135 1.543402e-17
4413.711929 1.688013e-17
4415.530350 1.739179e-17
4417.382950 1.604931e-17
4419.177035 1.758401e-17
4421.021248 1.732826e-17
4422.836287 1.850235e-17
4424.684082 1.810938e-17
4426.507102 1.748186e-17
4428.347103 1.705516e-17
4430.169830 1.853300e-17
4431.997238 1.809830e-17
4433.834287 1.716375e-17
4435.676244 1.686505e-17
4437.503711 1.478964e-17
4439.332433 1.615505e-17
4441.170876 8.465671e-18
4443.012729 1.758741e-17
4444.854145 1.787133e-17
4446.688218 1.629441e-17
4448.530262 1.597583e-17
4450.369076 1.879026e-17
4452.204046 1.980691e-17
4454.056504 2.057961e-17
4455.892596 1.828807e-17
4457.741142 1.732606e-17
4459.579132 2.137049e-17
4461.420286 2.090277e-17
4463.259975 2.261035e-17
4465.111490 2.131303e-17
4466.950415 2.190445e-17
4468.797230 2.093163e-17
4470.650804 2.012913e-17
4472.483944 2.231837e-17
4474.352825 2.420998e-17
4476.198761 2.179055e-17
4478.037376 2.267387e-17
4479.890110 2.478465e-17
4481.747220 1.975381e-17
4483.586586 2.491656e-17
4485.449587 2.325671e-17
4487.296734 2.048310e-17
4489.157798 2.237479e-17
4491.005116 2.228366e-17
4492.867008 2.177048e-17
4494.716828 2.192997e-17
4496.575771 1.985801e-17
4498.436779 2.226196e-17
4500.287815 2.197661e-17
4502.185855 1.584338e-17
4504.012139 1.906096e-17
4505.862449 2.094341e-17
4507.738506 2.408876e-17
4509.583426 2.236349e-17
4511.449447 2.101634e-17
4513.314058 2.176698e-17
4515.189075 2.196495e-17
4517.042682 2.032718e-17
4518.897607 2.233556e-17
4520.761707 2.345643e-17
4522.627117 2.241407e-17
4524.493521 2.246467e-17
4526.373991 2.359877e-17
4528.239055 2.996688e-17
4530.075780 2.993037e-17
4531.958667 2.923566e-17
4533.839228 2.506134e-17
4535.723845 1.934877e-17
4537.581322 2.608583e-17
4539.454130 2.469770e-17
4541.317743 2.494269e-17
4543.195505 2.373219e-17
4545.065344 2.367600e-17
4546.959893 2.096973e-17
4548.815894 2.427259e-17
4550.675834 2.731829e-17
4552.585707 2.145331e-17
4554.451127 2.016553e-17
4556.317576 1.947406e-17
4558.213982 1.650581e-17
4560.079286 2.062770e-17
4561.958279 2.241915e-17
4563.830215 2.229185e-17
4565.731104 2.068741e-17
4567.609252 1.884806e-17
4569.500673 1.783222e-17
4571.364878 2.109808e-17
4573.244485 2.322057e-17
4575.129690 2.089941e-17
4577.020847 2.367869e-17
4578.914536 2.117272e-17
4580.775955 2.256195e-17
4582.708512 1.677785e-17
4584.569935 2.465167e-17
4586.439418 2.122476e-17
4588.324500 2.242256e-17
4590.202329 2.133505e-17
4592.107309 2.080514e-17
4593.984824 1.889358e-17
4595.919686 1.325695e-17
4597.780643 1.555490e-17
4599.673379 1.734959e-17
4601.572918 2.023533e-17
4603.456318 1.869458e-17
4605.343458 2.088460e-17
4607.253951 2.026069e-17
4609.134119 2.082157e-17
4611.029283 2.068568e-17
4612.932095 2.041937e-17
4614.834488 1.990853e-17
4616.720326 2.386857e-17
4618.628421 2.271984e-17
4620.517242 2.380244e-17
4622.421635 2.198815e-17
4624.321669 2.076514e-17
4626.223051 2.188355e-17
4628.127280 2.242369e-17
4630.038337 2.208341e-17
4631.926907 2.250354e-17
4633.817920 2.272778e-17
4635.733392 1.906438e-17
4637.623263 2.200055e-17
4639.555367 2.207742e-17
4641.438013 2.461834e-17
4643.356871 2.307966e-17
4645.268229 2.379246e-17
4647.186581 2.410091e-17
4649.071430 2.353623e-17
4651.004077 2.084825e-17
4652.891992 2.580133e-17
4654.804231 2.454981e-17
4656.722180 2.292469e-17
4658.646988 2.625304e-17
4660.534927 2.053029e-17
4662.456360 2.610804e-17
4664.386218 2.226596e-17
4666.284323 2.508056e-17
4668.190618 2.484045e-17
4670.098352 2.251355e-17
4672.034640 2.446287e-17
4673.934957 2.404797e-17
4675.863466 2.516815e-17
4677.789216 2.679474e-17
4679.661054 2.631747e-17
4681.615385 2.441017e-17
4683.539398 2.801511e-17
4685.468513 2.082736e-17
4687.378588 2.573115e-17
4689.322043 3.354244e-17
4691.252237 3.081623e-17
4693.177119 2.742365e-17
4695.113923 2.791373e-17
4697.004876 2.332920e-17
4698.920840 2.413417e-17
4700.824591 2.554915e-17
4702.751457 2.319051e-17
4704.695971 2.220389e-17
4706.587552 2.787734e-17
4708.532176 2.487351e-17
4710.465457 2.543231e-17
4712.393348 2.554658e-17
4714.329457 2.582886e-17
4716.239372 2.500502e-17
4718.147301 2.538882e-17
4720.122946 2.243962e-17
4722.052513 2.436575e-17
4723.965344 2.469885e-17
4725.895526 2.350432e-17
4727.836953 2.234578e-17
4729.772957 2.677399e-17
4731.719112 2.361467e-17
4733.617446 2.708499e-17
4735.587515 2.259304e-17
4737.502736 2.591498e-17
4739.461272 2.422239e-17
4741.406537 2.402907e-17
4743.339017 2.116888e-17
4745.260660 2.061639e-17
4747.206874 2.701467e-17
4749.136990 2.176642e-17
4751.070618 2.283676e-17
4753.020717 2.254248e-17
4754.975407 2.098304e-17
4756.889053 2.103527e-17
4758.839549 1.999604e-17
4760.790906 2.253480e-17
4762.730364 2.321585e-17
4764.669687 2.218106e-17
4766.631250 2.203095e-17
4768.565532 2.279846e-17
4770.517767 2.351463e-17
4772.463677 2.104009e-17
4774.398525 2.239469e-17
4776.358304 2.287203e-17
4778.306363 2.311226e-17
4780.245612 2.349013e-17
4782.236406 2.391269e-17
4784.146830 2.495379e-17
4786.097769 2.482952e-17
4788.061252 2.271717e-17
4790.008347 2.187305e-17
4791.951142 2.230423e-17
4793.923798 2.274322e-17
4795.867580 2.456429e-17
4797.807907 2.297574e-17
4799.772630 2.593737e-17
4801.734833 2.152766e-17
4803.690141 2.288904e-17
4805.626509 2.452002e-17
4807.610841 2.397150e-17
4809.567946 2.065449e-17
4811.522787 1.944934e-17
4813.477472 2.291839e-17
4815.447273 2.143559e-17
4817.393974 2.323735e-17
4819.364227 2.160301e-17
4821.311561 2.256914e-17
4823.277439 2.324018e-17
4825.251526 2.598061e-17
4827.202343 2.634096e-17
4829.167267 2.028745e-17
4831.139510 2.249332e-17
4833.104190 2.078538e-17
4835.062351 2.124486e-17
4837.011049 2.489682e-17
4838.994301 2.201598e-17
4840.962553 2.176481e-17
4842.929337 2.150100e-17
4844.888574 2.220811e-17
4846.859689 2.148439e-17
4848.835901 2.347253e-17
4850.798389 2.411425e-17
4852.775863 2.263265e-17
4854.755083 2.125557e-17
4856.723919 2.381981e-17
4858.678455 2.348718e-17
4860.672101 2.170779e-17
4862.655684 2.308393e-17
4864.592741 2.116324e-17
4866.588008 2.170505e-17
4868.559083 2.291413e-17
4870.530058 2.139935e-17
4872.510323 2.316540e-17
4874.499274 2.194647e-17
4876.458456 2.273789e-17
4878.442800 2.076929e-17
4880.434498 2.065955e-17
4882.395748 2.228800e-17
4884.388770 1.808508e-17
4886.361692 2.145549e-17
4888.336929 2.118540e-17
4890.350870 1.910644e-17
4892.323772 1.850419e-17
4894.291515 2.075375e-17
4896.274977 1.958372e-17
4898.240183 2.163906e-17
4900.246744 2.028411e-17
4902.224615 1.993459e-17
4904.236321 2.172185e-17
4906.192779 2.148313e-17
4908.179431 2.149559e-17
4910.184648 2.123055e-17
4912.161768 2.004125e-17
4914.139763 2.159012e-17
4916.139017 2.146457e-17
4918.105581 2.044585e-17
4920.108814 2.032263e-17
4922.112650 1.992334e-17
4924.081976 2.136909e-17
4926.079578 1.997017e-17
4928.073751 2.078448e-17
4930.065870 2.006791e-17
4932.052414 1.912565e-17
4934.066375 1.846961e-17
4936.070087 2.074369e-17
4938.041007 1.953265e-17
4940.059690 1.945874e-17
4942.034192 1.848382e-17
4944.028087 1.898564e-17
4946.028138 1.739157e-17
4948.016986 1.891440e-17
4950.015590 1.908527e-17
4952.020567 1.892198e-17
4954.026605 1.852977e-17
4956.010793 1.917209e-17
4958.014663 1.786570e-17
4960.015663 1.935423e-17
4962.013207 1.763064e-17
4964.025465 1.659571e-17
4966.019790 1.707004e-17
4968.028324 1.686666e-17
4970.025595 1.650761e-17
4972.025385 1.728831e-17
4974.035714 1.664208e-17
4976.042548 1.605600e-17
4978.066603 1.708624e-17
4980.057560 1.625025e-17
4982.060327 1.489433e-17
4984.074225 1.714145e-17
4986.092519 1.484697e-17
4988.084411 1.634566e-17
4990.100735 1.554066e-17
4992.102696 1.802589e-17
4994.112995 1.760597e-17
4996.125779 1.712941e-17
4998.128985 1.688776e-17
5000.150880 1.943614e-17
5002.171515 2.006106e-17
5004.189943 1.674838e-17
5006.183227 1.857458e-17
5008.199955 2.029321e-17
5010.190114 1.915598e-17
5012.233568 1.854768e-17
5014.243423 1.693490e-17
5016.240428 1.902342e-17
5018.273145 1.713590e-17
5020.290949 1.744376e-17
5022.314472 1.628838e-17
5024.324432 1.870416e-17
5026.360237 2.039907e-17
5028.363142 1.813180e-17
5030.383027 1.684068e-17
5032.406570 1.738069e-17
5034.428737 1.789422e-17
5036.454154 1.731687e-17
5038.467233 1.946763e-17
5040.480172 1.886369e-17
5042.513050 1.722109e-17
5044.532212 1.840893e-17
5046.569810 1.881792e-17
5048.566380 2.007925e-17
5050.607760 1.912910e-17
5052.632781 1.860645e-17
5054.661703 1.899554e-17
5056.702880 1.950238e-17
5058.710368 1.912435e-17
5060.731063 2.097366e-17
5062.769452 1.805213e-17
5064.822657 1.984657e-17
5066.828684 1.942751e-17
5068.868075 2.007767e-17
5070.885590 1.710989e-17
5072.915723 1.936596e-17
5074.964044 1.662439e-17
5076.981900 1.789339e-17
5078.995509 1.851862e-17
5081.051341 1.837910e-17
5083.076551 1.639702e-17
5085.105857 1.965194e-17
5087.147206 1.971173e-17
5089.182074 1.989727e-17
5091.209686 1.978206e-17
5093.239084 2.052191e-17
5095.300519 1.891448e-17
5097.321794 1.989143e-17
5099.356570 1.975609e-17
5101.400990 2.029064e-17
5103.428842 2.065811e-17
5105.493926 1.978721e-17
5107.523533 2.047014e-17
5109.554176 2.155877e-17
5111.596668 2.001516e-17
5113.645681 2.045699e-17
5115.662841 2.290560e-17
5117.726583 1.855242e-17
5119.748350 2.209831e-17
5121.808075 2.040156e-17
5123.859113 2.041839e-17
5125.893639 2.112214e-17
5127.933917 2.136118e-17
5129.979262 2.055658e-17
5132.042252 2.224974e-17
5134.073225 2.213900e-17
5136.111410 2.137960e-17
5138.152246 2.728485e-17
5140.216785 1.950393e-17
5142.260708 2.159970e-17
5144.315112 2.185713e-17
5146.372392 2.286722e-17
5148.413767 1.927558e-17
5150.471618 2.359198e-17
5152.527404 2.157074e-17
5154.552804 2.226207e-17
5156.632506 1.950627e-17
5158.651062 2.040521e-17
5160.712409 2.237578e-17
5162.765874 2.045795e-17
5164.843111 2.181222e-17
5166.867296 2.121349e-17
5168.943606 1.987715e-17
5171.011433 2.335269e-17
5173.053645 2.344756e-17
5175.094709 2.110357e-17
5177.166565 2.200675e-17
5179.224976 2.235091e-17
5181.270092 2.297962e-17
5183.326947 2.259645e-17
5185.401697 2.119326e-17
5187.477700 2.393725e-17
5189.508625 2.328008e-17
5191.583557 2.140282e-17
5193.644071 2.235857e-17
5195.685565 2.231494e-17
5197.745427 2.240840e-17
5199.814576 2.074912e-17
5201.875940 2.218726e-17
5203.940715 2.055862e-17
5206.007008 2.095785e-17
5208.079961 2.172501e-17
5210.138865 2.227338e-17
5212.189574 2.155681e-17
5214.277530 2.177088e-17
5216.327941 2.297066e-17
5218.398690 2.020717e-17
5220.473885 2.295984e-17
5222.520879 2.239094e-17
5224.601860 2.250747e-17
5226.679119 2.182608e-17
5228.735139 2.204707e-17
5230.811906 2.395408e-17
5232.888806 2.383173e-17
5234.953468 2.060293e-17
5237.012271 2.192294e-17
5239.101217 2.317867e-17
5241.152247 2.141598e-17
5243.238858 2.008320e-17
5245.321972 2.045474e-17
5247.388783 2.118394e-17
5249.459680 1.915625e-17
5251.534246 1.998340e-17
5253.608555 2.035112e-17
5255.689799 2.305690e-17
5257.771276 2.135039e-17
5259.838961 2.372980e-17
5261.907854 2.209163e-17
5264.000057 2.207637e-17
5266.093639 2.204606e-17
5268.142223 1.974039e-17
5270.220183 2.033712e-17
5272.311859 1.986475e-17
5274.410048 2.125231e-17
5276.459839 2.097656e-17
5278.552894 2.224452e-17
5280.620897 2.055773e-17
5282.724379 2.519672e-17
5284.816621 2.047254e-17
5286.869833 2.318682e-17
5288.956972 2.130521e-17
5291.033874 2.416079e-17
5293.117218 2.052490e-17
5295.208712 2.098261e-17
5297.297909 2.091463e-17
5299.374710 2.133374e-17
5301.459728 2.225143e-17
5303.555457 2.098427e-17
5305.632327 1.974189e-17
5307.724620 2.159440e-17
5309.814511 2.119705e-17
5311.902412 1.964490e-17
5313.981979 2.095244e-17
5316.077646 2.088382e-17
5318.177866 2.103445e-17
5320.267041 2.125237e-17
5322.352881 1.963072e-17
5324.437281 2.112046e-17
5326.532974 2.088581e-17
5328.638405 2.021992e-17
5330.724682 2.199996e-17
5332.821378 1.928874e-17
5334.900846 1.886070e-17
5336.999348 1.947854e-17
5339.082243 2.206298e-17
5341.177636 1.768691e-17
5343.280546 1.988092e-17
5345.388280 1.804826e-17
5347.478050 2.019748e-17
5349.573366 1.861999e-17
5351.669772 1.818261e-17
5353.787512 1.994036e-17
5355.863602 2.249870e-17
5357.964590 1.905110e-17
5360.064104 2.081591e-17
5362.177575 1.952908e-17
5364.254470 1.967176e-17
5366.365701 2.019947e-17
5368.475327 1.903567e-17
5370.552961 1.978714e-17
5372.672967 1.741966e-17
5374.777603 1.918460e-17
5376.874618 1.935638e-17
5378.966700 1.928561e-17
5381.082340 1.843279e-17
5383.177954 1.794773e-17
5385.290423 1.687864e-17
5387.393000 1.824162e-17
5389.501262 1.969805e-17
5391.607820 1.937198e-17
5393.708563 1.861287e-17
5395.817175 1.953379e-17
5397.926299 1.983882e-17
5400.040785 1.852638e-17
5402.153139 1.956627e-17
5404.264435 1.877560e-17
5406.363244 1.739855e-17
5408.479084 1.711363e-17
5410.578551 1.860041e-17
5412.699534 1.737037e-17
5414.798576 1.932150e-17
5416.912554 1.751163e-17
5419.030404 1.786648e-17
5421.147099 1.886276e-17
5423.269733 1.786959e-17
5425.366525 1.792084e-17
5427.472753 1.841356e-17
5429.588948 1.753615e-17
5431.709622 1.662448e-17
5433.824585 1.742338e-17
5435.941485 1.695652e-17
5438.057151 1.837025e-17
5440.190933 2.120530e-17
5442.306837 1.754134e-17
5444.407081 1.690026e-17
5446.533425 1.702710e-17
5448.661745 1.824354e-17
5450.766873 1.842931e-17
5452.881036 1.598594e-17
5454.995782 1.610101e-17
5457.122850 1.773912e-17
5459.250514 1.701165e-17
5461.360390 1.775030e-17
5463.485904 1.609338e-17
5465.621285 1.854977e-17
5467.739508 1.899638e-17
5469.846144 1.842846e-17
5471.991589 2.026282e-17
5474.099919 1.707927e-17
5476.221868 1.742754e-17
5478.351853 1.699229e-17
5480.466716 1.537771e-17
5482.591144 1.686787e-17
5484.729887 1.694565e-17
5486.853024 1.648249e-17
5488.974091 1.651180e-17
5491.103811 1.679852e-17
5493.230618 1.757019e-17
5495.357185 1.610803e-17
5497.481187 1.749270e-17
5499.607101 1.752598e-17
5501.751840 1.762971e-17
5503.882020 1.868422e-17
5506.022651 1.947789e-17
5508.132541 1.748787e-17
5510.271232 1.669144e-17
5512.397373 1.776135e-17
5514.536715 1.814949e-17
5516.658612 1.941527e-17
5518.809641 1.582135e-17
5520.932999 1.528189e-17
5523.056883 1.709008e-17
5525.201410 1.688334e-17
5527.331548 1.747590e-17
5529.496847 1.622454e-17
5531.602777 1.800604e-17
5533.741892 1.740208e-17
5535.881332 1.701424e-17
5538.007534 1.609957e-17
5540.164958 1.655932e-17
5542.294005 1.639010e-17
5544.425553 1.658785e-17
5546.559413 1.670032e-17
5548.694854 1.536251e-17
5550.852627 1.631318e-17
5552.992074 1.550468e-17
5555.122154 1.535265e-17
5557.266522 1.462703e-17
5559.413877 1.775154e-17
5561.551628 1.504087e-17
5563.682893 1.439848e-17
5565.829986 1.478055e-17
5567.976218 1.550937e-17
5570.110562 1.560094e-17
5572.262673 1.143332e-17
5574.407045 -1.537556e-18
5576.552726 1.097972e-17
5578.697800 6.317372e-18
5580.843377 4.559972e-18
5582.982978 1.949306e-19
5585.135072 1.399773e-17
5587.284305 1.519239e-17
5589.427627 1.351117e-17
5591.570994 1.333494e-17
5593.723768 1.434602e-17
5595.867621 1.350542e-17
5598.020055 1.359614e-17
5600.163430 1.430539e-17
5602.313487 1.390729e-17
5604.467682 1.479847e-17
5606.616176 1.380062e-17
5608.766550 1.468505e-17
5610.918381 1.336028e-17
5613.074083 1.492095e-17
5615.221680 1.341062e-17
5617.374033 1.349530e-17
5619.543012 1.642761e-17
5621.694087 1.589033e-17
5623.834751 1.481341e-17
5625.992709 1.443915e-17
5628.145190 1.461776e-17
5630.298900 1.390737e-17
5632.456397 1.390164e-17
5634.613247 1.511850e-17
5636.762670 1.399543e-17
5638.924412 1.267851e-17
5641.096597 1.443318e-17
5643.237718 1.405286e-17
5645.402462 1.372232e-17
5647.553763 1.394129e-17
5649.722736 1.377314e-17
5651.871727 1.369252e-17
5654.038181 1.503710e-17
5656.194473 1.440169e-17
5658.357849 1.474496e-17
5660.517268 1.406150e-17
5662.683280 1.526869e-17
5664.836797 1.525634e-17
5667.001362 1.525781e-17
5669.160868 1.538143e-17
5671.325785 1.436974e-17
5673.497477 1.655171e-17
5675.659146 1.790805e-17
5677.817916 1.515171e-17
5679.978602 1.613042e-17
5682.157780 1.583949e-17
5684.311472 1.496421e-17
5686.480665 1.557202e-17
5688.640840 1.493144e-17
5690.804065 1.486941e-17
5692.977734 1.537012e-17
5695.144731 1.545713e-17
5697.312163 1.437024e-17
5699.476198 1.479695e-17
5701.641061 1.490192e-17
5703.824355 1.519774e-17
5705.984509 1.550739e-17
5708.158570 1.594171e-17
5710.327427 1.467205e-17
5712.491633 1.674795e-17
5714.675412 1.444930e-17
5716.833721 1.479854e-17
5719.020149 1.489681e-17
5721.181644 1.480902e-17
5723.356725 1.594960e-17
5725.534967 1.463008e-17
5727.708713 1.658903e-17
5729.869695 1.655035e-17
5732.052278 1.561058e-17
5734.228190 1.701209e-17
5736.400401 1.605218e-17
5738.564740 1.501398e-17
5740.752085 1.669180e-17
5742.927770 1.506021e-17
5745.104241 1.741282e-17
5747.282632 1.660201e-17
5749.445695 1.592660e-17
5751.641594 1.772673e-17
5753.821082 1.486084e-17
5755.993292 1.531882e-17
5758.164848 1.697364e-17
5760.344909 1.671548e-17
5762.534805 1.528647e-17
5764.715230 1.649530e-17
5766.896761 1.500035e-17
5769.073571 1.361480e-17
5771.242789 1.571946e-17
5773.429119 1.424351e-17
5775.617921 1.582192e-17
5777.792360 1.677089e-17
5779.979297 1.685861e-17
5782.166097 1.415958e-17
5784.350256 1.700791e-17
5786.533156 1.463150e-17
5788.720038 1.425767e-17
5790.895686 1.494821e-17
5793.091343 1.577425e-17
5795.273645 1.640106e-17
5797.458759 1.744917e-17
5799.648641 1.976346e-17
5801.836572 1.899944e-17
5804.034201 2.620949e-17
5806.211311 1.589000e-17
5808.390985 1.530331e-17
5810.581830 1.574621e-17
5812.768949 1.742072e-17
5814.961959 1.647505e-17
5817.154200 1.515079e-17
5819.344198 1.502540e-17
5821.527555 1.616079e-17
5823.730399 1.684020e-17
5825.916259 1.640784e-17
5828.107574 1.651017e-17
5830.283976 1.611730e-17
5832.488174 1.567345e-17
5834.687923 1.759139e-17
5836.861553 1.855527e-17
5839.068356 1.615259e-17
5841.255315 1.656693e-17
5843.450253 1.536489e-17
5845.640695 1.767305e-17
5847.842506 1.731152e-17
5850.030719 1.688157e-17
5852.232194 1.608449e-17
5854.418369 1.727827e-17
5856.628237 1.787919e-17
5858.817972 1.812783e-17
5861.011343 1.809168e-17
5863.209845 1.520771e-17
5865.411031 1.694170e-17
5867.612596 1.585582e-17
5869.803547 1.747707e-17
5872.002648 1.901614e-17
5874.208863 1.686864e-17
5876.406860 1.725566e-17
5878.607957 1.784328e-17
5880.808929 1.610019e-17
5882.999671 1.548397e-17
5885.207826 1.331829e-17
5887.411970 1.381681e-17
5889.611572 1.842493e-17
5891.816262 1.406850e-17
5894.019241 1.376275e-17
5896.225361 1.479158e-17
5898.425676 1.550069e-17
5900.628971 1.519391e-17
5902.827085 1.526379e-17
5905.027132 1.666504e-17
5907.241522 1.551643e-17
5909.449471 1.597709e-17
5911.648779 1.634401e-17
5913.858855 1.771911e-17
5916.062498 1.574725e-17
5918.269478 1.675331e-17
5920.478168 1.574710e-17
5922.681100 1.529315e-17
5924.893409 1.580160e-17
5927.099711 1.681122e-17
5929.323807 1.816853e-17
5931.516071 1.406379e-17
5933.731739 1.465893e-17
5935.941727 1.621911e-17
5938.142685 1.591506e-17
5940.362457 1.647908e-17
5942.566666 1.589684e-17
5944.778963 1.472687e-17
5946.986468 1.547865e-17
5949.195505 1.477662e-17
5951.416521 1.558752e-17
5953.626254 1.529790e-17
5955.836632 1.615314e-17
5958.057180 1.491522e-17
5960.263090 1.585775e-17
5962.484354 1.508790e-17
5964.689680 1.744782e-17
5966.909109 1.400754e-17
5969.126137 1.473122e-17
5971.331403 1.669517e-17
5973.553547 1.532117e-17
5975.776068 1.591947e-17
5977.993028 1.852129e-17
5980.217252 1.638891e-17
5982.422544 1.534692e-17
5984.642423 1.806827e-17
5986.858686 1.515057e-17
5989.083895 1.437973e-17
5991.289275 1.666956e-17
5993.509250 1.500930e-17
5995.731277 1.459556e-17
5997.949163 1.539240e-17
6000.178404 1.587745e-17
6002.395742 1.692234e-17
6004.616941 1.470870e-17
6006.836156 1.471187e-17
6009.061668 1.462254e-17
6011.274951 1.656284e-17
6013.504682 1.472088e-17
6015.721490 1.461879e-17
6017.935507 1.648067e-17
6020.168760 1.612275e-17
6022.390773 1.483352e-17
6024.624150 1.710123e-17
6026.840128 1.573503e-17
6029.060716 1.524930e-17
6031.287539 1.476191e-17
6033.514574 1.423216e-17
6035.744172 1.467311e-17
6037.964750 1.490569e-17
6040.196032 1.293490e-17
6042.420170 1.451148e-17
6044.645453 1.596275e-17
6046.871218 1.544595e-17
6049.103400 1.418025e-17
6051.333449 1.488511e-17
6053.557115 1.381443e-17
6055.784817 1.314458e-17
6058.017732 1.409107e-17
6060.259286 1.468702e-17
6062.478801 1.240465e-17
6064.710475 1.458316e-17
6066.943184 1.516778e-17
6069.164560 1.421289e-17
6071.397354 1.482272e-17
6073.630430 1.609299e-17
6075.867284 1.491510e-17
6078.103828 1.597615e-17
6080.324298 1.325863e-17
6082.559886 1.432534e-17
6084.798336 1.484040e-17
6087.024538 1.432780e-17
6089.260145 1.429276e-17
6091.496947 1.382873e-17
6093.727626 1.320840e-17
6095.972732 1.531148e-17
6098.199540 1.341611e-17
6100.442755 1.443781e-17
6102.674719 1.555211e-17
6104.912240 1.468928e-17
6107.151016 1.276863e-17
6109.386274 1.343155e-17
6111.626686 1.363285e-17
6113.860757 1.452908e-17
6116.099989 1.438556e-17
6118.338533 1.264370e-17
6120.574404 1.484283e-17
6122.811996 1.407512e-17
6125.055998 1.307371e-17
6127.289077 1.462352e-17
6129.528368 1.696084e-17
6131.778772 1.487504e-17
6134.016000 1.278080e-17
6136.253262 1.375363e-17
6138.502047 1.378910e-17
6140.738293 1.460675e-17
6142.980274 1.362077e-17
6145.225691 1.403369e-17
6147.474224 1.663928e-17
6149.712499 1.763599e-17
6151.946585 1.523850e-17
6154.200924 1.447098e-17
6156.443025 1.589185e-17
6158.686205 1.493604e-17
6160.921485 1.473567e-17
6163.178084 1.452787e-17
6165.418292 1.348054e-17
6167.667422 1.451876e-17
6169.909551 1.383594e-17
6172.157326 1.573956e-17
6174.406154 1.264814e-17
6176.647965 1.465564e-17
6178.900759 1.413309e-17
6181.147142 1.334577e-17
6183.388992 1.396058e-17
6185.650455 1.431581e-17
6187.900060 1.423050e-17
6190.136158 1.400742e-17
6192.393920 1.685939e-17
6194.634250 1.532371e-17
6196.892492 1.522718e-17
6199.145805 1.626123e-17
6201.390088 1.484095e-17
6203.645410 1.353356e-17
6205.891821 1.675010e-17
6208.147407 1.249725e-17
6210.399214 1.365064e-17
6212.650074 1.249754e-17
6214.909718 1.589008e-17
6217.155865 1.514054e-17
6219.409286 1.339653e-17
6221.666881 1.268902e-17
6223.911648 1.307432e-17
6226.173710 1.325666e-17
6228.427267 1.330643e-17
6230.675145 1.380488e-17
6232.936384 1.263558e-17
6235.193890 1.261684e-17
6237.444402 1.371979e-17
6239.707479 1.184475e-17
6241.957965 1.261526e-17
6244.217075 1.201480e-17
6246.472472 1.329199e-17
6248.727108 1.373872e-17
6250.987612 1.187243e-17
6253.250186 1.218685e-17
6255.500779 1.267405e-17
6257.764820 1.117644e-17
6260.020866 1.115347e-17
6262.287913 1.112776e-17
6264.548940 1.256872e-17
6266.803223 1.206089e-17
6269.058182 1.200124e-17
6271.326434 1.400036e-17
6273.589841 1.219845e-17
6275.849300 1.157181e-17
6278.109920 1.197197e-17
6280.364295 9.997098e-18
6282.631578 1.078175e-17
6284.893437 1.162549e-17
6287.152220 1.254580e-17
6289.423196 1.175855e-17
6291.684292 1.300378e-17
6293.949087 1.119970e-17
6296.213463 9.779709e-18
6298.478350 1.220879e-17
6300.743150 1.453097e-17
6303.008168 8.283310e-18
6305.273723 8.463383e-18
6307.534433 1.116979e-17
6309.805152 1.206925e-17
6312.071648 1.208646e-17
6314.335288 1.260074e-17
6316.597946 1.194587e-17
6318.872655 1.203158e-17
6321.135986 1.274861e-17
6323.400715 1.530323e-17
6325.672972 1.153405e-17
6327.938788 1.381460e-17
6330.210326 1.271241e-17
6332.481662 1.260560e-17
6334.755057 1.328631e-17
6337.013472 1.249313e-17
6339.286964 1.222757e-17
6341.553821 1.146846e-17
6343.829522 1.307864e-17
6346.103089 1.259025e-17
6348.365573 1.234111e-17
6350.647784 1.329381e-17
6352.912521 1.380605e-17
6355.195685 1.384964e-17
6357.459294 1.183135e-17
6359.734009 1.350359e-17
6362.006959 1.260231e-17
6364.278464 1.220933e-17
6366.557030 8.164619e-18
6368.825765 1.310909e-17
6371.098789 1.250001e-17
6373.374357 1.291709e-17
6375.646891 1.413436e-17
6377.926364 1.336867e-17
6380.201030 1.206019e-17
6382.473276 1.266954e-17
6384.750501 1.255835e-17
6387.023506 1.392029e-17
6389.316286 1.395181e-17
6391.577435 1.392014e-17
6393.863732 1.385639e-17
6396.133687 1.232906e-17
6398.413448 1.352869e-17
6400.696814 1.455407e-17
6402.966752 1.311365e-17
6405.244681 1.403025e-17
6407.528617 1.210014e-17
6409.818232 1.377063e-17
6412.086918 1.305697e-17
6414.371414 1.314420e-17
6416.644768 1.473318e-17
6418.930618 1.520677e-17
6421.209004 1.398255e-17
6423.487684 1.366951e-17
6425.775409 1.509958e-17
6428.052405 1.554045e-17
6430.332650 1.528861e-17
6432.625172 1.579495e-17
6434.899205 1.362466e-17
6437.179602 1.390921e-17
6439.466922 1.402637e-17
6441.751048 1.387685e-17
6444.034278 1.389653e-17
6446.312183 1.171762e-17
6448.604779 1.401806e-17
6450.880583 1.090492e-17
6453.169194 1.372175e-17
6455.454006 1.423932e-17
6457.742349 1.284365e-17
6460.025319 1.339103e-17
6462.317699 2.124023e-17
6464.600213 1.224459e-17
6466.889512 1.400771e-17
6469.169326 1.485750e-17
6471.458987 1.202796e-17
6473.745529 1.309452e-17
6476.041319 1.314783e-17
6478.327829 1.288498e-17
6480.612353 1.289730e-17
6482.906996 1.288226e-17
6485.189639 1.270617e-17
6487.478461 1.285087e-17
6489.767632 1.302066e-17
6492.054992 1.168379e-17
6494.347839 1.216827e-17
6496.641781 1.418297e-17
6498.928485 1.181895e-17
6501.219702 1.325436e-17
6503.520466 1.331085e-17
6505.799722 1.336183e-17
6508.103890 1.387834e-17
6510.385466 1.215585e-17
6512.676551 1.237477e-17
6514.975774 1.282104e-17
6517.259914 1.252207e-17
6519.561008 1.234866e-17
6521.853466 1.287337e-17
6524.141476 1.380957e-17
6526.445572 1.436840e-17
6528.742007 1.440911e-17
6531.026838 1.242187e-17
6533.327937 1.549612e-17
6535.613566 1.189131e-17
6537.916321 1.199614e-17
6540.206402 1.420339e-17
6542.508470 1.223448e-17
6544.803074 1.122192e-17
6547.102646 1.442956e-17
6549.394269 1.281213e-17
6551.692695 1.425924e-17
6553.994865 1.163627e-17
6556.288004 1.236553e-17
6558.589996 1.215530e-17
6560.900579 1.298439e-17
6563.181447 1.211141e-17
6565.496179 1.623090e-17
6567.781160 1.275900e-17
6570.078706 1.254046e-17
6572.378987 1.149276e-17
6574.680284 1.242686e-17
6576.990249 1.377478e-17
6579.279540 1.233367e-17
6581.582625 1.218446e-17
6583.886086 1.168465e-17
6586.191288 1.281810e-17
6588.486991 1.148425e-17
6590.787293 1.228777e-17
6593.092375 1.298503e-17
6595.401305 1.386534e-17
6597.698322 1.493678e-17
6599.997718 1.074901e-17
6602.305542 1.293710e-17
6604.611255 1.251870e-17
6606.905734 1.273653e-17
6609.212539 1.110009e-17
6611.516773 1.105583e-17
6613.817377 1.172316e-17
6616.135439 1.426012e-17
6618.426679 1.111262e-17
6620.736019 1.094403e-17
6623.042552 1.097638e-17
6625.351581 1.049426e-17
6627.661355 1.273998e-17
6629.959562 1.148534e-17
6632.269191 1.148120e-17
6634.576596 1.088967e-17
6636.882603 1.016405e-17
6639.193015 1.093024e-17
6641.498093 1.085389e-17
6643.803560 1.166904e-17
6646.120110 1.424052e-17
6648.419163 1.210754e-17
6650.735005 1.219623e-17
6653.043129 1.045254e-17
6655.352007 1.118114e-17
6657.670952 1.344456e-17
6659.972875 1.100039e-17
6662.280723 1.155744e-17
6664.593491 1.148825e-17
6666.906100 1.094735e-17
6669.214352 1.016609e-17
6671.524344 1.089814e-17
6673.834009 1.120017e-17
6676.147979 1.112566e-17
6678.457462 1.237848e-17
6680.780278 1.416382e-17
6683.092162 1.247451e-17
6685.396874 1.219415e-17
6687.708919 1.112827e-17
6690.026244 1.100024e-17
6692.337526 1.045469e-17
6694.653059 1.447743e-17
6696.966260 1.204402e-17
6699.278555 1.095879e-17
6701.597183 1.073033e-17
6703.910659 1.077699e-17
6706.227029 1.265323e-17
6708.545178 1.264955e-17
6710.856741 1.198475e-17
6713.169655 1.077301e-17
6715.495674 1.339308e-17
6717.812839 1.310379e-17
6720.119531 1.164841e-17
6722.445892 1.181402e-17
6724.758331 1.434749e-17
6727.071696 1.119669e-17
6729.390455 1.130843e-17
6731.712782 1.250180e-17
6734.027265 1.279155e-17
6736.349764 1.224355e-17
6738.672995 1.367123e-17
6740.985908 1.342817e-17
6743.304547 1.307169e-17
6745.626594 1.260734e-17
6747.945824 1.104488e-17
6750.267071 1.241941e-17
6752.582095 1.206842e-17
6754.907783 1.097156e-17
6757.223818 1.251178e-17
6759.549226 1.149795e-17
6761.869440 1.479734e-17
6764.189754 1.422353e-17
6766.513014 1.167339e-17
6768.832861 1.321516e-17
6771.159850 1.103225e-17
6773.485915 1.297472e-17
6775.804459 1.288943e-17
6778.123558 1.170287e-17
6780.456021 1.501760e-17
6782.770904 1.154679e-17
6785.098641 1.078743e-17
6787.421209 1.144157e-17
6789.746379 1.005752e-17
6792.069188 1.186140e-17
6794.396472 1.169822e-17
6796.722912 1.177676e-17
6799.043547 1.057390e-17
6801.373917 1.075522e-17
6803.698358 1.209319e-17
6806.026197 1.529461e-17
6808.348921 1.211148e-17
6810.679141 1.264578e-17
6813.003967 1.395321e-17
6815.331630 1.188027e-17
6817.658169 1.361627e-17
6819.987887 1.078516e-17
6822.316810 1.074851e-17
6824.644613 1.117878e-17
6826.972696 1.187908e-17
6829.300565 1.108136e-17
6831.628881 1.103238e-17
6833.959711 1.218261e-17
6836.287266 1.150373e-17
6838.619635 1.072897e-17
6840.945735 1.183800e-17
6843.277502 1.185947e-17
6845.610826 1.146718e-17
6847.936779 1.117831e-17
6850.269433 1.057510e-17
6852.603180 1.330308e-17
6854.932320 1.205763e-17
6857.263100 1.284382e-17
6859.599145 1.291341e-17
6861.928797 1.062635e-17
6864.259977 1.007413e-17
6866.594682 1.040470e-17
6868.929379 8.979948e-18
6871.258438 7.792700e-18
6873.593844 8.317754e-18
6875.924226 9.255682e-18
6878.257419 9.556896e-18
6880.599392 1.159026e-17
6882.925775 1.040318e-17
6885.262003 1.049175e-17
6887.594954 9.420936e-18
6889.931274 1.059387e-17
6892.268897 9.573795e-18
6894.602519 9.234174e-18
6896.938262 9.182733e-18
6899.271889 9.942093e-18
6901.613013 9.538154e-18
6903.945140 1.031484e-17
6906.285099 1.010226e-17
6908.618698 1.051313e-17
6910.958130 9.470860e-18
6913.294775 9.671042e-18
6915.635910 9.645227e-18
6917.968148 9.696723e-18
6920.309893 9.000927e-18
6922.649269 9.918067e-18
6924.985300 9.966092e-18
6927.325981 9.956083e-18
6929.665093 9.999100e-18
6932.000839 1.011149e-17
6934.342231 8.432817e-18
6936.683471 9.431498e-18
6939.019613 9.888520e-18
6941.362415 9.321043e-18
6943.702879 9.095350e-18
6946.041629 9.196191e-18
6948.385111 9.462790e-18
6950.726448 9.099849e-18
6953.067131 9.241889e-18
6955.406181 9.343501e-18
6957.750754 9.601744e-18
6960.094004 8.708453e-18
6962.432751 8.225155e-18
6964.773203 9.007728e-18
6967.121209 1.107451e-17
6969.463081 9.469220e-18
6971.808962 9.666112e-18
6974.149154 8.644715e-18
6976.492906 8.293560e-18
6978.838581 9.370105e-18
6981.181816 8.566810e-18
6983.524139 1.035067e-17
6985.871281 8.818026e-18
6988.215559 8.246264e-18
6990.558515 8.782691e-18
6992.905941 8.983898e-18
6995.251103 7.645481e-18
6997.597525 7.521086e-18
6999.940934 8.891096e-18
7002.291256 9.301818e-18
7004.633867 8.801647e-18
7006.983069 8.081541e-18
7009.327354 8.077157e-18
7011.676202 7.933380e-18
7014.023991 9.519819e-18
7016.371827 8.799979e-18
7018.717778 7.289641e-18
7021.067630 9.400917e-18
7023.413365 8.665911e-18
7025.761919 6.838730e-18
7028.112532 7.479689e-18
7030.462257 8.269836e-18
7032.810917 8.644641e-18
7035.160362 8.581932e-18
7037.507477 8.335706e-18
7039.859049 8.568107e-18
7042.208513 9.582681e-18
7044.559539 7.973969e-18
7046.908637 8.415994e-18
7049.260018 8.048655e-18
7051.612382 7.647263e-18
7053.962987 7.347654e-18
7056.312655 7.875509e-18
7058.665451 7.680499e-18
7061.015721 6.373108e-18
7063.370332 7.564635e-18
7065.720481 8.001043e-18
7068.075715 7.872325e-18
7070.426210 7.936275e-18
7072.780684 8.443793e-18
7075.132250 8.804803e-18
7077.485815 9.542646e-18
7079.842438 8.972954e-18
7082.194655 8.472641e-18
7084.546593 8.070470e-18
7086.902935 7.635317e-18
7089.256777 8.335234e-18
7091.610124 8.093530e-18
7093.965462 7.192578e-18
7096.322888 8.985282e-18
7098.676510 7.837181e-18
7101.031622 1.005240e-17
7103.387143 7.895959e-18
7105.743728 7.988180e-18
7108.098688 8.946409e-18
7110.455526 8.309550e-18
7112.816272 9.712613e-18
7115.169372 7.789433e-18
7117.525756 7.756148e-18
7119.885047 1.092336e-17
7122.242524 7.989026e-18
7124.599457 9.121573e-18
7126.956854 8.739173e-18
7129.314785 8.970185e-18
7131.674391 8.522085e-18
7134.031440 8.075318e-18
7136.395232 1.074635e-17
7138.750079 8.420128e-18
7141.108751 8.673094e-18
7143.470133 8.262784e-18
7145.828400 9.206919e-18
7148.187838 9.165271e-18
7150.548396 8.066031e-18
7152.909740 8.012708e-18
7155.268634 8.941633e-18
7157.629873 8.985760e-18
7159.992364 8.938786e-18
7162.351963 9.655559e-18
7164.712919 8.933053e-18
7167.075769 8.868365e-18
7169.439541 1.086731e-17
7171.801583 8.747478e-18
7174.160867 9.321702e-18
7176.525996 1.027994e-17
7178.886234 8.444356e-18
7181.248307 8.382881e-18
7183.611365 8.210388e-18
7185.974812 8.516867e-18
7188.338832 9.728062e-18
7190.702150 9.202063e-18
7193.065671 8.600788e-18
7195.429644 8.200950e-18
7197.793971 8.022768e-18
7200.158938 9.038481e-18
7202.524636 8.618782e-18
7204.888550 8.298809e-18
7207.253596 9.270970e-18
7209.618609 9.085101e-18
7211.984230 9.805943e-18
7214.351380 9.435140e-18
7216.715787 8.486443e-18
7219.082445 9.918772e-18
7221.448502 1.024509e-17
7223.815300 9.096103e-18
7226.182159 9.921454e-18
7228.549905 9.723586e-18
7230.915921 9.097324e-18
7233.283803 8.616379e-18
7235.652703 8.381666e-18
7238.019544 8.969962e-18
7240.387711 8.503369e-18
7242.756206 9.755307e-18
7245.124581 7.819207e-18
7247.492945 7.304400e-18
7249.862039 9.717716e-18
7252.230185 7.970834e-18
7254.599464 1.006444e-17
7256.968883 9.484768e-18
7259.338180 8.723563e-18
7261.708274 9.083760e-18
7264.078307 9.432530e-18
7266.448573 9.170832e-18
7268.819485 8.565401e-18
7271.189103 1.026435e-17
7273.560919 9.488502e-18
7275.932321 8.198060e-18
7278.303262 9.768906e-18
7280.674943 9.764153e-18
7283.046576 8.678260e-18
7285.418384 9.263788e-18
7287.790424 9.076146e-18
7290.161529 9.609363e-18
7292.535062 9.495739e-18
7294.906925 9.666805e-18
7297.280595 9.974823e-18
7299.652794 1.017372e-17
7302.026794 1.025484e-17
7304.399957 9.429462e-18
7306.773327 8.769364e-18
7309.147169 8.930461e-18
7311.521167 8.736907e-18
7313.895450 9.611426e-18
7316.270519 1.093375e-17
7318.644996 8.781356e-18
7321.019646 9.069503e-18
7323.393720 9.853558e-18
7325.769484 9.352218e-18
7328.145225 9.646825e-18
7330.520879 9.316561e-18
7332.896326 9.092138e-18
7335.272526 9.205901e-18
7337.648486 9.917100e-18
7340.025330 9.506481e-18
7342.401824 1.073307e-17
7344.778710 1.037654e-17
7347.155457 9.751884e-18
7349.533588 9.708611e-18
7351.911151 1.081222e-17
7354.287565 1.092853e-17
7356.665284 9.306449e-18
7359.043230 9.433154e-18
7361.422000 1.050738e-17
7363.799547 1.025013e-17
7366.178374 1.001484e-17
7368.556671 9.238591e-18
7370.935630 1.032845e-17
7373.314783 9.742444e-18
7375.694086 9.749506e-18
7378.073471 1.044542e-17
7380.453043 9.964745e-18
7382.833181 1.102746e-17
7385.213069 1.033346e-17
7387.593345 9.886638e-18
7389.973578 1.005249e-17
7392.354587 9.923009e-18
7394.735400 9.086850e-18
7397.116300 1.094811e-17
7399.497676 9.369014e-18
7401.878926 1.003390e-17
7404.260540 9.964125e-18
7406.642186 8.730017e-18
7409.024272 9.556122e-18
7411.406292 1.003772e-17
7413.788804 9.593936e-18
7416.171487 1.233060e-17
7418.553709 1.131014e-17
7420.936830 1.026516e-17
7423.319864 1.052973e-17
7425.703153 1.047049e-17
7428.086654 9.577531e-18
7430.470312 1.041630e-17
7432.854149 9.185781e-18
7435.238176 1.004910e-17
7437.622388 1.045682e-17
7440.006792 9.611893e-18
7442.391388 3.509788e-17
7444.776258 1.893816e-17
7447.161103 1.205444e-17
7449.546247 9.633197e-18
7451.931653 1.086946e-17
7454.317162 1.036331e-17
7456.702871 9.712742e-18
7459.088693 9.520976e-18
7461.474736 1.011190e-17
7463.860996 9.693205e-18
7466.247437 9.486191e-18
7468.633922 1.083353e-17
7471.020698 9.165683e-18
7473.407749 9.018039e-18
7475.794929 9.087672e-18
7478.182366 8.974236e-18
7480.569739 9.688179e-18
7482.957626 9.500254e-18
7485.345524 1.051842e-17
7487.733787 9.717869e-18
7490.121638 1.004820e-17
7492.510342 1.047046e-17
7494.898781 9.225042e-18
7497.287669 9.952304e-18
7499.676543 9.196213e-18
7502.065827 9.811260e-18
7504.456115 9.720314e-18
7506.845192 9.596258e-18
7509.234566 9.290927e-18
7511.624503 9.697563e-18
7514.014300 1.016498e-17
7516.404559 9.628860e-18
7518.795505 9.689582e-18
7521.185542 9.087039e-18
7523.576346 9.292659e-18
7525.967421 8.749676e-18
7528.358786 8.699531e-18
7530.749813 9.184478e-18
7533.141365 9.903513e-18
7535.533362 8.952633e-18
7537.924859 9.350346e-18
7540.317126 8.838019e-18
7542.709374 8.315685e-18
7545.101923 9.343483e-18
7547.494523 9.345846e-18
7549.887809 9.698149e-18
7552.279849 9.829458e-18
7554.673878 9.465120e-18
7557.066979 9.707308e-18
7559.460058 9.554769e-18
7561.853369 9.609891e-18
7564.247974 9.414099e-18
7566.641519 9.999260e-18
7569.035169 9.067282e-18
7571.428953 9.891481e-18
7573.824052 9.483633e-18
7576.219688 9.271281e-18
7578.614141 9.426778e-18
7581.009771 9.682868e-18
7583.404512 8.935584e-18
7585.800349 1.042179e-17
7588.195848 9.667518e-18
7590.591119 8.079184e-18
7592.986917 7.232483e-18
7595.382877 5.739591e-18
7597.779003 4.570375e-18
7600.175770 3.347110e-18
7602.572208 4.371610e-18
7604.970144 3.595811e-18
7607.365713 3.238207e-18
7609.762680 3.091246e-18
7612.160717 3.414948e-18
7614.557886 7.235531e-18
7616.954980 6.132579e-18
7619.352926 6.907885e-18
7621.751123 6.413166e-18
7624.149278 5.535251e-18
7626.548556 5.667347e-18
7628.946078 6.298506e-18
7631.344535 5.392479e-18
7633.743282 5.233395e-18
7636.144345 4.551087e-18
7638.541591 4.931987e-18
7640.941923 6.463026e-18
7643.341303 5.430120e-18
7645.740452 6.103442e-18
7648.140804 5.478816e-18
7650.541553 6.892388e-18
7652.940517 6.805790e-18
7655.341678 7.019912e-18
7657.741459 7.038847e-18
7660.142204 7.423511e-18
7662.542996 7.423669e-18
7664.943804 8.992336e-18
7667.346969 7.698242e-18
7669.746349 7.917150e-18
7672.149692 7.776152e-18
7674.550090 8.686686e-18
7676.950536 8.447636e-18
7679.353724 9.144730e-18
7681.757877 9.429161e-18
7684.158693 8.353273e-18
7686.561149 8.772233e-18
7688.964337 7.547791e-18
7691.368132 8.746793e-18
7693.769845 8.171513e-18
7696.173101 8.963090e-18
7698.575231 9.133601e-18
7700.979481 9.003359e-18
7703.384285 7.797486e-18
7705.786972 7.742115e-18
7708.191307 9.913119e-18
7710.595185 8.209432e-18
7713.000118 8.743178e-18
7715.403974 8.378286e-18
7717.808277 7.857046e-18
7720.213552 8.430227e-18
7722.619256 6.712564e-18
7725.024523 8.077540e-18
7727.429789 9.180875e-18
7729.834837 7.961741e-18
7732.240978 7.972371e-18
7734.647499 8.225260e-18
7737.052847 8.833456e-18
7739.460611 8.163767e-18
7741.867092 8.491203e-18
7744.271957 8.396719e-18
7746.677954 8.113712e-18
7749.084996 7.611926e-18
7751.491608 9.320448e-18
7753.898842 7.859989e-18
7756.306127 7.106076e-18
7758.713547 7.868260e-18
7761.121997 8.337370e-18
7763.529054 7.651430e-18
7765.938248 8.076937e-18
7768.344885 8.637412e-18
7770.753363 7.861347e-18
7773.161792 9.198513e-18
7775.571039 9.006981e-18
7777.980035 8.871741e-18
7780.390581 9.078005e-18
7782.797819 8.732462e-18
7785.208816 8.789513e-18
7787.616058 7.693437e-18
7790.025785 8.018920e-18
7792.435056 8.421045e-18
7794.844797 1.203145e-17
7797.255660 9.495601e-18
7799.667659 8.669466e-18
7802.074175 8.336999e-18
7804.486078 7.323746e-18
7806.897207 8.315792e-18
7809.308769 8.491927e-18
7811.719700 8.744288e-18
7814.130927 8.075265e-18
7816.541508 8.004173e-18
7818.952089 8.735705e-18
7821.363771 7.550181e-18
7823.775351 9.171732e-18
7826.187991 8.333922e-18
7828.602317 8.376175e-18
7831.011587 8.241210e-18
7833.424364 7.975244e-18
7835.839648 8.740408e-18
7838.249236 7.746279e-18
7840.663129 7.841559e-18
7843.076136 7.807594e-18
7845.489158 8.953069e-18
7847.901619 7.008406e-18
7850.315115 7.448997e-18
7852.728653 6.636725e-18
7855.142355 8.240749e-18
7857.556414 7.939679e-18
7859.970462 8.559383e-18
7862.385612 8.195983e-18
7864.799179 8.377523e-18
7867.214396 7.306043e-18
7869.628385 5.637900e-18
