3645.342785 -1.539203e-16
3646.752768 -1.720128e-16
3648.163737 2.398969e-17
3649.575736 -5.791821e-18
3650.988732 -1.675394e-18
3652.402677 6.588416e-17
3653.817745 -7.352734e-18
3655.234000 -2.397207e-17
3656.650942 3.826571e-17
3658.068965 -1.115824e-16
3659.488031 -7.889505e-17
3660.908364 4.833262e-17
3662.329555 3.047911e-17
3663.751653 -4.701278e-17
3665.174814 9.408952e-17
3666.599004 6.707650e-17
3668.024170 -1.861937e-17
3669.450464 -4.139937e-17
3670.877643 7.294102e-17
3672.305879 3.993814e-17
3673.734755 1.023928e-16
3675.165527 1.488163e-16
3676.596700 6.853056e-17
3678.028690 -1.062047e-17
3679.462122 -2.873575e-17
3680.896228 4.093947e-17
3682.331381 3.148874e-18
3683.767925 6.091529e-17
3685.205055 -1.120936e-17
3686.643546 -1.515128e-17
3688.082687 -3.629111e-19
3689.523266 7.714147e-17
3690.964531 -1.495289e-17
3692.406725 -2.147616e-17
3693.850095 2.692906e-17
3695.294126 -2.827977e-17
3696.739693 1.703101e-17
3698.186105 5.665454e-17
3699.633307 4.914296e-17
3701.081929 2.469575e-17
3702.530962 8.338618e-17
3703.981292 9.753375e-17
3705.432036 6.487216e-17
3706.884614 -3.000848e-18
3708.337950 5.120840e-17
3709.792252 7.612182e-17
3711.247706 3.530804e-18
3712.704046 -1.387888e-17
3714.160973 4.664846e-17
3715.619623 1.028392e-16
3717.078740 6.218943e-17
3718.538925 3.291121e-17
3720.000555 7.780242e-17
3721.462677 1.382269e-16
3722.925767 4.098082e-17
3724.390103 9.181891e-17
3725.855317 1.057312e-17
3727.321357 1.816396e-17
3728.788392 1.879229e-17
3730.256425 -1.140986e-17
3731.725746 5.534152e-17
3733.195550 6.562944e-17
3734.667676 8.734884e-17
3736.139688 1.024326e-16
3737.612234 5.931040e-17
3739.086453 3.206635e-17
3740.562012 4.163874e-17
3742.037453 2.824222e-17
3743.514351 1.104308e-16
3744.992355 7.535088e-17
3746.471550 1.229758e-17
3747.951777 3.791656e-17
3749.432317 5.314262e-17
3750.914346 4.333992e-17
3752.397615 3.325549e-17
3753.881404 -3.515362e-18
3755.365812 -2.526174e-17
3756.852340 5.238723e-17
3758.338578 3.276945e-18
3759.826049 1.243675e-17
3761.316072 5.768683e-17
3762.805438 6.175062e-17
3764.296887 5.227788e-17
3765.787542 -5.211681e-17
3767.280100 5.721103e-17
3768.773448 -2.024188e-17
3770.268434 4.817644e-17
3771.764109 4.057555e-17
3773.260337 1.417926e-17
3774.758694 7.656062e-17
3776.256997 3.670456e-17
3777.756194 5.626964e-17
3779.257144 9.287836e-17
3780.758621 9.970871e-17
3782.260308 9.216252e-17
3783.764207 2.373723e-17
3785.267965 -4.167815e-17
3786.773777 2.029729e-17
3788.280293 1.490408e-17
3789.786737 3.010473e-17
3791.294975 6.917571e-18
3792.804535 1.836858e-17
3794.314584 1.288693e-18
3795.825650 -4.131859e-18
3797.337481 3.366526e-17
3798.850322 4.035530e-17
3800.364232 1.189525e-17
3801.879544 5.013469e-17
3803.395403 4.819330e-17
3804.911971 7.697583e-17
3806.429922 2.284250e-17
3807.949386 2.781024e-17
3809.469254 4.282555e-17
3810.989850 6.029922e-17
3812.510179 -1.503707e-17
3814.033252 5.847472e-17
3815.557173 6.094126e-17
3817.081577 8.104236e-17
3818.607071 1.500883e-17
3820.133993 4.966276e-17
3821.660637 3.266402e-17
3823.188338 3.576659e-18
3824.717794 2.182029e-17
3826.247887 3.318208e-18
3827.779013 -3.354680e-17
3829.311388 -8.496139e-18
3830.844534 -1.873087e-17
3832.379202 3.144666e-18
3833.913581 1.653615e-17
3835.449126 -6.048640e-18
3836.986459 1.948345e-17
3838.524068 5.070140e-17
3840.063447 5.834324e-17
3841.602650 2.746510e-17
3843.142824 1.202108e-18
3844.684992 2.503753e-17
3846.227786 4.268712e-17
3847.770628 8.473400e-17
3849.315205 4.102883e-17
3850.861043 6.179341e-17
3852.407987 4.164336e-17
3853.954405 1.119189e-17
3855.502856 1.871818e-17
3857.052007 6.868905e-17
3858.601719 2.253351e-17
3860.152526 -1.470074e-17
3861.705076 3.994278e-17
3863.257864 1.261641e-17
3864.811655 4.652609e-17
3866.366098 1.735791e-17
3867.920829 -1.128092e-17
3869.478850 6.276364e-17
3871.035946 8.681890e-18
3872.594754 5.700830e-17
3874.154201 7.899390e-18
3875.713903 3.517588e-17
3877.275989 3.166701e-17
3878.834500 -2.767466e-17
3880.397665 3.600480e-17
3881.961978 3.121724e-17
3883.527359 -7.460466e-19
3885.096143 2.928387e-17
3886.662663 1.577484e-17
3888.230448 3.623865e-17
3889.798789 -1.626585e-17
3891.368486 3.466898e-17
3892.939678 3.141942e-17
3894.509967 2.984361e-17
3896.083446 3.040049e-17
3897.656872 4.602432e-17
3899.231048 7.023148e-17
3900.805855 5.510704e-17
3902.381716 1.555386e-17
3903.959976 7.172769e-17
3905.537134 3.938360e-17
3907.116150 5.736825e-17
3908.696106 2.691784e-17
3910.276103 6.720410e-17
3911.858592 7.572218e-17
3913.440457 5.295381e-17
3915.023744 2.862210e-17
3916.608697 2.665684e-17
3918.193504 -1.183076e-17
3919.780326 6.565118e-17
3921.366824 4.344433e-17
3922.955371 3.084617e-17
3924.543944 5.071820e-17
3926.134506 5.323932e-17
3927.725242 5.278280e-17
3929.316453 4.185539e-17
3930.909118 2.083191e-17
3932.502890 4.197563e-17
3934.097641 2.778806e-17
3935.692347 1.620734e-17
3937.288365 4.154532e-17
3938.884802 3.258252e-17
3940.483430 3.507949e-17
3942.082066 4.282602e-17
3943.681983 1.593816e-17
3945.282960 4.830968e-17
3946.884815 -4.617503e-18
3948.487447 3.536889e-17
3950.091246 1.385791e-17
3951.694961 6.096125e-17
3953.301058 1.923839e-17
3954.906922 1.900543e-17
3956.514010 2.701269e-17
3958.122325 3.081298e-17
3959.730658 1.411007e-17
3961.340950 5.499530e-18
3962.951541 2.256113e-17
3964.562941 5.299151e-17
3966.175955 2.301212e-17
3967.788801 1.978554e-17
3969.403734 3.761738e-17
3971.018581 5.091463e-17
3972.634503 5.140424e-17
3974.250188 3.191228e-17
3975.868197 2.817917e-17
3977.487057 6.478513e-17
3979.107714 2.991734e-17
3980.727037 3.755312e-17
3982.349029 8.962853e-17
3983.971634 6.032468e-17
3985.595112 4.351206e-17
3987.218644 4.977338e-17
3988.843969 2.052809e-17
3990.469167 5.098243e-17
3992.096752 4.506677e-17
3993.724384 7.252686e-17
3995.353228 4.884873e-17
3996.981445 4.392862e-17
3998.612303 4.066280e-17
4000.243024 1.633268e-17
4001.875960 4.678290e-17
4003.508232 7.340653e-17
4005.142450 6.446417e-17
4006.776455 1.654706e-17
4008.413109 6.511392e-17
4010.048043 3.160320e-17
4011.687059 5.685265e-17
4013.325282 4.617320e-17
4014.963882 5.759725e-17
4016.603616 1.406098e-17
4018.244962 4.417839e-17
4019.886684 3.391269e-17
4021.528462 2.860696e-17
4023.172803 2.673393e-17
4024.816658 2.711427e-17
4026.462175 5.618481e-17
4028.108212 2.813172e-17
4029.754751 4.975374e-17
4031.403064 4.690132e-17
4033.052128 4.358725e-17
4034.701375 3.700347e-17
4036.351491 2.231220e-17
4038.002684 7.651702e-17
4039.656070 5.240442e-17
4041.308911 1.777372e-17
4042.962393 2.471733e-17
4044.618355 7.625913e-17
4046.273584 5.235870e-17
4047.929694 5.009031e-17
4049.586544 5.568561e-17
4051.244729 6.745336e-17
4052.904540 7.382191e-17
4054.564151 6.131920e-17
4056.225177 2.253894e-17
4057.886667 7.262411e-17
4059.549370 9.908394e-18
4061.213525 5.181973e-17
4062.882292 6.913182e-17
4064.542384 5.597215e-17
4066.208719 4.017499e-17
4067.875111 4.325166e-17
4069.543847 3.232249e-17
4071.211038 2.161182e-17
4072.881331 1.037197e-16
4074.552061 6.615490e-17
4076.221770 1.803531e-17
4077.895044 5.965755e-17
4079.568708 6.984115e-17
4081.241521 4.533088e-17
4082.915756 6.047423e-17
4084.591747 7.372019e-17
4086.268243 6.144582e-17
4087.944175 2.356409e-17
4089.623003 4.549420e-17
4091.301983 4.856163e-17
4092.982046 5.038091e-17
4094.661413 4.364694e-17
4096.343708 4.484931e-17
4098.026058 3.953773e-17
4099.709103 1.542920e-17
4101.392047 4.800973e-17
4103.077540 4.723056e-17
4104.762647 1.901573e-17
4106.449799 5.033438e-17
4108.136679 7.292393e-17
4109.824624 2.736303e-17
4111.514332 4.596777e-17
4113.203711 5.501837e-17
4114.895060 3.667257e-17
4116.585788 5.520148e-17
4118.279042 3.271603e-17
4119.972835 4.909969e-17
4121.665343 4.862011e-17
4123.360536 3.347767e-17
4125.055528 5.455958e-17
4126.753101 4.063673e-17
4128.450233 5.725270e-17
4130.148431 2.389637e-17
4131.847256 4.259333e-17
4133.546355 8.329866e-17
4135.248687 5.525325e-17
4136.948925 9.658563e-17
4138.651849 3.963878e-17
4140.355297 9.755482e-17
4142.059640 5.305923e-17
4143.763173 2.758871e-17
4145.470148 6.832812e-17
4147.175878 5.440567e-17
4148.883660 7.444054e-18
4150.592401 1.897547e-17
4152.300742 5.049095e-17
4154.010477 4.932476e-17
4155.721938 4.907366e-17
4157.431867 3.199405e-17
4159.145129 7.498888e-17
4160.857523 7.493594e-17
4162.572036 2.997678e-17
4164.286927 3.798473e-17
4166.002648 8.393065e-17
4167.719420 6.283283e-17
4169.436436 6.747172e-17
4171.154574 5.107889e-17
4172.874117 4.088727e-17
4174.592647 3.434882e-17
4176.312957 7.432034e-17
4178.034762 9.321739e-17
4179.757097 3.045585e-17
4181.479747 5.840205e-17
4183.203521 4.774857e-17
4184.927858 4.898103e-17
4186.653819 7.521742e-17
4188.379981 8.286914e-17
4190.106148 3.613002e-17
4191.834374 6.694268e-17
4193.563154 4.192393e-17
4195.292897 5.649143e-17
4197.023011 6.763410e-17
4198.754611 6.384366e-17
4200.486107 5.111094e-17
4202.218560 7.038892e-17
4203.951658 7.316071e-17
4205.686714 3.771274e-17
4207.421559 6.604967e-17
4209.157682 4.984912e-17
4210.893986 4.849721e-17
4212.632723 5.021118e-17
4214.369584 5.973203e-17
4216.109921 7.405357e-17
4217.848718 4.014873e-17
4219.590437 6.898318e-17
4221.331984 5.925831e-17
4223.074607 7.633596e-17
4224.817690 5.589325e-17
4226.570269 3.865905e-17
4228.305917 3.965789e-17
4230.050910 5.004626e-17
4231.785223 6.556559e-17
4233.532459 7.501726e-17
4235.279681 6.126936e-17
4237.042174 5.375443e-17
4238.790689 5.272041e-17
4240.541434 5.360178e-17
4242.292792 3.961653e-17
4244.044709 6.278230e-17
4245.797939 6.225659e-17
4247.550378 6.601275e-17
4249.304638 5.925640e-17
4251.059653 3.181405e-17
4252.815339 3.240048e-17
4254.571650 6.928037e-17
4256.329751 5.150420e-17
4258.087904 5.168101e-17
4259.846779 4.001851e-17
4261.606428 5.485422e-17
4263.367492 5.173086e-17
4265.128322 4.806868e-17
4266.890625 4.622691e-17
4268.653912 4.812225e-17
4270.417879 8.322497e-17
4272.181495 5.788499e-17
4273.946808 6.432178e-17
4275.713117 4.621476e-17
4277.479586 7.385121e-17
4279.247602 5.728975e-17
4281.010516 7.278940e-17
4282.785476 5.067266e-17
4284.555047 5.853575e-17
4286.325735 6.448125e-17
4288.097538 8.693828e-17
4289.870050 6.345585e-17
4291.642357 4.716704e-17
4293.416001 6.081600e-17
4295.191325 5.791688e-17
4296.966410 3.934533e-17
4298.742206 4.935777e-17
4300.519216 6.021161e-17
4302.297108 8.230520e-17
4304.075838 6.440182e-17
4305.855296 4.578272e-17
4307.633943 6.049248e-17
4309.415604 6.199512e-17
4311.196603 5.331770e-17
4312.978339 4.765557e-17
4314.762996 4.925451e-17
4316.545520 5.514996e-17
4318.330283 6.079060e-17
4320.116214 8.869046e-17
4321.901886 5.334976e-17
4323.689215 4.947435e-17
4325.476129 4.249090e-17
4327.264041 5.405058e-17
4329.054211 5.955616e-17
4330.844516 7.389481e-17
4332.634588 5.090413e-17
4334.426200 5.878829e-17
4336.219284 7.505897e-17
4338.012183 7.012576e-17
4339.805172 5.285206e-17
4341.599713 5.752726e-17
4343.394345 7.781847e-17
4345.189592 4.473602e-17
4346.987062 8.494642e-17
4348.785374 4.419905e-17
4350.583479 6.827141e-17
4352.382108 9.640653e-17
4354.182493 6.027085e-17
4355.982759 6.240616e-17
4357.783852 6.647455e-17
4359.586286 7.218759e-17
4361.388730 6.918344e-17
4363.191878 5.178168e-17
4364.996092 5.311620e-17
4366.801811 7.026931e-17
4368.606856 4.434648e-17
4370.413561 5.570751e-17
4372.219544 3.234457e-17
4374.028233 6.031776e-17
4375.837544 5.586668e-17
4377.646573 6.233175e-17
4379.457055 8.486070e-17
4381.267866 5.155581e-17
4383.079627 6.007982e-17
4384.892057 7.353218e-17
4386.705834 6.653285e-17
4388.520021 6.765383e-17
4390.334195 6.577176e-17
4392.149355 4.874873e-17
4393.965222 5.187634e-17
4395.782012 8.281207e-17
4397.600030 7.961338e-17
4399.418768 5.715686e-17
4401.238175 8.161801e-17
4403.057509 5.424520e-17
4404.878085 5.693483e-17
4406.699421 4.439341e-17
4408.521010 6.101028e-17
4410.343473 5.987328e-17
4412.167206 5.102888e-17
4413.991891 5.203156e-17
4415.816731 7.278204e-17
4417.642251 6.226942e-17
4419.468137 4.064739e-17
4421.295853 6.797681e-17
4423.123559 5.137799e-17
4424.951899 4.304414e-17
4426.782106 6.412486e-17
4428.612273 7.565708e-17
4430.441907 5.101790e-17
4432.274055 5.538226e-17
4434.105956 5.817371e-17
4435.939150 5.255697e-17
4437.772403 5.084278e-17
4439.606943 4.556144e-17
4441.442684 5.921217e-17
4443.278281 7.769699e-17
4445.114171 4.938207e-17
4446.951981 6.042400e-17
4448.789555 6.316733e-17
4450.628913 7.352290e-17
4452.468421 6.517185e-17
4454.308343 7.157517e-17
4456.149047 6.514657e-17
4457.990596 6.246650e-17
4459.832953 6.885240e-17
4461.675875 5.753735e-17
4463.519037 6.533261e-17
4465.363997 8.821240e-17
4467.209409 8.075266e-17
4469.055308 8.009336e-17
4470.901397 5.815549e-17
4472.748370 8.431556e-17
4474.596832 8.300228e-17
4476.445501 6.053235e-17
4478.263022 5.231634e-17
4480.112752 8.207504e-17
4481.964072 6.701590e-17
4483.814920 5.459726e-17
4485.679580 6.702760e-17
4487.552193 6.374995e-17
4489.405499 6.825490e-17
4491.260016 8.275549e-17
4493.115752 9.036728e-17
4494.970723 7.839628e-17
4496.827664 9.922442e-17
4498.684573 7.869808e-17
4500.541960 5.787865e-17
4502.400911 7.885560e-17
4504.260075 7.123412e-17
4506.119827 6.818449e-17
4507.980805 6.495362e-17
4509.842099 5.345267e-17
4511.703961 7.418409e-17
4513.566805 7.805161e-17
4515.430368 6.848387e-17
4517.294142 7.483520e-17
4519.159160 8.524719e-17
4521.024491 7.544771e-17
4522.891420 8.248852e-17
4524.757510 8.630179e-17
4526.625820 8.043181e-17
4528.493382 7.272018e-17
4530.362798 8.641138e-17
4532.232312 7.263552e-17
4534.102340 8.683996e-17
4535.973605 6.749749e-17
4537.845450 7.223532e-17
4539.717415 7.889980e-17
4541.590991 9.727771e-17
4543.464688 5.686021e-17
4545.339387 9.673932e-17
4547.213945 8.742517e-17
4549.090196 8.049356e-17
4550.967120 8.839270e-17
4552.844027 7.219972e-17
4554.721718 1.032061e-16
4556.600593 9.481313e-17
4558.479893 7.816445e-17
4560.359576 8.613644e-17
4562.240498 8.652049e-17
4564.121643 8.658224e-17
4566.003427 9.592333e-17
4567.885974 7.727820e-17
4569.769541 9.309590e-17
4571.653433 8.463961e-17
4573.537729 6.872567e-17
4575.423803 7.980713e-17
4577.309684 7.656067e-17
4579.196524 8.172468e-17
4581.083705 7.070094e-17
4582.971811 7.417085e-17
4584.859879 8.256594e-17
4586.749852 9.334439e-17
4588.639466 7.455641e-17
4590.530359 8.539946e-17
4592.422201 9.046511e-17
4594.313864 7.601979e-17
4596.206641 9.203742e-17
4598.100495 8.610597e-17
4599.994145 8.552936e-17
4601.888968 7.638921e-17
4603.783841 6.184348e-17
4605.680671 9.377754e-17
4607.577096 7.753890e-17
4609.474647 9.309295e-17
4611.372624 7.344268e-17
4613.271637 9.549473e-17
4615.171094 9.309241e-17
4617.070997 8.875011e-17
4618.971253 7.898618e-17
4620.873288 8.069121e-17
4622.775359 8.728128e-17
4624.677672 9.922103e-17
4626.580996 9.350293e-17
4628.485122 7.896429e-17
4630.389652 7.183947e-17
4632.294907 7.071364e-17
4634.201441 9.035266e-17
4636.107514 9.221787e-17
4638.015188 7.640920e-17
4639.922665 7.550379e-17
4641.831624 7.111215e-17
4643.740784 9.369742e-17
4645.650376 9.075823e-17
4647.560983 8.547494e-17
4649.472398 8.655522e-17
4651.384176 9.225988e-17
4653.296924 7.619997e-17
4655.209345 7.601854e-17
4657.123958 9.019877e-17
4659.037709 7.459764e-17
4660.953521 8.597796e-17
4662.869157 8.624457e-17
4664.785892 8.292912e-17
4666.702180 8.480872e-17
4668.620303 7.488243e-17
4670.538150 8.313439e-17
4672.457620 7.911606e-17
4674.376750 7.137672e-17
4676.297232 7.315201e-17
4678.218170 1.019031e-16
4680.139427 7.820034e-17
4682.061662 9.143479e-17
4683.984391 8.175871e-17
4685.907737 8.775966e-17
4687.832122 7.288328e-17
4689.756898 7.765379e-17
4691.682186 7.693392e-17
4693.608169 8.768928e-17
4695.534779 7.687277e-17
4697.462178 7.646774e-17
4699.390233 8.109082e-17
4701.317785 7.747653e-17
4703.247604 8.338390e-17
4705.177499 7.800155e-17
4707.107609 8.638311e-17
4709.038947 8.213160e-17
4710.970756 8.134824e-17
4712.903033 9.543299e-17
4714.835902 9.442317e-17
4716.769260 8.332732e-17
4718.703549 7.654821e-17
4720.638631 8.983447e-17
4722.573749 8.927440e-17
4724.510483 1.017501e-16
4726.446945 8.301002e-17
4728.384045 9.263817e-17
4730.322118 8.426431e-17
4732.260648 8.038953e-17
4734.199787 6.918339e-17
4736.139797 7.842722e-17
4738.080207 9.139737e-17
4740.021441 8.999474e-17
4741.962992 7.024993e-17
4743.905335 7.613767e-17
4745.848056 7.118261e-17
4747.791820 6.679344e-17
4749.736201 6.087872e-17
4751.680678 8.695402e-17
4753.626384 1.069806e-16
4755.572178 7.539144e-17
4757.519034 8.402252e-17
4759.466371 9.922009e-17
4761.414079 9.158012e-17
4763.362458 6.776214e-17
4765.311571 8.774518e-17
4767.261550 9.788749e-17
4769.211738 7.760749e-17
4771.162529 9.208065e-17
4773.106989 6.386763e-17
4775.066156 8.013172e-17
4777.019439 8.057888e-17
4778.972520 7.600732e-17
4780.926809 8.679396e-17
4782.881154 7.121494e-17
4784.836744 8.819643e-17
4786.792694 8.646742e-17
4788.748616 7.986360e-17
4790.705340 6.737301e-17
4792.663232 7.399114e-17
4794.621830 7.873612e-17
4796.580615 8.411992e-17
4798.539842 7.581290e-17
4800.499864 7.746887e-17
4802.460744 8.231573e-17
4804.421882 8.388911e-17
4806.384032 8.075841e-17
4808.346279 7.829364e-17
4810.309323 9.285162e-17
4812.272815 8.567352e-17
4814.237293 8.178650e-17
4816.201716 7.873806e-17
4818.167957 8.582512e-17
4820.134071 7.489231e-17
4822.100447 8.478090e-17
4824.068034 8.964181e-17
4826.035504 7.744826e-17
4828.003978 8.036645e-17
4829.972968 9.479973e-17
4831.942555 7.272835e-17
4833.912687 7.880365e-17
4835.883714 9.174989e-17
4837.854964 6.888471e-17
4839.826745 7.615505e-17
4841.799549 8.491945e-17
4843.772731 7.990438e-17
4845.746247 8.307146e-17
4847.720834 8.156569e-17
4849.695483 8.044000e-17
4851.671261 8.185462e-17
4853.647413 8.832593e-17
4855.624227 8.012093e-17
4857.601498 7.241197e-17
4859.579505 8.051570e-17
4861.557628 7.858702e-17
4863.536434 7.759786e-17
4865.516038 8.233791e-17
4867.496507 8.065565e-17
4869.477156 6.535797e-17
4871.458493 8.416578e-17
4873.440373 8.186490e-17
4875.423012 8.607993e-17
4877.406152 8.701903e-17
4879.389864 8.417437e-17
4881.374196 7.841397e-17
4883.358896 8.354806e-17
4885.344677 9.178968e-17
4887.330390 8.500225e-17
4889.316888 8.148007e-17
4891.304217 8.133504e-17
4893.291867 8.422371e-17
4895.279811 8.632298e-17
4897.269065 9.046499e-17
4899.258408 8.618853e-17
4901.248459 7.543771e-17
4903.238730 7.630882e-17
4905.238349 9.721905e-17
4907.240619 8.917626e-17
4909.214318 7.639442e-17
4911.207104 7.575002e-17
4913.200682 7.248764e-17
4915.194321 7.390403e-17
4917.189434 8.991564e-17
4919.184158 9.360050e-17
4921.180002 8.729638e-17
4923.175869 7.229878e-17
4925.173102 9.262316e-17
4927.170224 8.406726e-17
4929.168579 8.102935e-17
4931.166660 7.384852e-17
4933.166089 7.606212e-17
4935.165369 7.587368e-17
4937.165960 7.738767e-17
4939.166348 6.628567e-17
4941.167912 7.668430e-17
4943.169641 7.784292e-17
4945.172519 9.088506e-17
4947.175161 7.632210e-17
4949.178906 8.923375e-17
4951.182661 7.805134e-17
4953.188008 8.256959e-17
4955.192842 7.765219e-17
4957.198739 8.854985e-17
4959.205217 7.277151e-17
4961.212055 8.161233e-17
4963.219468 8.632030e-17
4965.227452 6.930331e-17
4967.236101 7.516151e-17
4969.244848 8.162843e-17
4971.252024 7.334359e-17
4973.255435 7.712684e-17
4975.274621 8.863417e-17
4977.288328 7.433035e-17
4979.299795 1.203419e-16
4981.313825 9.989145e-17
4983.324237 9.114059e-17
4985.337658 7.881524e-17
4987.351890 8.460532e-17
4989.366572 7.282262e-17
4991.381716 8.817687e-17
4993.397544 7.951100e-17
4995.413718 6.978232e-17
4997.430602 7.925839e-17
4999.448189 7.670425e-17
5001.465883 7.153029e-17
5003.484127 7.303023e-17
5005.503122 7.790765e-17
5007.523030 8.772685e-17
5009.542355 8.862316e-17
5011.561565 9.354773e-17
5013.584237 1.008770e-16
5015.606643 8.781505e-17
5017.628481 7.846731e-17
5019.651149 6.796489e-17
5021.674448 6.192405e-17
5023.698445 7.870097e-17
5025.723682 7.467576e-17
5027.749142 8.277731e-17
5029.774535 8.054602e-17
5031.800419 6.909392e-17
5033.825675 7.133682e-17
5035.853228 8.991331e-17
5037.880637 7.929112e-17
5039.908357 6.364191e-17
5041.937162 7.574286e-17
5043.966404 8.164641e-17
5045.996339 8.297697e-17
5048.026333 8.161602e-17
5050.057096 7.955124e-17
5052.088413 8.208480e-17
5054.120295 8.191353e-17
5056.152790 8.988190e-17
5058.185509 8.108507e-17
5060.218844 6.689216e-17
5062.253042 8.074906e-17
5064.287629 8.947676e-17
5066.322360 9.257496e-17
5068.358229 8.645612e-17
5070.393752 7.751721e-17
5072.430536 7.605281e-17
5074.467548 8.422790e-17
5076.505389 7.831691e-17
5078.543307 8.077181e-17
5080.582294 8.734521e-17
5082.621152 7.167842e-17
5084.660942 8.258021e-17
5086.701253 7.936078e-17
5088.741871 8.630885e-17
5090.783234 7.487875e-17
5092.825167 7.623560e-17
5094.867391 8.932020e-17
5096.910079 7.079266e-17
5098.953672 8.953665e-17
5100.997600 8.938926e-17
5103.041492 7.771290e-17
5105.086784 8.762594e-17
5107.132069 8.628347e-17
5109.178111 8.705068e-17
5111.224251 8.101060e-17
5113.271358 8.213324e-17
5115.318735 9.519419e-17
5117.367006 9.447639e-17
5119.415441 8.513862e-17
5121.464458 9.720281e-17
5123.513643 7.465515e-17
5125.563799 9.903489e-17
5127.614337 8.028163e-17
5129.665480 8.917695e-17
5131.717122 8.564786e-17
5133.768844 8.113454e-17
5135.821685 8.639453e-17
5137.874565 8.713728e-17
5139.928287 8.208982e-17
5141.982158 7.247945e-17
5144.036800 9.147049e-17
5146.091986 9.027933e-17
5148.147428 7.425432e-17
5150.203702 9.150319e-17
5152.259619 7.624151e-17
5154.316386 9.047258e-17
5156.373866 8.486583e-17
5158.432792 8.073890e-17
5160.491668 8.730220e-17
5162.550681 8.686331e-17
5164.610575 9.220478e-17
5166.670639 8.798383e-17
5168.731245 8.304791e-17
5170.792189 8.411584e-17
5172.853577 8.537374e-17
5174.915654 7.991599e-17
5176.978214 9.133918e-17
5179.041414 8.734242e-17
5181.105405 8.845867e-17
5183.168960 8.130149e-17
5185.233815 8.692811e-17
5187.298652 9.032621e-17
5189.364340 8.807392e-17
5191.430305 8.759670e-17
5193.496912 8.699185e-17
5195.563898 8.143546e-17
5197.631411 8.570791e-17
5199.699347 8.448937e-17
5201.768009 8.576156e-17
5203.837067 8.108433e-17
5205.906596 9.871157e-17
5207.976273 8.681223e-17
5210.046890 8.310508e-17
5212.117815 8.234555e-17
5214.189289 9.269339e-17
5216.261008 8.803446e-17
5218.333786 1.013033e-16
5220.406571 9.481351e-17
5222.480041 8.767184e-17
5224.553813 8.799596e-17
5226.628151 8.297620e-17
5228.703016 8.815688e-17
5230.778210 8.744163e-17
5232.853941 8.772641e-17
5234.930254 9.322448e-17
5237.007206 9.264158e-17
5239.084231 8.362232e-17
5241.161906 8.313886e-17
5243.240312 8.672761e-17
5245.318533 9.118445e-17
5247.398011 8.999539e-17
5249.477596 9.191901e-17
5251.557949 9.834605e-17
5253.638487 9.549696e-17
5255.719764 9.558658e-17
5257.800957 8.896801e-17
5259.883187 9.634635e-17
5261.965791 8.981837e-17
5264.048750 9.461576e-17
5266.132253 9.231647e-17
5268.215805 8.586911e-17
5270.300572 9.524366e-17
5272.385285 9.332871e-17
5274.470476 9.583786e-17
5276.556350 9.540124e-17
5278.642498 8.454624e-17
5280.729400 9.007438e-17
5282.816605 8.250578e-17
5284.904257 8.230258e-17
5286.992385 9.098284e-17
5289.081106 9.568187e-17
5291.170265 9.018641e-17
5293.260014 9.322293e-17
5295.349868 8.977337e-17
5297.440465 9.378816e-17
5299.531383 1.002437e-16
5301.622691 9.698982e-17
5303.714619 9.106475e-17
5305.806953 9.437340e-17
5307.899817 9.348379e-17
5309.993078 9.189271e-17
5312.086959 8.780841e-17
5314.181028 9.595870e-17
5316.275843 9.694908e-17
5318.371026 1.001715e-16
5320.466599 9.543635e-17
5322.562701 9.719526e-17
5324.659200 9.079895e-17
5326.756059 8.477627e-17
5328.853493 9.069139e-17
5330.951431 9.141672e-17
5333.049752 9.020584e-17
5335.148473 9.429818e-17
5337.247902 8.968837e-17
5339.347450 9.169990e-17
5341.447795 9.091925e-17
5343.548386 9.221479e-17
5345.649671 9.777474e-17
5347.751010 8.240184e-17
5349.853031 9.341277e-17
5351.955607 9.857782e-17
5354.058352 8.767516e-17
5356.161715 8.875060e-17
5358.265730 9.876931e-17
5360.369983 1.005257e-16
5362.474850 1.063414e-16
5364.579930 9.737617e-17
5366.685533 9.778039e-17
5368.791695 9.821266e-17
5370.897950 8.798716e-17
5373.004913 9.018771e-17
5375.112475 9.811244e-17
5377.220391 1.065580e-16
5379.328727 1.002650e-16
5381.437494 9.677333e-17
5383.546688 1.083805e-16
5385.656360 1.023166e-16
5387.766441 9.377512e-17
5389.876922 9.628163e-17
5391.988027 9.480974e-17
5394.099423 1.030426e-16
5396.211524 1.101742e-16
5398.323819 1.016539e-16
5400.436537 1.043084e-16
5402.549678 1.055573e-16
5404.663402 1.056871e-16
5406.777460 1.056442e-16
5408.891942 1.011430e-16
5411.006774 1.017846e-16
5413.122239 9.654572e-17
5415.238072 1.025747e-16
5417.354493 1.059983e-16
5419.471128 1.032537e-16
5421.588420 9.965981e-17
5423.705952 1.026138e-16
5425.823998 1.072940e-16
5427.942552 9.619428e-17
5430.061314 9.852253e-17
5432.180670 9.001543e-17
5434.300643 1.028853e-16
5436.420725 1.016753e-16
5438.541495 9.921647e-17
5440.662423 1.030370e-16
5442.784129 1.015838e-16
5444.905988 1.027356e-16
5447.028497 1.064353e-16
5449.151148 1.046690e-16
5451.274531 1.057077e-16
5453.398065 1.086748e-16
5455.522324 1.050182e-16
5457.646816 1.009926e-16
5459.771850 1.041777e-16
5461.897186 1.034488e-16
5464.023160 1.051427e-16
5466.149256 1.043840e-16
5468.276113 1.122156e-16
5470.403110 1.065845e-16
5472.530637 1.074337e-16
5474.658725 1.134678e-16
5476.787061 1.083852e-16
5478.915789 1.011849e-16
5481.045079 1.006068e-16
5483.174659 1.048975e-16
5485.305043 1.139361e-16
5487.432761 9.988947e-17
5489.564179 1.126211e-16
5491.698056 1.098670e-16
5493.829434 1.075626e-16
5495.961720 1.001943e-16
5498.094354 9.996074e-17
5500.227283 1.005875e-16
5502.360892 1.008129e-16
5504.494637 1.058818e-16
5506.629120 1.136360e-16
5508.763808 1.051101e-16
5510.898927 9.988419e-17
5513.034505 1.075076e-16
5515.170444 9.893084e-17
5517.306843 9.989245e-17
5519.443713 1.059614e-16
5521.580972 1.080539e-16
5523.718334 1.041180e-16
5525.856748 1.023911e-16
5527.995225 1.133460e-16
5530.134072 1.009031e-16
5532.273466 1.104154e-16
5534.413087 9.298542e-17
5536.553096 9.930713e-17
5538.693835 1.004959e-16
5540.834796 1.042130e-16
5542.976254 1.040074e-16
5545.117909 1.033802e-16
5547.260204 9.779604e-17
5549.402741 1.069707e-16
5551.545581 9.934878e-17
5553.689294 1.077698e-16
5555.832963 9.947504e-17
5557.976980 9.607163e-17
5560.121739 9.900575e-17
5562.266775 9.586027e-17
5564.412419 9.800570e-17
5566.557967 9.269945e-17
5568.704570 9.519506e-17
5570.851002 9.236326e-17
5572.997932 9.320675e-17
5575.144580 9.112288e-17
5577.293094 1.014614e-16
5579.441619 8.248082e-17
5581.590927 1.107512e-16
5583.740508 9.072143e-17
5585.888576 1.029002e-16
5588.039275 9.355302e-17
5590.189786 9.840610e-17
5592.340538 1.002034e-16
5594.491546 9.810909e-17
5596.643150 9.946578e-17
5598.795277 9.734998e-17
5600.947426 9.467806e-17
5603.100170 1.007134e-16
5605.253334 9.287599e-17
5607.406906 9.080517e-17
5609.560678 9.513315e-17
5611.715311 1.015075e-16
5613.869909 9.650707e-17
5616.025208 9.437754e-17
5618.180701 9.688745e-17
5620.336541 9.630319e-17
5622.492885 9.720787e-17
5624.649587 9.329768e-17
5626.806699 9.239965e-17
5628.964203 9.633304e-17
5631.122164 1.005591e-16
5633.280546 1.007096e-16
5635.439136 9.918532e-17
5637.598294 9.835103e-17
5639.757684 9.513966e-17
5641.917681 9.514401e-17
5644.077836 7.901875e-17
5646.238539 9.421730e-17
5648.399620 9.263743e-17
5650.561060 9.395258e-17
5652.722913 9.417334e-17
5654.885246 9.983431e-17
5657.047778 8.741192e-17
5659.210737 1.002850e-16
5661.374206 9.682945e-17
5663.537771 8.765431e-17
5665.702142 9.350013e-17
5667.866592 8.769835e-17
5670.031585 8.969949e-17
5672.196950 9.035561e-17
5674.362688 9.490096e-17
5676.528716 8.418560e-17
5678.695191 8.510340e-17
5680.862212 9.222424e-17
5683.029402 8.472943e-17
5685.197104 9.567909e-17
5687.365137 8.873500e-17
5689.533469 9.226978e-17
5691.702395 9.931809e-17
5693.871573 8.968422e-17
5696.041087 9.619359e-17
5698.211098 9.433215e-17
5700.381431 8.925114e-17
5702.552032 8.782949e-17
5704.723192 8.406877e-17
5706.894609 8.390334e-17
5709.066603 9.198606e-17
5711.238652 8.459235e-17
5713.411403 8.851132e-17
5715.584346 8.268600e-17
5717.757679 8.988439e-17
5719.931396 8.595378e-17
5722.105518 8.568433e-17
5724.280041 8.558334e-17
5726.455057 8.756963e-17
5728.630287 8.656521e-17
5730.805839 9.096196e-17
5732.981946 8.889986e-17
5735.158238 8.708007e-17
5737.335008 8.855695e-17
5739.512208 8.739412e-17
5741.689627 8.793063e-17
5743.867436 9.001928e-17
5746.045797 7.761539e-17
5748.224455 8.362942e-17
5750.403570 9.122522e-17
5752.582817 7.525797e-17
5754.762613 8.401003e-17
5756.941763 8.868819e-17
5759.123260 8.035259e-17
5761.304086 8.439456e-17
5763.485368 7.746487e-17
5765.666879 8.171801e-17
5767.849037 7.834129e-17
5770.031218 7.935922e-17
5772.213950 8.011842e-17
5774.397018 7.730139e-17
5776.580510 7.814978e-17
5778.764312 7.884636e-17
5780.948559 8.285311e-17
5783.133095 8.246615e-17
5785.317993 8.753078e-17
5787.503284 7.346703e-17
5789.688906 7.946213e-17
5791.874953 7.795863e-17
5794.061430 8.190673e-17
5796.248112 7.768756e-17
5798.435242 8.123383e-17
5800.622744 8.618645e-17
5802.810572 8.250832e-17
5804.998349 8.454815e-17
5807.187313 7.919512e-17
5809.376350 8.519712e-17
5811.565618 8.683260e-17
5813.755216 8.252023e-17
5815.945082 8.572772e-17
5818.135664 8.668559e-17
5820.326364 7.607467e-17
5822.517528 7.978889e-17
5824.708921 7.484905e-17
5826.900809 8.759090e-17
5829.093004 8.636068e-17
5831.285496 8.498044e-17
5833.478481 8.623310e-17
5835.671674 7.891949e-17
5837.865321 7.962526e-17
5840.059223 8.182746e-17
5842.253751 8.519319e-17
5844.448280 8.529061e-17
5846.643468 9.163011e-17
5848.838822 9.182539e-17
5851.034405 8.626892e-17
5853.230744 9.029398e-17
5855.427259 8.667125e-17
5857.623972 7.745110e-17
5859.819799 9.089870e-17
5862.018572 8.019217e-17
5864.216692 9.073154e-17
5866.414844 8.701594e-17
5868.612658 8.278107e-17
5870.812386 8.347430e-17
5873.011811 8.930621e-17
5875.210976 8.706625e-17
5877.411423 7.957671e-17
5879.611296 7.476351e-17
5881.812458 8.571467e-17
5884.013525 8.251031e-17
5886.214873 7.750317e-17
5888.416441 7.141617e-17
5890.618757 8.141389e-17
5892.821088 7.615603e-17
5895.024034 8.336675e-17
5897.227236 8.181182e-17
5899.430672 7.833454e-17
5901.634758 8.661441e-17
5903.838918 8.159352e-17
5906.042702 7.719519e-17
5908.248345 8.943613e-17
5910.453971 8.463067e-17
5912.660287 8.169503e-17
5914.865157 8.203209e-17
5917.071338 8.420006e-17
5919.278030 8.360513e-17
5921.484872 8.412287e-17
5923.692409 8.411914e-17
5925.900003 8.967593e-17
5928.107143 8.864361e-17
5930.316462 8.724107e-17
5932.524136 8.868291e-17
5934.732856 8.148697e-17
5936.943548 9.172376e-17
5939.153280 8.927972e-17
5941.363330 8.763642e-17
5943.573511 8.504589e-17
5945.784533 8.390846e-17
5947.995546 8.775799e-17
5950.207009 9.020780e-17
5952.418782 8.722733e-17
5954.630933 8.991574e-17
5956.843327 8.372254e-17
5959.056187 8.878084e-17
5961.269183 8.392204e-17
5963.482772 8.878198e-17
5965.696304 8.721649e-17
5967.910772 9.149746e-17
5970.125218 8.805729e-17
5972.339544 8.819838e-17
5974.555253 8.703334e-17
5976.770664 8.479825e-17
5978.986581 9.142524e-17
5981.201575 8.964651e-17
5983.419205 9.423285e-17
5985.638591 9.310658e-17
5987.853187 1.002481e-16
5990.070850 8.952397e-17
5992.288614 8.855457e-17
5994.506830 8.922984e-17
5996.725370 9.268286e-17
5998.943581 9.297586e-17
6001.162723 9.949352e-17
6003.381843 9.446607e-17
6005.601448 9.497446e-17
6007.822401 9.559918e-17
6010.043499 9.498656e-17
6012.264374 9.083103e-17
6014.485522 9.211749e-17
6016.707116 9.535850e-17
6018.928921 9.313196e-17
6021.151100 1.000324e-16
6023.373611 9.648336e-17
6025.596309 9.810092e-17
6027.819597 9.392226e-17
6030.043208 9.652122e-17
6032.266915 9.161541e-17
6034.491149 9.829905e-17
6036.715595 1.029548e-16
6038.940495 9.391902e-17
6041.165532 9.258076e-17
6043.391101 9.908780e-17
6045.616855 9.571372e-17
6047.842984 9.817142e-17
6050.069388 9.545642e-17
6052.296210 9.237299e-17
6054.523316 9.763985e-17
6056.750790 9.958037e-17
6058.978546 1.014479e-16
6061.206718 1.056719e-16
6063.435025 1.011134e-16
6065.663771 1.003629e-16
6067.892754 9.314250e-17
6070.122253 9.759571e-17
6072.351941 9.830886e-17
6074.581655 8.674449e-17
6076.812252 9.174931e-17
6079.043007 9.858547e-17
6081.273909 9.008813e-17
6083.505301 9.160077e-17
6085.736892 9.456859e-17
6087.969003 1.000289e-16
6090.200969 1.011564e-16
6092.433835 1.029036e-16
6094.666784 1.044939e-16
6096.900071 1.040503e-16
6099.132877 9.772772e-17
6101.367592 1.004190e-16
6103.601830 9.692249e-17
6105.836297 9.865336e-17
6108.071225 9.971909e-17
6110.306286 9.805658e-17
6112.541781 9.380983e-17
6114.777648 1.005367e-16
6117.013841 9.909437e-17
6119.250239 9.898339e-17
6121.487031 9.896681e-17
6123.724136 1.007901e-16
6125.961157 9.721002e-17
6128.199213 1.022664e-16
6130.437342 1.041220e-16
6132.675391 9.953342e-17
6134.914380 9.768086e-17
6137.153220 9.394016e-17
6139.392668 1.016747e-16
6141.632079 9.961107e-17
6143.872201 1.029527e-16
6146.112465 1.012562e-16
6148.353009 9.714519e-17
6150.593640 1.018507e-16
6152.834963 1.021335e-16
6155.076525 9.570536e-17
6157.318371 9.566477e-17
6159.560537 1.004169e-16
6161.802772 9.488232e-17
6164.045526 9.522767e-17
6166.288849 9.843236e-17
6168.532098 9.933850e-17
6170.775908 9.546388e-17
6173.019827 9.747346e-17
6175.264117 9.708507e-17
6177.508754 9.309067e-17
6179.753409 1.006729e-16
6181.998996 9.831592e-17
6184.244534 9.674451e-17
6186.490415 9.637102e-17
6188.736491 9.365570e-17
6190.983103 9.641238e-17
6193.229879 8.943997e-17
6195.477013 8.919341e-17
6197.724411 9.136291e-17
6199.972193 9.051642e-17
6202.220195 9.793166e-17
6204.468137 9.216978e-17
6206.717236 8.919113e-17
6208.967274 9.278337e-17
6211.215765 9.004265e-17
6213.465032 9.256217e-17
6215.714676 9.161217e-17
6217.965074 9.271956e-17
6220.215656 9.075060e-17
6222.465898 9.589043e-17
6224.717614 9.117412e-17
6226.969064 9.161456e-17
6229.220751 8.926700e-17
6231.472819 9.411096e-17
6233.725001 8.736716e-17
6235.977709 9.148601e-17
6238.230725 8.866899e-17
6240.484083 9.966588e-17
6242.736950 9.018950e-17
6244.991418 8.933931e-17
6247.245149 9.187042e-17
6249.500064 8.495470e-17
6251.754737 9.128684e-17
6254.009961 9.579887e-17
6256.265318 8.696160e-17
6258.520739 8.880034e-17
6260.776878 8.916930e-17
6263.033193 8.404864e-17
6265.289826 8.972858e-17
6267.546316 8.574099e-17
6269.803925 9.076927e-17
6272.061160 8.853345e-17
6274.319269 8.990954e-17
6276.577343 8.141716e-17
6278.835711 8.066758e-17
6281.094309 7.918248e-17
6283.353315 7.692030e-17
6285.612141 8.208164e-17
6287.872323 8.554624e-17
6290.132276 8.999417e-17
6292.392484 9.106065e-17
6294.652944 8.085675e-17
6296.913658 8.466689e-17
6299.174787 8.641109e-17
6301.436133 7.981762e-17
6303.697847 8.411641e-17
6305.959705 8.543866e-17
6308.222228 8.510563e-17
6310.484773 8.579164e-17
6312.747700 8.554724e-17
6315.010948 8.671265e-17
6317.274356 8.490406e-17
6319.537060 7.730445e-17
6321.801285 8.227861e-17
6324.065940 8.610095e-17
6326.331203 8.486624e-17
6328.595375 8.044410e-17
6330.861405 8.466644e-17
6333.126830 8.609857e-17
6335.392844 8.332492e-17
6337.658999 8.418400e-17
6339.925431 8.970723e-17
6342.192163 8.899171e-17
6344.459166 8.471922e-17
6346.726409 7.913179e-17
6348.994100 8.450893e-17
6351.261967 8.430283e-17
6353.530011 8.210425e-17
6355.798707 8.815821e-17
6358.067266 8.681125e-17
6360.335599 8.354507e-17
6362.605876 8.225287e-17
6364.875611 8.465906e-17
6367.145173 8.535375e-17
6369.414963 8.560453e-17
6371.686344 8.577618e-17
6373.957013 8.705775e-17
6376.227678 8.638746e-17
6378.499037 8.355069e-17
6380.771444 8.816722e-17
6383.043382 8.480448e-17
6385.315484 8.306350e-17
6387.588301 8.837526e-17
6389.861140 8.700989e-17
6392.134355 8.926897e-17
6394.407365 9.019845e-17
6396.681527 8.735256e-17
6398.955589 8.891880e-17
6401.229392 8.799706e-17
6403.504577 9.542641e-17
6405.779346 9.282895e-17
6408.054608 9.483132e-17
6410.330109 9.049079e-17
6412.605891 9.110749e-17
6414.881951 9.102801e-17
6417.158289 9.427361e-17
6419.434429 9.167809e-17
6421.711800 9.049403e-17
6423.988816 8.901909e-17
6426.266523 9.214369e-17
6428.544334 8.913427e-17
6430.821895 9.126216e-17
6433.100720 9.298030e-17
6435.379331 8.745991e-17
6437.658335 9.766739e-17
6439.937446 9.094047e-17
6442.216916 8.892373e-17
6444.496614 9.255232e-17
6446.776591 9.230854e-17
6449.057213 9.005340e-17
6451.337693 9.263010e-17
6453.618698 9.541538e-17
6455.900060 9.525031e-17
6458.181546 9.441340e-17
6460.463328 9.473343e-17
6462.745415 9.324084e-17
6465.027658 9.662864e-17
6467.310424 9.719060e-17
6469.593313 9.764296e-17
6471.875938 9.940042e-17
6474.160048 9.733988e-17
6476.443538 9.722944e-17
6478.727904 1.006720e-16
6481.012261 1.005184e-16
6483.296820 1.023506e-16
6485.581800 1.020712e-16
6487.866542 9.961699e-17
6490.152428 9.887847e-17
6492.438167 9.643444e-17
6494.724206 9.790066e-17
6497.010112 9.623629e-17
6499.296953 9.894073e-17
6501.583733 9.725627e-17
6503.871119 9.558131e-17
6506.157850 9.664126e-17
6508.446345 9.764601e-17
6510.734396 9.823609e-17
6513.022402 9.492638e-17
6515.311119 9.809354e-17
6517.599879 9.170415e-17
6519.888624 9.263298e-17
6522.178628 9.788217e-17
6524.468095 9.701551e-17
6526.758243 9.546841e-17
6529.048242 9.618208e-17
6531.338675 9.057669e-17
6533.629890 9.458345e-17
6535.920905 8.912236e-17
6538.212148 9.654411e-17
6540.503684 9.511158e-17
6542.795065 8.636527e-17
6545.087265 9.213306e-17
6547.379744 9.562584e-17
6549.672557 9.413214e-17
6551.966330 9.523766e-17
6554.259515 9.069111e-17
6556.552845 9.336517e-17
6558.846695 8.982042e-17
6561.141360 9.054501e-17
6563.435950 9.137882e-17
6565.730439 9.175024e-17
6568.024319 8.847354e-17
6570.320894 8.888089e-17
6572.616059 9.301884e-17
6574.912205 8.924089e-17
6577.207806 8.731655e-17
6579.504170 9.085697e-17
6581.800964 9.015051e-17
6584.097942 8.427287e-17
6586.395402 8.532831e-17
6588.692991 8.645923e-17
6590.990401 8.709986e-17
6593.288246 8.020489e-17
6595.586793 8.629380e-17
6597.885334 8.538550e-17
6600.183871 8.399668e-17
6602.482645 8.386876e-17
6604.783146 8.612934e-17
6607.082744 8.623625e-17
6609.382620 8.437905e-17
6611.683042 7.963889e-17
6613.983628 8.802664e-17
6616.283788 7.905723e-17
6618.584989 7.648702e-17
6620.886788 8.250290e-17
6623.188375 8.140094e-17
6625.490111 7.995926e-17
6627.791990 8.032453e-17
6630.094552 8.267530e-17
6632.397627 7.532442e-17
6634.700439 7.842193e-17
6637.003901 7.864630e-17
6639.306237 8.235805e-17
6641.610686 8.252413e-17
6643.914863 7.681295e-17
6646.218734 7.872246e-17
6648.523753 7.785983e-17
6650.829234 7.617152e-17
6653.134248 7.826549e-17
6655.439833 7.475125e-17
6657.745547 7.761388e-17
6660.051511 7.827292e-17
6662.357543 7.735750e-17
6664.663857 7.847293e-17
6666.970855 7.922545e-17
6669.277867 8.004423e-17
6671.585198 7.901812e-17
6673.892716 7.710286e-17
6676.200765 8.021632e-17
6678.509218 7.968547e-17
6680.817364 8.048443e-17
6683.124727 7.538442e-17
6685.434982 7.706322e-17
6687.744750 8.018448e-17
6690.053295 7.808967e-17
6692.363695 7.588590e-17
6694.674197 7.505482e-17
6696.984590 7.481790e-17
6699.294830 7.138277e-17
6701.605594 7.163749e-17
6703.916790 7.863173e-17
6706.227880 7.561941e-17
6708.539550 7.244085e-17
6710.851851 7.642856e-17
6713.164606 7.353798e-17
6715.477009 7.446378e-17
6717.788460 7.607566e-17
6720.102535 7.275599e-17
6722.415832 7.345598e-17
6724.729638 7.417467e-17
6727.043441 7.746986e-17
6729.357090 7.123076e-17
6731.672277 7.436266e-17
6733.986552 7.454035e-17
6736.301752 7.399166e-17
6738.616647 7.272105e-17
6740.931763 7.295542e-17
6743.247572 7.435398e-17
6745.563906 7.145921e-17
6747.879722 7.628902e-17
6750.196481 8.103393e-17
6752.512825 8.467511e-17
6754.829631 8.221070e-17
6757.147604 7.672492e-17
6759.465640 7.034005e-17
6761.783098 7.218957e-17
6764.102822 8.977712e-17
6766.421434 1.702903e-16
6768.737220 1.713343e-16
6771.059475 1.153160e-16
6773.377776 8.610287e-17
6775.696943 7.561885e-17
6778.016900 6.653134e-17
6780.336780 6.864477e-17
6782.656687 7.281068e-17
6784.976850 7.334701e-17
6787.301545 8.432556e-17
6789.622124 8.854483e-17
6791.942159 8.844592e-17
6794.261743 8.208102e-17
6796.584735 7.199558e-17
6798.906932 6.943273e-17
6801.231292 7.627262e-17
6803.552423 1.021561e-16
6805.874569 7.280806e-17
6808.198202 6.956756e-17
6810.521588 6.967703e-17
6812.845594 6.540383e-17
6815.169267 6.585895e-17
6817.493520 6.908845e-17
6819.817648 6.890314e-17
6822.143741 6.655530e-17
6824.467542 6.627576e-17
6826.793663 6.920076e-17
6829.119704 6.803846e-17
6831.444490 6.415617e-17
6833.771978 6.779358e-17
6836.098274 6.565150e-17
6838.424668 6.597097e-17
6840.751766 6.586190e-17
6843.078841 6.587165e-17
6845.406489 6.651183e-17
6847.734303 6.715357e-17
6850.062435 6.562967e-17
6852.390603 6.173065e-17
6854.718632 6.285813e-17
6857.047805 6.772502e-17
6859.377213 6.472290e-17
6861.707053 6.542709e-17
6864.036243 6.258633e-17
6866.366573 5.837812e-17
6868.696764 5.267582e-17
6871.027494 4.805703e-17
6873.357944 4.444439e-17
6875.689179 5.181980e-17
6878.020090 5.579979e-17
6880.351295 5.884657e-17
6882.683279 5.968656e-17
6885.015083 6.137246e-17
6887.347494 5.617070e-17
6889.680555 5.901762e-17
6892.013248 5.588042e-17
6894.345607 5.499904e-17
6896.679922 5.826442e-17
6899.012816 5.450780e-17
6901.347363 5.817483e-17
6903.681669 5.458558e-17
6906.015425 5.978701e-17
6908.349768 5.656130e-17
6910.685287 5.778630e-17
6913.020710 5.845448e-17
6915.355246 6.172141e-17
6917.691951 5.869212e-17
6920.028179 5.970292e-17
6922.363568 6.575144e-17
6924.700930 7.574427e-17
6927.037272 7.175098e-17
6929.374654 7.404552e-17
6931.712017 6.196430e-17
6934.050382 6.623176e-17
6936.386968 6.572725e-17
6938.725150 7.370691e-17
6941.063697 7.386500e-17
6943.402648 7.641678e-17
6945.742012 5.987404e-17
6948.081142 5.920958e-17
6950.420798 6.106831e-17
6952.759716 5.760704e-17
6955.100708 6.053892e-17
6957.440777 6.065649e-17
6959.780536 5.646649e-17
6962.121324 6.362136e-17
6964.463189 6.087844e-17
6966.804475 6.307741e-17
6969.146226 6.195299e-17
6971.487582 6.363234e-17
6973.829972 6.366318e-17
6976.172382 6.144081e-17
6978.514469 5.813435e-17
6980.857906 6.264425e-17
6983.201075 6.092471e-17
6985.544633 5.955521e-17
6987.887726 5.982696e-17
6990.231956 5.881312e-17
6992.575876 5.935772e-17
6994.920886 5.991344e-17
6997.265843 5.637835e-17
6999.610710 5.901198e-17
7001.956053 5.865928e-17
7004.301228 5.964882e-17
7006.647599 6.039793e-17
7008.993061 5.315507e-17
7011.339254 5.836656e-17
7013.686272 5.974456e-17
7016.033399 6.025822e-17
7018.380576 6.245473e-17
7020.728115 6.035052e-17
7023.075254 5.708806e-17
7025.423141 5.590188e-17
7027.771591 5.980306e-17
7030.120270 5.976850e-17
7032.469267 5.580360e-17
7034.818025 5.951546e-17
7037.167529 5.543068e-17
7039.516910 5.664959e-17
7041.866326 5.569889e-17
7044.216865 5.386496e-17
7046.567306 5.568348e-17
7048.917505 5.757162e-17
7051.268083 5.879923e-17
7053.619879 5.701898e-17
7055.970609 5.637705e-17
7058.322565 5.760366e-17
7060.674871 5.992923e-17
7063.026798 6.087435e-17
7065.379255 5.921857e-17
7067.731416 5.650293e-17
7070.085034 5.805285e-17
7072.438283 5.935282e-17
7074.791685 5.294483e-17
7077.145299 5.558371e-17
7079.499501 5.919130e-17
7081.853426 5.953528e-17
7084.208418 5.898838e-17
7086.563205 5.849534e-17
7088.918317 6.006188e-17
7091.273727 5.737605e-17
7093.629361 5.674886e-17
7095.984865 5.813226e-17
7098.340344 6.049567e-17
7100.697781 6.270790e-17
7103.054085 6.178768e-17
7105.411160 5.976321e-17
7107.768615 6.190942e-17
7110.125750 5.794411e-17
7112.483438 6.289742e-17
7114.841986 5.682224e-17
7117.199821 5.677860e-17
7119.558262 5.895126e-17
7121.917071 5.816749e-17
7124.276268 5.767177e-17
7126.635470 5.935171e-17
7128.995082 5.799326e-17
7131.355149 6.246067e-17
7133.715307 5.727879e-17
7136.075739 5.984611e-17
7138.436187 5.941447e-17
7140.797237 5.692741e-17
7143.158676 5.974973e-17
7145.520228 5.840164e-17
7147.881827 5.668575e-17
7150.244084 5.733159e-17
7152.605975 5.812762e-17
7154.968259 5.942351e-17
7157.331433 5.914257e-17
7159.694524 6.181146e-17
7162.057830 6.019227e-17
7164.421084 6.069902e-17
7166.785238 5.872828e-17
7169.149012 5.859124e-17
7171.513756 5.937606e-17
7173.878600 5.798732e-17
7176.242943 5.760573e-17
7178.608572 5.925966e-17
7180.973805 5.719875e-17
7183.339692 5.972863e-17
7185.705864 5.712819e-17
7188.071554 5.449339e-17
7190.438372 5.490978e-17
7192.805332 5.941454e-17
7195.171904 5.503151e-17
7197.539909 5.731317e-17
7199.906851 5.666943e-17
7202.274873 5.831706e-17
7204.643100 5.791104e-17
7207.011177 5.869941e-17
7209.380023 5.957980e-17
7211.748782 6.278809e-17
7214.118264 6.101917e-17
7216.487383 6.041322e-17
7218.857109 6.360216e-17
7221.227113 6.125445e-17
7223.597465 6.314220e-17
7225.968218 6.044181e-17
7228.338915 6.539364e-17
7230.710026 6.109338e-17
7233.081355 6.015067e-17
7235.452795 5.887479e-17
7237.825042 5.791098e-17
7240.197279 6.077144e-17
7242.569507 5.890146e-17
7244.942199 6.184431e-17
7247.315244 5.723428e-17
7249.688256 6.182391e-17
7252.060834 5.997266e-17
7254.435296 6.059158e-17
7256.809218 6.056973e-17
7259.183550 6.211891e-17
7261.558031 6.577497e-17
7263.933111 6.397791e-17
7266.308110 6.345688e-17
7268.683124 6.381446e-17
7271.058686 5.944000e-17
7273.434963 6.151352e-17
7275.810940 5.898434e-17
7278.187588 5.803708e-17
7280.563966 6.030718e-17
7282.941300 6.329335e-17
7285.318550 6.208483e-17
7287.695970 6.266668e-17
7290.073582 5.994192e-17
7292.451717 6.266815e-17
7294.829897 6.412759e-17
7297.208284 6.282059e-17
7299.587182 5.882011e-17
7301.966623 6.000327e-17
7304.345595 6.183735e-17
7306.725301 6.237580e-17
7309.105139 6.295127e-17
7311.485845 5.845446e-17
7313.866314 6.341553e-17
7316.247038 5.924450e-17
7318.628070 6.190308e-17
7321.008858 6.042512e-17
7323.390776 6.224399e-17
7325.772374 6.349875e-17
7328.154510 6.135508e-17
7330.536986 6.337572e-17
7332.919333 6.160488e-17
7335.302260 6.035620e-17
7337.685757 6.224666e-17
7340.069122 5.974663e-17
7342.452540 5.869714e-17
7344.836928 5.867674e-17
7347.220754 5.999463e-17
7349.605427 6.182064e-17
7351.990341 6.108652e-17
7354.375523 6.024425e-17
7356.760800 5.971646e-17
7359.146432 6.157369e-17
7361.532399 6.519855e-17
7363.918376 6.070432e-17
7366.305040 6.161215e-17
7368.691596 6.274859e-17
7371.078635 6.002919e-17
7373.465890 6.422670e-17
7375.853274 6.285639e-17
7378.241123 6.392849e-17
7380.629297 6.288237e-17
7383.017189 6.047295e-17
7385.406059 6.006052e-17
7387.794791 5.950135e-17
7390.184255 6.000402e-17
7392.573574 6.041506e-17
7394.963322 6.110053e-17
7397.353401 6.350538e-17
7399.743420 6.090053e-17
7402.134114 6.088661e-17
7404.525025 6.147309e-17
7406.915589 6.016517e-17
7409.307396 6.133985e-17
7411.698762 5.758972e-17
7414.090868 5.876214e-17
7416.483015 6.118143e-17
7418.875309 5.957867e-17
7421.268076 5.922717e-17
7423.661277 6.206118e-17
7426.054139 5.839869e-17
7428.447938 5.870041e-17
7430.841760 5.750941e-17
7433.235973 5.904691e-17
7435.630421 5.801981e-17
7438.024895 5.998780e-17
7440.419881 5.874389e-17
7442.815110 6.066667e-17
7445.210507 5.960524e-17
7447.606362 6.094139e-17
7450.002379 6.029748e-17
7452.398587 5.864263e-17
7454.795285 6.159210e-17
7457.192106 5.660155e-17
7459.589253 6.089421e-17
7461.986737 5.960397e-17
7464.384374 5.958428e-17
7466.782417 6.081035e-17
7469.180692 5.793443e-17
7471.579224 5.909705e-17
7473.977902 5.699565e-17
7476.377006 5.724360e-17
7478.776408 5.671306e-17
7481.176068 5.917015e-17
7483.576037 5.939184e-17
7485.976235 5.828623e-17
7488.376605 5.869671e-17
7490.777418 5.752149e-17
7493.178479 5.837827e-17
7495.579795 5.919671e-17
7497.981341 5.645470e-17
7500.383212 5.902852e-17
7502.785356 6.017913e-17
7505.187833 6.012780e-17
7507.590507 5.864768e-17
7509.993543 5.814025e-17
7512.396728 5.706985e-17
7514.800372 5.808489e-17
7517.204201 5.642485e-17
7519.608286 5.523037e-17
7522.012681 5.674499e-17
7524.417359 5.624299e-17
7526.822325 5.618814e-17
7529.227570 5.828550e-17
7531.633099 5.592581e-17
7534.038892 5.724984e-17
7536.444972 5.403900e-17
7538.851345 5.823235e-17
7541.257990 5.672908e-17
7543.664920 5.695005e-17
7546.072125 5.712105e-17
7548.479646 5.354178e-17
7550.887406 5.575216e-17
7553.295449 5.420962e-17
7555.703807 5.575881e-17
7558.112418 5.721888e-17
7560.521317 5.597243e-17
7562.930500 5.348107e-17
7565.339985 5.579264e-17
7567.749778 5.509044e-17
7570.159765 5.698236e-17
7572.570149 5.413742e-17
7574.980753 5.509652e-17
7577.391622 5.238828e-17
7579.802864 5.340309e-17
7582.214259 5.380928e-17
7584.626133 4.950221e-17
7587.038119 5.188317e-17
7589.450426 5.089238e-17
7591.862973 5.097892e-17
7594.275882 4.215946e-17
7596.688952 3.222165e-17
7599.102426 2.111632e-17
7601.516171 1.646711e-17
7603.930205 1.426925e-17
7606.344521 1.248666e-17
7608.759116 1.377770e-17
7611.174091 1.512331e-17
7613.589241 1.980730e-17
7616.004693 2.692797e-17
7618.420549 3.706517e-17
7620.836483 3.848526e-17
7623.252846 3.338047e-17
7625.669381 3.018628e-17
7628.086290 2.805521e-17
7630.503523 2.576568e-17
7632.921003 2.668402e-17
7635.338733 2.627617e-17
7637.756893 2.947356e-17
7640.175318 2.844699e-17
7642.593764 3.239152e-17
7645.012737 3.074047e-17
7647.431961 3.490515e-17
7649.851514 3.467527e-17
7652.271356 3.720468e-17
7654.691506 3.578954e-17
7657.111969 4.370876e-17
7659.532440 3.945296e-17
7661.953607 4.193064e-17
7664.374859 3.881658e-17
7666.796242 4.597822e-17
7669.218232 4.549281e-17
7671.640098 4.380118e-17
7674.062668 4.391042e-17
7676.485243 4.723435e-17
7678.908448 4.590465e-17
7681.331751 4.956662e-17
7683.755672 4.441837e-17
7686.179238 4.717654e-17
7688.604313 4.946110e-17
7691.028067 4.688843e-17
7693.452649 4.872808e-17
7695.877445 4.572997e-17
7698.303365 4.660737e-17
7700.728690 4.668456e-17
7703.154346 4.910779e-17
7705.580596 4.606013e-17
7708.007248 4.791076e-17
7710.434281 4.805472e-17
7712.860876 5.078627e-17
7715.288346 4.799160e-17
7717.716024 4.838188e-17
7720.144198 4.645523e-17
7722.572520 5.017919e-17
7725.001233 4.790798e-17
7727.429954 4.809055e-17
7729.859253 4.782604e-17
7732.288871 4.375432e-17
7734.718587 4.631971e-17
7737.149758 4.845300e-17
7739.578516 4.865269e-17
7742.010167 4.759192e-17
7744.441072 4.428461e-17
7746.872396 4.543817e-17
7749.303605 4.398144e-17
7751.734977 4.630312e-17
7754.167079 4.804576e-17
7756.600309 4.414005e-17
7759.032511 4.544763e-17
7761.465405 4.821941e-17
7763.898908 4.292895e-17
7766.333253 4.642464e-17
7768.766778 4.713515e-17
7771.201422 4.480896e-17
7773.635541 4.529456e-17
7776.070330 4.443218e-17
7778.505572 4.731289e-17
7780.940853 4.576222e-17
7783.377308 4.511076e-17
7785.812786 4.343192e-17
7788.249773 4.431720e-17
7790.686357 4.483298e-17
7793.122277 4.374809e-17
7795.559776 4.275072e-17
7797.998101 4.349107e-17
7800.435432 4.904462e-17
7802.873533 4.358088e-17
7805.312663 4.594992e-17
7807.750985 4.510341e-17
7810.190066 4.660218e-17
7812.629411 4.564903e-17
7815.068964 4.673573e-17
7817.509140 4.801188e-17
7819.949112 4.426674e-17
7822.390665 4.605197e-17
7824.830418 4.242471e-17
7827.271683 4.704720e-17
7829.713296 4.721516e-17
7832.155474 4.577399e-17
7834.597277 4.396196e-17
7837.040787 4.328438e-17
7839.482740 4.286407e-17
7841.925430 4.525840e-17
7844.369607 4.350504e-17
7846.812855 4.227774e-17
7849.256260 4.500029e-17
7851.700901 4.296673e-17
7854.144994 4.356040e-17
7856.589888 4.178256e-17
7859.035306 4.753454e-17
7861.480623 4.394244e-17
7863.926462 4.780514e-17
7866.374076 4.704257e-17
7868.818926 4.062583e-17
7871.266414 4.820746e-17
7873.713711 4.047134e-17
7876.160140 3.123103e-17
