3635.369773 6.130358e-18
3636.822760 6.058551e-17
3638.271641 4.847689e-17
3639.726537 4.745803e-17
3641.179976 2.713760e-17
3642.633112 3.183781e-17
3644.086694 4.232943e-17
3645.541564 4.630334e-17
3646.995824 5.456967e-17
3648.453370 5.093291e-17
3649.913470 2.781108e-17
3651.371532 4.379675e-17
3652.828732 5.043397e-17
3654.291180 3.069101e-17
3655.755571 5.590093e-17
3657.214488 6.459701e-17
3658.680920 2.232363e-17
3660.142615 4.529625e-17
3661.609867 2.064397e-17
3663.073495 5.675324e-17
3664.541552 5.001339e-17
3666.013967 3.809017e-17
3667.478736 3.117760e-17
3668.949322 4.673322e-17
3670.423043 5.195332e-17
3671.891943 2.939021e-17
3673.365182 5.276817e-17
3674.840506 5.636600e-17
3676.314306 1.617160e-17
3677.790809 5.243090e-17
3679.266575 4.332727e-17
3680.745649 3.963147e-17
3682.224553 5.958833e-17
3683.700527 5.605071e-17
3685.183837 2.307104e-17
3686.663238 4.232476e-17
3688.146526 7.298757e-17
3689.632551 3.744502e-17
3691.113046 5.197844e-17
3692.598628 4.776691e-17
3694.086851 5.419857e-17
3695.568265 3.135724e-17
3697.059737 2.107160e-17
3698.545059 3.983373e-17
3700.037114 4.481002e-17
3701.527677 5.658817e-17
3703.019180 3.973419e-17
3704.510639 4.615060e-17
3706.005311 4.066641e-17
3707.499228 2.829130e-17
3708.992712 5.579053e-17
3710.490181 4.318734e-17
3711.987785 6.811891e-17
3713.485496 5.284716e-17
3714.982069 8.068558e-17
3716.483603 6.283597e-17
3717.985869 5.943328e-17
3719.485705 7.021353e-17
3720.988291 5.373724e-17
3722.488329 7.879244e-17
3723.996792 6.907848e-17
3725.499250 6.534297e-17
3727.004586 7.073019e-17
3728.515317 7.849352e-17
3730.020304 5.841870e-17
3731.528124 5.665398e-17
3733.038326 6.389768e-17
3734.550439 6.450816e-17
3736.061582 7.686823e-17
3737.572191 6.004192e-17
3739.086260 7.225989e-17
3740.600924 5.378853e-17
3742.116389 5.836152e-17
3743.630263 7.876243e-17
3745.150759 6.308547e-17
3746.667109 6.636765e-17
3748.186242 8.209999e-17
3749.703167 5.013905e-17
3751.226192 6.767869e-17
3752.746850 6.910079e-17
3754.270070 4.375507e-17
3755.792205 6.708309e-17
3757.316425 6.040492e-17
3758.840607 7.551845e-17
3760.367584 5.737157e-17
3761.892219 7.836285e-17
3763.422766 7.306994e-17
3764.950419 7.804653e-17
3766.478870 7.176840e-17
3768.008954 7.068050e-17
3769.541583 6.397566e-17
3771.072612 6.149705e-17
3772.603950 6.514899e-17
3774.137598 7.374971e-17
3775.673339 6.647087e-17
3777.210765 5.624149e-17
3778.745895 6.934584e-17
3780.281964 6.642631e-17
3781.824380 6.986392e-17
3783.359273 5.052108e-17
3784.901250 6.773741e-17
3786.442123 5.553507e-17
3787.985029 7.559293e-17
3789.526697 7.570898e-17
3791.069685 7.785391e-17
3792.615462 5.951867e-17
3794.161442 5.228299e-17
3795.706099 5.659721e-17
3797.252890 7.402018e-17
3798.802391 7.400492e-17
3800.371916 7.394229e-17
3801.923435 8.587354e-17
3803.473359 8.448979e-17
3805.023888 7.000126e-17
3806.554509 7.186244e-17
3808.107091 6.783169e-17
3809.661440 5.943347e-17
3811.219109 6.416512e-17
3812.773197 8.211841e-17
3814.330758 7.004644e-17
3815.884739 6.155458e-17
3817.446870 7.497935e-17
3819.004338 6.914549e-17
3820.567188 6.514147e-17
3822.124358 6.839284e-17
3823.688732 8.021188e-17
3825.254397 8.162047e-17
3826.816629 7.145144e-17
3828.380653 8.344352e-17
3829.945547 7.092410e-17
3831.510518 8.178627e-17
3833.082645 7.987364e-17
3834.646390 7.209962e-17
3836.211311 7.590559e-17
3837.786541 8.092122e-17
3839.359466 6.449891e-17
3840.926651 6.834200e-17
3842.501344 6.846534e-17
3844.071706 6.241782e-17
3845.648844 7.635585e-17
3847.222035 7.114657e-17
3848.799010 6.598287e-17
3850.374542 7.535941e-17
3851.952355 6.109217e-17
3853.532148 6.639107e-17
3855.112092 6.362001e-17
3856.689898 7.253453e-17
3858.273818 6.289958e-17
3859.853273 5.813323e-17
3861.437056 6.843461e-17
3863.021623 5.657802e-17
3864.603519 6.225809e-17
3866.189074 5.241655e-17
3867.775843 5.436721e-17
3869.363986 5.693602e-17
3870.949451 5.765241e-17
3872.541146 6.248460e-17
3874.128326 5.742045e-17
3875.719027 3.941945e-17
3877.310333 5.112129e-17
3878.900717 4.769971e-17
3880.495507 4.914214e-17
3882.089494 4.843219e-17
3883.683264 4.452840e-17
3885.280093 3.959234e-17
3886.875058 4.484349e-17
3888.473129 4.099637e-17
3890.072536 3.477665e-17
3891.669484 4.266373e-17
3893.268938 4.370335e-17
3894.869943 3.415958e-17
3896.470373 3.480114e-17
3898.073680 3.989639e-17
3899.677123 3.778697e-17
3901.282138 4.112064e-17
3902.883089 4.497548e-17
3904.489529 3.243706e-17
3906.099168 3.463254e-17
3907.703150 3.079482e-17
3909.311073 2.603534e-17
3910.922077 2.732710e-17
3912.531788 3.107148e-17
3914.140027 3.220656e-17
3915.752815 3.309298e-17
3917.366786 3.520125e-17
3918.980667 2.786763e-17
3920.591608 2.618487e-17
3922.208807 2.572800e-17
3923.824246 2.775851e-17
3925.440077 2.053295e-17
3927.058336 2.576179e-17
3928.675702 2.603957e-17
3930.294767 2.889411e-17
3931.915173 2.418393e-17
3933.536006 2.268916e-17
3935.156705 2.169692e-17
3936.779242 2.264661e-17
3938.400421 2.801547e-17
3940.026454 1.919014e-17
3941.650656 1.941876e-17
3943.275822 2.141392e-17
3944.902122 2.176657e-17
3946.531537 2.478001e-17
3948.157431 1.765171e-17
3949.787297 2.016091e-17
3951.418936 2.756199e-17
3953.046292 1.492110e-17
3954.677663 2.572996e-17
3956.313141 2.593998e-17
3957.944105 1.861820e-17
3959.577251 2.358222e-17
3961.214230 2.188772e-17
3962.849471 2.359529e-17
3964.488038 2.193517e-17
3966.122126 2.216534e-17
3967.759538 2.461742e-17
3969.400450 2.007005e-17
3971.038673 2.050452e-17
3972.677781 2.321708e-17
3974.321329 2.152324e-17
3975.961308 2.286334e-17
3977.605490 1.786995e-17
3979.251107 2.235268e-17
3980.891657 2.503687e-17
3982.538741 2.269659e-17
3984.185703 2.334225e-17
3985.833390 1.920564e-17
3987.478200 1.709635e-17
3989.126828 2.322476e-17
3990.777304 2.345686e-17
3992.429385 2.197545e-17
3994.077261 2.280410e-17
3995.731891 2.428201e-17
3997.383286 2.057027e-17
3999.035325 2.255068e-17
4000.690807 2.676024e-17
4002.347951 2.000775e-17
4004.000849 2.018363e-17
4005.659322 2.281494e-17
4007.316382 2.103601e-17
4008.974649 2.169136e-17
4010.631857 1.619614e-17
4012.294089 1.797031e-17
4013.952563 2.699518e-17
4015.615023 2.451232e-17
4017.279090 2.271366e-17
4018.941550 2.507126e-17
4020.603473 2.415509e-17
4022.270058 2.312720e-17
4023.935387 2.824286e-17
4025.601630 2.784591e-17
4027.267426 2.316324e-17
4028.936733 2.665376e-17
4030.604801 2.724574e-17
4032.274724 2.103037e-17
4033.944514 2.906390e-17
4035.616453 2.865831e-17
4037.287980 3.447029e-17
4038.960900 2.915171e-17
4040.632862 3.695515e-17
4042.308270 2.550089e-17
4043.982290 2.745958e-17
4045.658104 2.694670e-17
4047.335937 2.630585e-17
4049.012955 3.873648e-17
4050.690054 3.440799e-17
4052.372329 3.333855e-17
4054.049991 3.865213e-17
4055.728127 3.755097e-17
4057.414116 4.607122e-17
4059.095797 3.023031e-17
4060.777988 2.713760e-17
4062.460214 3.026338e-17
4064.144152 3.440317e-17
4065.829791 3.651693e-17
4067.517884 3.727267e-17
4069.203410 4.322176e-17
4070.888743 3.980258e-17
4072.581751 3.924224e-17
4074.267781 4.305148e-17
4075.959499 4.572562e-17
4077.650335 4.304220e-17
4079.341890 3.669956e-17
4081.031681 4.097092e-17
4082.728260 4.255628e-17
4084.421262 4.225042e-17
4086.113634 3.537619e-17
4087.810928 4.546289e-17
4089.507637 3.958675e-17
4091.204586 5.081673e-17
4092.901387 4.614531e-17
4094.602736 5.247336e-17
4096.298230 5.314467e-17
4097.999568 4.482917e-17
4099.702537 5.154564e-17
4101.402255 5.340285e-17
4103.103568 5.075183e-17
4104.810803 4.717145e-17
4106.510915 4.778747e-17
4108.217552 5.658924e-17
4109.923511 5.214045e-17
4111.629957 5.175241e-17
4113.336433 5.816068e-17
4115.044671 4.919449e-17
4116.752986 5.346505e-17
4118.461712 5.382782e-17
4120.171819 5.215982e-17
4121.881583 6.309114e-17
4123.595731 6.305420e-17
4125.307016 6.313812e-17
4127.019316 6.682635e-17
4128.735015 6.490860e-17
4130.450882 6.791663e-17
4132.163988 6.379306e-17
4133.880425 6.654253e-17
4135.597591 6.388201e-17
4137.316796 6.874674e-17
4139.034519 6.388967e-17
4140.754032 6.736035e-17
4142.472200 7.166303e-17
4144.194271 6.916828e-17
4145.916596 7.640118e-17
4147.639738 7.355153e-17
4149.361201 7.250985e-17
4151.081985 7.779093e-17
4152.811499 7.232250e-17
4154.536390 7.084235e-17
4156.261043 7.603743e-17
4157.989183 7.974408e-17
4159.717999 7.387642e-17
4161.445371 7.909030e-17
4163.172489 7.354671e-17
4164.905216 8.089792e-17
4166.634650 8.913900e-17
4168.366071 8.872091e-17
4170.098179 9.380815e-17
4171.831660 8.970325e-17
4173.566255 8.870178e-17
4175.299013 9.543140e-17
4177.034285 8.907054e-17
4178.771742 9.622095e-17
4180.506724 8.984861e-17
4182.244973 9.468468e-17
4183.982941 9.299149e-17
4185.722065 9.530276e-17
4187.462820 9.349788e-17
4189.201664 9.224395e-17
4190.942387 9.693688e-17
4192.666279 1.020692e-16
4194.404754 9.785528e-17
4196.149087 9.329037e-17
4197.892369 9.928674e-17
4199.660874 9.481522e-17
4201.406322 9.272115e-17
4203.153523 9.449672e-17
4204.898173 9.593574e-17
4206.647163 9.720836e-17
4208.394929 1.034322e-16
4210.146456 8.873038e-17
4211.896341 9.798504e-17
4213.645999 1.004585e-16
4215.399412 9.212671e-17
4217.145074 9.846867e-17
4218.903491 9.501609e-17
4220.656283 1.024605e-16
4222.411657 9.757099e-17
4224.165644 1.042206e-16
4225.923353 1.007274e-16
4227.678628 9.820882e-17
4229.435506 1.099248e-16
4231.195200 1.117067e-16
4232.954655 1.077667e-16
4234.711406 1.022364e-16
4236.474162 1.092159e-16
4238.235622 1.085267e-16
4239.995815 1.026941e-16
4241.759017 1.026064e-16
4243.523908 1.031377e-16
4245.285540 1.022763e-16
4247.052250 1.056890e-16
4248.816442 1.013148e-16
4250.581543 1.033973e-16
4252.348678 9.529508e-17
4254.117870 9.956898e-17
4255.885182 9.609832e-17
4257.655385 8.860301e-17
4259.423380 8.922938e-17
4261.195977 8.208158e-17
4262.965728 8.406536e-17
4264.737134 8.402386e-17
4266.510424 9.215009e-17
4268.284875 9.000313e-17
4270.058370 9.343195e-17
4271.833114 9.510694e-17
4273.608291 9.076733e-17
4275.385420 9.503321e-17
4277.162495 8.796351e-17
4278.938753 9.105288e-17
4280.718762 8.235270e-17
4282.495070 8.730813e-17
4284.276985 8.611440e-17
4286.057823 8.591946e-17
4287.839737 8.630314e-17
4289.620261 8.888994e-17
4291.405030 8.362515e-17
4293.189050 7.747737e-17
4294.971625 8.140628e-17
4296.756895 7.698840e-17
4298.542595 7.562852e-17
4300.329036 7.965859e-17
4302.115622 7.368983e-17
4303.897572 8.159797e-17
4305.685860 8.419664e-17
4307.475222 8.043581e-17
4309.263019 8.090019e-17
4311.061662 8.799805e-17
4312.853344 8.825794e-17
4314.646187 8.567664e-17
4316.439031 8.546445e-17
4318.231924 8.150989e-17
4320.023745 8.403081e-17
4321.818936 8.492402e-17
4323.615310 8.620170e-17
4325.413152 9.279278e-17
4327.208767 9.415670e-17
4329.008067 8.909017e-17
4330.803278 8.615363e-17
4332.603439 9.480799e-17
4334.403768 8.812551e-17
4336.204453 8.895555e-17
4338.004203 9.623586e-17
4339.807968 9.114364e-17
4341.611072 9.639186e-17
4343.412485 1.017198e-16
4345.219393 9.673212e-17
4347.016151 9.975876e-17
4348.826596 1.002620e-16
4350.632822 9.984784e-17
4352.441757 1.008971e-16
4354.247144 1.042753e-16
4356.055724 9.839954e-17
4357.865801 9.950567e-17
4359.674366 1.021050e-16
4361.484762 1.046148e-16
4363.295590 1.051088e-16
4365.106517 1.058929e-16
4366.920504 1.028638e-16
4368.733304 1.010700e-16
4370.546420 1.045851e-16
4372.362002 1.084229e-16
4374.176621 1.072184e-16
4375.990627 1.050703e-16
4377.808414 1.073301e-16
4379.625324 1.018398e-16
4381.443039 1.049786e-16
4383.260676 1.066822e-16
4385.082108 1.055376e-16
4386.907569 1.000019e-16
4388.722535 1.086025e-16
4390.542962 1.089224e-16
4392.365709 1.082417e-16
4394.188465 1.106691e-16
4395.999406 1.110747e-16
4397.834601 1.069590e-16
4399.659752 1.081059e-16
4401.485002 1.118998e-16
4403.311980 1.057014e-16
4405.138223 1.120844e-16
4406.966496 1.133069e-16
4408.792883 1.057450e-16
4410.620688 1.086340e-16
4412.452371 1.072197e-16
4414.282724 1.133949e-16
4416.111233 1.061497e-16
4417.945433 1.099044e-16
4419.777051 1.085927e-16
4421.608762 1.079048e-16
4423.442949 1.091293e-16
4425.278149 1.025529e-16
4427.110972 1.031471e-16
4428.949368 1.059585e-16
4430.783708 9.688263e-17
4432.619934 1.111221e-16
4434.458368 9.908038e-17
4436.298571 1.037486e-16
4438.135239 1.001194e-16
4439.974862 9.553070e-17
4441.817650 9.824181e-17
4443.655921 9.724354e-17
4445.498787 9.341274e-17
4447.341021 9.657403e-17
4449.185164 9.727490e-17
4451.026800 9.619849e-17
4452.867600 1.015956e-16
4454.717697 1.040929e-16
4456.562980 1.035120e-16
4458.409071 1.019054e-16
4460.255781 1.056668e-16
4462.103857 1.026775e-16
4463.952938 1.009232e-16
4465.800759 1.019119e-16
4467.650651 1.039230e-16
4469.501054 9.470337e-17
4471.351996 9.976142e-17
4473.202989 1.000241e-16
4475.057495 9.950987e-17
4476.908846 1.028850e-16
4478.762528 9.279394e-17
4480.617918 1.013622e-16
4482.472001 9.690410e-17
4484.327012 1.000053e-16
4486.185152 9.848152e-17
4488.041299 9.676293e-17
4489.898912 1.031180e-16
4491.757620 9.602807e-17
4493.616008 1.005446e-16
4495.475079 1.020174e-16
4497.336096 9.418386e-17
4499.197464 9.853832e-17
4501.058281 9.878413e-17
4502.921710 9.590003e-17
4504.783107 9.688073e-17
4506.646697 9.709628e-17
4508.511675 9.645184e-17
4510.376260 9.753415e-17
4512.240539 9.539030e-17
4514.107932 9.117956e-17
4515.975128 9.474641e-17
4517.840813 9.750526e-17
4519.710160 9.313277e-17
4521.580243 8.921324e-17
4523.446347 8.914235e-17
4525.318966 8.916410e-17
4527.190043 8.894176e-17
4529.058318 8.636821e-17
4530.932140 8.464214e-17
4532.805802 8.530694e-17
4534.676360 8.017706e-17
4536.552776 8.744965e-17
4538.426937 8.532593e-17
4540.301157 8.609401e-17
4542.178742 8.412316e-17
4544.054380 8.168399e-17
4545.930461 8.489082e-17
4547.808908 7.600187e-17
4549.688884 8.080630e-17
4551.564296 8.152552e-17
4553.446571 7.933163e-17
4555.327113 7.679847e-17
4557.207046 7.986194e-17
4559.089456 7.996977e-17
4560.972314 7.589187e-17
4562.853284 7.645348e-17
4564.737519 7.149670e-17
4566.623754 7.584670e-17
4568.505371 7.390818e-17
4570.392705 7.757185e-17
4572.279234 7.364858e-17
4574.165407 7.551610e-17
4576.052496 7.480072e-17
4577.942679 7.058004e-17
4579.825860 7.174584e-17
4581.717593 6.960349e-17
4583.627590 7.168735e-17
4585.519637 7.100708e-17
4587.410641 7.259998e-17
4589.303608 6.917476e-17
4591.177688 6.842183e-17
4593.064618 6.498357e-17
4594.963595 7.292556e-17
4596.854370 6.560709e-17
4598.750955 7.022228e-17
4600.648899 6.658212e-17
4602.542500 6.294062e-17
4604.438740 6.495261e-17
4606.337657 5.839303e-17
4608.237221 6.545168e-17
4610.132946 6.231794e-17
4612.035040 6.219395e-17
4613.935264 6.150028e-17
4615.833420 6.021169e-17
4617.735581 6.229157e-17
4619.639189 6.403074e-17
4621.540081 6.091165e-17
4623.444414 6.123201e-17
4625.347748 6.024191e-17
4627.252123 6.116051e-17
4629.156958 5.825199e-17
4631.063396 6.109250e-17
4632.968978 6.321173e-17
4634.876369 6.338214e-17
4636.783713 5.885235e-17
4638.690410 6.318329e-17
4640.600992 6.308675e-17
4642.510323 6.458668e-17
4644.419139 6.561571e-17
4646.330265 6.512170e-17
4648.242114 6.221911e-17
4650.151910 6.433388e-17
4652.066856 6.170235e-17
4653.979613 6.382013e-17
4655.892205 6.496692e-17
4657.805761 6.578680e-17
4659.724109 6.606437e-17
4661.637059 6.355270e-17
4663.554189 6.063105e-17
4665.471357 6.340677e-17
4667.387752 6.432849e-17
4669.305579 6.787304e-17
4671.226637 6.601598e-17
4673.143436 6.982472e-17
4675.063236 7.163647e-17
4676.986272 6.962825e-17
4678.904701 7.284318e-17
4680.825100 7.388639e-17
4682.748019 7.087065e-17
4684.673148 7.041486e-17
4686.595123 7.213870e-17
4688.521769 7.253711e-17
4690.445091 7.190241e-17
4692.369708 7.119131e-17
4694.296078 7.480485e-17
4696.222365 7.196500e-17
4698.149059 7.674124e-17
4700.077841 7.396242e-17
4702.007145 7.222160e-17
4703.934429 7.133429e-17
4705.865159 7.283780e-17
4707.795933 7.057576e-17
4709.725345 7.534384e-17
4711.658272 7.582468e-17
4713.587643 7.381848e-17
4715.521209 7.864717e-17
4717.453957 7.577907e-17
4719.389694 7.372691e-17
4721.321642 8.031519e-17
4723.257057 7.981771e-17
4725.193108 7.528273e-17
4727.129089 8.252661e-17
4729.064462 8.004036e-17
4731.004636 7.452111e-17
4732.941877 8.119739e-17
4734.880501 7.894478e-17
4736.819122 7.553317e-17
4738.758476 7.799799e-17
4740.699569 7.680150e-17
4742.641665 7.376761e-17
4744.581052 7.400210e-17
4746.523200 7.814575e-17
4748.467216 7.265511e-17
4750.409203 7.492791e-17
4752.354806 7.629594e-17
4754.299451 7.366055e-17
4756.243551 7.356098e-17
4758.188554 7.635465e-17
4760.135319 7.519228e-17
4762.082615 8.080113e-17
4764.029514 7.776157e-17
4765.977647 7.526952e-17
4767.925937 7.839984e-17
4769.875465 7.709157e-17
4771.824179 7.659937e-17
4773.776001 7.557150e-17
4775.726905 7.733273e-17
4777.679037 7.773636e-17
4779.630645 8.377858e-17
4781.582680 8.051996e-17
4783.537979 7.828153e-17
4785.491457 8.110013e-17
4787.443592 7.903547e-17
4789.399761 8.059969e-17
4791.355256 8.557739e-17
4793.310775 8.429091e-17
4795.268372 8.390975e-17
4797.225700 8.415574e-17
4799.183017 9.070385e-17
4801.144151 8.471397e-17
4803.101946 8.559570e-17
4805.062243 9.172357e-17
4807.020627 8.703186e-17
4808.984646 8.907417e-17
4810.944060 9.540685e-17
4812.907817 8.915602e-17
4814.869781 9.108702e-17
4816.831726 8.908414e-17
4818.794934 8.942350e-17
4820.760287 8.898731e-17
4822.725430 9.388101e-17
4824.690029 9.277308e-17
4826.657717 9.015329e-17
4828.624224 9.741830e-17
4830.591919 9.222252e-17
4832.560436 9.318265e-17
4834.526380 9.431300e-17
4836.497071 9.313426e-17
4838.465307 9.464689e-17
4840.435058 9.402928e-17
4842.406684 9.481816e-17
4844.379201 9.600169e-17
4846.343865 1.026720e-16
4848.321691 1.011080e-16
4850.294516 9.738203e-17
4852.268412 1.003135e-16
4854.242695 1.002747e-16
4856.218379 1.007812e-16
4858.192263 1.010409e-16
4860.169174 1.044045e-16
4862.145723 1.035560e-16
4864.122086 1.023103e-16
4866.098432 1.004557e-16
4868.077866 1.016416e-16
4870.050823 1.033440e-16
4872.034577 1.033769e-16
4874.015704 1.018707e-16
4875.994981 1.030570e-16
4877.969932 1.075069e-16
4879.953918 1.074806e-16
4881.939029 1.040090e-16
4883.921881 1.001313e-16
4885.902665 9.756747e-17
4887.890245 9.579458e-17
4889.872622 9.992577e-17
4891.858952 9.602383e-17
4893.831790 1.018726e-16
4895.828324 1.011319e-16
4897.814906 9.907534e-17
4899.802736 9.690575e-17
4901.790254 1.007195e-16
4903.778113 9.717357e-17
4905.765607 9.538274e-17
4907.749066 9.902242e-17
4909.746496 9.434335e-17
4911.737469 9.707947e-17
4913.726717 1.028255e-16
4915.718543 9.544855e-17
4917.709424 9.604578e-17
4919.702668 9.890620e-17
4921.693992 9.569205e-17
4923.689218 9.186559e-17
4925.683949 9.774640e-17
4927.679375 9.440875e-17
4929.674622 9.873535e-17
4931.670435 9.521921e-17
4933.666307 9.462963e-17
4935.663682 9.104118e-17
4937.661512 9.395376e-17
4939.659571 9.845684e-17
4941.658568 9.599653e-17
4943.656535 9.484366e-17
4945.657413 9.454530e-17
4947.651137 9.631308e-17
4949.657412 9.433546e-17
4951.659325 9.318278e-17
4953.662745 9.788098e-17
4955.663150 9.626121e-17
4957.665110 9.387037e-17
4959.670411 9.233658e-17
4961.673339 9.124435e-17
4963.678990 8.979871e-17
4965.685675 9.006934e-17
4967.690537 8.942923e-17
4969.694975 8.948330e-17
4971.700341 8.846607e-17
4973.705799 8.856582e-17
4975.712639 8.945798e-17
4977.727491 8.417172e-17
4979.735875 8.227854e-17
4981.745040 8.557116e-17
4983.755828 8.573066e-17
4985.766331 8.659306e-17
4987.775564 8.532763e-17
4989.787304 8.659360e-17
4991.801789 8.511603e-17
4993.812100 8.440829e-17
4995.824516 8.111385e-17
4997.840097 8.286258e-17
4999.853804 8.430234e-17
5001.869412 8.332573e-17
5003.883896 7.571833e-17
5005.899883 8.389272e-17
5007.914930 7.771853e-17
5009.933463 7.842773e-17
5011.950093 7.931984e-17
5013.967900 8.107372e-17
5015.983915 7.644665e-17
5018.006395 7.726390e-17
5020.022843 7.773718e-17
5022.045795 7.346357e-17
5024.067229 7.557367e-17
5026.088414 7.782378e-17
5028.112389 7.598452e-17
5030.130946 7.443674e-17
5032.155734 7.519220e-17
5034.181149 7.531576e-17
5036.203821 7.473839e-17
5038.226765 7.356000e-17
5040.252845 7.187034e-17
5042.275516 7.633422e-17
5044.305750 7.495969e-17
5046.332859 7.492796e-17
5048.357129 7.434812e-17
5050.385951 7.532891e-17
5052.414360 7.485264e-17
5054.441306 7.079502e-17
5056.470040 7.467812e-17
5058.504216 7.365118e-17
5060.531110 7.390959e-17
5062.560337 7.555822e-17
5064.595328 7.355911e-17
5066.625050 7.293207e-17
5068.655802 7.298478e-17
5070.691919 7.230181e-17
5072.720781 6.937038e-17
5074.756833 7.412751e-17
5076.793506 7.164253e-17
5078.825306 6.992861e-17
5080.858626 7.048319e-17
5082.899955 7.176964e-17
5084.935654 7.251066e-17
5086.970152 7.202933e-17
5089.007339 6.923244e-17
5091.047240 7.098130e-17
5093.084925 7.120972e-17
5095.125215 6.588020e-17
5097.160544 6.701641e-17
5099.202999 6.674722e-17
5101.240777 6.899775e-17
5103.287507 6.893006e-17
5105.325679 6.848944e-17
5107.370977 6.646981e-17
5109.411625 6.563538e-17
5111.452011 6.927335e-17
5113.500255 7.018289e-17
5115.540855 6.750030e-17
5117.587357 7.022803e-17
5119.632112 6.757384e-17
5121.676066 6.686017e-17
5123.723710 6.879618e-17
5125.772855 7.057914e-17
5127.818333 6.949347e-17
5129.867581 7.317993e-17
5131.914420 7.193938e-17
5133.964214 6.980147e-17
5136.013838 7.150604e-17
5138.061273 7.285374e-17
5140.112435 6.894302e-17
5142.161511 7.396629e-17
5144.214561 7.284627e-17
5146.266880 7.102889e-17
5148.319887 7.688967e-17
5150.371954 7.677554e-17
5152.427274 7.604880e-17
5154.479329 7.632357e-17
5156.535782 7.809598e-17
5158.590432 7.052574e-17
5160.643953 7.383264e-17
5162.696631 7.185074e-17
5164.762237 7.293761e-17
5166.816629 7.362789e-17
5168.874023 7.359701e-17
5170.930713 6.898323e-17
5172.991726 7.322911e-17
5175.042962 7.311090e-17
5177.105268 6.898661e-17
5179.163559 6.823891e-17
5181.222381 7.080450e-17
5183.283393 6.691315e-17
5185.342339 6.736743e-17
5187.408213 6.743415e-17
5189.471977 6.594766e-17
5191.531574 6.397540e-17
5193.594108 6.666453e-17
5195.657709 6.188155e-17
5197.724047 6.187610e-17
5199.788056 6.558314e-17
5201.852872 6.353060e-17
5203.917630 6.095444e-17
5205.984168 6.057103e-17
5208.053804 6.056900e-17
5210.117994 5.861129e-17
5212.186892 6.039699e-17
5214.254908 5.812044e-17
5216.324791 5.827983e-17
5218.391617 6.143753e-17
5220.461913 5.985132e-17
5222.531696 5.886199e-17
5224.603417 5.854077e-17
5226.670063 5.576536e-17
5228.747209 5.732709e-17
5230.819482 5.635136e-17
5232.890721 5.625225e-17
5234.962909 5.543541e-17
5237.037617 5.697826e-17
5239.111277 5.818378e-17
5241.186341 5.191053e-17
5243.261249 5.667363e-17
5245.336675 5.514129e-17
5247.410464 5.550010e-17
5249.489332 5.553569e-17
5251.567153 5.676617e-17
5253.640818 5.384286e-17
5255.723046 5.493932e-17
5257.796598 5.413699e-17
5259.879845 5.340970e-17
5261.960925 5.617973e-17
5264.041384 5.554631e-17
5266.121037 5.379381e-17
5268.202838 5.502493e-17
5270.284300 5.367709e-17
5272.365292 5.357497e-17
5274.447895 5.401927e-17
5276.527727 5.456179e-17
5278.612754 5.552977e-17
5280.695871 5.728955e-17
5282.780135 5.791233e-17
5284.864178 5.472611e-17
5286.947841 5.947456e-17
5289.035550 6.154492e-17
5291.117404 6.125499e-17
5293.208146 5.984857e-17
5295.295003 5.996760e-17
5297.382965 5.934350e-17
5299.472419 6.285274e-17
5301.558777 6.187821e-17
5303.649373 6.221756e-17
5305.733318 6.219414e-17
5307.824698 6.282342e-17
5309.916913 6.314541e-17
5312.007608 6.234049e-17
5314.098471 6.365101e-17
5316.192823 6.507650e-17
5318.283154 6.415868e-17
5320.375486 6.510236e-17
5322.469016 6.253488e-17
5324.564737 6.424668e-17
5326.656975 6.460015e-17
5328.748577 6.166174e-17
5330.849243 6.178057e-17
5332.944255 6.045147e-17
5335.039433 5.937026e-17
5337.136846 6.290043e-17
5339.233453 6.719426e-17
5341.325727 6.076627e-17
5343.429498 6.527426e-17
5345.523086 6.389476e-17
5347.624858 6.537791e-17
5349.725506 6.173576e-17
5351.821748 6.192160e-17
5353.919624 6.547528e-17
5356.023560 6.457079e-17
5358.126194 6.831872e-17
5360.227543 6.475075e-17
5362.325719 6.202161e-17
5364.431904 6.531707e-17
5366.535747 6.503613e-17
5368.639189 6.933166e-17
5370.741619 6.493346e-17
5372.846439 6.536532e-17
5374.952543 6.824794e-17
5377.057762 6.658186e-17
5379.161475 6.527656e-17
5381.268006 6.425941e-17
5383.374210 6.805882e-17
5385.482431 6.554451e-17
5387.579937 6.787008e-17
5389.697996 6.954505e-17
5391.805096 6.743702e-17
5393.910826 6.527973e-17
5396.027115 6.983695e-17
5398.134864 6.895580e-17
5400.244836 6.688093e-17
5402.357376 6.697186e-17
5404.466484 6.831448e-17
5406.578383 6.844100e-17
5408.690484 6.943810e-17
5410.798960 6.799592e-17
5412.918507 6.768470e-17
5415.032236 7.125127e-17
5417.143169 6.901228e-17
5419.259376 7.168770e-17
5421.373576 7.204349e-17
5423.488455 7.067078e-17
5425.603765 7.328276e-17
5427.719318 7.329572e-17
5429.839057 7.381172e-17
5431.955612 7.164910e-17
5434.073518 7.235796e-17
5436.191686 7.249749e-17
5438.310486 7.223294e-17
5440.429684 7.208605e-17
5442.548248 7.332777e-17
5444.668722 7.587455e-17
5446.788230 7.412990e-17
5448.909059 7.807461e-17
5451.029344 7.606582e-17
5453.150010 7.581685e-17
5455.272319 7.901959e-17
5457.397638 7.669049e-17
5459.519616 7.754443e-17
5461.642697 7.776371e-17
5463.765946 7.807970e-17
5465.889275 7.805920e-17
5468.014480 8.002927e-17
5470.139291 7.788785e-17
5472.263993 8.040254e-17
5474.389869 7.948145e-17
5476.515516 7.891016e-17
5478.643404 8.002007e-17
5480.768532 8.337580e-17
5482.900236 8.410621e-17
5485.025993 7.987456e-17
5487.155155 8.004200e-17
5489.285104 8.325077e-17
5491.414749 7.874803e-17
5493.537667 8.139284e-17
5495.676476 8.007792e-17
5497.806897 8.203967e-17
5499.937500 8.419293e-17
5502.069671 7.851668e-17
5504.200584 7.930617e-17
5506.334768 8.276444e-17
5508.467519 8.228502e-17
5510.601717 7.731207e-17
5512.735406 8.405219e-17
5514.869385 8.344360e-17
5517.002653 8.284790e-17
5519.137618 8.296591e-17
5521.271565 8.046744e-17
5523.412188 8.263833e-17
5525.547258 7.971302e-17
5527.679537 8.262976e-17
5529.819300 7.757971e-17
5531.959514 7.874028e-17
5534.097189 7.960646e-17
5536.235481 8.054066e-17
5538.375292 7.976326e-17
5540.514940 8.092972e-17
5542.654610 7.948507e-17
5544.794246 8.084043e-17
5546.934914 7.879003e-17
5549.075077 7.901245e-17
5551.218927 7.516089e-17
5553.358735 7.793396e-17
5555.504176 7.842650e-17
5557.646944 8.006355e-17
5559.789110 7.827752e-17
5561.933876 7.900853e-17
5564.078683 8.075029e-17
5566.221494 7.844304e-17
5568.367959 8.046169e-17
5570.514068 7.743680e-17
5572.658039 7.653619e-17
5574.803196 7.681527e-17
5576.950089 7.806755e-17
5579.097299 8.088379e-17
5581.245520 7.978327e-17
5583.394348 8.094367e-17
5585.543326 8.245339e-17
5587.692215 8.226529e-17
5589.841919 8.180004e-17
5591.990178 8.188427e-17
5594.139657 8.080519e-17
5596.290376 7.979648e-17
5598.442909 8.202433e-17
5600.594451 7.902737e-17
5602.747316 7.725160e-17
5604.898658 7.916632e-17
5607.051501 7.968200e-17
5609.204149 7.883060e-17
5611.357189 8.040601e-17
5613.510265 7.748272e-17
5615.664889 7.553038e-17
5617.819316 7.597514e-17
5619.975426 7.642101e-17
5622.132082 7.705399e-17
5624.284722 7.326709e-17
5626.441241 7.383097e-17
5628.599431 7.259231e-17
5630.753987 7.122181e-17
5632.914155 7.299132e-17
5635.068203 7.198848e-17
5637.229354 7.175350e-17
5639.389619 7.463855e-17
5641.548062 6.669315e-17
5643.708717 7.077124e-17
5645.867911 6.774421e-17
5648.029754 6.556946e-17
5650.187122 6.821390e-17
5652.350339 7.137402e-17
5654.511886 6.322864e-17
5656.670967 6.720451e-17
5658.836993 7.084958e-17
5660.996251 6.233837e-17
5663.162855 6.406852e-17
5665.327654 6.829591e-17
5667.492331 6.561631e-17
5669.653947 6.446655e-17
5671.821046 6.676881e-17
5673.984012 6.249056e-17
5676.150652 6.531380e-17
5678.316888 6.521788e-17
5680.484709 6.284878e-17
5682.651344 6.546183e-17
5684.817891 6.464452e-17
5686.986280 6.132048e-17
5689.155930 6.485974e-17
5691.323413 6.357225e-17
5693.492500 6.462940e-17
5695.660236 6.486640e-17
5697.831684 6.739998e-17
5700.001682 6.171353e-17
5702.171320 6.273543e-17
5704.345837 6.245799e-17
5706.518098 6.167928e-17
5708.687952 6.209465e-17
5710.862163 6.435589e-17
5713.033227 6.045238e-17
5715.207264 6.327308e-17
5717.379521 6.593807e-17
5719.552812 6.349062e-17
5721.728131 6.546383e-17
5723.902939 7.019797e-17
5726.077497 6.361949e-17
5728.251225 6.317653e-17
5730.428449 6.608161e-17
5732.611579 7.248329e-17
5734.785131 7.091756e-17
5736.954699 6.827027e-17
5739.136612 6.866132e-17
5741.314731 6.636537e-17
5743.492337 6.794295e-17
5745.671090 6.784426e-17
5747.849464 6.712356e-17
5750.029573 6.928706e-17
5752.208917 7.065020e-17
5754.389889 6.950947e-17
5756.570891 7.120153e-17
5758.751136 7.011844e-17
5760.938425 7.044116e-17
5763.113959 7.089838e-17
5765.297052 7.042063e-17
5767.479905 6.945738e-17
5769.663283 6.971135e-17
5771.846327 6.992982e-17
5774.031574 6.690696e-17
5776.213947 6.697830e-17
5778.398517 6.942570e-17
5780.584685 7.065734e-17
5782.768184 6.963919e-17
5784.953547 6.679022e-17
5787.141594 6.625136e-17
5789.327127 6.938179e-17
5791.512982 6.873381e-17
5793.702105 7.045058e-17
5795.887427 6.710681e-17
5798.077151 7.129310e-17
5800.262661 6.763990e-17
5802.453545 7.016976e-17
5804.642210 6.968611e-17
5806.832451 6.802038e-17
5809.020358 6.710910e-17
5811.211258 6.834764e-17
5813.402993 6.592365e-17
5815.595336 6.678128e-17
5817.782925 6.420355e-17
5819.978714 6.467496e-17
5822.169071 6.461748e-17
5824.363470 6.768780e-17
5826.556282 6.700648e-17
5828.745208 6.555198e-17
5830.943533 6.520519e-17
5833.137155 6.312711e-17
5835.333301 6.514368e-17
5837.525222 6.368226e-17
5839.721991 6.115681e-17
5841.913717 5.912656e-17
5844.112613 5.918080e-17
5846.310541 6.212422e-17
5848.503303 5.789960e-17
5850.704394 6.109000e-17
5852.901939 5.999555e-17
5855.096001 5.686426e-17
5857.299014 5.796413e-17
5859.496980 5.848554e-17
5861.695051 5.427652e-17
5863.893128 5.765004e-17
5866.096327 5.675742e-17
5868.296473 5.797548e-17
5870.495600 5.807182e-17
5872.695220 5.694233e-17
5874.890328 5.662438e-17
5877.098735 5.795070e-17
5879.302138 6.152492e-17
5881.502912 5.725578e-17
5883.706482 5.984385e-17
5885.907492 6.033745e-17
5888.115798 5.363028e-17
5890.319715 5.450150e-17
5892.523298 5.060955e-17
5894.728700 5.519908e-17
5896.933281 5.606095e-17
5899.139138 5.607038e-17
5901.343711 5.682449e-17
5903.550389 6.090346e-17
5905.757206 6.310040e-17
5907.960721 6.277282e-17
5910.172248 6.525752e-17
5912.379039 6.559086e-17
5914.587192 6.592877e-17
5916.794476 6.603304e-17
5919.005443 6.968650e-17
5921.214149 6.827133e-17
5923.423720 6.781665e-17
5925.630720 6.821831e-17
5927.841604 7.023197e-17
5930.054306 7.043587e-17
5932.265852 7.306963e-17
5934.475670 6.736919e-17
5936.686649 6.816834e-17
5938.900752 7.221438e-17
5941.113903 7.341774e-17
5943.326009 7.274985e-17
5945.539625 7.423577e-17
5947.753445 7.327629e-17
5949.966511 7.249888e-17
5952.180658 7.332898e-17
5954.396696 7.492062e-17
5956.611484 7.538522e-17
5958.825890 7.544314e-17
5961.041725 7.649793e-17
5963.258006 7.476431e-17
5965.473601 7.572924e-17
5967.691975 7.651479e-17
5969.908978 7.387447e-17
5972.125745 7.314093e-17
5974.344044 7.328061e-17
5976.560720 7.366044e-17
5978.780803 7.506406e-17
5981.000208 7.340240e-17
5983.216732 7.164683e-17
5985.436897 7.343184e-17
5987.658302 7.327620e-17
5989.878899 7.292735e-17
5992.098360 7.268774e-17
5994.320434 7.498102e-17
5996.541050 7.221234e-17
5998.763755 7.415490e-17
6000.984925 7.452599e-17
6003.207527 7.315599e-17
6005.429834 7.161947e-17
6007.654146 7.395570e-17
6009.878914 7.330834e-17
6012.100415 7.301652e-17
6014.326928 7.439327e-17
6016.550939 7.616207e-17
6018.775406 7.484430e-17
6021.000432 7.522064e-17
6023.226428 7.430303e-17
6025.453287 7.412794e-17
6027.679642 8.020886e-17
6029.905011 7.284385e-17
6032.129785 7.415828e-17
6034.359804 7.434863e-17
6036.589007 7.332697e-17
6038.816010 7.451772e-17
6041.046072 7.643756e-17
6043.274993 7.482512e-17
6045.504504 7.500421e-17
6047.732232 7.564803e-17
6049.962505 7.338928e-17
6052.193164 7.834606e-17
6054.424409 7.601872e-17
6056.654441 7.427311e-17
6058.887650 7.320778e-17
6061.119264 7.548662e-17
6063.349229 7.538798e-17
6065.581673 7.537470e-17
6067.815946 7.952218e-17
6070.048307 7.713878e-17
6072.283658 7.636871e-17
6074.516464 7.712505e-17
6076.748527 7.811892e-17
6078.984319 7.902616e-17
6081.218017 7.684274e-17
6083.454204 7.311486e-17
6085.686770 7.389157e-17
6087.925483 7.534642e-17
6090.160878 7.646952e-17
6092.397779 7.642303e-17
6094.633803 7.419642e-17
6096.871967 7.416189e-17
6099.109300 7.560757e-17
6101.346773 7.533677e-17
6103.584375 7.364291e-17
6105.821131 7.651529e-17
6108.063863 7.703942e-17
6110.302176 7.439708e-17
6112.541103 7.394379e-17
6114.782614 7.460588e-17
6117.022488 7.405721e-17
6119.263105 7.575193e-17
6121.503219 7.441592e-17
6123.744900 7.584852e-17
6125.986306 7.293354e-17
6128.228283 7.724316e-17
6130.471750 7.569346e-17
6132.714580 7.239766e-17
6134.956508 7.458805e-17
6137.200374 7.582823e-17
6139.443149 7.191431e-17
6141.687781 7.356663e-17
6143.931869 7.217609e-17
6146.176223 7.049827e-17
6148.421471 7.415574e-17
6150.665898 7.012715e-17
6152.912439 7.127897e-17
6155.155581 6.945367e-17
6157.405057 7.292803e-17
6159.650699 6.843613e-17
6161.895053 6.937339e-17
6164.146438 7.214093e-17
6166.392114 6.613529e-17
6168.638718 6.851124e-17
6170.888028 6.839044e-17
6173.136891 6.553931e-17
6175.384888 6.544967e-17
6177.635228 6.527244e-17
6179.883326 6.583283e-17
6182.135336 6.322641e-17
6184.385300 6.271539e-17
6186.636789 6.182962e-17
6188.888690 6.355036e-17
6191.139314 6.473561e-17
6193.390424 6.571633e-17
6195.642486 6.373598e-17
6197.893750 6.717290e-17
6200.145152 6.274267e-17
6202.398521 6.558884e-17
6204.652915 6.437330e-17
6206.907537 6.800828e-17
6209.161687 6.374542e-17
6211.413695 6.365212e-17
6213.669804 6.405975e-17
6215.922995 6.332685e-17
6218.178294 6.176334e-17
6220.434554 6.345623e-17
6222.690029 6.133167e-17
6224.945112 6.537011e-17
6227.203283 6.703454e-17
6229.459423 6.356728e-17
6231.717860 6.323977e-17
6233.976224 6.428161e-17
6236.232370 6.327414e-17
6238.492704 6.680475e-17
6240.750778 6.602830e-17
6243.007984 6.194036e-17
6245.267911 6.591778e-17
6247.528424 6.716221e-17
6249.782740 6.288715e-17
6252.047004 6.596847e-17
6254.307966 6.707314e-17
6256.568461 6.596429e-17
6258.828212 6.532218e-17
6261.091697 6.731450e-17
6263.351067 6.348734e-17
6265.613080 6.397829e-17
6267.877644 6.772411e-17
6270.138567 6.666779e-17
6272.402050 6.599966e-17
6274.665415 6.678135e-17
6276.929277 6.361841e-17
6279.191858 6.722681e-17
6281.458661 6.847940e-17
6283.720706 6.473041e-17
6285.987761 6.674474e-17
6288.252610 6.781727e-17
6290.518379 6.902944e-17
6292.782628 6.645729e-17
6295.049420 6.663877e-17
6297.314816 6.710443e-17
6299.583921 6.692919e-17
6301.850736 6.883974e-17
6304.117463 6.626489e-17
6306.385381 6.829761e-17
6308.653674 7.137836e-17
6310.921603 6.955954e-17
6313.186276 6.791867e-17
6315.458590 6.971893e-17
6317.726571 6.688871e-17
6319.996274 6.878725e-17
6322.267849 7.268973e-17
6324.539217 7.228218e-17
6326.808880 7.012649e-17
6329.079220 7.306590e-17
6331.350716 7.212650e-17
6333.618088 7.177006e-17
6335.893328 7.113636e-17
6338.164083 7.064094e-17
6340.436269 7.053614e-17
6342.710448 7.205139e-17
6344.983463 7.038462e-17
6347.256503 6.868480e-17
6349.529575 7.250754e-17
6351.805578 7.195554e-17
6354.078920 7.250855e-17
6356.353599 7.257061e-17
6358.628718 7.222210e-17
6360.904451 6.917978e-17
6363.179140 7.369198e-17
6365.455676 7.338860e-17
6367.730798 6.934050e-17
6370.006902 7.374177e-17
6372.284365 7.298117e-17
6374.561153 6.941026e-17
6376.838406 6.779639e-17
6379.115532 5.808543e-17
6381.394310 4.581490e-17
6383.672597 4.538182e-17
6385.950744 4.838183e-17
6388.230359 4.943263e-17
6390.507254 5.270014e-17
6392.789172 6.463653e-17
6395.068667 7.055478e-17
6397.346812 7.048918e-17
6399.628198 7.419835e-17
6401.908812 7.146201e-17
6404.188295 6.952192e-17
6406.468579 7.100486e-17
6408.751124 6.779476e-17
6411.034289 7.044961e-17
6413.316936 7.099069e-17
6415.599800 7.229141e-17
6417.881433 7.074208e-17
6420.164490 6.933250e-17
6422.448713 6.876963e-17
6424.730563 6.756748e-17
6427.015806 6.723564e-17
6429.299846 6.904719e-17
6431.584339 6.528238e-17
6433.868548 6.683882e-17
6436.154810 6.911860e-17
6438.438767 6.545431e-17
6440.725307 6.723438e-17
6443.011687 6.470141e-17
6445.296985 6.364878e-17
6447.584679 6.533050e-17
6449.871427 6.581558e-17
6452.157585 6.510261e-17
6454.445238 6.339904e-17
6456.733253 6.140358e-17
6459.019325 6.357292e-17
6461.311243 6.533188e-17
6463.600037 6.311765e-17
6465.885558 6.224321e-17
6468.177866 6.261208e-17
6470.467623 6.268114e-17
6472.756613 6.092442e-17
6475.045878 5.823496e-17
6477.337634 5.993769e-17
6479.627550 5.970094e-17
6481.918472 5.870046e-17
6484.210834 5.960953e-17
6486.501839 5.855755e-17
6488.793328 5.905117e-17
6491.085722 5.794333e-17
6493.377658 5.731664e-17
6495.669314 5.694454e-17
6497.963937 5.750314e-17
6500.257906 5.609333e-17
6502.552342 5.699805e-17
6504.845909 5.652305e-17
6507.137739 5.360196e-17
6509.433556 5.440622e-17
6511.728099 5.193959e-17
6514.023526 5.378639e-17
6516.317834 5.239850e-17
6518.614405 4.985318e-17
6520.910744 5.130337e-17
6523.205886 4.906545e-17
6525.501638 4.907801e-17
6527.801507 4.989632e-17
6530.096712 4.707162e-17
6532.395626 4.851018e-17
6534.692779 4.662360e-17
6536.989837 4.500139e-17
6539.287890 4.634659e-17
6541.585977 4.583005e-17
6543.884708 4.506738e-17
6546.185681 4.813717e-17
6548.485853 4.669751e-17
6550.776626 4.361517e-17
6553.084954 4.681595e-17
6555.386214 4.357967e-17
6557.677945 4.138681e-17
6559.988123 4.435615e-17
6562.284257 3.908675e-17
6564.589079 4.283577e-17
6566.890327 4.130860e-17
6569.192466 4.324477e-17
6571.491635 3.920695e-17
6573.795075 4.721711e-17
6576.101595 4.249859e-17
6578.404388 4.143466e-17
6580.705607 3.869658e-17
6583.010423 4.053169e-17
6585.306862 3.930287e-17
6587.627510 4.731082e-17
6589.948558 7.020775e-17
6592.268339 1.057627e-16
6594.558196 6.428526e-17
6596.859984 7.307660e-17
6599.143399 3.783605e-17
6601.450446 4.081709e-17
6603.755930 3.846426e-17
6606.059119 3.718586e-17
6608.367766 3.955700e-17
6610.674837 3.765385e-17
6612.976191 3.753871e-17
6615.294903 4.254301e-17
6617.598782 4.078547e-17
6619.908652 4.631804e-17
6622.214466 4.176754e-17
6624.523199 4.075235e-17
6626.831283 4.410548e-17
6629.142425 4.251866e-17
6631.450590 4.172819e-17
6633.757955 3.892346e-17
6636.070751 4.243258e-17
6638.381711 4.416317e-17
6640.690696 4.498564e-17
6643.002256 4.263434e-17
6645.313571 4.517890e-17
6647.625870 4.409435e-17
6649.934801 4.246169e-17
6652.247026 4.600820e-17
6654.562652 4.606379e-17
6656.873733 4.381808e-17
6659.185794 4.630349e-17
6661.499345 4.747294e-17
6663.812405 4.722553e-17
6666.126488 4.860306e-17
6668.440270 4.853363e-17
6670.755718 5.002607e-17
6673.071166 5.277358e-17
6675.385032 4.964642e-17
6677.700304 5.026115e-17
6680.016356 5.264758e-17
6682.329527 5.170631e-17
6684.647056 5.360257e-17
6686.962999 5.430867e-17
6689.278633 5.352923e-17
6691.594086 5.508473e-17
6693.911750 5.625449e-17
6696.229687 5.633611e-17
6698.545875 5.487045e-17
6700.864909 5.528498e-17
6703.181164 5.795002e-17
6705.500346 5.762708e-17
6707.818313 5.927377e-17
6710.138379 5.848371e-17
6712.457343 5.665033e-17
6714.776165 5.860802e-17
6717.095687 6.054665e-17
6719.415273 5.907359e-17
6721.736074 5.864268e-17
6724.055547 6.151226e-17
6726.376523 5.934830e-17
6728.697249 6.401228e-17
6731.019041 6.054407e-17
6733.339831 6.317037e-17
6735.662025 6.255451e-17
6737.984153 6.182712e-17
6740.305594 6.254384e-17
6742.628909 6.339144e-17
6744.950060 6.248973e-17
6747.272401 6.222873e-17
6749.596995 6.397446e-17
6751.920976 6.565701e-17
6754.242687 6.394892e-17
6756.568882 6.468370e-17
6758.892468 6.592316e-17
6761.218808 6.619949e-17
6763.542271 6.431247e-17
6765.867429 6.440961e-17
6768.191709 6.336689e-17
6770.517599 6.858793e-17
6772.844065 6.841594e-17
6775.169998 6.519080e-17
6777.495744 6.730234e-17
6779.823416 6.727484e-17
6782.150548 6.746099e-17
6784.477292 6.625436e-17
6786.804712 6.669313e-17
6789.131643 6.754835e-17
6791.460269 6.750536e-17
6793.787748 6.818349e-17
6796.116946 6.811908e-17
6798.444770 6.604611e-17
6800.773992 6.904969e-17
6803.102954 6.583958e-17
6805.432385 6.798577e-17
6807.762784 6.797400e-17
6810.091999 6.687568e-17
6812.422434 7.026486e-17
6814.752929 6.899093e-17
6817.083725 6.930343e-17
6819.415339 6.899133e-17
6821.745218 7.036079e-17
6824.077579 6.900107e-17
6826.410045 6.864574e-17
6828.741127 7.182266e-17
6831.074799 6.770569e-17
6833.407411 6.937113e-17
6835.740137 7.226224e-17
6838.073148 7.286571e-17
6840.406580 7.006743e-17
6842.739736 6.930167e-17
6845.073144 7.002615e-17
6847.407068 6.773084e-17
6849.737286 7.211966e-17
6852.075868 7.098544e-17
6854.412570 6.775392e-17
6856.746059 7.062111e-17
6859.080472 6.792560e-17
6861.416214 7.003241e-17
6863.752980 6.855959e-17
6866.089255 6.812268e-17
6868.425618 5.948026e-17
6870.761929 5.350756e-17
6873.098396 5.008332e-17
6875.435829 5.295973e-17
6877.773361 5.724422e-17
6880.110013 6.068442e-17
6882.448219 6.028907e-17
6884.786462 6.550165e-17
6887.125114 6.428341e-17
6889.462701 5.944682e-17
6891.800808 6.128493e-17
6894.141057 6.198877e-17
6896.479733 5.985949e-17
6898.819746 6.037157e-17
6901.158970 6.475935e-17
6903.499169 6.399856e-17
6905.840121 6.293083e-17
6908.180499 6.518776e-17
6910.520769 6.388747e-17
6912.861884 6.497599e-17
6915.203586 6.505622e-17
6917.545403 6.542318e-17
6919.886955 6.490280e-17
6922.225244 7.198092e-17
6924.570945 6.420347e-17
6926.914020 6.676963e-17
6929.256380 6.838819e-17
6931.599626 6.572510e-17
6933.942401 6.606175e-17
6936.284100 7.120872e-17
6938.628436 6.655787e-17
6940.974177 6.681811e-17
6943.315621 6.746516e-17
6945.662467 6.606414e-17
6948.006808 6.686876e-17
6950.351400 6.900772e-17
6952.696790 6.478832e-17
6955.042198 6.506747e-17
6957.388545 6.779377e-17
6959.734401 6.558986e-17
6962.080473 6.546174e-17
6964.426737 6.736242e-17
6966.772761 6.383594e-17
6969.119744 6.577101e-17
6971.467010 6.404260e-17
6973.814223 6.454816e-17
6976.161964 6.413907e-17
6978.510296 6.414664e-17
6980.858294 6.634828e-17
6983.206323 6.483271e-17
6985.555308 6.589431e-17
6987.903951 6.631180e-17
6990.252586 6.434176e-17
6992.601506 6.221011e-17
6994.951443 6.554596e-17
6997.301556 6.578352e-17
6999.651747 6.497637e-17
7002.001466 6.554122e-17
7004.352691 6.556284e-17
7006.703196 6.538248e-17
7009.053981 6.416373e-17
7011.403723 6.057110e-17
7013.756420 6.547139e-17
7016.107681 6.328916e-17
7018.459511 6.402202e-17
7020.812018 6.505323e-17
7023.163923 6.376704e-17
7025.516622 6.278906e-17
7027.869948 6.321759e-17
7030.222186 6.656707e-17
7032.575921 6.298165e-17
7034.929963 6.184615e-17
7037.283158 6.121754e-17
7039.637606 6.356624e-17
7041.991401 5.995375e-17
7044.346349 6.257142e-17
7046.700030 6.135139e-17
7049.056172 6.202086e-17
7051.410864 6.130371e-17
7053.766941 6.209604e-17
7056.122500 6.378030e-17
7058.477945 6.201808e-17
7060.833768 5.988100e-17
7063.190545 6.306455e-17
7065.547016 6.273515e-17
7067.903459 6.117931e-17
7070.261130 6.223856e-17
7072.618156 6.132084e-17
7074.975669 6.241315e-17
7077.333236 6.186430e-17
7079.691282 6.260602e-17
7082.049348 6.237959e-17
7084.407542 6.209739e-17
7086.766688 6.121968e-17
7089.125510 6.107764e-17
7091.483763 6.221582e-17
7093.843945 6.213959e-17
7096.203206 6.293495e-17
7098.562981 6.135746e-17
7100.922954 6.051021e-17
7103.283271 5.826638e-17
7105.643181 5.858121e-17
7108.004131 6.303603e-17
7110.365874 6.328810e-17
7112.726677 6.495297e-17
7115.088360 6.313878e-17
7117.449720 6.087668e-17
7119.811592 5.838716e-17
7122.173985 5.941608e-17
7124.535434 5.875488e-17
7126.898485 6.056843e-17
7129.261549 6.366268e-17
7131.624997 6.729836e-17
7133.987019 6.534242e-17
7136.350806 6.616566e-17
7138.713949 6.021920e-17
7141.078053 5.876182e-17
7143.441719 6.211696e-17
7145.807397 5.913184e-17
7148.171158 5.774440e-17
7150.536677 5.893458e-17
7152.901369 5.860293e-17
7155.266201 5.776342e-17
7157.632311 5.795290e-17
7159.997700 5.599694e-17
7162.363218 5.652612e-17
7164.730200 5.751976e-17
7167.096195 5.492587e-17
7169.462791 5.750387e-17
7171.829797 5.505064e-17
7174.196932 5.629488e-17
7176.564205 5.815631e-17
7178.931690 5.405004e-17
7181.299345 5.469943e-17
7183.666587 5.354358e-17
7186.035364 5.365459e-17
7188.403855 5.278026e-17
7190.772063 5.257404e-17
7193.140912 5.347232e-17
7195.510263 5.553762e-17
7197.879322 5.428559e-17
7200.248496 5.318019e-17
7202.618399 5.230775e-17
7204.988270 5.382330e-17
7207.358394 5.454136e-17
7209.729009 5.504455e-17
7212.099322 5.508534e-17
7214.470072 5.573697e-17
7216.841020 5.424065e-17
7219.212466 5.731697e-17
7221.583517 5.437567e-17
7223.955431 5.619753e-17
7226.327315 5.522060e-17
7228.699500 5.490118e-17
7231.071885 5.573598e-17
7233.444544 5.660305e-17
7235.816865 5.109008e-17
7238.190367 5.184649e-17
7240.563484 5.292560e-17
7242.936829 5.466452e-17
7245.310570 4.882318e-17
7247.684456 5.469044e-17
7250.058278 5.166304e-17
7252.432656 5.047657e-17
7254.807186 5.397824e-17
7257.181534 5.202475e-17
7259.556570 5.377810e-17
7261.931892 5.330458e-17
7264.306551 5.024435e-17
7266.682652 5.494112e-17
7269.058652 5.173983e-17
7271.434494 5.156444e-17
7273.810879 5.432483e-17
7276.187229 5.078856e-17
7278.564021 5.596375e-17
7280.940843 5.208601e-17
7283.317864 5.228638e-17
7285.694831 5.036270e-17
7288.072631 5.116642e-17
7290.450320 5.409962e-17
7292.827979 5.352637e-17
7295.206410 5.232383e-17
7297.584576 5.358203e-17
7299.962977 5.212142e-17
7302.341792 5.105873e-17
7304.721047 5.184877e-17
7307.100004 5.148757e-17
7309.479635 4.987873e-17
7311.859272 5.057926e-17
7314.238892 4.794848e-17
7316.619158 5.092086e-17
7318.999402 5.052980e-17
7321.379678 4.928131e-17
7323.760547 5.056864e-17
7326.141418 5.203892e-17
7328.522358 4.930256e-17
7330.903817 5.155307e-17
7333.285344 5.255026e-17
7335.666925 5.004475e-17
7338.049003 4.845753e-17
7340.431154 5.404082e-17
7342.813525 5.048588e-17
7345.196077 4.795128e-17
7347.578798 5.306158e-17
7349.961580 5.124846e-17
7352.344986 5.297578e-17
7354.728412 5.250889e-17
7357.112020 5.231314e-17
7359.495732 4.757041e-17
7361.879849 5.266118e-17
7364.264083 5.164916e-17
7366.648483 4.461914e-17
7369.033150 5.159000e-17
7371.417999 5.146921e-17
7373.803059 4.865482e-17
7376.188322 4.948560e-17
7378.573806 4.676845e-17
7380.959502 4.887269e-17
7383.345385 5.030297e-17
7385.731486 5.062160e-17
7388.117760 4.856788e-17
7390.504267 4.893445e-17
7392.890958 4.956871e-17
7395.277962 4.594894e-17
7397.665035 4.765449e-17
7400.052292 5.034792e-17
7402.439812 4.775919e-17
7404.827553 4.835562e-17
7407.215498 4.862506e-17
7409.603822 4.696737e-17
7411.992079 4.880943e-17
7414.380635 4.654705e-17
7416.769297 4.918926e-17
7419.158294 4.907309e-17
7421.547651 4.919981e-17
7423.936910 4.788690e-17
7426.326404 4.927444e-17
7428.716253 4.709079e-17
7431.106167 4.854515e-17
7433.496271 5.097614e-17
7435.886628 4.887020e-17
7438.277436 4.648759e-17
7440.667993 4.834853e-17
7443.058982 4.929440e-17
7445.450494 4.737748e-17
7447.841669 4.879845e-17
7450.233400 4.867564e-17
7452.625354 4.572075e-17
7455.017168 4.879338e-17
7457.409305 4.667301e-17
7459.801936 4.700196e-17
7462.194220 4.717024e-17
7464.587110 4.856399e-17
7466.980294 4.627540e-17
7469.373149 5.128984e-17
7471.766477 4.925321e-17
7474.160117 4.808948e-17
7476.554016 4.835248e-17
7478.947836 4.967213e-17
7481.342454 4.722402e-17
7483.736325 5.098980e-17
7486.130976 4.750642e-17
7488.526230 4.797938e-17
7490.920794 4.883016e-17
7493.315972 4.931878e-17
7495.711683 4.575438e-17
7498.107540 4.822111e-17
7500.502977 4.728013e-17
7502.899093 4.850026e-17
7505.295191 4.743117e-17
7507.691880 4.474251e-17
7510.087996 4.658697e-17
7512.484926 4.710469e-17
7514.881679 4.949616e-17
7517.278711 4.764061e-17
7519.676281 4.950242e-17
7522.073599 4.830526e-17
7524.471352 4.609719e-17
7526.869276 4.485441e-17
7529.267341 4.613874e-17
7531.665757 4.781081e-17
7534.064510 4.659890e-17
7536.462963 4.711016e-17
7538.862703 4.561744e-17
7541.261183 4.683058e-17
7543.660404 4.541748e-17
7546.060018 4.793249e-17
7548.459966 4.721498e-17
7550.859807 4.539619e-17
7553.260093 4.571349e-17
7555.660707 4.508942e-17
7558.060461 4.563190e-17
7560.461049 4.584474e-17
7562.861788 4.620351e-17
7565.262822 4.582241e-17
7567.664077 4.644000e-17
7570.065254 4.878698e-17
7572.467554 4.440196e-17
7574.868877 4.544291e-17
7577.271536 4.605867e-17
7579.674214 4.650835e-17
7582.076360 4.635405e-17
7584.479348 4.405358e-17
7586.881288 4.495559e-17
7589.283942 4.440461e-17
7591.687295 4.276932e-17
7594.090706 4.130420e-17
7596.494003 3.450176e-17
7598.897444 2.497162e-17
7601.301404 1.921831e-17
7603.705685 1.592527e-17
7606.109779 1.354813e-17
7608.514390 1.432463e-17
7610.919269 1.413675e-17
7613.324349 1.782630e-17
7615.729576 2.181841e-17
7618.134626 2.810381e-17
7620.539866 3.453384e-17
7622.945397 3.411467e-17
7625.351609 2.752329e-17
7627.757439 2.491276e-17
7630.163454 2.374449e-17
7632.570116 2.501325e-17
7634.976550 2.565753e-17
7637.383702 2.599373e-17
7639.790785 2.578432e-17
7642.197890 2.753434e-17
7644.606570 2.682725e-17
7647.012576 2.973506e-17
7649.420344 3.014802e-17
7651.829261 3.195225e-17
7654.236310 3.435167e-17
7656.644732 3.498122e-17
7659.054646 3.303597e-17
7661.462428 3.591569e-17
7663.871364 3.660809e-17
7666.280268 3.799991e-17
7668.688986 3.912249e-17
7671.099065 4.134484e-17
7673.509551 3.779721e-17
7675.918746 4.077342e-17
7678.328073 4.136908e-17
7680.740911 3.862735e-17
7683.149211 4.205130e-17
7685.559820 3.790384e-17
7687.969767 4.255136e-17
7690.380464 3.966076e-17
7692.791785 4.145428e-17
7695.203670 4.075727e-17
7697.614222 4.037492e-17
7700.026266 4.100999e-17
7702.437891 4.118772e-17
7704.849556 4.016186e-17
7707.261897 4.124397e-17
7709.674018 4.128566e-17
7712.086863 4.132784e-17
7714.499406 4.058925e-17
7716.912258 4.181628e-17
7719.325462 3.821340e-17
7721.738831 4.140550e-17
7724.152883 4.010029e-17
7726.566073 3.965948e-17
7728.979651 4.001953e-17
7731.392526 4.106793e-17
7733.807862 4.075114e-17
7736.222630 4.252827e-17
7738.638242 4.124816e-17
7741.051689 4.121876e-17
7743.467012 4.142840e-17
7745.883061 4.097801e-17
7748.297025 4.265843e-17
7750.712576 3.998915e-17
7753.128214 3.989959e-17
7755.544012 4.333359e-17
7757.960777 4.037626e-17
7760.376350 4.209486e-17
7762.792631 4.131973e-17
7765.209549 4.094781e-17
7767.626629 4.128388e-17
7770.045631 4.021345e-17
7772.460934 4.198062e-17
7774.877583 4.176177e-17
7777.295488 4.141199e-17
7779.712765 4.079723e-17
7782.130347 4.295860e-17
7784.549780 3.923417e-17
7786.966713 4.231995e-17
7789.385410 4.097686e-17
7791.803911 4.065126e-17
7794.222324 3.963220e-17
7796.641281 3.961618e-17
7799.060189 4.244125e-17
7801.479852 4.020932e-17
7803.899110 4.336618e-17
7806.320279 4.319099e-17
7808.738674 4.237776e-17
7811.158519 4.182475e-17
7813.579476 4.000916e-17
7815.999121 4.266155e-17
7818.419734 4.181851e-17
7820.840661 4.162215e-17
7823.261254 4.034301e-17
7825.682322 4.063681e-17
7828.103573 4.331764e-17
7830.525459 4.199414e-17
7832.947451 4.327320e-17
7835.370191 4.503070e-17
7837.790677 4.245306e-17
7840.212641 4.338998e-17
7842.635212 4.374036e-17
7845.057570 4.352504e-17
7847.479968 4.526061e-17
7849.902547 4.399165e-17
7852.325844 4.118486e-17
7854.749109 4.299819e-17
7857.172275 4.380691e-17
7859.595723 4.352043e-17
7862.019804 4.230961e-17
7864.443611 4.446113e-17
7866.867149 4.430042e-17
7869.292258 4.316449e-17
7871.716879 4.370863e-17
7874.140636 4.283430e-17
7876.565368 3.717865e-17
