3635.313530 2.582032e-17
3636.769107 3.428141e-17
3638.220287 7.186406e-17
3639.681364 3.141246e-17
3641.138105 5.817395e-17
3642.596816 4.112236e-17
3644.059460 6.092268e-17
3645.518755 5.881944e-17
3646.978334 4.950069e-17
3648.444973 9.674183e-17
3649.906811 7.789521e-17
3651.371428 1.062994e-16
3652.837473 7.625603e-17
3654.303949 3.704697e-17
3655.769648 7.856848e-17
3657.237537 6.657836e-17
3658.707831 2.253941e-17
3660.177574 6.650815e-17
3661.649517 5.182689e-17
3663.120313 9.042439e-17
3664.593675 9.082690e-17
3666.068013 7.636966e-17
3667.542327 6.350935e-17
3669.018361 5.222227e-17
3670.497085 5.456206e-17
3671.973045 5.619021e-17
3673.450046 3.155665e-17
3674.929421 6.828960e-17
3676.409679 5.297525e-17
3677.885445 2.240059e-17
3679.370777 4.354956e-17
3680.855093 9.279460e-17
3682.330774 1.352087e-17
3683.824901 4.069400e-17
3685.308374 9.329317e-17
3686.796740 4.640663e-17
3688.280897 7.868320e-18
3689.770825 9.743409e-17
3691.261375 6.524598e-17
3692.740817 5.091088e-17
3694.243442 4.617235e-17
3695.733141 6.400591e-17
3697.224180 8.760108e-17
3698.722872 6.457043e-17
3700.213281 2.147015e-17
3701.710030 5.970247e-17
3703.204016 4.869377e-17
3704.703928 5.413673e-17
3706.200628 1.587563e-17
3707.699143 6.712570e-17
3709.202093 6.226932e-17
3710.700109 6.127492e-17
3712.201884 5.900981e-17
3713.704945 5.642967e-17
3715.211037 6.058851e-17
3716.709883 6.893487e-17
3718.220081 4.119250e-17
3719.723434 6.459053e-17
3721.229064 7.764002e-17
3722.738825 7.339813e-17
3724.245716 7.749529e-17
3725.755270 5.505384e-17
3727.267882 5.019831e-17
3728.778690 1.064797e-16
3730.289517 4.534258e-17
3731.802364 3.413295e-17
3733.319810 5.683026e-17
3734.836229 3.655942e-17
3736.350682 6.792524e-17
3737.865169 7.481915e-17
3739.382325 8.105174e-17
3740.901750 8.197686e-17
3742.419565 6.875079e-17
3743.943309 4.662888e-17
3745.461739 6.185716e-17
3746.985856 1.294558e-16
3748.505452 8.074610e-17
3750.030005 8.286748e-17
3751.555526 7.378735e-17
3753.080266 5.902375e-17
3754.607184 7.847358e-17
3756.143220 4.762713e-17
3757.665099 5.967602e-17
3759.193125 9.713604e-17
3760.722075 6.910653e-17
3762.253123 6.699456e-17
3763.780426 4.152708e-17
3765.316347 8.689977e-17
3766.849010 5.270662e-17
3768.390773 7.343046e-17
3769.916994 5.553554e-17
3771.453564 9.168751e-17
3772.989668 8.067056e-17
3774.526742 8.757613e-17
3776.067455 9.952540e-17
3777.610380 6.878092e-17
3779.146730 7.841804e-17
3780.686399 7.398828e-17
3782.227251 8.654066e-17
3783.775301 7.978375e-17
3785.317388 6.434446e-17
3786.863655 1.080294e-16
3788.406458 4.298431e-17
3789.955488 9.171325e-17
3791.499165 6.689075e-17
3793.047920 4.331469e-17
3794.595756 6.395133e-17
3796.145828 7.880967e-17
3797.698113 6.947729e-17
3799.248812 8.010591e-17
3800.801092 6.726890e-17
3802.353892 7.838278e-17
3803.907180 7.379594e-17
3805.464043 4.351811e-17
3807.017533 7.227124e-17
3808.576916 9.264328e-17
3810.133579 9.644000e-17
3811.693562 1.314720e-16
3813.249478 1.457523e-16
3814.822163 2.269522e-16
3816.381870 2.061822e-16
3817.933547 1.969620e-16
3819.500221 1.420810e-16
3821.059437 5.596931e-17
3822.622485 7.053284e-17
3824.187882 7.683416e-17
3825.754302 6.884981e-17
3827.322670 6.843238e-17
3828.888493 4.261040e-17
3830.457424 5.541040e-17
3832.024299 6.671065e-17
3833.594967 4.892375e-17
3835.167530 5.232152e-17
3836.738429 7.742147e-17
3838.309760 7.937752e-17
3839.885603 6.315088e-17
3841.464487 4.062555e-17
3843.035098 5.988941e-17
3844.625467 7.457840e-17
3846.189953 6.758741e-17
3847.766121 5.973313e-17
3849.345150 5.641632e-17
3850.926132 6.175515e-17
3852.505272 4.141964e-17
3854.085785 6.793290e-17
3855.669553 6.478769e-17
3857.248837 4.784809e-17
3858.834405 7.092420e-17
3860.419526 6.151056e-17
3862.004119 5.939294e-17
3863.580666 4.708362e-17
3865.178698 6.594122e-17
3866.765273 6.855751e-17
3868.354708 5.475862e-17
3869.943410 4.227680e-17
3871.534091 3.624758e-17
3873.123281 4.745990e-17
3874.718206 4.985953e-17
3876.306395 4.699232e-17
3877.902181 3.973011e-17
3879.497766 4.342516e-17
3881.093972 4.933129e-17
3882.690802 3.768413e-17
3884.286029 3.943553e-17
3885.883231 3.697591e-17
3887.481921 3.022338e-17
3889.080074 5.538649e-17
3890.681576 4.628246e-17
3892.283541 4.179644e-17
3893.886205 4.980330e-17
3895.487437 2.873945e-17
3897.089312 3.622972e-17
3898.696991 3.806070e-17
3900.298005 2.444841e-17
3901.905176 4.199019e-17
3903.514592 4.115520e-17
3905.121005 4.604650e-17
3906.729443 5.480008e-17
3908.339477 4.901160e-17
3909.949756 4.392942e-17
3911.559929 4.644773e-17
3913.171393 4.506482e-17
3914.784284 3.942666e-17
3916.399051 4.913251e-17
3918.013895 4.495178e-17
3919.627298 3.838552e-17
3921.245604 4.530132e-17
3922.861877 4.222132e-17
3924.478724 5.782065e-17
3926.097296 5.495645e-17
3927.717227 6.175071e-17
3929.335234 4.789916e-17
3930.956569 4.526256e-17
3932.577144 5.880276e-17
3934.210143 5.841090e-17
3935.823188 4.613887e-17
3937.445708 5.110888e-17
3939.070484 6.225227e-17
3940.696593 6.476289e-17
3942.322167 4.385328e-17
3943.949173 6.369857e-17
3945.579404 6.934458e-17
3947.206794 6.619896e-17
3948.836990 6.813456e-17
3950.467485 8.436946e-17
3952.097613 7.015270e-17
3953.734266 6.783923e-17
3955.362084 7.342121e-17
3956.997582 7.953327e-17
3958.630720 7.639599e-17
3960.267465 9.561381e-17
3961.903263 9.331004e-17
3963.541929 8.605151e-17
3965.177508 6.535873e-17
3966.816389 6.756559e-17
3968.454217 6.494148e-17
3970.093941 6.303538e-17
3971.735429 7.765730e-17
3973.370048 5.853902e-17
3975.019955 7.199879e-17
3976.663144 7.873210e-17
3978.305258 6.260118e-17
3979.954357 9.016842e-17
3981.596917 7.667728e-17
3983.244351 1.006559e-16
3984.891410 7.786546e-17
3986.541380 7.651397e-17
3988.186829 7.510563e-17
3989.838398 7.338366e-17
3991.488390 7.743358e-17
3993.140799 8.002482e-17
3994.791931 7.692599e-17
3996.445016 8.396727e-17
3998.097214 6.674702e-17
3999.751565 8.249493e-17
4001.407238 8.275532e-17
4003.067040 7.439272e-17
4004.719531 8.979228e-17
4006.377710 7.632237e-17
4008.036124 9.293535e-17
4009.695489 8.141795e-17
4011.353642 9.117855e-17
4013.015695 8.420592e-17
4014.675499 8.595615e-17
4016.340772 1.024259e-16
4018.002038 9.347954e-17
4019.666182 9.620985e-17
4021.330597 9.445137e-17
4022.995012 1.059907e-16
4024.661381 9.306564e-17
4026.327529 1.028703e-16
4028.002489 9.973734e-17
4029.666738 9.546280e-17
4031.334163 9.505340e-17
4033.004268 9.004238e-17
4034.673099 1.000697e-16
4036.345365 1.059776e-16
4038.013449 9.905982e-17
4039.691564 1.003796e-16
4041.364158 9.465093e-17
4043.040213 9.022791e-17
4044.709799 1.060594e-16
4046.390999 9.155484e-17
4048.068534 1.056668e-16
4049.745418 1.048145e-16
4051.425580 1.206642e-16
4053.103903 1.121055e-16
4054.785527 1.119761e-16
4056.464594 1.093066e-16
4058.147544 1.057325e-16
4059.828912 1.043869e-16
4061.512585 1.265926e-16
4063.205930 1.331824e-16
4064.884329 1.287948e-16
4066.567505 1.100134e-16
4068.252666 1.086908e-16
4069.939900 1.062413e-16
4071.627877 1.026390e-16
4073.317353 1.082681e-16
4075.005113 9.344457e-17
4076.695580 1.098111e-16
4078.387325 1.108818e-16
4080.077082 1.026170e-16
4081.771546 1.032728e-16
4083.462957 1.028778e-16
4085.158375 9.714428e-17
4086.848166 9.856838e-17
4088.539258 1.043490e-16
4090.244741 1.120199e-16
4091.940206 1.042584e-16
4093.629012 1.128448e-16
4095.327387 1.034125e-16
4097.029659 1.133626e-16
4098.726086 1.128650e-16
4100.436639 9.866780e-17
4102.137613 1.071306e-16
4103.840421 1.070422e-16
4105.543503 1.003240e-16
4107.246974 9.607853e-17
4108.950763 1.122557e-16
4110.655302 1.175719e-16
4112.363516 1.006743e-16
4114.068760 9.836932e-17
4115.777009 1.067642e-16
4117.484288 1.092832e-16
4119.194169 1.149024e-16
4120.903690 9.715929e-17
4122.616263 1.056656e-16
4124.325937 1.011763e-16
4126.038465 1.099232e-16
4127.751233 1.086918e-16
4129.464644 1.165822e-16
4131.176623 1.080839e-16
4132.894229 1.101496e-16
4134.608130 1.148141e-16
4136.325231 1.123979e-16
4138.043266 1.093319e-16
4139.760680 1.142108e-16
4141.479573 1.209143e-16
4143.198870 1.234545e-16
4144.923015 1.130426e-16
4146.647988 1.083864e-16
4148.361269 9.425991e-17
4150.127374 1.090785e-16
4151.829191 1.246788e-16
4153.533114 1.320078e-16
4155.256235 1.160537e-16
4156.980988 1.240834e-16
4158.706731 1.281782e-16
4160.433570 1.060245e-16
4162.161690 1.082508e-16
4163.889932 1.190803e-16
4165.619323 1.282229e-16
4167.350907 1.150969e-16
4169.080683 1.108596e-16
4170.811507 1.146530e-16
4172.543324 1.272724e-16
4174.277665 1.092035e-16
4176.010280 1.073058e-16
4177.745433 1.159576e-16
4179.478904 1.136067e-16
4181.214151 1.130320e-16
4182.951938 1.080981e-16
4184.687900 1.081228e-16
4186.426254 1.107485e-16
4188.166312 1.105532e-16
4189.899884 9.882865e-17
4191.644178 1.195386e-16
4193.384863 1.170126e-16
4195.119165 1.105763e-16
4196.868679 1.181802e-16
4198.617452 1.303703e-16
4200.361908 1.349179e-16
4202.105028 1.314745e-16
4203.844088 1.074419e-16
4205.590351 1.201934e-16
4207.337812 1.185085e-16
4209.085161 1.095496e-16
4210.832274 1.046072e-16
4212.582746 1.129770e-16
4214.331906 1.071107e-16
4216.083462 1.109355e-16
4217.834263 1.242788e-16
4219.593346 1.232818e-16
4221.339526 1.223601e-16
4223.090910 1.116287e-16
4224.849535 1.076510e-16
4226.599574 1.266117e-16
4228.353942 1.113082e-16
4230.110124 1.191510e-16
4231.867661 1.161155e-16
4233.625888 1.104886e-16
4235.383278 1.068490e-16
4237.142151 1.135163e-16
4238.902679 1.053575e-16
4240.662712 1.133356e-16
4242.422380 1.113138e-16
4244.184435 1.079276e-16
4245.948481 1.095907e-16
4247.710107 1.098710e-16
4249.475906 1.160724e-16
4251.238684 1.165061e-16
4253.003434 1.159071e-16
4254.771813 1.117099e-16
4256.538375 1.047365e-16
4258.310829 1.077027e-16
4260.074036 1.048287e-16
4261.841818 1.083828e-16
4263.610559 1.136464e-16
4265.381724 1.025794e-16
4267.152902 1.156412e-16
4268.923978 1.025086e-16
4270.696457 1.079075e-16
4272.470614 1.079364e-16
4274.245090 1.110377e-16
4276.019112 1.159230e-16
4277.793399 1.073996e-16
4279.570704 1.101388e-16
4281.347317 1.092507e-16
4283.123146 1.031766e-16
4284.901281 1.060278e-16
4286.679927 1.052413e-16
4288.460636 1.108693e-16
4290.240272 9.331044e-17
4292.021505 1.015070e-16
4293.803100 1.024868e-16
4295.583799 1.045117e-16
4297.369100 1.032212e-16
4299.151042 1.003135e-16
4300.935671 1.045998e-16
4302.722433 9.972811e-17
4304.501057 1.037423e-16
4306.294556 1.053146e-16
4308.080041 1.009575e-16
4309.868864 1.064116e-16
4311.657264 1.053449e-16
4313.445328 1.011830e-16
4315.236001 1.029071e-16
4317.026872 9.972796e-17
4318.819124 9.465528e-17
4320.610060 9.663653e-17
4322.403560 1.008422e-16
4324.195981 9.975660e-17
4325.990437 9.704415e-17
4327.785316 1.017830e-16
4329.579333 9.360218e-17
4331.376701 8.917002e-17
4333.173370 1.082474e-16
4334.971296 8.853241e-17
4336.769748 9.319009e-17
4338.568656 1.050923e-16
4340.368860 1.018190e-16
4342.168079 9.863498e-17
4343.969602 1.004663e-16
4345.771616 9.143707e-17
4347.572200 9.590642e-17
4349.376571 1.054497e-16
4351.179659 1.007949e-16
4352.984500 9.920625e-17
4354.791391 9.671977e-17
4356.595574 9.682256e-17
4358.402248 1.052762e-16
4360.209858 9.187333e-17
4362.017239 9.615572e-17
4363.825858 1.009299e-16
4365.635019 1.031310e-16
4367.445226 1.037259e-16
4369.260369 1.074259e-16
4371.066557 1.003466e-16
4372.878338 1.016673e-16
4374.691445 1.071269e-16
4376.504596 1.004008e-16
4378.318382 9.787414e-17
4380.133643 1.083495e-16
4381.947644 1.010324e-16
4383.764562 1.057457e-16
4385.580538 1.054167e-16
4387.398939 1.050178e-16
4389.216030 1.041405e-16
4391.043014 1.056840e-16
4392.854638 1.072019e-16
4394.674566 1.080104e-16
4396.494663 1.030654e-16
4398.316276 9.972247e-17
4400.139234 9.789233e-17
4401.961715 1.026879e-16
4403.784585 9.804081e-17
4405.603527 1.017398e-16
4407.433646 1.060828e-16
4409.258924 1.036249e-16
4411.084841 1.057224e-16
4412.910668 1.048306e-16
4414.739231 1.011099e-16
4416.566484 1.034810e-16
4418.395819 9.591879e-17
4420.225000 9.962318e-17
4422.054433 9.988875e-17
4423.885821 9.497447e-17
4425.717796 9.318911e-17
4427.548993 9.917616e-17
4429.382666 9.508979e-17
4431.215459 9.233149e-17
4433.046886 9.763500e-17
4434.885115 9.804409e-17
4436.720129 9.668737e-17
4438.556326 9.557400e-17
4440.392597 1.076411e-16
4442.229687 1.210229e-16
4444.074098 1.295366e-16
4445.916539 1.224417e-16
4447.748546 1.103909e-16
4449.586157 9.777060e-17
4451.426987 9.237286e-17
4453.261964 9.376108e-17
4455.110190 8.487894e-17
4456.952481 9.296186e-17
4458.795183 9.494259e-17
4460.640293 9.644902e-17
4462.484086 9.823377e-17
4464.329415 9.523360e-17
4466.176251 1.058072e-16
4468.022316 1.001949e-16
4469.868949 1.011605e-16
4471.716560 9.543713e-17
4473.565679 9.883902e-17
4475.415406 9.662849e-17
4477.259758 8.930553e-17
4479.115139 9.014531e-17
4480.965684 9.478931e-17
4482.818467 9.307064e-17
4484.676098 8.875084e-17
4486.523352 9.356617e-17
4488.377198 8.855972e-17
4490.231922 8.679393e-17
4492.086613 9.291998e-17
4493.942331 9.102060e-17
4495.798426 9.244297e-17
4497.662677 9.121299e-17
4499.513120 8.344393e-17
4501.371821 9.207734e-17
4503.229934 8.547789e-17
4505.090572 8.871769e-17
4506.949449 7.972283e-17
4508.811186 9.259146e-17
4510.670031 9.583492e-17
4512.534178 9.497176e-17
4514.390775 8.579419e-17
4516.252339 8.865044e-17
4518.124670 9.194119e-17
4519.989556 9.892105e-17
4521.854031 9.007207e-17
4523.720183 9.342501e-17
4525.587828 8.963070e-17
4527.454615 9.434918e-17
4529.322894 9.267826e-17
4531.183009 9.481242e-17
4533.060335 9.490252e-17
4534.929366 9.138017e-17
4536.799656 1.001116e-16
4538.670668 9.782505e-17
4540.541904 9.745395e-17
4542.414821 9.253023e-17
4544.287702 9.934681e-17
4546.155744 9.874639e-17
4548.035752 9.630620e-17
4549.910974 1.014316e-16
4551.785681 9.624974e-17
4553.662710 9.530107e-17
4555.538787 9.583270e-17
4557.416093 1.027137e-16
4559.294366 1.059638e-16
4561.172932 1.005697e-16
4563.051531 1.031362e-16
4564.931604 1.073647e-16
4566.812441 1.091536e-16
4568.693912 1.106779e-16
4570.575684 1.094840e-16
4572.455306 1.087698e-16
4574.341034 1.093156e-16
4576.224297 1.100637e-16
4578.109190 1.145474e-16
4579.993282 1.117384e-16
4581.880146 1.090518e-16
4583.765292 1.044659e-16
4585.645084 1.078488e-16
4587.540539 1.078704e-16
4589.428282 1.051249e-16
4591.316259 1.094169e-16
4593.206006 1.178112e-16
4595.095009 1.160082e-16
4596.986736 1.151326e-16
4598.876792 1.119925e-16
4600.769420 1.105825e-16
4602.661671 1.148316e-16
4604.554550 1.161323e-16
4606.447827 1.139103e-16
4608.339043 1.174168e-16
4610.237397 1.159489e-16
4612.132107 1.114690e-16
4614.029396 1.198905e-16
4615.925989 1.104440e-16
4617.823451 1.191770e-16
4619.720659 1.201908e-16
4621.619347 1.240513e-16
4623.518920 1.193150e-16
4625.411255 1.148100e-16
4627.316866 1.190068e-16
4629.219574 1.199842e-16
4631.121525 1.200348e-16
4633.023695 1.200499e-16
4634.926517 1.241145e-16
4636.830629 1.258132e-16
4638.734805 1.234427e-16
4640.639408 1.255767e-16
4642.544588 1.225071e-16
4644.450089 1.217663e-16
4646.356569 1.261153e-16
4648.264253 1.329667e-16
4650.171253 1.272499e-16
4652.079569 1.236030e-16
4653.988401 1.285536e-16
4655.897830 1.279526e-16
4657.809509 1.424293e-16
4659.719359 1.319727e-16
4661.630371 1.291171e-16
4663.542461 1.363534e-16
4665.455288 1.360089e-16
4667.365758 1.411254e-16
4669.290346 1.299304e-16
4671.199278 1.332498e-16
4673.111944 1.377101e-16
4675.027122 1.300378e-16
4676.943181 1.421533e-16
4678.863298 1.394417e-16
4680.778171 1.397011e-16
4682.695722 1.398252e-16
4684.614402 1.392238e-16
4686.533670 1.401432e-16
4688.453126 1.409399e-16
4690.373791 1.468529e-16
4692.294336 1.450500e-16
4694.216871 1.413248e-16
4696.138795 1.404175e-16
4698.061754 1.420219e-16
4699.984785 1.483454e-16
4701.908609 1.452794e-16
4703.832841 1.421020e-16
4705.759185 1.437733e-16
4707.683947 1.425779e-16
4709.611090 1.527369e-16
4711.537540 1.401799e-16
4713.466027 1.421826e-16
4715.393537 1.447494e-16
4717.322774 1.472853e-16
4719.251935 1.400669e-16
4721.181581 1.504486e-16
4723.112746 1.483270e-16
4725.043384 1.506782e-16
4726.974789 1.527285e-16
4728.906935 1.549072e-16
4730.840709 1.499577e-16
4732.773704 1.501654e-16
4734.707773 1.504503e-16
4736.642419 1.545593e-16
4738.578212 1.521868e-16
4740.513873 1.476468e-16
4742.449999 1.490718e-16
4744.386642 1.438482e-16
4746.323836 1.553310e-16
4748.262899 1.489600e-16
4750.201324 1.459017e-16
4752.140848 1.460368e-16
4754.081000 1.493467e-16
4756.021129 1.462835e-16
4757.962151 1.465870e-16
4759.896738 1.374354e-16
4761.846501 1.467769e-16
4763.788901 1.492061e-16
4765.732873 1.422604e-16
4767.676202 1.478651e-16
4769.621534 1.424163e-16
4771.566065 1.429221e-16
4773.512347 1.415162e-16
4775.458340 1.431460e-16
4777.405371 1.454474e-16
4779.353048 1.363926e-16
4781.301125 1.426139e-16
4783.249715 1.355360e-16
4785.198351 1.439140e-16
4787.148873 1.376918e-16
4789.091865 1.314784e-16
4791.050027 1.365159e-16
4793.001393 1.359403e-16
4794.953490 1.342244e-16
4796.906666 1.335538e-16
4798.859312 1.361065e-16
4800.813178 1.346491e-16
4802.767642 1.331766e-16
4804.722154 1.357265e-16
4806.678188 1.324529e-16
4808.634001 1.287094e-16
4810.586661 1.225856e-16
4812.548270 1.322990e-16
4814.506104 1.273907e-16
4816.464451 1.315367e-16
4818.419430 1.283735e-16
4820.382963 1.264089e-16
4822.343092 1.247481e-16
4824.304195 1.279177e-16
4826.264707 1.264338e-16
4828.226443 1.298729e-16
4830.189011 1.263123e-16
4832.153683 1.289060e-16
4834.122827 1.264988e-16
4836.079200 1.172425e-16
4838.044317 1.211700e-16
4840.008896 1.229398e-16
4841.975163 1.263253e-16
4843.940898 1.193549e-16
4845.908183 1.201932e-16
4847.875744 1.179539e-16
4849.843827 1.160080e-16
4851.812633 1.142917e-16
4853.781599 1.133079e-16
4855.751336 1.167152e-16
4857.721304 1.117617e-16
4859.691975 1.158813e-16
4861.663763 1.084328e-16
4863.640380 1.098731e-16
4865.608060 1.110745e-16
4867.581184 1.165286e-16
4869.554634 1.073225e-16
4871.528694 1.102643e-16
4873.504593 1.114849e-16
4875.486272 1.170965e-16
4877.454843 1.147830e-16
4879.430979 1.223168e-16
4881.408623 1.172393e-16
4883.385505 1.097150e-16
4885.363756 1.097304e-16
4887.342659 1.131662e-16
4889.321826 1.147588e-16
4891.301397 1.100721e-16
4893.281888 1.153648e-16
4895.262661 1.160633e-16
4897.244029 1.132215e-16
4899.225832 1.168754e-16
4901.205245 1.152620e-16
4903.191454 1.102343e-16
4905.175078 1.141704e-16
4907.159016 1.140108e-16
4909.143657 1.099743e-16
4911.129065 1.065037e-16
4913.114394 1.198669e-16
4915.101501 1.173032e-16
4917.087745 1.143900e-16
4919.076332 1.191803e-16
4921.063541 1.123792e-16
4923.052024 1.168312e-16
4925.041111 1.199314e-16
4927.037124 1.265835e-16
4929.017326 1.193834e-16
4931.011634 1.181476e-16
4933.004397 1.201792e-16
4934.995200 1.220746e-16
4936.987189 1.110201e-16
4938.979976 1.181753e-16
4940.973206 1.119651e-16
4942.967857 1.086916e-16
4944.961685 1.071146e-16
4946.957209 1.117511e-16
4948.952601 1.124569e-16
4950.949079 1.169748e-16
4952.945477 1.143585e-16
4954.941608 1.137008e-16
4956.940206 1.173243e-16
4958.939451 1.101994e-16
4960.937879 1.053480e-16
4962.936674 1.119581e-16
4964.937822 1.096643e-16
4966.937307 1.143717e-16
4968.937771 1.194972e-16
4970.941091 1.219850e-16
4972.942389 1.601642e-16
4974.959229 1.823411e-16
4976.966293 2.024261e-16
4978.959734 1.989580e-16
4980.970829 1.565301e-16
4982.960560 1.271915e-16
4984.965435 1.192582e-16
4986.971500 1.266828e-16
4988.977901 1.200186e-16
4990.984659 1.259681e-16
4992.992559 1.262484e-16
4995.000143 1.330319e-16
4997.008454 1.246188e-16
4999.017646 1.258385e-16
5001.024663 1.282164e-16
5003.037177 1.280083e-16
5005.047636 1.331756e-16
5007.058967 1.337890e-16
5009.070694 1.317825e-16
5011.083189 1.344952e-16
5013.095547 1.317100e-16
5015.109111 1.355742e-16
5017.123156 1.270459e-16
5019.137025 1.315621e-16
5021.151744 1.361701e-16
5023.167400 1.355968e-16
5025.182904 1.392696e-16
5027.199133 1.380734e-16
5029.216338 1.377721e-16
5031.233826 1.347586e-16
5033.251386 1.321172e-16
5035.269686 1.344440e-16
5037.289120 1.379614e-16
5039.308308 1.340503e-16
5041.328541 1.333231e-16
5043.349695 1.330998e-16
5045.370285 1.376647e-16
5047.392243 1.347694e-16
5049.413916 1.312998e-16
5051.436760 1.329159e-16
5053.459866 1.341892e-16
5055.483606 1.274384e-16
5057.507967 1.267944e-16
5059.532478 1.269247e-16
5061.558218 1.315484e-16
5063.583570 1.256507e-16
5065.609907 1.275947e-16
5067.636522 1.271987e-16
5069.663999 1.295622e-16
5071.691436 1.480702e-16
5073.717192 2.029489e-16
5075.768127 2.322503e-16
5077.784625 2.619784e-16
5079.822104 2.204962e-16
5081.843556 1.472863e-16
5083.869545 1.382206e-16
5085.900975 1.324755e-16
5087.933064 1.295063e-16
5089.965314 1.298154e-16
5091.998481 1.355032e-16
5094.031874 1.339570e-16
5096.065819 1.343319e-16
5098.100523 1.370976e-16
5100.135138 1.398700e-16
5102.171158 1.445072e-16
5104.207428 1.424499e-16
5106.243436 1.411024e-16
5108.280994 1.413009e-16
5110.318053 1.440185e-16
5112.356449 1.425181e-16
5114.394715 1.473905e-16
5116.434730 1.452706e-16
5118.473124 1.502961e-16
5120.517424 2.001266e-16
5122.581474 3.183543e-16
5124.582841 5.332609e-16
5126.653704 5.084818e-16
5128.704937 4.180718e-16
5130.753494 2.136655e-16
5132.764796 1.624944e-16
5134.808706 1.607308e-16
5136.853024 1.594433e-16
5138.897163 1.607553e-16
5140.942385 1.659542e-16
5142.988161 1.664256e-16
5145.034352 1.627860e-16
5147.081120 1.651498e-16
5149.128208 1.690604e-16
5151.175936 1.682843e-16
5153.223942 1.672651e-16
5155.272455 1.625166e-16
5157.321479 1.706016e-16
5159.377520 1.730320e-16
5161.421256 1.656214e-16
5163.472155 1.667865e-16
5165.526298 1.697198e-16
5167.574866 1.630816e-16
5169.626802 1.613218e-16
5171.679454 1.594776e-16
5173.732664 1.624622e-16
5175.786343 1.567692e-16
5177.840441 1.480151e-16
5179.895197 1.543941e-16
5181.950085 1.452235e-16
5184.005725 1.515923e-16
5186.061520 1.471375e-16
5188.118608 1.398045e-16
5190.175769 1.450818e-16
5192.233188 1.404731e-16
5194.291029 1.420554e-16
5196.350154 1.427439e-16
5198.408558 1.369695e-16
5200.468044 1.369476e-16
5202.528448 1.351841e-16
5204.588977 1.320493e-16
5206.649849 1.343470e-16
5208.711420 1.349279e-16
5210.773446 1.350608e-16
5212.835992 1.318802e-16
5214.898707 1.306880e-16
5216.962262 1.293361e-16
5219.025919 1.312616e-16
5221.090382 1.310815e-16
5223.155597 1.332007e-16
5225.220902 1.332414e-16
5227.286858 1.318159e-16
5229.353003 1.359127e-16
5231.413978 1.334962e-16
5233.480614 1.318854e-16
5235.554898 1.277594e-16
5237.623112 1.326896e-16
5239.691904 1.321534e-16
5241.761320 1.318419e-16
5243.830935 1.344874e-16
5245.900462 1.343457e-16
5247.971887 1.358792e-16
5250.043252 1.348070e-16
5252.114444 1.404733e-16
5254.187127 1.404250e-16
5256.259658 1.355041e-16
5258.332707 1.409890e-16
5260.406501 1.380902e-16
5262.480136 1.418672e-16
5264.555207 1.415044e-16
5266.629880 1.436948e-16
5268.705397 1.452000e-16
5270.781421 1.423791e-16
5272.857736 1.466050e-16
5274.934532 1.415377e-16
5277.012315 1.439501e-16
5279.089993 1.424977e-16
5281.168797 1.437809e-16
5283.247201 1.497375e-16
5285.326829 1.477574e-16
5287.406061 1.447556e-16
5289.486712 1.526930e-16
5291.567187 1.450959e-16
5293.651308 1.554134e-16
5295.730381 1.488527e-16
5297.817896 1.573577e-16
5299.895085 1.517428e-16
5301.978031 1.486647e-16
5304.061910 1.535109e-16
5306.145619 1.524608e-16
5308.230175 1.621866e-16
5310.314858 1.562870e-16
5312.400661 1.603362e-16
5314.486557 1.538145e-16
5316.572555 1.597392e-16
5318.659872 1.623407e-16
5320.746988 1.613261e-16
5322.834574 1.594179e-16
5324.923045 1.573716e-16
5327.011922 1.548224e-16
5329.100961 1.600979e-16
5331.190687 1.540036e-16
5333.280879 1.562528e-16
5335.371388 1.600777e-16
5337.462412 1.537611e-16
5339.553992 1.613006e-16
5341.640764 1.633502e-16
5343.738210 1.614148e-16
5345.831329 1.619231e-16
5347.924416 1.599619e-16
5350.018613 1.567303e-16
5352.112971 1.639500e-16
5354.207410 1.628278e-16
5356.302821 1.640749e-16
5358.398599 1.661204e-16
5360.494615 1.605565e-16
5362.591087 1.631579e-16
5364.687920 1.619711e-16
5366.785720 1.605810e-16
5368.883732 1.616739e-16
5370.982090 1.626174e-16
5373.081104 1.657898e-16
5375.180392 1.668620e-16
5377.280286 1.699140e-16
5379.380317 1.668359e-16
5381.486420 1.683254e-16
5383.582237 1.658069e-16
5385.683979 1.702474e-16
5387.785921 1.690081e-16
5389.889248 1.674527e-16
5391.991908 1.731464e-16
5394.095205 1.727730e-16
5396.199313 1.742755e-16
5398.303726 1.703951e-16
5400.408296 1.771476e-16
5402.513466 1.757726e-16
5404.617732 1.740656e-16
5406.725413 1.748099e-16
5408.833723 1.810871e-16
5410.939227 1.768390e-16
5413.046789 1.712530e-16
5415.154593 1.731944e-16
5417.261548 1.777264e-16
5419.372034 1.798597e-16
5421.481249 1.711645e-16
5423.591025 1.771877e-16
5425.701391 1.790965e-16
5427.812804 1.753088e-16
5429.923169 1.827370e-16
5432.034832 1.840648e-16
5434.146850 1.802407e-16
5436.253390 1.805105e-16
5438.372047 1.810084e-16
5440.485759 1.828992e-16
5442.603098 1.775988e-16
5444.713816 1.812200e-16
5446.828318 1.776036e-16
5448.943714 1.806872e-16
5451.059183 1.821334e-16
5453.169874 1.869462e-16
5455.291740 1.847877e-16
5457.408563 1.803306e-16
5459.525986 1.868875e-16
5461.643837 1.805575e-16
5463.762070 1.809523e-16
5465.880883 1.834619e-16
5467.999889 1.840028e-16
5470.119390 1.772397e-16
5472.239559 1.860955e-16
5474.359850 1.839484e-16
5476.480894 1.785314e-16
5478.602243 1.821238e-16
5480.724063 1.810835e-16
5482.846221 1.781763e-16
5484.968946 1.845566e-16
5487.091865 1.796756e-16
5489.212917 1.802273e-16
5491.339365 1.809519e-16
5493.464010 1.816223e-16
5495.588794 1.811548e-16
5497.714249 1.798640e-16
5499.839804 1.803816e-16
5501.965940 1.776151e-16
5504.092492 1.773750e-16
5506.219769 1.831222e-16
5508.347060 1.765864e-16
5510.475260 1.760673e-16
5512.603435 1.771270e-16
5514.732084 1.802429e-16
5516.861251 1.818565e-16
5518.990782 1.825603e-16
5521.121052 1.779354e-16
5523.251684 1.773909e-16
5525.382625 1.803446e-16
5527.513613 1.782803e-16
5529.646290 1.819653e-16
5531.777863 1.738208e-16
5533.910487 1.798288e-16
5536.043951 1.786829e-16
5538.177198 1.764956e-16
5540.311171 1.761858e-16
5542.445215 1.777065e-16
5544.580335 1.747558e-16
5546.715564 1.811740e-16
5548.851059 1.775403e-16
5550.987378 1.824131e-16
5553.123750 1.796963e-16
5555.260810 1.781848e-16
5557.398041 1.787145e-16
5559.535648 1.790185e-16
5561.674063 1.842657e-16
5563.812432 1.791309e-16
5565.951976 1.758193e-16
5568.091081 1.766453e-16
5570.231238 1.803742e-16
5572.368260 1.775928e-16
5574.511753 1.946082e-16
5576.653347 1.588955e-16
5578.795162 1.746939e-16
5580.937763 1.854963e-16
5583.080650 1.736771e-16
5585.222862 1.846163e-16
5587.365827 1.818293e-16
5589.509571 1.888438e-16
5591.653657 1.805507e-16
5593.798326 1.807038e-16
5595.943141 1.835686e-16
5598.088613 1.826439e-16
5600.234299 1.820967e-16
5602.380690 1.853240e-16
5604.527372 1.814492e-16
5606.669245 1.833716e-16
5608.822004 1.776811e-16
5610.969682 1.791800e-16
5613.118380 1.817314e-16
5615.266822 1.824022e-16
5617.416078 1.839337e-16
5619.565918 1.811761e-16
5621.715750 1.852316e-16
5623.861006 1.802893e-16
5626.017003 1.858324e-16
5628.171898 1.855373e-16
5630.319857 1.866692e-16
5632.471739 1.921044e-16
5634.628138 1.866222e-16
5636.777239 1.855271e-16
5638.930506 1.845608e-16
5641.084331 1.809257e-16
5643.238444 1.868226e-16
5645.393064 1.858598e-16
5647.547995 1.877469e-16
5649.703606 1.869852e-16
5651.859090 1.838167e-16
5654.015259 1.825286e-16
5656.173943 1.822191e-16
5658.328849 1.809249e-16
5660.486348 1.847799e-16
5662.644217 1.841996e-16
5664.802296 1.788198e-16
5666.960793 1.807857e-16
5669.120276 1.762551e-16
5671.279661 1.790428e-16
5673.439487 1.733829e-16
5675.599709 1.784610e-16
5677.760578 1.703572e-16
5679.921561 1.720535e-16
5682.083165 1.696625e-16
5684.244916 1.686157e-16
5686.407425 1.659194e-16
5688.570031 1.583387e-16
5690.733291 1.668371e-16
5692.896866 1.630472e-16
5695.060584 1.599046e-16
5697.224984 1.587305e-16
5699.389616 1.610177e-16
5701.554799 1.608386e-16
5703.720333 1.583502e-16
5705.886262 1.575233e-16
5708.052672 1.518381e-16
5710.219507 1.534961e-16
5712.386521 1.535186e-16
5714.551214 1.495155e-16
5716.722030 1.477077e-16
5718.890482 1.494490e-16
5721.059190 1.420677e-16
5723.228411 1.504650e-16
5725.393485 1.433305e-16
5727.567901 1.425860e-16
5729.737967 1.416431e-16
5731.908973 1.466234e-16
5734.080066 1.405586e-16
5736.251638 1.424053e-16
5738.423543 1.385425e-16
5740.595418 1.437218e-16
5742.768553 1.411414e-16
5744.941685 1.414083e-16
5747.115328 1.413514e-16
5749.294251 1.419863e-16
5751.463493 1.490087e-16
5753.638110 1.409230e-16
5755.813158 1.420842e-16
5757.988808 1.461344e-16
5760.164679 1.428480e-16
5762.340957 1.457483e-16
5764.517676 1.440002e-16
5766.695734 1.480442e-16
5768.872004 1.501296e-16
5771.050035 1.495429e-16
5773.228361 1.482388e-16
5775.406969 1.452503e-16
5777.582440 1.428776e-16
5779.765378 1.419516e-16
5781.945304 1.469242e-16
5784.125291 1.433199e-16
5786.306002 1.431662e-16
5788.486891 1.439168e-16
5790.668191 1.420792e-16
5792.848793 1.443383e-16
5795.032016 1.436450e-16
5797.209617 1.372604e-16
5799.397813 1.395030e-16
5801.581005 1.400969e-16
5803.764814 1.381672e-16
5805.948659 1.396599e-16
5808.132032 1.407675e-16
5810.318173 1.395877e-16
5812.503387 1.318919e-16
5814.692616 1.332256e-16
5816.874989 1.343362e-16
5819.061384 1.340682e-16
5821.248104 1.371436e-16
5823.435138 1.304236e-16
5825.622780 1.343080e-16
5827.810800 1.282050e-16
5829.999235 1.321389e-16
5832.187746 1.315967e-16
5834.376938 1.309267e-16
5836.566335 1.296556e-16
5838.756317 1.292621e-16
5840.946433 1.237925e-16
5843.137037 1.271921e-16
5845.328054 1.236082e-16
5847.519306 1.231012e-16
5849.711219 1.229822e-16
5851.903139 1.186356e-16
5854.095868 1.221491e-16
5856.288534 1.197255e-16
5858.481460 1.241094e-16
5860.675568 1.191508e-16
5862.869470 1.198722e-16
5865.063857 1.202636e-16
5867.258666 1.210181e-16
5869.453820 1.193484e-16
5871.649458 1.193932e-16
5873.845177 1.172781e-16
5876.041607 1.188245e-16
5878.238221 1.139969e-16
5880.435273 1.134127e-16
5882.632518 1.129101e-16
5884.830307 1.047737e-16
5887.028107 1.036317e-16
5889.227143 1.015245e-16
5891.425432 8.968090e-17
5893.625438 1.123648e-16
5895.825068 8.807358e-17
5898.023943 1.080471e-16
5900.225813 1.018142e-16
5902.426471 1.088683e-16
5904.627384 1.125621e-16
5906.828897 1.140443e-16
5909.031739 1.129605e-16
5911.232937 1.100947e-16
5913.435450 1.159340e-16
5915.638511 1.158758e-16
5917.841818 1.159023e-16
5920.045833 1.190513e-16
5922.249735 1.186933e-16
5924.454231 1.159415e-16
5926.659059 1.228386e-16
5928.864272 1.211832e-16
5931.069769 1.294126e-16
5933.275755 1.267021e-16
5935.482161 1.262608e-16
5937.688908 1.293261e-16
5939.895847 1.253885e-16
5942.103925 1.255689e-16
5944.311011 1.278962e-16
5946.519176 1.271114e-16
5948.727563 1.259726e-16
5950.936528 1.309843e-16
5953.145780 1.319049e-16
5955.355393 1.339025e-16
5957.565303 1.271159e-16
5959.775634 1.376756e-16
5961.986317 1.342565e-16
5964.197372 1.361412e-16
5966.408834 1.353588e-16
5968.620670 1.359974e-16
5970.832789 1.357742e-16
5973.045298 1.365619e-16
5975.264159 1.408900e-16
5977.471276 1.336118e-16
5979.684895 1.357258e-16
5981.898887 1.383081e-16
5984.114464 1.394991e-16
5986.332346 1.388773e-16
5988.542940 1.484442e-16
5990.758237 1.474582e-16
5992.974002 1.432258e-16
5995.190190 1.427981e-16
5997.406642 1.465822e-16
5999.623444 1.466453e-16
6001.840592 1.454800e-16
6004.058072 1.471424e-16
6006.276182 1.493999e-16
6008.494257 1.472582e-16
6010.713166 1.549097e-16
6012.931828 1.578079e-16
6015.151308 1.581123e-16
6017.370863 1.609653e-16
6019.591261 1.531791e-16
6021.811180 1.447935e-16
6024.032102 1.460232e-16
6026.253059 1.400656e-16
6028.474559 1.392896e-16
6030.696291 1.442407e-16
6032.918562 1.408026e-16
6035.141090 1.424123e-16
6037.364241 1.437082e-16
6039.587138 1.426446e-16
6041.810732 1.456104e-16
6044.034635 1.459849e-16
6046.258986 1.468445e-16
6048.483441 1.449636e-16
6050.708598 1.469842e-16
6052.933941 1.465984e-16
6055.159576 1.459473e-16
6057.385587 1.462120e-16
6059.611981 1.529406e-16
6061.838585 1.493470e-16
6064.065773 1.504594e-16
6066.293188 1.488002e-16
6068.520838 1.538484e-16
6070.749052 1.538148e-16
6072.977360 1.585271e-16
6075.206246 1.589696e-16
6077.439308 1.644964e-16
6079.665015 1.596334e-16
6081.894882 1.627302e-16
6084.125045 1.596957e-16
6086.355517 1.644657e-16
6088.586350 1.665151e-16
6090.817628 1.638315e-16
6093.049193 1.650874e-16
6095.281132 1.668945e-16
6097.512820 1.673816e-16
6099.746133 1.660700e-16
6101.978945 1.624872e-16
6104.212388 1.659857e-16
6106.445959 1.670744e-16
6108.679893 1.647119e-16
6110.914319 1.635515e-16
6113.148966 1.637604e-16
6115.383983 1.607597e-16
6117.619390 1.616911e-16
6119.855084 1.577277e-16
6122.091131 1.644851e-16
6124.327505 1.581673e-16
6126.564101 1.606755e-16
6128.801158 1.613788e-16
6131.036195 1.569029e-16
6133.276359 1.544223e-16
6135.514378 1.534732e-16
6137.754287 1.610780e-16
6139.998397 1.569254e-16
6142.230705 1.484172e-16
6144.470204 1.475643e-16
6146.709915 1.487461e-16
6148.948881 1.474588e-16
6151.190442 1.453433e-16
6153.431308 1.487263e-16
6155.672389 1.422698e-16
6157.913816 1.392630e-16
6160.155668 1.407090e-16
6162.399199 1.400738e-16
6164.640106 1.412264e-16
6166.882977 1.389558e-16
6169.126123 1.359652e-16
6171.369561 1.412400e-16
6173.613428 1.441072e-16
6175.857570 1.346654e-16
6178.102049 1.379310e-16
6180.346793 1.357453e-16
6182.591984 1.350167e-16
6184.837388 1.358888e-16
6187.083154 1.339426e-16
6189.329341 1.370955e-16
6191.575819 1.362677e-16
6193.822423 1.378470e-16
6196.069704 1.383140e-16
6198.317173 1.337321e-16
6200.564827 1.362524e-16
6202.813033 1.318247e-16
6205.061538 1.340141e-16
6207.310156 1.348140e-16
6209.559462 1.312778e-16
6211.808716 1.345795e-16
6214.058567 1.366667e-16
6216.304856 1.341577e-16
6218.559011 1.387703e-16
6220.809771 1.393252e-16
6223.061124 1.354396e-16
6225.312272 1.339391e-16
6227.564073 1.422969e-16
6229.816059 1.411589e-16
6232.068360 1.392485e-16
6234.321158 1.459429e-16
6236.574200 1.427305e-16
6238.827661 1.430704e-16
6241.081243 1.417335e-16
6243.335282 1.460363e-16
6245.589644 1.430866e-16
6247.844166 1.448836e-16
6250.099201 1.432721e-16
6252.356008 1.446728e-16
6254.610081 1.456272e-16
6256.866161 1.485333e-16
6259.122452 1.423584e-16
6261.378998 1.455122e-16
6263.636011 1.452632e-16
6265.893144 1.397686e-16
6268.150728 1.442080e-16
6270.408567 1.485606e-16
6272.666784 1.429697e-16
6274.925308 1.364895e-16
6277.184203 1.370969e-16
6279.443405 1.279372e-16
6281.702912 1.272269e-16
6283.962560 1.297205e-16
6286.222775 1.326239e-16
6288.483194 1.340650e-16
6290.743946 1.394469e-16
6293.005135 1.399426e-16
6295.266364 1.367112e-16
6297.528020 1.397060e-16
6299.790237 1.367277e-16
6302.052624 1.332025e-16
6304.316390 1.364817e-16
6306.580151 1.364900e-16
6308.841613 1.378192e-16
6311.105271 1.327094e-16
6313.369216 1.410083e-16
6315.633348 1.338465e-16
6317.897882 1.365223e-16
6320.162914 1.328139e-16
6322.428307 1.351526e-16
6324.693519 1.340466e-16
6326.959328 1.326797e-16
6329.225508 1.367792e-16
6331.491997 1.365074e-16
6333.758862 1.348970e-16
6336.025772 1.335118e-16
6338.293236 1.354530e-16
6340.560899 1.330257e-16
6342.829071 1.349708e-16
6345.097286 1.359958e-16
6347.365860 1.344056e-16
6349.634787 1.369121e-16
6351.904111 1.366280e-16
6354.173690 1.353929e-16
6356.443582 1.344925e-16
6358.713713 1.358630e-16
6360.984293 1.393949e-16
6363.255082 1.341107e-16
6365.526218 1.401595e-16
6367.797793 1.351858e-16
6370.069361 1.372937e-16
6372.341528 1.423799e-16
6374.613793 1.369592e-16
6376.886555 1.406202e-16
6379.159440 1.343763e-16
6381.432708 1.389395e-16
6383.706368 1.424629e-16
6385.980193 1.431129e-16
6388.254485 1.395771e-16
6390.529054 1.329381e-16
6392.803807 1.398679e-16
6395.078860 1.381114e-16
6397.354353 1.341069e-16
6399.630059 1.360679e-16
6401.906091 1.334319e-16
6404.182432 1.316506e-16
6406.459116 1.337129e-16
6408.735993 1.323958e-16
6411.013246 1.274847e-16
6413.290899 1.328772e-16
6415.568727 1.290754e-16
6417.846861 1.302767e-16
6420.125367 1.316056e-16
6422.404074 1.335675e-16
6424.683293 1.343646e-16
6426.962600 1.364807e-16
6429.242197 1.346901e-16
6431.521871 1.355738e-16
6433.802402 1.434403e-16
6436.083087 1.426941e-16
6438.364003 1.458220e-16
6440.645149 1.445844e-16
6442.926670 1.485630e-16
6445.208435 1.520684e-16
6447.490493 1.608174e-16
6449.772900 1.643694e-16
6452.055633 1.672560e-16
6454.338593 1.617573e-16
6456.621848 1.633664e-16
6458.905372 1.660709e-16
6461.189245 1.643398e-16
6463.473458 1.751911e-16
6465.757869 1.764139e-16
6468.042664 1.732536e-16
6470.327787 1.792074e-16
6472.613055 1.774794e-16
6474.898804 1.821100e-16
6477.184760 1.845776e-16
6479.470881 1.825342e-16
6481.757502 1.881857e-16
6484.044327 1.948131e-16
6486.331408 1.951053e-16
6488.618851 1.908275e-16
6490.906599 1.980332e-16
6493.194604 1.977699e-16
6495.482832 1.988425e-16
6497.771534 2.026962e-16
6500.060361 2.041332e-16
6502.349650 2.096020e-16
6504.637029 2.096796e-16
6506.928879 2.042573e-16
6509.218904 2.049308e-16
6511.509314 2.045025e-16
6513.799931 1.979603e-16
6516.091817 1.998719e-16
6518.382108 1.994994e-16
6520.673459 1.951862e-16
6522.963331 1.993379e-16
6525.254705 1.930832e-16
6527.549964 1.972785e-16
6529.842576 1.930227e-16
6532.135565 1.963159e-16
6534.428841 1.941793e-16
6536.722417 1.895952e-16
6539.016432 1.903442e-16
6541.310308 1.894627e-16
6543.604764 1.910528e-16
6545.899444 1.918387e-16
6548.194474 1.853207e-16
6550.489668 1.930550e-16
6552.785277 1.925961e-16
6555.081087 1.870815e-16
6557.377379 1.907504e-16
6559.673652 1.874820e-16
6561.970467 1.986337e-16
6564.267007 1.906402e-16
6566.564770 1.920351e-16
6568.862238 1.878357e-16
6571.160114 1.898307e-16
6573.455659 1.842905e-16
6575.756608 1.876558e-16
6578.055423 1.876198e-16
6580.354271 1.888339e-16
6582.653687 1.886807e-16
6584.953170 1.912290e-16
6587.253058 1.888811e-16
6589.553176 1.898216e-16
6591.853492 1.948986e-16
6594.154215 1.917170e-16
6596.455187 1.928032e-16
6598.756456 1.942548e-16
6601.057967 1.918940e-16
6603.359805 1.891464e-16
6605.661897 1.882430e-16
6607.964291 1.916829e-16
6610.266936 1.873580e-16
6612.569863 1.868547e-16
6614.873043 1.860222e-16
6617.176569 1.880095e-16
6619.480332 1.875222e-16
6621.784437 1.901465e-16
6624.088706 1.837105e-16
6626.393310 1.862111e-16
6628.698168 1.898711e-16
6631.003425 1.837722e-16
6633.308876 1.838010e-16
6635.614559 1.827540e-16
6637.920576 1.846887e-16
6640.226861 1.833284e-16
6642.533423 1.795902e-16
6644.840226 1.818947e-16
6647.147374 1.833938e-16
6649.454748 1.823691e-16
6651.762443 1.817970e-16
6654.070377 1.767813e-16
6656.378533 1.765744e-16
6658.687075 1.773047e-16
6660.995825 1.768725e-16
6663.304871 1.751223e-16
6665.614154 1.733444e-16
6667.923755 1.787082e-16
6670.233635 1.754032e-16
6672.543726 1.739576e-16
6674.854111 1.692383e-16
6677.164824 1.758158e-16
6679.475807 1.718280e-16
6681.786979 1.701106e-16
6684.098482 1.693654e-16
6686.410225 1.659724e-16
6688.722398 1.648018e-16
6691.034645 1.630343e-16
6693.347306 1.640288e-16
6695.660059 1.597683e-16
6697.973319 1.612177e-16
6700.286556 1.649238e-16
6702.598986 1.694747e-16
6704.915045 1.683654e-16
6707.228610 1.676886e-16
6709.542725 1.654828e-16
6711.863326 1.907182e-16
6714.209294 5.041919e-16
6716.486194 7.733399e-16
6718.842828 7.280776e-16
6721.169883 8.877232e-16
6723.443869 2.705101e-16
6725.750030 1.759717e-16
6728.068391 1.619030e-16
6730.385308 1.571577e-16
6732.702482 1.567544e-16
6735.019936 1.637022e-16
6737.338255 1.754597e-16
6739.660650 1.858588e-16
6741.979934 1.742416e-16
6744.292284 1.614829e-16
6746.611003 1.515058e-16
6748.930067 1.487159e-16
6751.249356 1.513403e-16
6753.568969 1.456648e-16
6755.888754 1.478851e-16
6758.208845 1.477875e-16
6760.530046 1.462262e-16
6762.849764 1.475727e-16
6765.170672 1.484511e-16
6767.491834 1.437225e-16
6769.813192 1.442429e-16
6772.134907 1.440952e-16
6774.456846 1.437140e-16
6776.778873 1.494041e-16
6779.101500 1.455555e-16
6781.424165 1.450502e-16
6783.747121 1.454468e-16
6786.070349 1.500575e-16
6788.393878 1.467582e-16
6790.717608 1.487043e-16
6793.041656 1.469098e-16
6795.365938 1.484552e-16
6797.690476 1.493846e-16
6800.015317 1.470742e-16
6802.340331 1.491228e-16
6804.665703 1.438260e-16
6806.991256 1.474554e-16
6809.317088 1.496557e-16
6811.643199 1.506129e-16
6813.969546 1.457682e-16
6816.296121 1.478642e-16
6818.622994 1.505657e-16
6820.950165 1.470197e-16
6823.277511 1.472393e-16
6825.605175 1.473225e-16
6827.933105 1.485291e-16
6830.261236 1.500629e-16
6832.589654 1.544965e-16
6834.918341 1.452783e-16
6837.247300 1.534571e-16
6839.576417 1.478051e-16
6841.905928 1.468895e-16
6844.235600 1.407611e-16
6846.565548 1.421221e-16
6848.895797 1.411237e-16
6851.226212 1.369007e-16
6853.556950 1.380296e-16
6855.887809 1.423017e-16
6858.218634 1.389258e-16
6860.550585 1.399478e-16
6862.882357 1.343578e-16
6865.214366 1.243048e-16
6867.544907 1.158315e-16
6869.879101 1.099190e-16
6872.214039 1.174229e-16
6874.545568 1.339642e-16
6876.881029 1.439648e-16
6879.212638 1.394310e-16
6881.545288 1.288174e-16
6883.879322 1.262790e-16
6886.213721 1.361558e-16
6888.549284 1.382543e-16
6890.884021 1.417283e-16
6893.219747 1.347109e-16
6895.553107 1.208588e-16
6897.888624 1.177638e-16
6900.224398 1.149861e-16
6902.560412 1.168743e-16
6904.896659 1.152518e-16
6907.233178 1.185492e-16
6909.569888 1.200167e-16
6911.907048 1.208179e-16
6914.244186 1.172142e-16
6916.581681 1.170745e-16
6918.919540 1.197967e-16
6921.257434 1.202437e-16
6923.595658 1.167990e-16
6925.934173 1.153060e-16
6928.272943 1.110158e-16
6930.611888 1.155968e-16
6932.951161 1.151085e-16
6935.290563 1.136813e-16
6937.630340 1.125585e-16
6939.970366 1.126988e-16
6942.310526 1.144196e-16
6944.650980 1.137903e-16
6946.991660 1.184216e-16
6949.332646 1.179795e-16
6951.673851 1.205161e-16
6954.015307 1.130491e-16
6956.357005 1.192877e-16
6958.698944 1.179026e-16
6961.041073 1.197014e-16
6963.383523 1.209373e-16
6965.726158 1.253483e-16
6968.069072 1.252973e-16
6970.412226 1.268935e-16
6972.755619 1.269431e-16
6975.099232 1.288168e-16
6977.443092 1.250902e-16
6979.787248 1.241916e-16
6982.131615 1.250299e-16
6984.475558 1.191506e-16
6986.821043 1.180154e-16
6989.166126 1.193360e-16
6991.511777 1.172400e-16
6993.857008 1.149693e-16
6996.202762 1.175198e-16
6998.548870 1.209469e-16
7000.895160 1.162402e-16
7003.241681 1.192109e-16
7005.587849 1.143035e-16
7007.935448 1.167073e-16
7010.282711 1.157189e-16
7012.630174 1.178297e-16
7014.978901 1.207996e-16
7017.325868 1.154975e-16
7019.674063 1.193206e-16
7022.022549 1.149957e-16
7024.371178 1.142261e-16
7026.720097 1.134101e-16
7029.068673 1.123735e-16
7031.418612 1.183526e-16
7033.768258 1.180266e-16
7036.118121 1.155553e-16
7038.468234 1.125382e-16
7040.818542 1.136032e-16
7043.169123 1.120388e-16
7045.519917 1.125193e-16
7047.870966 1.174530e-16
7050.221767 1.105106e-16
7052.573749 1.137943e-16
7054.925525 1.107177e-16
7057.277484 1.111580e-16
7059.628796 1.147065e-16
7061.982145 1.070591e-16
7064.334840 1.139404e-16
7066.687760 1.102419e-16
7069.040915 1.128849e-16
7071.394300 1.156251e-16
7073.747448 1.124443e-16
7076.102088 1.143887e-16
7078.455863 1.144210e-16
7080.810185 1.142234e-16
7083.164602 1.202060e-16
7085.519641 1.150019e-16
7087.874508 1.130853e-16
7090.229779 1.151456e-16
7092.585225 1.150644e-16
7094.940975 1.219247e-16
7097.296890 1.144775e-16
7099.653069 1.207990e-16
7102.009474 1.196906e-16
7104.366079 1.233880e-16
7106.722959 1.186194e-16
7109.080046 1.194192e-16
7111.437365 1.228645e-16
7113.794932 1.248643e-16
7116.152702 1.266540e-16
7118.510730 1.249148e-16
7120.868949 1.288266e-16
7123.227431 1.298911e-16
7125.586126 1.300726e-16
7127.945033 1.327832e-16
7130.304208 1.299977e-16
7132.663708 1.328808e-16
7135.023191 1.343028e-16
7137.383027 1.338063e-16
7139.743084 1.387656e-16
7142.104161 1.345637e-16
7144.463902 1.360201e-16
7146.824469 1.394365e-16
7149.185619 1.373722e-16
7151.546808 1.396794e-16
7153.908232 1.411186e-16
7156.269884 1.404699e-16
7158.631751 1.396946e-16
7160.993845 1.383700e-16
7163.356169 1.338343e-16
7165.718720 1.341024e-16
7168.081504 1.257616e-16
7170.444496 1.242303e-16
7172.807710 1.199015e-16
7175.171164 1.188907e-16
7177.534827 1.226861e-16
7179.898728 1.223348e-16
7182.262844 1.239558e-16
7184.627199 1.170443e-16
7186.991750 1.161066e-16
7189.356554 1.178529e-16
7191.721549 1.199297e-16
7194.086782 1.170083e-16
7196.452238 1.204545e-16
7198.817923 1.176361e-16
7201.183813 1.190006e-16
7203.549930 1.203115e-16
7205.916281 1.273178e-16
7208.282819 1.295946e-16
7210.649621 1.362987e-16
7213.016625 1.411487e-16
7215.383861 1.432973e-16
7217.751166 1.429936e-16
7220.118954 1.436321e-16
7222.486849 1.383981e-16
7224.854946 1.377664e-16
7227.223274 1.376307e-16
7229.591828 1.364245e-16
7231.960593 1.295560e-16
7234.329550 1.276938e-16
7236.698755 1.188781e-16
7239.068160 1.239545e-16
7241.437789 1.227388e-16
7243.807663 1.186234e-16
7246.177725 1.199392e-16
7248.548028 1.235490e-16
7250.918545 1.204360e-16
7253.289267 1.136859e-16
7255.660218 1.207833e-16
7258.031381 1.217987e-16
7260.402594 1.242627e-16
7262.774361 1.231933e-16
7265.146176 1.221211e-16
7267.518192 1.250537e-16
7269.890431 1.274313e-16
7272.262917 1.231371e-16
7274.635542 1.166141e-16
7277.008437 1.139360e-16
7279.381536 1.149327e-16
7281.754867 1.249998e-16
7284.128397 1.295503e-16
7286.502524 1.248421e-16
7288.876122 1.239010e-16
7291.250305 1.218133e-16
7293.624693 1.181953e-16
7295.999304 1.253788e-16
7298.374119 1.303418e-16
7300.749147 1.297473e-16
7303.124395 1.390427e-16
7305.499814 1.379741e-16
7307.875523 1.298850e-16
7310.251416 1.270415e-16
7312.627490 1.262736e-16
7315.003655 1.232725e-16
7317.380319 1.241812e-16
7319.757055 1.244929e-16
7322.134011 1.269126e-16
7324.511171 1.368493e-16
7326.888531 1.320855e-16
7329.266105 1.317178e-16
7331.643893 1.322618e-16
7334.021716 1.356226e-16
7336.400100 1.359465e-16
7338.778512 1.341876e-16
7341.157140 1.380328e-16
7343.535981 1.386289e-16
7345.915037 1.350439e-16
7348.294309 1.328950e-16
7350.673783 1.351490e-16
7353.053462 1.364719e-16
7355.433337 1.350857e-16
7357.813429 1.364978e-16
7360.193731 1.332468e-16
7362.574247 1.363727e-16
7364.954967 1.366091e-16
7367.335885 1.334299e-16
7369.717020 1.403251e-16
7372.098337 1.412910e-16
7374.479924 1.453243e-16
7376.861694 1.442425e-16
7379.243658 1.445550e-16
7381.625838 1.419407e-16
7384.008218 1.462846e-16
7386.390800 1.474785e-16
7388.773583 1.466789e-16
7391.156575 1.490556e-16
7393.539777 1.522533e-16
7395.923187 1.514019e-16
7398.306799 1.548085e-16
7400.690611 1.559309e-16
7403.074634 1.557050e-16
7405.458869 1.605374e-16
7407.843321 1.582826e-16
7410.227974 1.593710e-16
7412.612808 1.622238e-16
7414.997857 1.655612e-16
7417.383107 1.632595e-16
7419.768517 1.654425e-16
7422.154224 1.722144e-16
7424.540085 1.744267e-16
7426.926143 1.730572e-16
7429.312362 1.761416e-16
7431.698880 1.771814e-16
7434.085552 1.786358e-16
7436.472422 1.783849e-16
7438.859624 1.787205e-16
7441.246781 1.825174e-16
7443.634275 1.805409e-16
7446.021943 1.855106e-16
7448.409858 1.878343e-16
7450.798012 1.883545e-16
7453.186176 1.947477e-16
7455.574725 1.942736e-16
7457.963412 1.978290e-16
7460.352381 1.966435e-16
7462.741426 1.974686e-16
7465.130677 2.047124e-16
7467.520168 2.013169e-16
7469.909852 1.997480e-16
7472.299742 2.035011e-16
7474.689912 2.029477e-16
7477.080120 2.019393e-16
7479.470494 2.130774e-16
7481.861295 2.048158e-16
7484.252191 2.091207e-16
7486.643275 2.102606e-16
7489.034577 2.073385e-16
7491.426067 2.144947e-16
7493.817743 2.103585e-16
7496.209955 2.137209e-16
7498.601703 2.080610e-16
7500.994112 2.063208e-16
7503.386457 2.091251e-16
7505.779129 2.014943e-16
7508.172359 2.017038e-16
7510.565057 1.945253e-16
7512.958318 1.937646e-16
7515.351969 1.811197e-16
7517.745413 1.806853e-16
7520.139243 1.879542e-16
7522.533267 1.776249e-16
7524.927507 1.769519e-16
7527.321798 1.762760e-16
7529.716546 1.774485e-16
7532.111432 1.761199e-16
7534.506109 1.747614e-16
7536.901179 1.666603e-16
7539.297091 1.679756e-16
7541.692571 1.661423e-16
7544.088365 1.661048e-16
7546.484495 1.631392e-16
7548.880687 1.602151e-16
7551.277057 1.621575e-16
7553.673633 1.599430e-16
7556.070400 1.585596e-16
7558.467359 1.555688e-16
7560.864517 1.547301e-16
7563.262057 1.535741e-16
7565.659414 1.567189e-16
7568.057133 1.544259e-16
7570.455059 1.585545e-16
7572.853168 1.554751e-16
7575.251488 1.553363e-16
7577.649997 1.549616e-16
7580.048719 1.521480e-16
7582.447590 1.509415e-16
7584.846665 1.475656e-16
7587.245410 1.418649e-16
7589.645405 1.470381e-16
7592.045054 1.267772e-16
7594.444895 1.031665e-16
7596.844912 7.943280e-17
7599.245131 5.544446e-17
7601.645550 4.332485e-17
7604.046152 3.396035e-17
7606.446950 3.326645e-17
7608.847927 3.490056e-17
7611.249119 4.541413e-17
7613.650457 6.188232e-17
7616.052011 8.352277e-17
7618.453767 9.508263e-17
7620.855688 1.021893e-16
7623.257816 9.103667e-17
7625.659372 7.580409e-17
7628.062608 7.150019e-17
7630.465276 6.988642e-17
7632.868131 7.260359e-17
7635.271237 7.303597e-17
7637.674479 7.677241e-17
7640.077926 8.062409e-17
7642.482348 8.070443e-17
7644.885349 8.674533e-17
7647.289821 9.284963e-17
7649.693541 9.963776e-17
7652.097903 9.630734e-17
7654.502561 1.013197e-16
7656.907213 1.076959e-16
7659.312099 1.081557e-16
7661.717248 1.098600e-16
7664.122539 1.110615e-16
7666.528030 1.140534e-16
7668.933752 1.116326e-16
7671.339568 1.174670e-16
7673.745607 1.201692e-16
7676.152136 1.225419e-16
7678.558246 1.191824e-16
7680.964847 1.209658e-16
7683.371625 1.175180e-16
7685.778588 1.165227e-16
7688.185738 1.159839e-16
7690.593057 1.132756e-16
7693.000589 1.131619e-16
7695.408286 1.144024e-16
7697.816179 1.148800e-16
7700.224254 1.102530e-16
7702.632484 1.165199e-16
7705.040959 1.158307e-16
7707.449524 1.148241e-16
7709.858326 1.164010e-16
7712.267303 1.116294e-16
7714.676467 1.158930e-16
7717.085801 1.098260e-16
7719.495354 1.182170e-16
7721.904178 1.062526e-16
7724.314993 1.124066e-16
7726.725135 1.086237e-16
7729.135300 1.109087e-16
7731.545764 1.088021e-16
7733.956408 1.091471e-16
7736.366652 1.090861e-16
7738.778166 1.099286e-16
7741.189296 1.076924e-16
7743.600682 1.080029e-16
7746.012149 1.062733e-16
7748.423875 1.142969e-16
7750.835718 9.443225e-17
7753.247822 1.050023e-16
7755.660043 9.643240e-17
7758.072511 1.090941e-16
7760.485138 1.018242e-16
7762.897897 1.111551e-16
7765.311103 1.002381e-16
7767.724026 1.065603e-16
7770.137291 9.998382e-17
7772.552031 1.018701e-16
7774.964475 1.000011e-16
7777.378343 1.001091e-16
7779.792355 9.694474e-17
7782.206598 1.016464e-16
7784.620952 9.823214e-17
7787.034556 1.004025e-16
7789.450266 9.917791e-17
7791.865145 1.017622e-16
7794.280258 9.830421e-17
7796.695548 1.052985e-16
7799.111036 9.585014e-17
7801.526707 9.974043e-17
7803.942469 9.758407e-17
7806.358436 1.027316e-16
7808.774579 9.372050e-17
7811.190932 1.004890e-16
7813.607460 9.934016e-17
7816.024155 1.030004e-16
7818.440961 9.813729e-17
7820.858011 1.048539e-16
7823.275218 9.897664e-17
7825.692633 1.068644e-16
7828.110218 1.016941e-16
7830.527981 1.033109e-16
7832.945901 9.710395e-17
7835.363963 1.054915e-16
7837.782510 1.051544e-16
7840.200625 1.029961e-16
7842.619241 1.025433e-16
7845.038039 1.083545e-16
7847.456946 1.030936e-16
7849.876100 1.054990e-16
7852.294378 1.077065e-16
7854.714892 1.042398e-16
7857.134564 1.087261e-16
7859.554387 1.054739e-16
7861.974410 1.114329e-16
7864.394866 1.192643e-16
7866.813769 1.070078e-16
7869.235442 9.977232e-17
