5099.765106 1.611409e-17
5101.754454 2.077091e-17
5103.744699 1.812599e-17
5105.735577 2.373294e-17
5107.727860 1.757842e-17
5109.720994 1.233697e-17
5111.715288 2.119576e-17
5113.709551 1.017964e-17
5115.705033 1.093172e-17
5117.701701 1.658838e-17
5119.699059 1.104421e-17
5121.697427 1.240306e-17
5123.697007 1.482572e-17
5125.696843 1.056762e-17
5127.698199 1.277043e-17
5129.700027 1.240062e-17
5131.702795 1.145477e-17
5133.706837 1.227305e-17
5135.711407 1.134387e-17
5137.716786 9.647979e-18
5139.723636 1.204856e-17
5141.730617 6.953389e-18
5143.739104 8.132732e-18
5145.748324 7.073492e-18
5147.758217 6.708005e-18
5149.769177 4.672834e-18
5151.781075 4.221918e-18
5153.793875 5.629363e-18
5155.807439 5.276331e-18
5157.821962 2.305642e-18
5159.837202 6.790970e-18
5161.853795 6.981633e-18
5163.870745 3.080564e-18
5165.888893 5.814922e-18
5167.907848 5.851805e-18
5169.927658 2.831932e-18
5171.948355 3.376755e-18
5173.970114 1.799065e-18
5175.992616 3.147054e-18
5178.015802 2.381394e-18
5180.040309 -5.441138e-20
5182.065317 1.079067e-18
5184.091250 9.743178e-19
5186.118404 -2.561904e-18
5188.146307 1.991769e-18
5190.174773 -1.787195e-19
5192.204171 -1.121380e-18
5194.234728 6.936363e-19
5196.265974 -2.089890e-18
5198.298285 2.637161e-19
5200.331281 2.210912e-18
5202.365226 -2.451613e-18
5204.399778 -1.531559e-18
5206.435393 5.815019e-18
5208.472290 -4.641487e-18
5210.509521 2.660216e-18
5212.548006 3.729074e-18
5214.586936 -3.660220e-18
5216.626992 3.666993e-18
5218.668061 3.354015e-18
5220.709822 -3.987301e-18
5222.752212 4.501775e-18
5224.795953 2.520077e-18
5226.840415 -6.293517e-19
5228.885571 5.114371e-18
5230.931775 1.082566e-18
5232.978507 3.636255e-19
5235.026472 6.286065e-18
5237.075364 1.625214e-18
5239.124483 1.511311e-19
5241.175222 4.706417e-18
5243.226405 6.136364e-19
5245.278531 3.009004e-18
5247.331801 5.790515e-18
5249.385580 7.429825e-19
5251.439923 3.958720e-18
5253.495531 6.697270e-18
5255.552374 2.823592e-18
5257.609477 4.527184e-18
5259.667603 3.973000e-18
5261.726764 1.375873e-18
5263.786511 5.339637e-18
5265.847223 2.690095e-18
5267.908874 1.829893e-18
5269.971328 4.035917e-18
5272.034513 3.361069e-18
5274.098841 2.871207e-18
5276.162993 3.238886e-18
5278.229495 3.067763e-18
5280.296310 2.665986e-18
5282.363162 5.284989e-18
5284.432178 3.064175e-18
5286.501417 1.823720e-18
5288.571160 7.212808e-18
5290.642472 2.789540e-18
5292.713870 3.395178e-18
5294.786756 5.063472e-18
5296.860077 4.347204e-18
5298.934355 5.035170e-18
5301.009552 3.259446e-18
5303.085656 3.632527e-18
5305.161974 5.654180e-18
5307.240049 4.473607e-18
5309.318594 3.202060e-18
5311.397539 7.592614e-18
5313.477938 4.740399e-18
5315.559152 2.295581e-18
5317.641008 6.136873e-18
5319.723594 6.741042e-18
5321.807057 3.849035e-18
5323.891496 6.461765e-18
5325.976727 6.884580e-18
5328.062750 2.999261e-18
5330.149336 5.641436e-18
5332.237393 6.839403e-18
5334.325802 3.439418e-18
5336.414837 3.319701e-18
5338.505331 5.195743e-18
5340.596241 2.593294e-18
5342.688057 2.868884e-18
5344.780979 6.192536e-19
5346.874241 3.001722e-18
5348.968546 3.845958e-18
5351.063865 2.973876e-18
5353.159775 4.371329e-18
5355.256671 5.034218e-18
5357.354353 3.239061e-18
5359.452648 1.913079e-18
5361.551889 4.325548e-18
5363.652386 6.324791e-18
5365.752715 4.820074e-18
5367.854771 5.494991e-18
5369.957431 4.845146e-18
5372.060966 4.820765e-18
5374.165046 5.011010e-18
5376.270047 4.563380e-18
5378.375875 5.161883e-18
5380.482700 6.950796e-18
5382.590046 5.005961e-18
5384.698164 4.655020e-18
5386.807818 7.384704e-18
5388.917330 5.774085e-18
5391.027974 4.030310e-18
5393.139331 6.676149e-18
5395.251400 4.119228e-18
5397.365244 5.007921e-18
5399.479317 6.738841e-18
5401.593926 5.650182e-18
5403.709672 4.926738e-18
5405.826383 7.159856e-18
5407.943048 4.706349e-18
5410.061091 5.584289e-18
5412.180545 6.242266e-18
5414.299691 5.757940e-18
5416.420000 4.253194e-18
5418.540763 4.783844e-18
5420.663293 6.523970e-18
5422.785900 4.312450e-18
5424.910340 8.238798e-18
5427.034752 5.255345e-18
5429.159755 5.071677e-18
5431.286175 6.655374e-18
5433.412661 6.360590e-18
5435.540749 2.860914e-18
5437.667952 5.285042e-18
5439.797762 5.369764e-18
5441.928224 5.014816e-18
5444.059264 6.329272e-18
5446.191003 5.812487e-18
5448.323516 2.751965e-18
5450.456532 6.888372e-18
5452.590639 6.720597e-18
5454.725093 5.012177e-18
5456.860310 5.612081e-18
5458.997820 6.473106e-18
5461.134959 6.084232e-18
5463.273037 6.788843e-18
5465.411740 6.772232e-18
5467.551424 7.408740e-18
5469.691741 8.006427e-18
5471.832745 6.941926e-18
5473.975074 8.225494e-18
5476.116408 4.339457e-18
5478.260931 8.184196e-18
5480.405611 9.314013e-18
5482.550972 5.653802e-18
5484.696346 7.077952e-18
5486.843241 8.457136e-18
5488.991036 6.256543e-18
5491.138827 4.846644e-18
5493.288302 7.060177e-18
5495.437894 4.820693e-18
5497.588424 3.719461e-18
5499.740044 7.018234e-18
5501.892100 6.565762e-18
5504.044407 5.301114e-18
5506.198613 6.479229e-18
5508.353455 7.995515e-18
5510.508371 3.777690e-18
5512.664680 5.706093e-18
5514.821489 4.004353e-18
5516.978937 1.487548e-18
5519.137690 3.370019e-18
5521.296329 2.871337e-18
5523.455765 2.773093e-18
5525.616149 4.328153e-18
5527.778669 3.861132e-18
5529.940934 -1.217515e-19
5532.103914 4.858882e-18
5534.267733 3.835454e-18
5536.432042 2.427618e-18
5538.597582 3.482168e-18
5540.763856 3.433400e-18
5542.930444 1.794942e-18
5545.098176 4.933307e-18
5547.266527 3.533952e-18
5549.435859 1.021341e-18
5551.605806 2.443588e-18
5553.776071 5.453130e-18
5555.947623 1.247127e-18
5558.120352 4.165648e-18
5560.292820 3.985789e-18
5562.466657 -9.518018e-20
5564.641400 1.835760e-18
5566.816523 4.688875e-18
5568.991895 3.421928e-18
5571.168323 1.310229e-18
5573.346950 4.866794e-18
5575.525210 3.413401e-18
5577.704127 2.798197e-18
5579.883788 5.126776e-19
5582.064130 -3.367370e-18
5584.245736 5.980272e-18
5586.427575 -5.779938e-18
5588.610749 -2.391623e-18
5590.794336 8.682595e-18
5592.978976 5.132276e-18
5595.163542 5.915675e-18
5597.348939 6.486097e-18
5599.536177 7.667229e-18
5601.723461 4.168938e-18
5603.912042 8.059996e-18
5606.101251 6.943215e-18
5608.290155 3.381424e-18
5610.480908 8.048009e-18
5612.671630 8.733437e-18
5614.863617 6.593124e-18
5617.055013 6.762027e-18
5619.249080 7.163786e-18
5621.444038 6.817379e-18
5623.638543 6.552744e-18
5625.833858 7.183260e-18
5628.030614 5.622739e-18
5630.227408 8.784084e-18
5632.425384 6.413706e-18
5634.623672 6.630092e-18
5636.821792 4.829935e-18
5639.023165 7.261650e-18
5641.224314 5.771863e-18
5643.425426 5.636231e-18
5645.627179 6.394738e-18
5647.830486 6.125586e-18
5650.033285 6.214433e-18
5652.238522 2.374372e-18
5654.444024 6.475628e-18
5656.648647 4.201459e-18
5658.856541 3.410567e-18
5661.064126 5.518695e-18
5663.272297 5.236409e-18
5665.480938 2.796892e-18
5667.690539 5.661765e-18
5669.899621 5.524868e-18
5672.111724 2.658243e-18
5674.323900 4.607792e-18
5676.536658 2.797199e-18
5678.749208 3.920996e-18
5680.963880 3.714020e-18
5683.178361 3.789283e-18
5685.393279 4.592037e-18
5687.610410 2.024131e-18
5689.826623 2.889616e-18
5692.044039 3.622200e-18
5694.262417 1.753423e-18
5696.482176 3.673899e-18
5698.701555 9.101581e-19
5700.922220 9.394065e-19
5703.143348 2.441581e-18
5705.364837 3.650280e-19
5707.588057 1.185717e-18
5709.811496 1.204920e-19
5712.035204 4.487104e-19
5714.260281 2.192930e-18
5716.485944 1.406541e-18
5718.712258 3.123956e-18
5720.939369 3.378013e-19
5723.166674 -1.906943e-18
5725.395343 4.509590e-19
5727.624443 1.663782e-18
5729.854421 -5.831684e-19
5732.084757 1.438337e-19
5734.316012 5.129039e-19
5736.548291 -7.687125e-19
5738.780873 -9.262675e-19
5741.014122 1.065837e-18
5743.248456 -4.546892e-19
5745.482879 -2.637750e-18
5747.719024 -1.088536e-18
5749.954921 -7.842632e-19
5752.192250 -1.164801e-18
5754.429825 -7.320098e-19
5756.667877 -1.352054e-18
5758.907452 -2.832200e-18
5761.146761 -2.153748e-18
5763.387676 2.604700e-20
5765.628915 -1.357943e-18
5767.870501 -3.115872e-19
5770.113274 -1.901448e-18
5772.356671 -1.140154e-18
5774.600777 -7.239741e-19
5776.845123 -2.685924e-18
5779.090966 -1.840036e-18
5781.336937 -2.808764e-19
5783.583832 -2.621378e-18
5785.831374 -4.654438e-18
5788.079752 -1.396759e-18
5790.328412 -3.893115e-19
5792.578448 -3.005972e-18
5794.828705 -1.787738e-18
5797.079416 -2.517002e-18
5799.331139 -1.327871e-18
5801.583831 1.748060e-19
5803.836964 -2.773004e-18
5806.090236 -2.806680e-18
5808.345334 -3.783418e-19
5810.600452 -2.617030e-18
5812.856640 -3.105016e-18
5815.112599 -1.644380e-18
5817.370550 -2.027080e-18
5819.628384 -3.617309e-18
5821.886698 -1.469852e-18
5824.146463 -2.693370e-18
5826.406527 -3.217287e-18
5828.667224 -1.305741e-18
5830.928336 -4.165613e-18
5833.190399 -3.821887e-18
5835.453562 -2.152351e-18
5837.717128 -1.815131e-18
5839.981168 -4.680853e-18
5842.245831 -2.453889e-18
5844.511899 -3.244237e-18
5846.777781 -4.842952e-18
5849.045177 -1.000075e-18
5851.311988 -3.421435e-18
5853.580385 -4.923203e-18
5855.849802 -1.439036e-18
5858.119203 -3.497864e-18
5860.389543 -4.348616e-18
5862.660855 -1.182934e-18
5864.932021 -3.204202e-18
5867.204687 -3.092157e-18
5869.477441 -2.194715e-18
5871.751673 -3.552205e-18
5874.026118 -3.364912e-18
5876.300719 -2.440601e-18
5878.576924 -3.915605e-18
5880.853697 -3.926602e-18
5883.130228 -3.209223e-18
5885.408108 -3.351264e-18
5887.686775 -1.998027e-18
5889.966198 -2.263564e-18
5892.244982 -3.660593e-18
5894.525901 -4.057542e-18
5896.807157 -3.039408e-18
5899.088733 -6.806166e-18
5901.371465 -1.177721e-18
5903.654511 -2.656938e-18
5905.938587 -4.554746e-18
5908.223267 -1.247715e-18
5910.508490 -1.904942e-18
5912.794044 -2.525237e-18
5915.080957 -2.496139e-18
5917.368070 -2.502190e-18
5919.655694 -2.908504e-18
5921.944267 -2.515209e-18
5924.233562 -1.503362e-18
5926.523102 -1.487452e-18
5928.814560 -3.072422e-18
5931.105375 7.023921e-19
5933.396387 -1.133270e-18
5935.689740 -2.122989e-18
5937.982695 -2.637476e-19
5940.276266 -9.019160e-19
5942.570823 -1.307950e-18
5944.866111 7.821531e-20
5947.162054 -1.736771e-18
5949.458151 2.362835e-18
5951.755707 1.720789e-18
5954.053165 7.946605e-19
5956.351911 -2.631520e-19
5958.650939 1.707898e-18
5960.950457 1.898839e-18
5963.251235 2.382117e-18
5965.552230 2.486090e-18
5967.853793 5.237577e-19
5970.156213 2.966947e-18
5972.459399 2.980520e-18
5974.763041 1.779794e-18
5977.067209 4.575768e-18
5979.372440 4.123684e-18
5981.678219 3.035082e-18
5983.984272 2.125683e-18
5986.291598 2.747836e-18
5988.598831 2.798478e-18
5990.907255 1.682260e-18
5993.216137 2.213611e-18
5995.525800 3.344178e-18
5997.835803 3.129515e-18
6000.146616 3.463751e-18
6002.458280 4.915064e-18
6004.769743 3.546391e-18
6007.082878 3.377702e-18
6009.396724 4.781318e-18
6011.710581 1.744827e-18
6014.025422 3.138116e-18
6016.340915 4.544666e-18
6018.656760 4.057174e-18
6020.973357 1.256056e-18
6023.290689 3.163065e-18
6025.608624 5.682517e-18
6027.927336 4.525086e-18
6030.246704 3.618661e-18
6032.566510 4.555519e-18
6034.886750 2.542493e-18
6037.208015 3.976599e-18
6039.529613 5.732422e-18
6041.851784 3.641324e-18
6044.172056 3.932900e-18
6046.498815 4.865726e-18
6048.823189 1.712826e-18
6051.148317 4.151226e-18
6053.473941 4.004831e-18
6055.799898 1.733953e-18
6058.127075 4.294024e-18
6060.454525 4.885081e-18
6062.782992 2.393579e-18
6065.111369 3.415377e-18
6067.441200 4.874048e-18
6069.771202 8.883825e-19
6072.101725 1.548520e-18
6074.432670 4.392164e-18
6076.764929 1.691236e-18
6079.097673 1.522093e-18
6081.430414 3.404385e-18
6083.764518 -4.075958e-19
6086.098890 1.020546e-18
6088.434206 3.319806e-18
6090.769911 3.621493e-20
6093.105996 -1.059446e-18
6095.443173 4.660319e-19
6097.780840 -1.345260e-18
6100.118753 -7.619040e-21
6102.457805 1.199014e-18
6104.797066 -2.958231e-18
6107.137240 -1.787375e-18
6109.478004 1.057503e-18
6111.819702 -4.808240e-19
6114.160778 1.546320e-19
6116.503167 -9.933908e-20
6118.846817 -1.134162e-18
6121.190981 -9.921294e-19
6123.535395 -2.970500e-19
6125.880249 -2.963128e-18
6128.225806 -2.373713e-19
6130.572879 -1.570106e-18
6132.919969 -3.568352e-19
6135.266358 -2.894039e-18
6137.614767 -5.720101e-19
6139.963813 -3.077384e-18
6142.312901 4.861881e-20
6144.662851 4.025249e-19
6147.014120 -3.935500e-18
6149.364744 -1.248153e-18
6151.716419 -1.116575e-18
6154.069434 -1.380583e-18
6156.421991 -1.043030e-18
6158.775807 -1.740169e-18
6161.129712 -1.297729e-18
6163.485040 3.825951e-19
6165.840430 -2.069954e-18
6168.197129 -2.076618e-18
6170.553348 -1.794746e-18
6172.910561 -8.872772e-19
6175.268890 -2.982287e-18
6177.627335 -1.076586e-18
6179.986290 -8.671027e-19
6182.346313 -1.762662e-18
6184.706799 -1.229389e-18
6187.067473 -9.754683e-19
6189.429198 -2.767889e-18
6191.791465 -3.269204e-19
6194.154114 -2.180159e-18
6196.517485 -2.505988e-18
6198.881920 -1.446337e-20
6201.246079 -1.270421e-18
6203.611280 -3.165221e-18
6205.977521 -1.095076e-18
6208.343557 -3.328001e-19
6210.710634 -1.360996e-18
6213.078621 3.194757e-20
6215.446485 -1.771215e-19
6217.815279 -2.381714e-18
6220.185023 8.601833e-19
6222.555048 -2.615180e-19
6224.925111 -9.967312e-19
6227.296720 4.661785e-19
6229.668976 -1.734162e-18
6232.041002 -2.635192e-18
6234.414388 7.736616e-19
6236.787437 1.749594e-19
6239.161624 -2.155591e-18
6241.536692 5.231497e-19
6243.912022 5.646761e-19
6246.288173 -4.631731e-18
6248.664629 1.013706e-18
6251.041916 7.521818e-19
6253.419961 -4.878801e-19
6255.797945 1.978866e-18
6258.177252 1.041128e-18
6260.556294 -6.667910e-19
6262.936766 1.467799e-18
6265.317295 1.574211e-18
6267.698853 -1.769570e-18
6270.080945 7.698373e-19
6272.462908 -2.436545e-19
6274.846211 -1.555138e-18
6277.229919 -3.729360e-19
6279.614495 -2.048056e-19
6281.998879 -2.534555e-18
6284.384607 6.696467e-19
6286.770685 6.357539e-20
6289.157209 -3.361547e-19
6291.544502 1.339668e-18
6293.932249 -5.735566e-19
6296.320360 8.216326e-19
6298.708841 -1.510746e-18
6301.098656 2.873458e-18
6303.488726 -9.145991e-18
6305.879419 -5.295704e-18
6308.270949 9.125889e-18
6310.662936 -5.625242e-18
6313.055623 4.701177e-18
6315.448523 3.297399e-18
6317.841902 3.815100e-18
6320.236499 3.054449e-18
6322.631377 2.844854e-18
6325.026550 2.923514e-18
6327.422097 2.224937e-18
6329.818470 2.743663e-18
6332.215481 5.925113e-19
6334.613812 1.535294e-18
6337.012106 3.032468e-18
6339.410588 1.816248e-18
6341.810066 1.504830e-18
6344.209397 4.598653e-18
6346.610336 4.899218e-18
6349.012203 2.640837e-18
6351.413590 3.788325e-18
6353.815628 2.721276e-18
6356.218765 3.043473e-18
6358.622204 1.088625e-18
6361.025625 3.196424e-18
6363.430323 -2.869406e-18
6365.835463 2.324423e-18
6368.241125 -2.132625e-18
6370.647309 -2.117835e-18
6373.054607 4.026740e-18
6375.461766 1.017667e-18
6377.870284 2.185454e-18
6380.278631 1.837846e-18
6382.687474 1.994388e-18
6385.097503 -4.312082e-19
6387.507586 1.082141e-18
6389.918592 2.459812e-18
6392.329826 -1.104752e-18
6394.741982 9.857289e-19
6397.154257 1.075553e-18
6399.567759 -6.290239e-19
6401.980989 1.225014e-18
6404.395359 1.501644e-18
6406.810752 -1.422209e-18
6409.225070 5.934310e-19
6411.641511 1.498465e-18
6414.057616 -2.326318e-18
6416.475122 6.531769e-20
6418.892170 1.327270e-18
6421.310455 -1.538989e-18
6423.729451 2.951478e-20
6426.148694 2.470808e-19
6428.568322 -2.225950e-18
6430.988760 -6.403261e-19
6433.410114 1.856744e-19
6435.831725 -1.098616e-18
6438.253249 -4.327280e-19
6440.675766 1.339826e-18
6443.099062 -1.379599e-18
6445.523107 -1.469301e-18
6447.947121 4.338476e-19
6450.372357 -2.820689e-18
6452.797506 -4.727017e-19
6455.223235 -3.040994e-19
6457.650070 -2.049369e-18
6460.077203 -2.218941e-18
6462.504238 -6.738474e-19
6464.932498 -4.013262e-19
6467.361724 -1.732757e-19
6469.790822 -1.566424e-18
6472.220849 -3.362757e-18
6474.651245 -2.620515e-19
6477.081681 -6.699558e-19
6479.513208 -7.384538e-19
6481.945792 -8.728134e-19
6484.378193 -2.761548e-19
6486.811927 -3.325313e-18
6489.245097 -3.375490e-21
6491.678971 -1.529720e-19
6494.114022 -7.582853e-19
6496.549391 1.727865e-19
6498.985199 -2.601204e-18
6501.421983 -1.516859e-18
6503.858722 -7.241531e-19
6506.295883 -1.131655e-18
6508.734030 -1.060358e-18
6511.173014 1.545290e-18
6513.612057 -1.968934e-18
6516.052123 -1.912850e-18
6518.491916 7.197791e-19
6520.933043 -1.077591e-18
6523.374308 -1.843706e-18
6525.816132 1.622094e-20
6528.258531 3.422265e-19
6530.701579 -2.275326e-18
6533.145116 2.634470e-20
6535.588835 4.612479e-19
6538.033182 -2.901403e-18
6540.478946 -3.031165e-19
6542.924363 -1.247039e-18
6545.370414 -1.421052e-18
6547.817383 4.400986e-19
6550.264815 -5.930185e-19
6552.712397 -9.064518e-19
6555.161054 1.893364e-18
6557.609637 3.119339e-19
6560.058814 -7.348421e-19
6562.509262 9.858055e-19
6564.959753 5.117602e-19
6567.410726 -4.103560e-19
6569.862401 2.215537e-18
6572.314114 1.355752e-18
6574.767117 -2.189193e-19
6577.220224 3.350391e-18
6579.674272 2.454440e-18
6582.127805 -5.449638e-20
6584.582902 3.827880e-18
6587.038886 6.304935e-19
6589.494038 1.232118e-18
6591.950754 2.792150e-18
6594.407794 5.505951e-19
6596.864807 -2.670384e-20
6599.323089 2.228843e-18
6601.781677 1.058838e-18
6604.240784 3.940036e-19
6606.700448 1.175455e-18
6609.159876 2.308935e-18
6611.620338 1.328190e-18
6614.082454 2.472662e-18
6616.543637 9.212853e-19
6619.005802 2.349055e-18
6621.468764 2.707681e-18
6623.932218 8.586588e-19
6626.395618 1.034790e-18
6628.860124 3.039643e-18
6631.325192 1.157812e-18
6633.790116 2.337816e-18
6636.256321 2.390568e-18
6638.722868 1.431496e-18
6641.189626 3.872876e-19
6643.657150 2.675140e-18
6646.125157 2.177284e-18
6648.593734 1.575650e-18
6651.062814 2.637403e-18
6653.532353 2.534689e-18
6656.001893 1.184276e-18
6658.473188 1.942347e-18
6660.944083 -2.089038e-18
6663.415759 2.856180e-18
6665.887856 2.341288e-18
6668.360876 -8.919623e-19
6670.833869 3.628183e-18
6673.307579 8.591332e-19
6675.782851 -6.373364e-18
6678.256710 7.745983e-18
6680.731823 -5.290476e-19
6683.208881 -8.809289e-18
6685.684072 4.701704e-19
6688.160811 -6.374794e-19
6690.638527 1.158795e-19
6693.115838 3.363498e-18
6695.594008 7.190913e-19
6698.074474 -5.928748e-18
6700.552688 9.581916e-18
6703.032938 -7.687657e-19
6705.513299 -2.913891e-18
6707.993889 7.431176e-19
6710.475421 9.722176e-19
6712.957643 1.082137e-18
6715.439972 1.704727e-19
6717.922918 8.239846e-19
6720.406616 5.053900e-19
6722.890573 7.905810e-19
6725.375149 -6.715081e-19
6727.860039 -7.214152e-19
6730.346145 4.969582e-19
6732.832118 -1.819401e-19
6735.318078 -7.449243e-19
6737.805824 2.066452e-18
6740.293158 -5.634170e-19
6742.780958 -1.160667e-18
6745.270207 2.934967e-18
6747.759119 -3.449601e-19
6750.248492 -4.109692e-19
6752.738789 2.269038e-19
6755.229467 -1.533357e-18
6757.720726 -7.885787e-19
6760.211956 8.673401e-19
6762.704550 -3.325229e-18
6765.197050 -1.524567e-18
6767.690058 6.264598e-19
6770.184261 -1.176543e-18
6772.677951 -8.708276e-19
6775.172942 6.833573e-19
6777.668221 -2.340647e-18
6780.163591 -1.550702e-18
6782.660101 -5.489455e-19
6785.156426 -3.397955e-18
6787.653806 -1.701755e-18
6790.151863 -7.409295e-19
6792.649992 -3.641940e-18
6795.148304 -5.144203e-19
6797.647870 -9.978738e-19
6800.147604 -3.253909e-18
6802.647369 -2.930953e-19
6805.148584 -8.146604e-19
6807.649632 -2.852594e-18
6810.151206 -2.439660e-18
6812.653415 -1.150103e-18
6815.155892 -3.902919e-18
6817.659331 -1.543708e-18
6820.163457 -1.107403e-18
6822.667541 -3.673587e-18
6825.171711 -3.069440e-18
6827.677276 -2.449054e-18
6830.182634 -6.874773e-18
6832.688895 -3.934890e-18
6835.195655 -4.182121e-18
6837.703241 -8.131048e-18
6840.210409 -3.431634e-18
6842.718860 -3.642603e-18
6845.227433 -5.593822e-18
6847.736788 -3.120610e-18
6850.246287 -1.842823e-18
6852.756183 -6.290441e-18
6855.267265 -3.217666e-18
6857.778054 -1.483328e-18
6860.289781 -4.797700e-18
6862.801687 -2.638373e-18
6865.314315 -1.444109e-18
6867.827090 -5.938999e-18
6870.341002 -1.032079e-18
6872.855304 -1.405543e-18
6875.370055 -2.451333e-18
6877.884488 -2.206780e-18
6880.400739 -2.303674e-18
6882.916162 -2.869739e-18
6885.432979 -2.102797e-18
6887.949973 -2.357000e-18
6890.467448 -5.373836e-18
6892.985375 -3.024564e-18
6895.503691 -2.233056e-18
6898.022652 -3.455226e-18
6900.542153 -1.620940e-18
6903.062520 -2.334937e-18
6905.583126 -4.729558e-18
6908.103325 -3.203080e-18
6910.624938 -2.486015e-18
6913.146318 -4.895133e-18
6915.669207 -3.106976e-18
6918.192146 -3.351203e-18
6920.715183 -6.527154e-18
6923.239043 -1.425499e-18
6925.763364 -1.378344e-18
6928.288206 -5.108332e-18
6930.813376 -2.413529e-18
6933.339454 -3.144245e-18
6935.865966 -5.161721e-18
6938.391985 -2.735514e-18
6940.919367 -2.784577e-18
6943.446975 -5.652673e-18
6945.975119 -1.899877e-18
6948.503804 -3.626834e-18
6951.032981 -5.765907e-18
6953.562297 -2.744437e-18
6956.092722 -2.455482e-18
6958.623259 -4.761971e-18
6961.154147 -2.463859e-18
6963.685588 -1.537539e-18
6966.218004 -3.763879e-18
6968.750144 -2.322316e-18
6971.282759 -3.050386e-18
6973.816118 -5.905783e-18
6976.350320 -2.731737e-18
6978.884796 -3.780731e-18
6981.419701 -3.610098e-18
6983.954651 -3.272407e-18
6986.490905 -2.773247e-18
6989.026889 -2.014393e-18
6991.563927 -2.937988e-18
6994.100819 -3.124456e-18
6996.638835 -4.826410e-18
6999.176837 -1.663689e-18
7001.715120 -3.278651e-18
7004.254377 -5.074116e-18
7006.793858 -2.828475e-18
7009.334538 -2.664593e-18
7011.874872 -5.602525e-18
7014.415512 -1.460073e-18
7016.957501 -3.335644e-18
7019.499002 -4.236435e-18
7022.041616 -2.211000e-18
7024.584642 -2.405706e-18
7027.127939 -4.542340e-18
7029.671656 -1.877333e-18
7032.216108 -3.637690e-18
7034.760856 -2.361902e-18
7037.306205 -2.692835e-18
7039.851567 -3.332625e-18
7042.398048 -3.458729e-18
7044.944806 -2.092969e-18
7047.491368 -1.605383e-18
7050.039103 -3.905375e-18
7052.587190 -2.109581e-18
7055.136030 -2.800301e-18
7057.684576 -3.802230e-18
7060.234302 -2.197830e-18
7062.784112 -2.332282e-18
7065.334689 -3.464511e-18
7067.885339 -1.255340e-18
7070.436650 -2.443839e-18
7072.988562 -2.988349e-18
7075.540606 -2.194568e-18
7078.093478 -2.185681e-18
7080.646652 -3.304230e-18
7083.200149 -2.028949e-18
7085.754293 -2.233487e-18
7088.308536 -5.089441e-18
7090.863732 -2.402709e-18
7093.419590 -2.947171e-18
7095.975350 -4.222627e-18
7098.531784 -2.612204e-18
7101.088508 -2.360178e-18
7103.645937 -3.021924e-18
7106.203810 -8.350521e-19
7108.761801 -3.072192e-18
7111.320892 -3.572012e-18
7113.879765 -1.245610e-18
7116.439445 -1.753362e-18
7118.999497 -1.891001e-18
7121.559950 -1.759310e-18
7124.121239 -2.053511e-18
7126.683112 -1.564898e-18
7129.244296 -1.501473e-18
7131.806784 -2.112825e-18
7134.370049 -2.862260e-18
7136.932818 -1.583557e-18
7139.496726 -2.327168e-18
7142.061150 -6.761941e-19
7144.625478 -1.089748e-18
7147.190770 -1.730845e-18
7149.756434 -1.919284e-18
7152.322426 -9.796664e-19
7154.888780 -2.406575e-18
7157.455417 -1.672168e-18
7160.023497 -6.225211e-19
7162.590717 -1.718168e-18
7165.159401 -5.295344e-19
7167.728058 -5.256096e-19
7170.297376 -1.127943e-18
7172.867197 -2.963843e-18
7175.436871 -4.241057e-19
7178.007900 -1.161372e-18
7180.578758 -2.894692e-18
7183.150387 -3.522968e-19
7185.721636 4.980800e-19
7188.294512 -9.197767e-19
7190.867637 1.165004e-19
7193.440166 4.791349e-19
7196.014049 -1.441332e-18
7198.588489 1.820900e-18
7201.163236 1.108192e-18
7203.738333 1.406572e-19
7206.313863 1.586412e-18
7208.889493 1.986232e-18
7211.465773 8.881928e-19
7214.042895 1.349704e-18
7216.619839 1.848629e-18
7219.197710 2.243767e-18
7221.775871 3.811589e-18
7224.354074 1.075508e-18
7226.933590 4.967439e-20
7229.513364 3.143919e-18
7232.093266 6.787094e-19
7234.673730 -1.692680e-18
7237.254826 2.949968e-18
7239.836132 1.243889e-18
7242.417818 -1.334536e-18
7245.000285 1.494619e-18
7247.582696 -5.858611e-20
7250.165649 3.898102e-19
7252.749032 2.874566e-18
7255.333473 1.355041e-18
7257.918034 9.670033e-19
7260.503563 3.064159e-18
7263.087907 2.221332e-18
7265.674043 1.405373e-19
7268.260573 2.552631e-18
7270.846934 2.153190e-18
7273.433875 -1.108445e-18
7276.021560 2.661355e-18
7278.609705 1.073435e-18
7281.197831 -1.836723e-19
7283.787199 3.902037e-18
7286.376095 2.594628e-18
7288.965807 2.122358e-18
7291.556571 5.558406e-18
7294.146888 4.585405e-18
7296.737496 1.124800e-18
7299.328541 4.270596e-18
7301.920512 2.275735e-18
7304.513585 9.638052e-19
7307.105945 4.713374e-18
7309.699534 3.723775e-18
7312.293777 2.242848e-18
7314.887850 3.997664e-18
7317.482227 2.912530e-18
7320.077241 1.832372e-18
7322.671745 4.171363e-18
7325.267635 4.348867e-18
7327.864409 1.169528e-18
7330.460935 6.094178e-18
7333.057727 4.337911e-18
7335.656050 2.359475e-18
7338.253675 6.217193e-18
7340.851735 5.173955e-18
7343.451911 1.143507e-18
7346.050373 5.645746e-18
7348.649846 4.999069e-18
7351.251157 3.848753e-18
7353.851175 7.129666e-18
7356.451860 7.313973e-18
7359.054336 3.170927e-18
7361.655644 6.545111e-18
7364.257765 4.986846e-18
7366.861804 3.240649e-18
7369.464045 6.625098e-18
7372.067413 5.491476e-18
7374.672726 4.646525e-18
7377.276548 8.442266e-18
7379.881192 6.781509e-18
7382.487506 5.405519e-18
7385.092869 7.149081e-18
7387.698714 7.192693e-18
7390.306520 4.325169e-18
7392.912985 7.576522e-18
7395.519822 5.762930e-18
7398.129312 2.340917e-18
7400.736910 5.637596e-18
7403.347054 5.284884e-18
7405.956617 2.162935e-18
7408.564913 4.727539e-18
7411.175980 3.378803e-18
7413.786366 2.258858e-18
7416.396116 4.679940e-18
7419.007849 3.139365e-18
7421.621264 1.127280e-18
7424.233939 5.066827e-18
7426.846445 3.148256e-18
7429.459241 1.593454e-18
7432.073425 3.602906e-18
7434.687133 3.050052e-18
7437.301656 1.619327e-18
7439.916546 3.309735e-18
7442.531566 2.178721e-18
7445.147316 1.055834e-18
7447.761787 2.735142e-18
7450.379685 1.479453e-18
7452.996759 1.000577e-18
7455.612599 2.284869e-18
7458.231878 1.116012e-18
7460.850208 7.688217e-19
7463.469280 2.342284e-18
7466.088163 8.993622e-19
7468.707654 2.813198e-19
7471.327800 1.279802e-18
7473.947719 -1.625659e-19
7476.568857 -6.514197e-20
7479.189995 2.531569e-18
7481.811280 2.325699e-18
7484.433660 5.287257e-20
7487.053176 2.935076e-18
7489.678415 2.242124e-18
7492.301932 -4.373268e-20
7494.926131 2.126798e-18
7497.550081 2.368328e-18
7500.174467 4.374879e-19
7502.799772 1.887720e-18
7505.424839 1.414260e-18
7508.050955 3.551631e-19
7510.677132 1.457555e-18
7513.303026 1.246797e-18
7515.930351 -9.402439e-19
7518.558035 1.303389e-18
7521.185934 7.511300e-19
7523.814021 -1.243438e-18
7526.442892 3.272554e-18
7529.071571 2.667270e-18
7531.701644 -2.203703e-18
7534.331807 1.295281e-18
7536.961964 2.135662e-18
7539.593070 2.857553e-19
7542.224058 2.223821e-18
7544.855296 2.097580e-18
7547.487466 9.438985e-19
7550.120007 2.007177e-18
7552.753037 1.609253e-18
7555.386514 -9.083067e-21
7558.019853 2.818166e-18
7560.653988 9.111984e-19
7563.288314 7.190913e-19
7565.923697 1.788140e-18
7568.558984 4.551658e-19
7571.194817 -1.912537e-18
7573.830822 1.958648e-18
7576.467335 1.406450e-18
7579.104562 -1.141255e-18
7581.741857 2.081967e-18
7584.379100 1.281834e-18
7587.017745 -2.127217e-18
7589.656791 9.090597e-19
7592.295612 1.044858e-18
7594.935141 -8.086544e-19
7597.574931 1.400110e-19
7600.215191 -1.900634e-19
7602.856130 -5.682951e-20
7605.497210 3.104225e-19
7608.138068 4.024477e-21
7610.780765 -2.088976e-20
7613.422560 4.670916e-19
7616.065662 4.047043e-19
7618.708365 -9.325981e-19
7621.352164 -5.021050e-19
7623.996538 8.992253e-19
7626.640721 -1.526574e-18
7629.285273 2.249835e-20
7631.930262 -3.068867e-19
7634.576777 1.126780e-19
7637.221922 -4.492599e-19
7639.868705 -3.611627e-19
7642.515037 -1.615596e-18
7645.162733 3.152885e-20
7647.810181 2.311242e-19
7650.458400 -1.576241e-18
7653.106421 -4.098438e-19
7655.755455 2.647674e-19
7658.404685 -2.140702e-18
7661.054334 7.870506e-19
7663.704278 6.487822e-19
7666.355147 -2.110671e-18
7669.005604 -8.522778e-19
7671.656908 1.840001e-18
7674.308660 -1.719032e-18
7676.961013 -5.704927e-19
7679.612515 -1.003716e-18
7682.265792 -3.589173e-18
7684.919446 -4.156045e-19
7687.572647 1.324488e-18
7690.227356 -2.428169e-18
7692.881502 -6.798055e-20
7695.536245 -9.084438e-19
7698.191343 -3.377163e-18
7700.847263 -1.616444e-18
7703.503417 -2.102896e-18
7706.159744 -4.733760e-18
7708.816181 -1.031640e-18
7711.473705 -1.087279e-18
7714.131257 -3.308425e-18
7716.789250 7.887601e-19
7719.448240 1.048538e-18
7722.107138 -2.162486e-19
7724.766212 1.579449e-18
7727.425599 8.427127e-19
7730.086081 -2.063007e-18
7732.746520 1.235336e-18
7735.407315 6.065670e-19
7738.068689 -2.397901e-18
7740.730049 -1.211495e-18
7743.391923 -1.274508e-18
7746.054229 -5.014541e-18
7748.717329 7.809554e-19
7751.380405 1.003102e-18
7754.044166 -8.849760e-19
7756.708208 1.234359e-18
7759.372749 -1.352228e-19
7762.037290 -2.678735e-18
7764.702533 -1.416443e-19
7767.367892 -5.151298e-18
7770.034099 -7.148598e-18
7772.700388 2.020885e-18
7775.367398 -4.660205e-18
7778.034810 -3.090024e-18
7780.702099 2.543525e-18
7783.370190 1.468694e-18
7786.038348 -1.527744e-19
7788.707269 1.114311e-18
7791.376799 3.010787e-18
7794.045965 -1.765371e-18
7796.715944 5.176879e-19
7799.386288 3.394816e-18
7802.057012 1.631564e-18
7804.728195 8.018788e-19
7807.399935 2.914434e-18
7810.071169 4.489995e-20
7812.743834 1.763662e-18
7815.416435 2.629741e-18
7818.089403 1.168922e-19
7820.762921 1.594985e-18
7823.436699 2.137125e-18
7826.111025 1.479156e-18
7828.785896 1.349711e-18
7831.460473 1.998230e-18
7834.135932 4.268515e-19
7836.812235 1.423472e-18
7839.487668 2.830262e-18
7842.164415 -5.600209e-19
7844.841461 2.506995e-18
7847.519092 2.504354e-18
7850.196336 1.470913e-18
7852.874729 2.069301e-18
7855.552839 2.628542e-18
7858.232223 1.928009e-18
7860.911235 2.485377e-18
7863.591128 1.667754e-18
7866.270866 -4.334708e-19
7868.951587 1.481836e-18
7871.632295 1.492812e-18
7874.313429 1.791625e-19
7876.995249 5.474565e-19
7879.677118 2.302271e-18
7882.359430 -6.363713e-22
7885.042139 2.785083e-19
7887.725388 5.310433e-18
7890.409264 7.931946e-19
7893.092631 1.044706e-18
7895.776960 8.912388e-19
7898.461787 1.053401e-18
7901.146892 3.457631e-19
7903.832192 1.080284e-18
7906.517709 -1.804644e-18
7909.203916 -8.730857e-19
7911.890838 4.965230e-19
7914.577618 -4.778085e-19
7917.264966 8.152220e-20
7919.952701 -3.792899e-19
7922.640977 1.246025e-19
7925.329311 -5.416409e-19
7928.018347 -7.895351e-19
7930.707774 4.534864e-19
7933.397112 8.486639e-19
7936.087245 -6.342823e-20
7938.777421 1.697429e-19
7941.468378 -6.556530e-19
7944.159755 7.800279e-19
7946.850999 5.785312e-19
7949.542760 -7.717621e-19
7952.235315 2.413370e-18
7954.927833 -1.042262e-18
7957.620675 -8.632024e-20
7960.313974 -1.221573e-18
7963.008051 -3.662060e-19
7965.702099 -4.529495e-22
7968.396916 6.922794e-19
7971.091717 -9.182897e-19
7973.787135 -8.340945e-19
7976.482587 -2.122975e-19
7979.178814 -3.575827e-19
7981.875134 4.511942e-19
7984.572001 5.846645e-19
7987.269276 -1.630506e-18
7989.966499 -1.787458e-18
7992.664457 -2.398424e-18
7995.362998 -1.984035e-18
7998.061753 -1.366364e-18
8000.761175 -3.163185e-18
8003.460262 -4.977363e-19
8006.160071 -2.513260e-18
8008.860754 -1.035581e-19
8011.560816 -4.497960e-19
8014.261615 -1.830801e-18
8016.962950 -1.156676e-18
8019.664734 -9.002391e-20
8022.366573 -3.118337e-18
8025.069178 -1.965264e-18
8027.772208 -5.460329e-19
8030.475125 -1.500216e-18
8033.178633 -7.140806e-19
8035.883071 5.734083e-19
8038.587054 -1.787907e-18
8041.291732 9.829055e-19
8043.996573 -4.558615e-19
8046.702263 -1.000545e-18
8049.408059 -7.808541e-19
8052.113849 8.966028e-21
8054.820479 -8.624719e-19
8057.527163 -9.287880e-19
8060.234710 7.172941e-19
8062.942204 -3.643024e-19
8065.650219 -1.087190e-18
8068.358767 -6.791144e-19
8071.067479 -2.745365e-18
8073.776951 4.990395e-19
8076.486290 -6.439235e-19
8079.195783 -2.067326e-18
8081.906121 2.675889e-19
8084.616529 -7.161141e-19
8087.327737 -2.158947e-18
8090.038926 6.268300e-19
8092.750742 -1.280834e-19
8095.462348 -1.964735e-18
8098.175281 -1.702872e-18
8100.887655 -4.117732e-19
8103.601032 -2.536306e-18
8106.314315 -4.922322e-19
8109.028192 -6.364325e-19
8111.742967 -2.182103e-18
8114.457197 -4.140303e-19
8117.172421 -9.535471e-19
8119.887344 -2.483566e-18
8122.603135 9.749520e-19
8125.319495 -6.475260e-19
8128.035573 -3.279005e-18
8130.752777 -1.840745e-19
8133.469725 -7.591013e-19
8136.187091 -1.264400e-18
8138.905172 -2.709245e-18
8141.623637 -1.730815e-19
8144.334324 -2.886759e-18
8147.053978 -2.025605e-18
8149.772982 -1.513211e-18
8152.499757 -2.520676e-18
8155.220162 -3.093175e-19
8157.940382 -7.266437e-19
8160.661231 -1.882608e-18
8163.382430 -1.139043e-18
8166.103878 -1.124584e-19
8168.825646 -3.112867e-18
8171.548145 8.176466e-19
8174.270477 -5.379572e-19
8176.993389 -1.431093e-18
8179.717395 -7.526240e-19
8182.440476 -5.360711e-20
8185.164247 -1.208607e-18
8187.888715 -2.278010e-18
8190.613596 -2.102197e-19
8193.338641 -1.496716e-18
8196.064158 -9.203132e-19
8198.790176 -1.351913e-19
8201.515939 -2.135818e-18
8204.242749 3.430117e-19
8206.969614 -1.058925e-18
8209.696786 -1.448314e-18
8212.424178 -7.185076e-19
8215.152407 3.486235e-19
8217.880804 -2.894078e-18
8220.609853 -1.224577e-18
8223.338536 -5.413101e-20
8226.067555 -3.013155e-18
8228.797868 -2.280999e-18
8231.527697 2.722975e-19
8234.257955 -3.503635e-18
8236.988946 -9.474196e-19
8239.720027 -5.982087e-19
8242.452183 -4.183426e-18
8245.183300 -1.514152e-18
8247.915610 -8.402560e-19
8250.648799 -3.545582e-18
8253.381659 -8.847901e-19
8256.114386 -1.253746e-18
8258.848521 -2.321543e-18
8261.582641 -9.440457e-19
8264.316489 -1.268330e-18
8267.051126 -2.177339e-18
8269.786166 -2.663274e-18
8272.521102 -9.096241e-19
8275.257287 -2.865059e-18
8277.993213 -2.100679e-18
8280.729673 -2.508319e-18
8283.466489 -2.842615e-18
8286.203579 -1.162616e-18
8288.941302 -1.156520e-18
8291.678885 -9.243674e-19
8294.417507 -6.172378e-19
8297.155807 -1.549400e-18
8299.894899 -4.409826e-19
8302.634470 -1.298761e-18
8305.373925 -7.536175e-19
8308.113648 -8.368902e-19
8310.854639 -2.619353e-18
8313.594603 -1.183043e-18
8316.336164 -3.069671e-18
8319.077517 -6.924409e-19
8321.819513 -1.027287e-18
8324.560815 -1.594392e-18
8327.303860 -1.777689e-18
8330.045681 -5.780423e-19
8332.789094 -3.007630e-18
8335.532359 -4.042088e-18
8338.276128 -1.021906e-18
8341.020312 -3.351219e-18
8343.764860 -3.255899e-18
8346.509814 -5.680199e-19
8349.255015 5.728104e-20
8352.000541 -5.931426e-19
8354.746579 -6.473113e-19
8357.492811 -1.882082e-18
8360.239454 -2.937644e-18
8362.986151 -7.561917e-19
8365.733750 -1.656113e-18
8368.481203 -1.374344e-18
8371.229242 -4.121877e-19
8373.977026 -1.555821e-18
8376.725667 -3.562031e-18
8379.474970 -7.952257e-19
8382.224088 -1.340081e-18
8384.974036 -2.399406e-18
8387.723614 -9.961272e-19
8390.473924 -4.140506e-18
8393.224704 -3.512588e-18
8395.975719 -2.535657e-18
8398.727250 -4.187273e-18
8401.478897 -2.961317e-18
8404.231116 -1.324779e-18
8406.983491 -3.160984e-18
8409.736261 -5.996522e-18
8412.489372 -2.100446e-18
8415.242404 -2.656144e-18
8417.996066 -6.284042e-18
8420.750348 -3.506390e-18
8423.504602 -4.149349e-18
8426.259783 -2.307117e-18
8429.014883 -1.006373e-18
8431.769842 -3.875511e-18
8434.525779 -3.302053e-18
8437.281973 -1.661308e-18
8440.038434 -2.508828e-18
8442.795609 -4.690961e-18
8445.552369 -4.036560e-18
8448.309996 -4.063978e-18
8451.068195 -1.652722e-18
8453.825974 -2.463824e-18
8456.584212 -3.905769e-18
8459.343394 -5.230552e-18
8462.102285 -3.145726e-18
8464.862220 -2.100244e-18
8467.622069 -1.472588e-18
8470.382348 -3.602670e-18
8473.142844 -2.958523e-18
8475.903937 -3.225172e-18
8478.664785 -2.600272e-18
8481.426153 -2.289616e-18
8484.187909 -3.078151e-18
8486.950404 -2.983820e-18
8489.712488 -2.148226e-18
8492.475394 -7.084508e-18
8495.238805 -1.504054e-18
8498.001960 -3.551432e-18
8500.766075 -1.382854e-18
8503.530102 -2.294877e-18
8506.295054 -2.127476e-18
8509.060206 -1.670904e-18
8511.825165 -2.589540e-18
8514.590191 -3.517801e-18
8517.355982 -1.499059e-18
8520.123282 -1.142093e-18
8522.888708 -4.057812e-18
8525.655527 -3.345354e-18
8528.422740 -1.551492e-18
8531.190996 -1.681752e-18
8533.958187 -3.863245e-18
8536.726476 -1.119844e-18
8539.494695 -1.023345e-18
8542.263463 -2.255381e-18
8545.032875 -9.560669e-21
8547.802405 -5.556331e-19
8550.572546 -1.845430e-18
8553.342249 1.081790e-18
8556.112709 -1.655924e-18
8558.883349 8.061594e-20
8561.655097 -8.916077e-19
8564.425918 -3.482785e-18
8567.198614 -7.503587e-19
8569.970186 -2.540271e-19
8572.742159 -1.102630e-18
8575.514700 4.846244e-19
8578.288437 6.522222e-20
8581.061806 -1.085524e-18
8583.834563 -9.675527e-19
8586.609836 7.440464e-19
8589.383551 7.143521e-19
8592.158218 -1.327518e-18
8594.933058 1.178604e-18
8597.708041 1.028606e-18
8600.484596 -9.004005e-19
8603.260703 2.042923e-18
8606.036738 8.981956e-19
8608.813172 -2.278994e-18
8611.590253 1.280624e-18
8614.367527 8.309643e-19
8617.145584 -1.176495e-18
8619.922987 -8.339472e-19
8622.701229 1.078043e-19
8625.479807 -3.086292e-18
8628.258808 6.395694e-20
8631.038372 4.206378e-20
8633.817250 4.226481e-19
8636.598127 -8.394134e-19
8639.377196 -7.946043e-19
8642.158276 -2.070142e-18
8644.938911 1.445980e-18
8647.720099 1.348036e-18
8650.501426 -1.076474e-18
8653.283734 -5.832781e-19
8656.065191 -1.785239e-19
8658.847977 -3.414226e-18
8661.630875 9.920978e-19
8664.413728 -3.418413e-19
8667.196914 6.480923e-19
8669.980280 2.165846e-18
8672.764818 1.538126e-19
8675.549148 2.756317e-18
8678.334185 4.458770e-19
8681.117987 1.664639e-18
8683.903293 6.450053e-19
8686.689535 2.116992e-18
8689.475460 8.368414e-19
8692.261953 1.066210e-18
8695.048677 2.266098e-18
8697.836238 -4.004966e-19
8700.623270 1.443782e-18
8703.410934 3.545333e-18
8706.198665 -1.115841e-18
8708.985183 2.273197e-18
8711.767165 2.280796e-18
8714.561697 1.195566e-18
8717.350381 3.287822e-18
8720.133781 4.424080e-18
8722.930326 3.221337e-18
8725.718937 4.514280e-18
8728.503328 4.953606e-18
8731.299825 2.752090e-18
8734.091255 5.738933e-18
8736.883710 8.765562e-18
8739.674724 6.670747e-18
8742.466730 3.254268e-18
8745.260016 5.747739e-18
8748.051455 4.721496e-18
8750.844989 1.295098e-18
8753.638346 4.825482e-18
8756.431952 5.281494e-18
8759.225337 3.767160e-18
8762.019938 4.070575e-18
8764.813827 3.309367e-18
8767.608400 1.809307e-18
8770.402503 3.220785e-18
8773.198850 5.066457e-18
8775.994615 3.840521e-18
8778.789311 2.086870e-18
8781.586577 4.022429e-18
8784.382964 2.686973e-18
8787.178861 5.775153e-18
8789.975577 4.252496e-18
8792.773693 3.705972e-18
8795.571784 4.720637e-18
8798.368581 3.631563e-18
8801.168163 3.111436e-18
8803.966630 4.057548e-18
8806.764639 2.925444e-18
8809.564276 1.244477e-18
8812.365213 3.125932e-18
8815.165062 1.601790e-18
8817.964917 -2.190525e-18
8820.765942 7.345618e-18
8823.566495 2.088372e-18
8826.367638 2.049203e-18
8829.169518 3.007730e-18
8831.970600 3.684264e-18
8834.772567 1.657802e-18
8837.575533 2.204458e-18
8840.378018 2.757292e-18
8843.180798 -6.955764e-20
8845.984121 2.150622e-18
8848.787656 2.513641e-18
8851.591370 2.821344e-18
8854.395163 1.637382e-18
8857.200273 6.983605e-20
8860.004431 -1.657998e-18
8862.809943 1.171998e-18
8865.614882 3.202023e-20
8868.419848 7.557127e-19
8871.226617 8.430070e-19
8874.032356 6.071547e-20
8876.839001 -2.882166e-18
8879.646163 2.022560e-18
8882.452858 9.604202e-19
8885.260481 5.855569e-20
8888.068671 2.641233e-18
8890.876082 -6.601952e-19
8893.684435 2.756576e-20
8896.493423 -1.041348e-19
8899.301822 1.104992e-18
8902.111189 1.742257e-18
8904.920670 1.034285e-18
8907.730211 1.301272e-18
8910.540279 -1.003205e-18
8913.351059 -2.180398e-18
8916.161385 -6.140970e-19
8918.972885 -4.644704e-19
8921.784355 -9.687482e-19
8924.595680 -5.491726e-19
8927.406977 -1.574909e-18
8930.219402 2.662088e-19
8933.031882 -1.373355e-18
8935.844595 -6.069114e-19
8938.657819 -1.950772e-18
8941.470515 -1.742651e-18
8944.284404 -3.163860e-18
8947.098143 -9.128074e-19
8949.912254 7.027683e-19
8952.726998 -2.027382e-18
8955.541762 -1.876309e-18
8958.357174 -8.407157e-19
8961.172001 6.398756e-20
8963.988443 -8.715597e-19
8966.803786 -1.591843e-18
8969.620316 -1.415230e-19
8972.436794 -8.471778e-21
8975.253067 -1.015275e-18
8978.070007 -2.836478e-18
8980.887421 -2.908262e-18
8983.705485 -1.439143e-18
8986.523361 1.031309e-18
8989.341267 -1.296664e-18
8992.159822 -1.273124e-18
8994.978948 1.484218e-19
8997.797894 -1.608147e-18
9000.617476 -3.175361e-19
9003.436775 1.271304e-19
9006.257142 -1.189760e-18
9009.077625 -2.647255e-18
9011.898050 8.531047e-20
9014.718744 -1.592830e-18
9017.539807 -2.763969e-18
9020.360940 -5.345147e-19
9023.182423 -1.545462e-18
9026.004782 -8.123302e-19
9028.826523 3.559803e-19
9031.649358 -6.143752e-19
9034.471844 -7.447490e-19
9037.295018 -1.694503e-18
9040.118661 -1.195450e-18
9042.941723 -5.176961e-19
9045.765790 -2.706618e-18
9048.590335 -1.277805e-18
9051.414620 -1.044427e-18
9054.239832 1.974745e-18
9057.064455 -2.694498e-19
9059.890002 -7.763560e-19
9062.714956 3.153606e-20
9065.541011 -4.377952e-19
9068.367838 -9.948020e-19
9071.194364 2.111601e-19
9074.020689 -1.052393e-18
9076.847424 -7.193676e-19
9079.675008 1.494817e-18
9082.502281 -1.727828e-19
9085.329795 -4.540209e-19
9088.158584 1.063818e-18
9090.986318 -3.405960e-19
9093.815128 1.866760e-19
9096.643928 5.437981e-20
9099.473385 1.086739e-18
9102.302845 -5.973028e-19
9105.132526 1.891395e-18
9107.962606 -3.219173e-19
9110.792992 -1.328809e-18
9113.623971 1.154365e-18
9116.454001 -9.000689e-19
9119.285680 -9.167209e-19
9122.117047 2.712017e-18
9124.948291 2.179186e-19
9127.780461 2.641158e-19
9130.613052 1.425860e-18
9133.445170 6.967025e-19
9136.277789 2.717925e-19
9139.110343 9.562416e-19
9141.943873 -2.438886e-19
9144.777672 2.602748e-19
9147.611213 5.806808e-22
9150.445186 1.556851e-19
9153.279597 1.921285e-19
9156.114532 2.352438e-18
9158.949719 2.115906e-19
9161.784390 -7.419258e-19
9164.620563 3.305513e-18
9167.456004 8.177923e-19
9170.291500 -1.229219e-19
9173.128151 3.534818e-18
9175.964716 -8.397088e-19
9178.801249 -4.915931e-19
9181.638407 4.019772e-18
9184.475458 8.819566e-19
9187.313572 -6.079350e-19
9190.151221 3.492159e-18
9192.988913 3.726420e-19
9195.828003 7.929470e-19
9198.665726 2.869047e-18
9201.505559 9.505132e-20
9204.344166 1.465797e-19
9207.183097 2.799246e-18
9210.023392 9.404775e-21
9212.863224 -1.012761e-18
9215.703665 1.997389e-18
9218.544126 -3.254287e-20
9221.384842 -1.274939e-18
9224.225787 2.400299e-18
9227.067287 7.530906e-19
9229.908574 -1.531531e-19
9232.749986 2.290134e-18
9235.592654 -9.111904e-19
9238.434390 1.233607e-19
9241.277260 1.583245e-18
9244.119562 -9.738696e-19
9246.962843 -5.279296e-19
9249.805769 -7.619370e-19
9252.649145 -9.287113e-19
9255.493654 -9.285201e-19
9258.337887 -1.054807e-19
9261.181900 -2.162655e-18
9264.027189 5.574430e-19
9266.871965 2.908701e-18
9269.716533 -2.498650e-19
9272.562184 -6.269898e-20
9275.408920 2.361035e-18
9278.253832 -5.000938e-19
9281.099540 2.807103e-19
9283.947030 2.791964e-18
9286.793321 -6.305267e-19
9289.639378 -3.859417e-19
9292.486657 -1.255891e-18
9295.334006 -1.936398e-18
9298.181633 2.393583e-18
9301.029821 -3.625246e-18
9303.878141 -4.420574e-18
9306.726280 -5.722150e-19
9309.574867 -3.059104e-18
9312.423834 -2.404773e-18
9315.273343 3.527206e-19
9318.122609 -2.604149e-18
9320.972802 -3.324900e-18
9323.822273 3.050355e-19
9326.672431 -5.426901e-19
9329.523348 -2.544164e-19
9332.373547 1.139312e-18
9335.224797 9.216535e-19
9338.075908 -4.745027e-19
9340.927530 3.610426e-19
9343.778984 1.554557e-18
9346.630554 -5.889639e-19
9349.483530 2.586391e-20
9352.335358 -1.378402e-19
9355.187867 -1.158664e-18
9358.040465 -3.852559e-20
9360.893617 -3.342465e-18
9363.747044 -7.352512e-18
9366.600894 3.318672e-18
9369.454920 -4.039694e-18
9372.309186 -1.204370e-18
9375.163670 3.180813e-18
9378.018337 2.229306e-19
9380.872929 -7.294641e-19
9383.728110 5.720688e-19
9386.583405 -2.450056e-19
9389.439010 -1.948599e-18
9392.294740 1.153465e-18
9395.150412 1.283660e-18
9398.007211 2.307274e-19
9400.863699 4.765548e-20
9403.720317 -1.091370e-18
9406.577374 -6.511077e-19
9409.434555 2.725963e-18
9412.292041 1.330523e-18
9415.149779 2.485442e-19
9418.008311 -6.836227e-19
9420.865532 -6.789587e-19
9423.724071 -3.853891e-18
9426.582896 1.518741e-18
9429.441743 -8.464605e-19
9432.301321 -2.154201e-18
9435.160593 4.106693e-18
9438.020035 1.846307e-19
9440.879680 -2.993731e-19
9443.740022 8.059629e-19
9446.600282 -1.416084e-18
9449.460939 -3.029469e-18
9452.321851 1.075508e-18
9455.182963 5.388326e-19
9458.044339 -1.303054e-18
9460.905406 -6.279597e-19
9463.766862 -6.684861e-19
9466.629189 -6.892576e-18
9469.491158 2.385454e-18
9472.354251 -7.607083e-19
9475.216842 -4.770307e-19
9478.080093 4.039647e-19
9480.941936 -1.325699e-18
9483.805312 -1.892513e-18
9486.669269 -3.638044e-19
9489.532967 3.887143e-19
9492.397405 -7.333896e-19
9495.261212 -6.335655e-20
9498.126047 -2.430751e-19
9500.990412 -4.572093e-20
9503.855502 -5.827718e-20
9506.720335 -3.571375e-19
9509.586133 -1.955950e-18
9512.451527 1.534509e-18
9515.317525 1.132396e-18
9518.183410 -3.953544e-19
9521.050334 -1.292246e-19
9523.916188 -1.136076e-18
9526.782620 -7.398227e-19
9529.650896 -8.063423e-19
9532.516492 -3.764603e-19
9535.384093 -1.043340e-18
9538.252078 -5.040751e-19
9541.119712 -7.138141e-19
9543.987263 -1.799237e-18
9546.856380 -6.461046e-19
9549.724496 -7.268761e-19
9552.593040 -1.372195e-18
9555.461944 2.056374e-18
9558.331497 1.200948e-18
9561.201181 -1.182771e-18
9564.070731 -2.525022e-19
9566.939761 -1.439622e-19
9569.810605 1.005806e-18
9572.680728 6.698193e-19
9575.551060 2.451233e-20
9578.421215 -8.746716e-19
9581.292751 1.883068e-19
9584.163925 -9.788996e-20
9587.034798 -5.022211e-19
9589.906373 -1.362326e-19
9592.778129 7.831491e-20
9595.650280 -5.122417e-20
9598.522534 -1.589064e-19
9601.394266 -2.460837e-19
9604.267060 -8.996827e-19
9607.140002 -5.131842e-19
9610.012959 2.133137e-19
9612.886514 -2.127682e-19
9615.759969 -3.321537e-19
9618.632963 -5.886712e-19
9621.506933 4.524074e-19
9624.382195 2.248848e-19
9627.254917 2.573331e-19
9630.130056 -1.899676e-19
9633.004969 -4.233228e-19
9635.879687 1.247939e-19
9638.754045 -4.320299e-19
9641.630532 -8.008699e-19
9644.505371 -3.022699e-19
9647.381025 -4.029751e-19
9650.256846 -9.790918e-19
9653.133473 -1.129774e-18
9656.009886 -1.503096e-19
9658.886155 -4.941142e-19
9661.762881 -5.965874e-19
9664.638966 -1.041630e-18
9667.516993 5.222833e-20
9670.394079 -1.261513e-18
9673.272230 -1.235418e-18
9676.149843 -7.273651e-19
9679.027167 -1.361979e-18
9681.905458 2.805261e-19
9684.784243 -1.138773e-18
9687.662287 3.042546e-19
9690.541250 -2.176845e-18
9693.420633 5.170211e-19
9696.299138 1.497831e-19
9699.178492 -1.423741e-18
9702.058154 2.734616e-19
9704.937994 -5.165355e-19
9707.817813 -3.352642e-18
9710.698314 -9.659677e-19
9713.578392 -1.784594e-19
9716.458789 -7.648565e-19
9719.340240 -4.769007e-19
9722.220369 -1.051820e-19
9725.102148 4.603292e-19
9727.983105 -1.006503e-18
9730.864844 -5.657237e-19
9733.745662 -4.432172e-20
9736.628745 -9.370035e-20
9739.510716 -2.163880e-19
9742.392448 -1.177059e-18
9745.274675 5.182632e-19
9748.158903 9.140132e-20
9751.041090 1.109411e-19
9753.923630 -6.443102e-19
9756.807220 2.678668e-19
9759.690310 1.060990e-18
9762.574053 -2.875596e-19
9765.457821 7.096615e-20
9768.342161 7.267487e-19
9771.225028 1.021739e-19
9774.109960 1.028874e-18
9776.994558 -4.389983e-18
9779.879332 2.571484e-18
9782.763878 1.099849e-18
9785.648980 -1.413671e-18
9788.535075 7.785927e-19
9791.419834 1.065804e-18
9794.305328 -4.011641e-19
9797.191655 5.005904e-19
9800.077747 -1.604869e-19
9802.963663 -1.302103e-19
9805.849872 4.205645e-19
9808.737605 2.180821e-19
9811.623362 1.153103e-18
9814.511493 3.065753e-19
9817.396965 -6.981595e-21
9820.284314 1.583450e-19
9823.172588 1.345627e-19
9826.059929 1.656622e-19
9828.948085 1.276854e-18
9831.835504 5.751219e-19
9834.723643 -5.268572e-19
9837.612172 -5.501312e-19
9840.501134 -4.653016e-19
9843.389118 2.009341e-19
9846.278401 1.665165e-18
9849.167126 1.502026e-18
9852.056275 1.810753e-18
9854.945674 -7.210645e-19
9857.835104 -8.682918e-21
9860.725048 2.767525e-18
9863.615072 -2.252748e-18
9866.505308 -1.251506e-18
9869.395154 -3.013460e-19
9872.286193 9.826038e-20
9875.176398 -4.934192e-19
9878.066814 -1.029982e-18
9880.958154 -7.563377e-19
9883.849434 1.401102e-18
9886.739940 -6.016037e-20
9889.632402 1.083695e-18
9892.522950 3.025308e-19
9895.414992 3.575679e-19
9898.306841 -1.861761e-18
9901.198890 1.237273e-18
9904.091476 1.915636e-18
9906.984187 -2.022059e-18
9909.876778 -9.003835e-20
9912.769103 3.283800e-19
9915.663265 3.666019e-19
9918.555618 7.912418e-20
9921.448139 -7.665453e-19
9924.341779 -1.691436e-18
9927.235342 -4.033344e-19
9930.128770 1.535658e-18
9933.022808 -2.471988e-18
9935.916929 1.708233e-18
9938.811391 8.433246e-20
9941.705278 -2.634304e-18
9944.599845 1.172284e-18
9947.495042 2.474127e-18
9950.389645 -2.676673e-18
9953.284316 -6.884234e-19
9956.180445 3.817158e-19
9959.076014 -1.609517e-18
9961.970520 -1.213440e-19
9964.866336 -1.364813e-18
9967.762523 -3.071934e-19
9970.658023 -2.296556e-19
9973.554187 -4.355336e-20
9976.450701 2.234237e-19
9979.346736 -6.724179e-19
9982.243190 -5.361695e-19
9985.139824 -1.332917e-18
9988.036749 -2.187688e-18
9990.933286 -2.911268e-19
9993.831100 -3.776230e-18
9996.728066 3.801942e-19
9999.625098 1.657184e-18
10002.522698 -4.197496e-18
10005.421034 2.148162e-18
10008.318807 -3.390849e-19
10011.216755 -8.553885e-19
10014.114579 8.874802e-19
10017.013866 4.453990e-19
10019.912743 -1.362523e-18
10022.810218 -5.726948e-19
10025.709326 -3.788585e-19
10028.607509 2.001837e-20
10031.507004 1.483013e-20
10034.406658 -8.580774e-19
10037.305675 1.520667e-20
10040.204491 -5.421969e-19
10043.104842 -6.935946e-19
10046.004562 -3.000940e-18
10048.903967 1.118140e-18
10051.804350 -9.536293e-19
10054.704611 -1.356750e-18
10057.604543 4.048514e-19
10060.505125 -3.582314e-19
10063.405590 -3.710320e-18
10066.305999 3.075027e-18
10069.207343 -2.628447e-19
10072.108350 -1.575769e-18
10075.009114 1.491154e-18
10077.911103 1.206970e-18
10080.812173 -1.076252e-18
10083.713362 8.584155e-19
10086.614766 7.396630e-19
10089.516539 -2.397195e-18
10092.418794 -5.711694e-20
10095.321035 2.625357e-19
10098.223165 -2.820596e-19
10101.124503 1.010497e-18
10104.027840 -6.281502e-19
10106.930275 -5.308535e-18
10109.832339 1.754383e-18
10112.735971 1.880099e-18
10115.638998 -1.707753e-19
10118.541690 1.580284e-18
10121.444667 1.515208e-18
10124.348213 6.577151e-20
10127.251135 1.658699e-18
10130.155559 2.983151e-19
10133.059619 -4.416141e-19
10135.962395 7.343792e-19
10138.866104 7.529446e-19
10141.770254 1.146600e-19
10144.675123 2.711018e-18
10147.579086 1.562453e-18
10150.482917 2.792081e-19
10153.388053 3.914300e-18
10156.292497 1.248386e-18
10159.197879 -1.045697e-18
10162.101978 2.665855e-18
10165.007224 -4.858470e-19
10167.912633 -2.973105e-19
10170.817606 1.987651e-18
10173.722710 -2.022625e-18
10176.628196 -1.007016e-18
10179.534180 2.417329e-18
10182.440176 4.757572e-19
10185.345283 -8.963405e-19
10188.251377 2.083052e-18
10191.157471 -1.530820e-19
10194.063374 1.737297e-19
10196.969901 4.294490e-18
10199.876550 -1.162702e-18
10202.782541 2.574349e-19
10205.689318 1.232962e-18
10208.596366 -8.507446e-19
10211.502858 -1.695879e-18
10214.409690 3.476665e-18
10217.316658 1.497414e-20
10220.224148 7.524585e-19
10223.131555 1.594786e-18
10226.038211 4.663752e-19
10228.946512 -2.063317e-19
10231.853173 1.435247e-18
10234.762287 8.194026e-19
10237.668781 1.152357e-18
10240.577184 1.503440e-18
10243.484563 2.853853e-20
10246.391605 -7.880168e-20
10249.301420 2.470350e-18
10252.210671 -1.408989e-19
10255.117467 2.528438e-18
10258.025833 2.205258e-18
10260.934309 1.835272e-19
10263.842544 -1.456021e-18
10266.751695 1.767312e-18
10269.660475 -2.244684e-18
10272.569627 2.754760e-18
10275.478616 1.287642e-18
10278.387177 -1.748489e-18
10281.297348 4.830817e-18
10284.206021 1.396792e-18
10287.115125 -3.476278e-20
10290.025319 4.885084e-18
10292.934626 2.692983e-19
10295.844907 -5.910179e-18
