5088.504293 1.292582e-18
5090.497949 1.755347e-18
5092.492514 2.332094e-18
5094.487823 1.996468e-18
5096.484402 5.614985e-18
5098.482144 8.252040e-18
5100.480523 3.071752e-18
5102.478601 2.198497e-18
5104.483072 5.260485e-18
5106.484416 6.222191e-18
5108.486382 5.920311e-18
5110.489695 6.487220e-19
5112.493908 6.689191e-18
5114.497836 2.801713e-19
5116.504082 5.807853e-19
5118.510968 3.770369e-18
5120.516817 9.915549e-18
5122.527446 7.141495e-18
5124.537455 1.788439e-18
5126.547723 1.819236e-18
5128.563791 1.629081e-18
5130.571231 -2.019794e-18
5132.584903 3.955440e-18
5134.598987 4.050008e-18
5136.615055 4.864912e-18
5138.630152 3.982325e-18
5140.649287 5.428017e-18
5142.664957 6.614635e-18
5144.684210 -1.104081e-18
5146.703435 3.241674e-18
5148.727028 -1.088972e-18
5150.745784 2.506167e-18
5152.767451 1.996928e-18
5154.792680 3.744218e-18
5156.819097 8.017383e-18
5158.841044 6.823867e-18
5160.869860 4.917540e-18
5162.894669 -2.275580e-18
5164.923634 4.337840e-18
5166.952155 1.246104e-18
5168.980455 3.591270e-18
5171.012860 1.164765e-18
5173.042635 1.680420e-18
5175.077172 5.417361e-18
5177.109880 6.157173e-18
5179.144473 6.260156e-18
5181.183606 4.021800e-18
5183.216900 5.497972e-18
5185.253026 4.560945e-18
5187.289107 -1.448796e-18
5189.330623 3.173081e-18
5191.370193 -1.352594e-19
5193.411178 5.097672e-18
5195.452577 -2.612556e-20
5197.492314 9.014075e-18
5199.538559 7.342294e-19
5201.583925 9.544701e-18
5203.632255 1.031654e-17
5205.674559 4.353521e-20
5207.703193 6.974755e-18
5209.750518 3.367557e-18
5211.798293 4.072467e-18
5213.852854 5.131480e-19
5215.903978 6.103008e-18
5217.967279 3.882920e-18
5220.020156 9.934796e-18
5222.076785 5.113190e-18
5224.130757 5.426685e-18
5226.180613 -1.602586e-18
5228.245231 1.275068e-18
5230.299475 -4.842717e-20
5232.355981 9.799712e-18
5234.416033 1.090586e-17
5236.475658 2.050011e-18
5238.534753 2.280383e-18
5240.596971 6.706416e-18
5242.659071 4.902241e-18
5244.722286 -3.661569e-19
5246.785399 2.990670e-18
5248.850676 9.410306e-18
5250.916775 5.152531e-18
5252.984037 5.764929e-18
5255.054099 1.078032e-17
5257.123885 5.850300e-18
5259.192230 9.206827e-18
5261.259844 3.561535e-18
5263.329310 6.065740e-18
5265.402202 -1.875557e-18
5267.474845 4.512541e-18
5269.548636 7.133211e-18
5271.622404 4.343930e-18
5273.699031 -7.245320e-20
5275.775257 1.431040e-18
5277.847092 9.207763e-18
5279.930047 2.795771e-18
5282.009852 4.124022e-18
5284.088286 6.516389e-18
5286.169555 6.134232e-18
5288.250513 5.849132e-18
5290.333474 8.964557e-18
5292.416504 1.294002e-17
5294.496701 1.070660e-17
5296.586076 2.497113e-18
5298.671565 4.859671e-18
5300.758300 1.081736e-17
5302.846493 8.896523e-18
5304.933744 9.417104e-19
5307.023636 9.935789e-18
5309.114573 1.199839e-17
5311.204627 4.502858e-18
5313.297964 4.105047e-18
5315.389608 6.706010e-18
5317.485669 3.459157e-18
5319.578401 7.722594e-18
5321.674415 7.136207e-18
5323.768502 4.599869e-19
5325.867155 4.587683e-18
5327.964298 9.587154e-18
5330.067137 9.708106e-18
5332.162624 9.917733e-18
5334.263348 7.766739e-18
5336.365259 9.146864e-18
5338.466564 7.459013e-18
5340.570971 1.075217e-17
5342.673818 1.136581e-17
5344.783575 9.018941e-18
5346.883694 1.012320e-17
5348.989768 6.840879e-18
5351.103136 7.305700e-18
5353.205666 7.891150e-18
5355.314716 1.012142e-17
5357.424885 1.020172e-17
5359.534865 7.043281e-18
5361.646753 4.814299e-18
5363.759898 1.090694e-17
5365.868395 5.771564e-18
5367.987291 4.622183e-18
5370.103143 7.330792e-18
5372.212333 -1.088196e-18
5374.333942 7.043419e-18
5376.451509 1.043662e-17
5378.568504 1.133498e-17
5380.688984 1.347700e-17
5382.807515 6.964284e-18
5384.930503 8.747306e-18
5387.050651 8.096878e-18
5389.168499 4.957745e-18
5391.290560 1.074603e-17
5393.420301 5.322862e-18
5395.545614 8.486085e-18
5397.669717 9.972376e-18
5399.808275 9.956485e-18
5401.924641 5.116536e-18
5404.053551 6.204489e-18
5406.183022 8.578967e-18
5408.313322 3.794538e-18
5410.443266 5.743357e-18
5412.576930 7.017712e-18
5414.705712 9.104361e-18
5416.838148 5.718436e-18
5418.974176 2.987123e-18
5421.109062 8.706331e-18
5423.244756 7.607981e-18
5425.383843 3.376704e-18
5427.517688 7.707903e-18
5429.656765 1.206204e-17
5431.795933 6.953417e-18
5433.934560 3.792602e-18
5436.075320 7.352884e-18
5438.217727 3.955524e-18
5440.354453 7.045453e-18
5442.502065 5.445985e-18
5444.646916 4.589069e-18
5446.792055 3.188020e-18
5448.936905 5.494843e-18
5451.083723 6.640768e-18
5453.229892 4.962428e-18
5455.373057 5.343899e-18
5457.526038 8.044244e-18
5459.681781 6.450802e-18
5461.825093 7.451682e-18
5463.978699 1.021485e-17
5466.130660 3.366488e-18
5468.281885 6.018703e-18
5470.442190 3.017645e-18
5472.599670 -1.304381e-18
5474.759652 9.319906e-18
5476.911125 6.451357e-18
5479.066474 2.099458e-19
5481.225765 5.012424e-18
5483.383230 3.995097e-18
5485.548315 5.694294e-18
5487.701932 6.980192e-18
5489.864961 6.901784e-18
5492.025503 2.552191e-18
5494.181615 6.020497e-18
5496.357362 7.503466e-18
5498.513468 7.763466e-18
5500.679671 1.941024e-19
5502.839462 8.300072e-18
5505.015756 1.143066e-18
5507.179209 6.771082e-18
5509.347099 1.978580e-18
5511.510062 1.007617e-17
5513.684657 4.878732e-18
5515.856028 5.087624e-18
5518.026629 1.670516e-18
5520.200369 3.451063e-18
5522.370887 7.269756e-18
5524.545279 3.667252e-18
5526.724769 3.165743e-18
5528.890121 6.582101e-18
5531.069710 2.981044e-18
5533.246703 9.752487e-19
5535.424388 6.125805e-18
5537.606762 7.730786e-18
5539.781304 4.985061e-18
5541.962105 1.939196e-18
5544.141379 4.980789e-18
5546.324925 2.777897e-18
5548.499109 1.649316e-19
5550.689275 5.536538e-18
5552.872310 4.542533e-18
5555.058392 6.321837e-18
5557.243783 6.772749e-18
5559.427896 1.389895e-18
5561.615355 2.940347e-18
5563.802684 2.629869e-18
5565.992312 1.168996e-17
5568.179195 5.692920e-18
5570.363416 3.365257e-18
5572.555888 -8.090593e-18
5574.751110 -4.865113e-18
5576.945604 2.377523e-18
5579.136799 -1.781683e-18
5581.337351 1.267078e-17
5583.537375 1.230480e-17
5585.722703 6.329722e-19
5587.917205 3.457498e-18
5590.114555 1.727014e-18
5592.313696 4.079358e-18
5594.509904 5.210699e-18
5596.710693 5.932807e-18
5598.910228 2.722455e-18
5601.111507 2.684336e-18
5603.312441 3.495823e-18
5605.514401 5.364193e-18
5607.718500 2.198802e-18
5609.921978 4.262954e-18
5612.126890 5.721417e-18
5614.332072 3.991348e-18
5616.533308 1.909278e-18
5618.736305 6.912617e-19
5620.951051 5.933930e-18
5623.160295 3.447523e-18
5625.371582 -2.247006e-18
5627.579084 1.445193e-18
5629.789510 2.031689e-18
5632.001626 5.103759e-18
5634.213290 3.894358e-18
5636.426264 2.290650e-18
5638.639302 4.663608e-19
5640.860398 7.234003e-19
5643.068945 8.386116e-18
5645.284812 8.741497e-19
5647.502064 4.775327e-18
5649.718749 7.551061e-18
5651.937289 1.394558e-18
5654.150284 6.123458e-18
5656.375218 5.041944e-18
5658.597012 1.823697e-18
5660.816284 1.723368e-18
5663.039010 3.543530e-18
5665.261802 6.198333e-18
5667.484732 6.957597e-19
5669.709270 -1.561582e-19
5671.934036 4.531073e-18
5674.161340 3.528211e-19
5676.391187 -3.051397e-19
5678.613185 2.848216e-18
5680.839994 1.094674e-18
5683.070156 -2.227339e-18
5685.298264 5.251267e-18
5687.532019 -5.541434e-19
5689.759967 3.642251e-18
5691.991897 3.147231e-18
5694.223316 7.208140e-19
5696.459712 -1.722959e-18
5698.690144 7.427001e-18
5700.923679 6.768537e-19
5703.159943 4.359949e-18
5705.401648 -4.166517e-19
5707.633342 1.752086e-18
5709.862796 1.649029e-18
5712.107783 6.570909e-19
5714.346621 1.754746e-18
5716.579726 2.532773e-18
5718.826075 3.354380e-19
5721.066634 1.436926e-18
5723.309290 7.372757e-19
5725.552845 2.026060e-18
5727.796604 1.148052e-18
5730.044811 2.649859e-18
5732.282552 2.110254e-18
5734.529647 1.731551e-18
5736.775170 -9.624945e-19
5739.022235 1.701768e-18
5741.270147 5.178595e-18
5743.517988 1.710641e-19
5745.767554 1.471216e-18
5748.017367 4.299106e-18
5750.268304 2.654706e-18
5752.522878 9.174358e-19
5754.770457 2.220415e-18
5757.023486 4.379994e-19
5759.276824 8.471579e-19
5761.530834 1.670854e-18
5763.785281 -3.832517e-19
5766.040396 2.272512e-18
5768.297218 5.237486e-18
5770.553915 4.204109e-18
5772.810693 1.509270e-18
5775.055860 -9.885215e-19
5777.334991 -2.053840e-19
5779.586012 4.032439e-18
5781.848737 5.962778e-19
5784.110175 4.692249e-19
5786.372672 2.574511e-18
5788.634498 2.005685e-18
5790.896165 1.980057e-18
5793.162198 2.771633e-19
5795.421096 -1.766151e-18
5797.692530 2.411662e-18
5799.956496 8.000552e-19
5802.238254 3.627215e-18
5804.492297 4.791953e-19
5806.762059 1.552763e-18
5809.024550 2.611050e-18
5811.304767 2.245393e-18
5813.570450 3.064560e-18
5815.841322 1.280696e-18
5818.112889 4.466862e-18
5820.385103 2.338859e-18
5822.659290 2.038280e-18
5824.932557 -6.725044e-19
5827.207121 2.151320e-18
5829.480999 3.076443e-18
5831.760216 1.651612e-18
5834.035843 3.152513e-18
5836.313815 -1.077433e-18
5838.589500 1.982407e-18
5840.870248 2.576750e-18
5843.160494 -8.840731e-20
5845.429783 -1.005493e-18
5847.709575 2.497329e-18
5849.991997 3.683162e-18
5852.273838 -1.041384e-18
5854.557756 -3.567541e-18
5856.840730 2.590724e-18
5859.130524 -1.513413e-18
5861.409649 -2.203708e-19
5863.694886 3.640766e-19
5865.982444 1.181877e-18
5868.269882 1.854726e-18
5870.558575 3.643862e-18
5872.851863 2.004221e-18
5875.134579 6.196539e-18
5877.425775 4.523394e-19
5879.715657 -5.774928e-19
5882.003950 4.092585e-18
5884.295232 1.493954e-19
5886.589183 4.744487e-19
5888.883467 7.290511e-18
5891.178613 -3.604636e-18
5893.474295 -7.078572e-19
5895.771529 -1.320449e-18
5898.077437 3.449517e-19
5900.373660 6.295985e-18
5902.672229 6.080682e-18
5904.967666 3.870959e-18
5907.265520 5.830119e-18
5909.564174 3.243154e-18
5911.860742 6.636866e-19
5914.166368 1.821782e-18
5916.467553 6.504477e-18
5918.769272 9.428642e-19
5921.072256 -8.602033e-19
5923.383722 1.576136e-18
5925.681251 2.077145e-18
5927.984275 3.250990e-18
5930.290079 1.979489e-18
5932.596857 3.811911e-18
5934.904215 4.622796e-18
5937.203299 3.172199e-18
5939.518554 2.388242e-18
5941.826671 -1.123274e-18
5944.137545 4.387690e-18
5946.447348 3.210306e-18
5948.762273 3.220201e-18
5951.070162 1.681433e-19
5953.381516 4.032890e-19
5955.694335 -3.241801e-18
5958.007375 3.430234e-18
5960.321887 1.952298e-18
5962.637036 9.607953e-19
5964.950351 -2.556296e-18
5967.271005 3.782024e-18
5969.591799 7.261191e-19
5971.901696 5.282734e-18
5974.218822 1.376485e-18
5976.539827 2.763008e-18
5978.859289 1.384436e-18
5981.178735 1.709535e-18
5983.498986 -3.604242e-21
5985.826740 4.406124e-18
5988.143067 6.352197e-18
5990.464913 3.302910e-19
5992.787738 1.013818e-18
5995.112639 3.023582e-18
5997.438052 -9.504080e-20
5999.765970 2.179953e-20
6002.094879 5.778801e-18
6004.415656 8.732866e-19
6006.742738 7.492550e-19
6009.071477 2.557194e-18
6011.391708 7.102259e-18
6013.729137 1.217832e-18
6016.058125 2.663654e-18
6018.390454 6.498411e-18
6020.726937 5.798710e-18
6023.051927 3.946552e-18
6025.384595 -5.684129e-19
6027.718156 1.657176e-18
6030.056805 5.171545e-18
6032.391725 4.494771e-18
6034.727511 3.134669e-18
6037.056995 3.114402e-18
6039.404110 5.459702e-18
6041.727920 5.846227e-18
6044.069467 2.248881e-18
6046.406325 5.807265e-18
6048.743161 6.068616e-19
6051.084311 1.550869e-19
6053.425769 1.164022e-18
6055.771342 1.382194e-19
6058.106878 3.581223e-18
6060.448877 2.367274e-18
6062.793036 2.633738e-18
6065.128801 2.031229e-18
6067.481134 2.262205e-18
6069.817155 3.414995e-18
6072.169323 1.581671e-18
6074.515406 6.770166e-19
6076.862647 2.095950e-18
6079.208972 4.407904e-18
6081.557236 1.611153e-18
6083.906978 3.571586e-18
6086.256104 9.331753e-19
6088.604291 4.168207e-18
6090.955643 2.453753e-18
6093.306879 5.196493e-18
6095.658355 4.965029e-18
6098.010833 2.912805e-18
6100.363903 1.705212e-18
6102.717311 4.996910e-18
6105.071817 2.194074e-18
6107.425778 5.527465e-18
6109.775184 7.828569e-20
6112.138000 1.155265e-18
6114.495195 4.049970e-19
6116.858482 4.565746e-18
6119.210332 3.851524e-18
6121.568096 2.767700e-19
6123.928175 -7.813008e-19
6126.287025 4.910512e-18
6128.648953 1.148880e-19
6131.009379 1.777874e-18
6133.370383 3.430191e-18
6135.733085 2.677410e-18
6138.096981 1.853235e-18
6140.459771 1.047193e-18
6142.830660 4.558151e-18
6145.188677 3.044487e-18
6147.556430 3.226517e-18
6149.921728 1.293228e-18
6152.287399 4.359152e-18
6154.655453 3.131850e-18
6157.023397 -6.341998e-19
6159.392446 3.849182e-19
6161.760172 4.030056e-18
6164.129276 -9.408561e-19
6166.501171 1.325224e-18
6168.873073 2.078537e-18
6171.243324 1.379333e-19
6173.615810 3.469387e-20
6175.988489 2.716402e-18
6178.362003 4.343239e-18
6180.742019 2.090346e-18
6183.116834 -1.811528e-19
6185.487187 -8.328198e-19
6187.854975 3.619096e-18
6190.238403 7.814889e-19
6192.611263 1.433427e-18
6194.995029 1.753167e-18
6197.385808 3.209072e-18
6199.764621 1.627413e-18
6202.141714 -3.168679e-18
6204.525854 2.756758e-18
6206.898673 -3.138060e-19
6209.273713 6.692724e-18
6211.656071 -5.395051e-19
6214.036521 2.999692e-18
6216.422546 2.180851e-18
6218.807443 3.183844e-18
6221.190632 2.343109e-18
6223.574791 2.924711e-18
6225.961039 6.773471e-18
6228.339522 1.337346e-18
6230.733377 2.504255e-18
6233.120656 -2.098273e-18
6235.507379 -4.349752e-19
6237.898136 1.856016e-18
6240.286975 6.065022e-18
6242.678679 3.466764e-18
6245.067489 2.818875e-18
6247.458856 2.043478e-18
6249.848915 6.490331e-19
6252.242587 -8.599166e-20
6254.633621 2.933586e-18
6257.027316 -1.577986e-18
6259.422051 1.487974e-18
6261.817352 3.621970e-18
6264.212735 -1.201341e-18
6266.611364 4.630425e-19
6269.004153 3.278315e-18
6271.402081 3.652652e-18
6273.799200 4.016075e-18
6276.197819 -2.653765e-18
6278.595898 9.278441e-21
6280.994655 -6.805756e-20
6283.394816 2.680692e-18
6285.796162 9.527636e-19
6288.197326 -1.139301e-19
6290.597222 1.005718e-18
6292.994103 3.580830e-18
6295.399663 -1.099099e-17
6297.804327 -3.321002e-18
6300.211383 -1.306902e-17
6302.619696 6.320193e-18
6305.026186 1.022700e-17
6307.436023 1.283109e-17
6309.838928 8.603603e-19
6312.245003 7.956516e-18
6314.648678 1.844596e-18
6317.056539 2.961576e-18
6319.455188 1.019048e-18
6321.874794 1.190134e-18
6324.283628 1.035821e-18
6326.694618 2.044081e-18
6329.105332 3.581710e-18
6331.518291 1.531926e-18
6333.930375 -2.805507e-19
6336.344044 1.496211e-18
6338.756840 3.714784e-18
6341.169827 9.200758e-21
6343.572259 1.950294e-18
6345.999196 1.962014e-18
6348.415644 4.788998e-18
6350.832661 1.642579e-18
6353.242756 3.966254e-18
6355.663827 1.985220e-18
6358.081972 -2.972583e-18
6360.502008 -2.894821e-18
6362.921691 -4.435164e-18
6365.344560 -1.573577e-19
6367.771606 7.719978e-18
6370.187677 9.128735e-20
6372.609260 2.416165e-18
6375.031988 2.802842e-18
6377.449784 3.131951e-18
6379.872631 2.819317e-18
6382.298053 -1.141054e-18
6384.720913 2.270977e-18
6387.146725 6.508386e-18
6389.572524 -6.858233e-19
6392.008666 7.609536e-19
6394.435601 1.593680e-18
6396.861141 2.390547e-18
6399.291642 2.633491e-18
6401.718690 -6.861094e-19
6404.147137 2.680993e-18
6406.576622 2.888028e-18
6409.007175 3.929581e-18
6411.442858 3.366164e-18
6413.868607 2.825002e-18
6416.300788 2.765857e-18
6418.732676 1.989620e-18
6421.165236 4.001897e-18
6423.598716 1.596375e-19
6426.033321 5.279763e-18
6428.467136 4.010162e-18
6430.902364 -1.924667e-18
6433.343311 4.156609e-18
6435.775375 4.099078e-18
6438.210564 6.758111e-19
6440.648962 2.258562e-18
6443.085973 7.606173e-18
6445.525521 -2.762411e-19
6447.960943 4.237441e-18
6450.403223 5.346535e-18
6452.850323 4.306191e-18
6455.284307 -5.167174e-19
6457.726762 1.701471e-18
6460.167860 1.438643e-18
6462.610658 2.693335e-18
6465.052620 1.813889e-18
6467.497243 6.603237e-18
6469.941179 4.175537e-18
6472.386073 6.978183e-19
6474.830977 3.489469e-18
6477.277629 3.785157e-18
6479.722262 4.441518e-18
6482.170187 6.415454e-18
6484.616735 1.399510e-19
6487.064470 3.898199e-18
6489.513213 3.444308e-18
6491.961627 4.245372e-18
6494.411540 5.100069e-18
6496.862159 -7.161682e-19
6499.312743 3.649543e-18
6501.763502 3.710373e-18
6504.217030 1.938053e-18
6506.669390 4.969819e-18
6509.122094 8.608116e-18
6511.573798 -1.067682e-18
6514.029064 7.702183e-18
6516.479816 -3.948592e-19
6518.938104 3.106963e-18
6521.397519 -2.913779e-19
6523.849278 3.879404e-18
6526.312562 4.152060e-18
6528.763395 2.134766e-18
6531.221374 2.093195e-18
6533.681676 -2.611066e-18
6536.139828 2.224594e-18
6538.599045 4.131365e-18
6541.058576 2.991571e-18
6543.519146 3.673462e-18
6545.979312 1.414941e-18
6548.439099 3.077782e-18
6550.904437 2.205957e-18
6553.367063 5.237878e-18
6555.829708 9.967656e-19
6558.293871 3.257887e-18
6560.758124 1.125693e-18
6563.217423 3.152739e-18
6565.688902 2.961387e-18
6568.153926 3.152010e-18
6570.621455 5.283041e-18
6573.087985 1.139552e-18
6575.554622 5.313344e-18
6578.022570 3.986750e-18
6580.488865 6.825449e-18
6582.960466 1.085779e-18
6585.431817 2.410678e-18
6587.898729 5.089375e-18
6590.372022 1.933033e-18
6592.843476 3.463754e-18
6595.314982 2.099304e-18
6597.786225 5.803322e-18
6600.260057 1.693650e-19
6602.733527 -1.704985e-18
6605.208100 5.666077e-18
6607.682393 5.237126e-18
6610.158969 4.020945e-18
6612.633236 2.100579e-18
6615.108881 6.092552e-19
6617.583981 1.257299e-18
6620.068784 1.277302e-18
6622.540228 7.488532e-19
6625.017401 3.177667e-18
6627.497341 5.694169e-18
6629.975949 5.580900e-18
6632.455181 4.003668e-18
6634.937034 7.617211e-19
6637.416983 4.657779e-18
6639.898595 2.400880e-18
6642.379629 5.588222e-19
6644.862743 4.454073e-18
6647.346279 3.146318e-19
6649.834832 2.522873e-18
6652.313473 9.998258e-19
6654.798080 2.897667e-18
6657.289409 4.090283e-18
6659.768009 1.355200e-18
6662.254508 3.570458e-18
6664.741316 1.802968e-18
6667.227872 -6.887543e-20
6669.716007 -4.532224e-19
6672.204177 3.679557e-18
6674.693453 3.670875e-18
6677.181487 4.120373e-18
6679.665901 1.661868e-18
6682.167362 7.797196e-19
6684.653400 6.710141e-18
6687.143349 4.014428e-19
6689.636413 -1.393291e-18
6692.132400 5.004064e-18
6694.620341 -2.514594e-19
6697.115362 1.624245e-18
6699.607268 -1.136773e-18
6702.103241 6.878464e-19
6704.597582 5.975414e-19
6707.093057 4.248671e-18
6709.590011 3.187887e-18
6712.086259 -3.311409e-18
6714.582151 5.280031e-18
6717.079674 4.158014e-19
6719.579604 8.635748e-19
6722.075930 3.923062e-18
6724.576432 1.735581e-18
6727.074654 2.037043e-18
6729.576081 -7.922631e-19
6732.075704 2.971300e-18
6734.576654 -1.482019e-18
6737.078332 7.102780e-18
6739.584838 2.670786e-18
6742.082903 4.098588e-18
6744.587129 3.954999e-20
6747.090087 2.833635e-19
6749.594418 4.256839e-18
6752.099024 5.060082e-19
6754.604660 7.035301e-19
6757.110171 5.034634e-19
6759.614839 8.071722e-19
6762.128069 9.043945e-19
6764.629710 -1.969062e-18
6767.144089 -1.281324e-18
6769.646313 2.485790e-18
6772.154883 1.596497e-18
6774.662990 -5.770475e-19
6777.177853 4.904680e-18
6779.683435 4.134200e-18
6782.195112 2.762434e-18
6784.706235 2.839794e-18
6787.221541 4.452994e-18
6789.730820 7.661008e-19
6792.242570 3.552562e-18
6794.755456 1.339199e-18
6797.267170 -7.755185e-19
6799.784798 9.532523e-19
6802.298847 1.689171e-20
6804.813499 3.802394e-18
6807.329904 1.221642e-18
6809.846434 3.952419e-19
6812.362861 1.356839e-18
6814.879501 2.602621e-18
6817.398590 2.261670e-18
6819.915256 2.487233e-18
6822.440051 -1.709442e-20
6824.952741 3.956969e-18
6827.466611 1.692316e-18
6829.993932 -5.414847e-19
6832.516044 4.636024e-18
6835.036263 2.478088e-18
6837.558572 4.650433e-18
6840.080908 4.293043e-18
6842.603706 2.128060e-18
6845.132417 -3.777850e-18
6847.650436 9.666509e-19
6850.174713 1.594780e-18
6852.698557 7.385395e-19
6855.224031 1.333809e-18
6857.741751 5.013272e-18
6860.275568 1.514096e-19
6862.802610 1.110771e-18
6865.330839 1.463899e-18
6867.860174 2.619649e-18
6870.388162 3.904867e-18
6872.917235 1.619720e-18
6875.443571 2.075344e-18
6877.972269 2.989092e-18
6880.505119 4.343817e-18
6883.034278 2.913970e-18
6885.564787 1.476771e-18
6888.099708 2.984443e-18
6890.631015 1.058399e-18
6893.154364 1.830849e-18
6895.688146 -2.245631e-19
6898.228101 1.188357e-18
6900.757305 2.738097e-18
6903.296820 4.059176e-19
6905.830376 8.732129e-19
6908.366403 9.449082e-19
6910.903547 -4.418651e-19
6913.439873 1.818141e-18
6915.970859 -1.916815e-18
6918.513559 -3.297033e-19
6921.052135 2.782198e-18
6923.591154 2.235309e-18
6926.130428 1.549331e-18
6928.669317 7.401260e-19
6931.207328 -9.701756e-19
6933.750130 6.696496e-19
6936.290933 1.576065e-18
6938.830875 1.911177e-19
6941.385131 1.268992e-18
6943.926156 4.764585e-18
6946.468937 2.686630e-18
6949.013230 2.092726e-18
6951.557280 -2.881029e-18
6954.100969 2.971868e-18
6956.653938 6.287918e-18
6959.190685 4.731488e-18
6961.735485 3.657448e-18
6964.282644 2.069765e-18
6966.830632 2.800739e-18
6969.376267 2.994486e-18
6971.924134 1.976483e-18
6974.472499 3.814479e-18
6977.021055 3.197279e-18
6979.570216 6.866972e-18
6982.120308 4.228709e-18
6984.669839 6.091443e-18
6987.220682 2.027482e-18
6989.771523 1.736112e-18
6992.322011 2.441569e-18
6994.874712 3.551746e-18
6997.425995 4.347612e-18
6999.979452 -1.276837e-19
7002.542874 2.848991e-18
7005.087601 2.964224e-18
7007.648255 3.127822e-18
7010.195598 -7.254089e-21
7012.758351 1.782341e-18
7015.306525 2.150734e-18
7017.863183 1.624884e-18
7020.420780 3.259242e-18
7022.976230 4.741884e-18
7025.534983 2.151353e-18
7028.092316 3.467145e-18
7030.651580 2.364468e-18
7033.209670 3.671208e-18
7035.769137 5.970294e-18
7038.327526 1.372196e-18
7040.890039 -1.769547e-18
7043.449744 2.165864e-18
7046.013016 3.888425e-18
7048.574114 2.921237e-18
7051.136116 4.826522e-18
7053.699834 5.688133e-18
7056.263369 6.275671e-19
7058.832241 4.040788e-18
7061.391400 1.399321e-18
7063.954616 3.617850e-18
7066.519645 3.543248e-18
7069.085816 4.850919e-18
7071.652933 1.480583e-18
7074.218633 4.366739e-18
7076.786064 1.144416e-18
7079.352629 3.709673e-18
7081.918180 2.093587e-18
7084.489494 4.975806e-18
7087.058605 1.772347e-18
7089.635283 3.740663e-18
7092.198369 -1.561711e-18
7094.767347 7.280699e-18
7097.344768 3.149127e-18
7099.910316 5.333319e-18
7102.481805 6.881244e-19
7105.053895 1.977117e-18
7107.626441 3.667403e-18
7110.198991 9.331188e-19
7112.772760 7.807325e-19
7115.347179 5.386416e-18
7117.921319 6.520983e-19
7120.496200 4.539498e-18
7123.071300 2.806217e-18
7125.647364 -7.210116e-20
7128.224407 1.621586e-18
7130.801318 1.163979e-18
7133.377819 -3.026444e-19
7135.955065 2.074883e-18
7138.534228 2.216217e-18
7141.111937 2.092474e-18
7143.690194 4.918704e-18
7146.271044 -8.871961e-19
7148.851057 1.099596e-18
7151.430194 1.701552e-18
7154.011737 -1.166193e-18
7156.592742 3.456139e-18
7159.175328 3.654493e-18
7161.757188 4.160582e-19
7164.340301 5.475147e-19
7166.922728 -4.249809e-19
7169.506732 -1.429338e-18
7172.090901 2.350003e-18
7174.675352 1.612301e-18
7177.261075 1.100575e-18
7179.844809 3.137971e-18
7182.431121 4.287386e-18
7185.011036 1.901414e-18
7187.605334 2.803094e-19
7190.190096 -1.396174e-18
7192.780461 2.575246e-18
7195.366372 5.719740e-18
7197.956750 3.337410e-18
7200.546062 2.132080e-18
7203.134398 -1.942170e-19
7205.723764 5.795889e-18
7208.314373 3.956561e-18
7210.884387 9.951557e-19
7213.472890 6.786707e-19
7216.059325 4.236712e-18
7218.650323 2.912332e-18
7221.274289 7.529772e-19
7223.867535 1.952934e-18
7226.460865 5.903983e-18
7229.056198 2.330148e-18
7231.654729 1.171136e-18
7234.249637 7.349318e-18
7236.844871 1.828705e-18
7239.435650 2.528993e-18
7242.031629 2.182912e-18
7244.628151 4.588162e-18
7247.226843 4.042514e-18
7249.825539 4.500274e-18
7252.423043 5.352235e-18
7255.027187 7.041507e-18
7257.618903 7.416891e-18
7260.218465 8.946272e-18
7262.816637 5.090325e-18
7265.418558 7.731810e-18
7268.017269 1.846381e-18
7270.619144 8.743309e-19
7273.220705 6.462456e-20
7275.821278 8.059713e-18
7278.426995 7.330165e-18
7281.029863 7.080873e-18
7283.633865 7.657121e-18
7286.238020 6.018632e-18
7288.842212 2.860604e-18
7291.446497 4.331351e-18
7294.050901 4.607551e-18
7296.662330 4.638490e-18
7299.262021 1.856607e-18
7301.867794 5.829141e-18
7304.482794 6.494882e-18
7307.062400 1.795451e-18
7309.661383 3.797476e-18
7312.268577 1.910125e-18
7314.878512 3.776055e-18
7317.509412 4.703323e-18
7320.120484 1.798812e-18
7322.737148 7.212567e-18
7325.348156 4.615513e-18
7327.958096 5.829016e-18
7330.569400 5.147190e-18
7333.177433 6.930415e-18
7335.799937 7.715688e-18
7338.405073 6.913889e-18
7341.018828 7.388401e-18
7343.634014 4.685875e-18
7346.246872 5.258770e-18
7348.854833 5.269155e-18
7351.476704 7.441102e-18
7354.091671 3.439299e-18
7356.707599 -1.709928e-19
7359.328527 4.590792e-18
7361.937934 1.728355e-18
7364.555664 2.202578e-18
7367.173131 7.271826e-18
7369.798611 2.658805e-18
7372.410971 4.241686e-18
7375.029483 6.854628e-18
7377.649241 2.685553e-18
7380.269019 5.803330e-18
7382.887024 1.651524e-18
7385.507167 4.442831e-18
7388.128101 4.296726e-18
7390.750101 1.428228e-18
7393.371657 4.529266e-18
7395.994222 4.481278e-18
7398.616633 6.591451e-18
7401.239766 2.282507e-18
7403.871031 8.586279e-18
7406.488522 3.693172e-18
7409.113577 5.042151e-18
7411.738884 5.647105e-18
7414.362712 1.008722e-17
7416.986438 1.884957e-18
7419.615334 5.031254e-18
7422.245545 8.703858e-18
7424.869094 2.899634e-18
7427.495195 1.097581e-17
7430.122178 2.250791e-19
7432.752588 4.387366e-18
7435.380421 1.131655e-17
7438.002016 1.069566e-17
7440.638796 2.452969e-18
7443.281438 1.115696e-17
7445.900410 6.711111e-18
7448.531475 8.032454e-18
7451.168840 8.782773e-18
7453.796187 6.015803e-18
7456.426736 7.839927e-18
7459.055870 5.319907e-18
7461.687980 8.174009e-18
7464.320956 4.678102e-18
7466.962813 9.982475e-18
7469.590959 6.467567e-18
7472.209720 7.368529e-18
7474.859126 5.953468e-18
7477.503072 8.787663e-18
7480.132769 5.682358e-18
7482.770010 6.639023e-18
7485.406778 1.716037e-18
7488.044180 2.086961e-18
7490.687623 1.190107e-17
7493.321578 6.227605e-18
7495.957062 7.770946e-18
7498.595123 5.139346e-18
7501.234916 3.447462e-18
7503.877509 1.813372e-18
7506.519523 6.269317e-18
7509.155492 5.488059e-18
7511.796547 4.667100e-18
7514.437290 5.354479e-18
7517.079275 5.737511e-18
7519.719936 7.628261e-18
7522.364254 2.361891e-19
7525.008405 4.481581e-18
7527.652668 5.337298e-18
7530.296501 9.088836e-18
7532.960823 1.184642e-17
7535.597182 9.274271e-18
7538.242122 8.549909e-18
7540.887230 4.943870e-18
7543.532850 6.386215e-18
7546.176973 3.209288e-18
7548.826990 5.413631e-18
7551.473262 4.824565e-18
7554.120409 2.770233e-18
7556.774394 3.349847e-18
7559.420823 3.375108e-18
7562.067197 5.101489e-18
7564.716000 1.945637e-18
7567.384031 4.956406e-18
7570.043867 6.035418e-18
7572.695282 5.489880e-18
7575.347470 5.571139e-18
7578.000343 5.322639e-18
7580.623452 3.354928e-18
7583.275176 3.328652e-18
7585.926492 3.163160e-18
7588.574110 6.182672e-18
7591.234107 5.798660e-18
7593.889932 1.019457e-18
7596.544825 4.334425e-18
7599.201772 1.899990e-19
7601.854042 2.816535e-18
7604.511010 6.621630e-19
7607.165257 9.565789e-19
7609.818474 8.663320e-19
7612.468347 5.533120e-19
7615.130501 1.797072e-18
7617.788612 3.037609e-18
7620.448231 1.599044e-18
7623.108631 1.582854e-18
7625.767811 3.364948e-18
7628.427414 2.358248e-18
7631.093593 2.973750e-18
7633.751707 2.167342e-18
7636.406334 1.182770e-18
7639.067980 9.547965e-19
7641.732820 2.327167e-18
7644.395572 4.641566e-19
7647.048816 1.964485e-18
7649.713602 9.919989e-19
7652.384166 3.881426e-18
7655.048733 5.810747e-19
7657.704866 1.931576e-18
7660.370146 4.795308e-19
7663.034796 3.150579e-18
7665.700692 6.960776e-19
7668.364636 1.351202e-18
7671.030988 3.663969e-18
7673.698253 3.740706e-18
7676.362972 3.414926e-18
7679.030135 2.597508e-18
7681.698842 5.996184e-18
7684.367558 3.081980e-18
7687.035262 -3.287730e-18
7689.703896 -1.089257e-19
7692.373402 3.276275e-18
7695.044109 3.497390e-18
7697.714217 3.576968e-18
7700.383275 1.585728e-19
7703.053933 1.804200e-18
7705.723491 6.411779e-18
7708.395493 -8.482137e-19
7711.067327 -9.523185e-19
7713.740863 -4.188277e-18
7716.414745 -9.997160e-20
7719.082194 3.879217e-18
7721.763765 -3.272229e-19
7724.437271 5.162809e-18
7727.110752 4.678840e-18
7729.785701 4.271830e-18
7732.460134 5.313573e-18
7735.136122 3.958756e-18
7737.811105 1.239123e-18
7740.487326 2.621045e-19
7743.160852 2.313057e-19
7745.836656 2.218515e-18
7748.517656 3.618100e-18
7751.196468 3.792266e-18
7753.876606 1.123231e-18
7756.556961 7.097486e-18
7759.229121 6.074753e-19
7761.916787 4.467309e-18
7764.593768 5.705636e-18
7767.273573 1.616982e-18
7769.955085 5.113069e-19
7772.635005 1.683917e-18
7775.317502 3.282035e-18
7777.999831 4.898665e-18
7780.681928 5.303249e-18
7783.372340 4.598767e-18
7786.046203 9.446879e-19
7788.730507 -4.521746e-19
7791.414509 -1.904790e-19
7794.099682 4.791954e-18
7796.789177 2.350325e-18
7799.471472 1.412919e-18
7802.156716 1.576876e-19
7804.841931 3.602815e-18
7807.526455 1.607786e-18
7810.214934 5.757077e-18
7812.893517 4.200009e-18
7815.595716 -1.839534e-18
7818.275190 2.527619e-18
7820.965564 1.484596e-18
7823.655385 2.663952e-18
7826.345041 -2.705866e-19
7829.035552 5.989265e-18
7831.726172 5.543655e-19
7834.412759 3.127757e-18
7837.103149 2.123315e-18
7839.794229 1.344730e-18
7842.485995 1.090831e-19
7845.176595 1.346685e-18
7847.869208 2.074786e-18
7850.562585 5.603614e-18
7853.255094 6.247050e-19
7855.949766 -4.518510e-18
7858.645383 7.451218e-18
7861.339799 2.525558e-18
7864.034678 3.097643e-18
7866.727643 -1.053507e-19
7869.417049 4.379710e-18
7872.118512 4.751532e-18
7874.815809 4.488253e-18
7877.512405 1.105768e-18
7880.196262 2.385286e-19
7882.891967 3.727524e-18
7885.589252 3.897070e-18
7888.294663 -3.080582e-19
7891.001238 1.718693e-18
7893.701278 6.632670e-18
7896.400415 4.484518e-18
7899.100063 -1.567476e-18
7901.798466 1.797783e-18
7904.499781 -2.224791e-18
7907.196508 1.853221e-18
7909.899293 -8.335918e-19
7912.600892 7.583421e-19
7915.304880 3.796710e-18
7918.009073 4.487595e-19
7920.712706 2.601232e-18
7923.415449 1.044665e-18
7926.119135 1.305517e-18
7928.822035 2.801874e-18
7931.541867 5.787273e-18
7934.231160 1.252590e-18
7936.936418 1.646565e-18
7939.640888 6.452604e-18
7942.346307 3.804583e-18
7945.058169 -1.108402e-18
7947.758919 4.343080e-18
7950.460173 -4.588128e-20
7953.181523 1.799040e-18
7955.880547 3.204369e-18
7958.585693 -1.456933e-18
7961.297544 3.532668e-18
7964.005957 1.620761e-18
7966.717963 3.586288e-18
7969.428324 9.478959e-19
7972.137777 4.751920e-18
7974.849033 1.673412e-18
7977.558375 8.263288e-19
7980.262682 3.369781e-18
7982.981754 7.233299e-18
7985.692045 5.784622e-18
7988.404274 -2.222928e-19
7991.117697 4.177832e-19
7993.838826 2.447164e-18
7996.547051 1.691345e-18
7999.261353 2.421731e-18
8001.984262 4.603313e-18
8004.690220 5.119480e-18
8007.401358 3.048864e-19
8010.117330 1.145364e-18
8012.833662 1.872839e-18
8015.550904 4.059259e-18
8018.265673 -7.813815e-20
8020.990817 2.150634e-18
8023.701872 6.319382e-19
8026.418844 -5.482526e-19
8029.139262 2.137942e-18
8031.857858 2.024028e-18
8034.577700 4.664059e-18
8037.296721 3.134598e-18
8040.012955 2.342401e-19
8042.731966 2.779912e-18
8045.453475 2.567811e-18
8048.165722 1.716719e-18
8050.895281 2.990978e-18
8053.615970 2.657304e-18
8056.335061 -9.014339e-19
8059.069092 -1.239705e-18
8061.783487 2.083803e-18
8064.508199 4.309906e-18
8067.232427 -1.626912e-18
8069.955313 1.714183e-18
8072.679512 2.931761e-19
8075.403522 4.277599e-18
8078.127727 3.110460e-18
8080.853064 9.612729e-19
8083.578550 2.338606e-18
8086.303777 -1.971900e-19
8089.030905 6.075776e-18
8091.757526 -1.031161e-18
8094.484213 4.992830e-18
8097.211083 3.167194e-18
8099.940485 -1.642141e-18
8102.668302 1.699192e-18
8105.396861 3.057265e-18
8108.118062 2.355816e-18
8110.856128 1.157102e-18
8113.585726 5.912475e-18
8116.313887 2.303859e-18
8119.045673 2.331393e-18
8121.785482 6.121388e-19
8124.508216 2.248716e-18
8127.238127 3.650076e-18
8129.971129 2.024368e-18
8132.695163 3.511264e-18
8135.442179 1.155747e-18
8138.168919 1.310810e-18
8140.915944 3.630408e-18
8143.647875 3.870718e-18
8146.383511 3.044390e-18
8149.117817 4.004233e-18
8151.853927 3.588132e-18
8154.582587 1.607096e-18
8157.322497 -1.051046e-18
8160.060119 1.258086e-18
8162.795726 2.271288e-18
8165.531814 2.669736e-18
8168.269984 2.351854e-18
8170.999776 3.053196e-18
8173.742847 8.864426e-19
8176.484679 3.790241e-18
8179.221137 2.188593e-18
8181.959843 4.833642e-19
8184.701290 2.311001e-18
8187.440364 2.052112e-18
8190.171679 2.949761e-18
8192.920803 1.104863e-18
8195.662006 3.582954e-18
8198.402252 7.045718e-19
8201.143968 2.286698e-18
8203.884474 1.373237e-18
8206.630091 1.165837e-18
8209.371584 2.423021e-18
8212.112633 2.011361e-18
8214.846932 4.954152e-18
8217.581574 4.073358e-18
8220.324202 2.590388e-18
8223.064039 4.109369e-18
8225.807812 4.838649e-18
8228.568093 -2.286396e-19
8231.305089 2.798581e-18
8234.069159 1.481459e-18
8236.818034 3.400358e-18
8239.562149 9.416775e-19
8242.310079 3.569666e-18
8245.056830 3.634080e-18
8247.805577 4.180578e-18
8250.544438 3.479622e-18
8253.302202 3.662864e-18
8256.049995 2.170184e-18
8258.799919 1.534685e-18
8261.548267 1.124391e-18
8264.299376 2.247143e-18
8267.048154 3.094311e-18
8269.799271 9.344613e-19
8272.556665 1.524338e-18
8275.299029 2.836007e-18
8278.054772 -6.762989e-19
8280.797157 -1.490598e-18
8283.551352 3.169670e-18
8286.311746 7.454096e-18
8289.065102 2.823717e-18
8291.818169 5.874613e-18
8294.571376 4.969713e-18
8297.325767 -9.107916e-19
8300.079669 1.572773e-18
8302.837309 9.838823e-19
8305.592515 5.177077e-18
8308.347780 4.297366e-18
8311.101948 1.998675e-18
8313.859070 1.638557e-18
8316.614628 2.901070e-18
8319.379822 2.662178e-18
8322.136967 2.008900e-18
8324.902926 4.405227e-18
8327.651402 5.521269e-18
8330.411017 -2.921483e-19
8333.160043 9.012469e-19
8335.911338 3.228668e-18
8338.674519 5.795359e-19
8341.436951 -2.166735e-18
8344.198415 -3.244253e-18
8346.962535 -2.253154e-18
8349.732426 4.721009e-18
8352.486525 -2.642643e-19
8355.249927 6.162786e-18
8358.008022 3.400310e-18
8360.770210 4.403264e-18
8363.533054 -8.499588e-19
8366.294223 -1.989862e-18
8369.058634 2.718454e-18
8371.821004 3.744267e-18
8374.583568 2.915803e-18
8377.355351 3.925220e-20
8380.113270 -1.007918e-18
8382.878461 -1.331955e-18
8385.646761 2.725903e-18
8388.412202 1.062120e-18
8391.172279 3.683164e-18
8393.939503 5.139834e-20
8396.698889 2.847732e-18
8399.483725 -1.522387e-18
8402.248401 4.682914e-18
8405.016006 4.538420e-18
8407.782188 -1.052890e-18
8410.550976 4.876218e-18
8413.324090 1.386686e-18
8416.086829 4.569550e-18
8418.859186 -3.488170e-19
8421.623269 3.701868e-18
8424.394533 -4.213969e-19
8427.165738 2.511444e-19
8429.936870 4.927720e-19
8432.713279 1.109796e-18
8435.485931 6.801007e-18
8438.258410 4.175884e-18
8441.030004 7.158407e-18
8443.794805 4.141453e-18
8446.569318 2.779467e-18
8449.344793 -3.201435e-19
8452.118689 -9.884946e-19
8454.895170 3.547868e-18
8457.665407 -3.345337e-19
8460.440769 -3.944988e-18
8463.216091 -4.048790e-19
8465.992257 1.039099e-18
8468.772016 1.756072e-18
8471.546903 2.165234e-18
8474.326306 7.966771e-18
8477.101244 3.351596e-18
8479.873468 9.006284e-19
8482.652105 6.007470e-19
8485.428502 3.102771e-18
8488.206635 1.667388e-18
8490.985426 2.663675e-18
8493.764565 -3.304083e-19
8496.544073 3.816938e-18
8499.323572 5.289409e-19
8502.102743 2.557670e-18
8504.884522 3.480124e-18
8507.666891 5.029269e-18
8510.448596 1.298076e-18
8513.229505 8.080028e-18
8516.011961 1.129003e-18
8518.789259 4.039128e-18
8521.572755 2.010807e-18
8524.354833 1.092065e-18
8527.135774 -6.446118e-20
8529.927836 -1.371377e-19
8532.704243 9.891392e-19
8535.488654 4.891843e-19
8538.271528 7.712745e-19
8541.057645 3.698608e-18
8543.841404 -7.477227e-19
8546.627069 8.677561e-19
8549.413645 3.606495e-19
8552.202192 6.020333e-18
8554.986923 2.709188e-18
8557.772817 5.328665e-19
8560.559251 1.253096e-18
8563.346400 2.835800e-18
8566.132440 1.518744e-18
8568.921482 1.768894e-18
8571.709169 1.926918e-18
8574.506639 1.156060e-18
8577.285189 -1.202156e-18
8580.075702 -4.397041e-19
8582.865928 1.440822e-18
8585.656096 -4.082040e-19
8588.445493 3.987672e-18
8591.237464 1.709094e-18
8594.027270 -9.399844e-19
8596.819566 2.007265e-18
8599.612446 2.206942e-18
8602.405049 1.775777e-18
8605.195128 3.693299e-18
8607.987671 1.230630e-18
8610.780783 3.487753e-18
8613.575238 1.372374e-18
8616.366331 6.815239e-20
8619.159490 5.438388e-19
8621.954434 2.948263e-18
8624.747320 4.046823e-18
8627.545163 -9.831214e-19
8630.342313 -1.337792e-18
8633.137602 -1.170541e-18
8635.933766 5.976489e-18
8638.730603 2.479772e-18
8641.525577 1.103235e-18
8644.323005 6.489532e-19
8647.108032 2.604561e-18
8649.918248 2.681352e-18
8652.712665 1.849768e-18
8655.520249 1.828932e-18
8658.310948 2.570526e-18
8661.119073 -1.978199e-19
8663.909369 2.233896e-18
8666.709570 -1.062463e-18
8669.508067 -9.219976e-19
8672.309319 3.724741e-18
8675.109434 4.053569e-18
8677.909766 -7.107216e-19
8680.718445 4.390208e-18
8683.513423 5.231791e-18
8686.314041 1.854659e-18
8689.114575 3.289791e-18
8691.918306 2.528238e-18
8694.719905 1.463418e-18
8697.513554 5.983638e-18
8700.334838 1.892905e-18
8703.130139 5.710715e-19
8705.931668 1.460652e-18
8708.739842 1.576192e-18
8711.533560 2.645921e-18
8714.347767 1.726990e-18
8717.152976 5.935282e-18
8719.956601 3.436188e-18
8722.772556 2.321811e-18
8725.569783 2.380860e-18
8728.376204 1.749809e-18
8731.183119 4.982501e-18
8733.979788 2.990745e-19
8736.813266 4.383166e-18
8739.619882 1.533089e-18
8742.426332 1.729499e-18
8745.234587 2.221573e-18
8748.045090 4.027528e-18
8750.851556 2.805274e-18
8753.658749 7.171623e-19
8756.470039 5.446061e-18
8759.279791 -2.118168e-19
8762.090907 3.742624e-18
8764.905925 9.032402e-19
8767.716683 7.046986e-18
8770.528337 4.454034e-18
8773.340653 3.192621e-18
8776.150651 3.195019e-18
8778.972071 2.640081e-18
8781.779998 7.022392e-18
8784.590593 4.676011e-18
8787.396835 5.888116e-18
8790.214762 4.953282e-18
8793.029196 -1.326632e-19
8795.843657 5.559522e-18
8798.658405 2.243789e-18
8801.473058 5.796815e-18
8804.274497 4.361423e-18
8807.100610 2.975418e-19
8809.915485 4.966211e-18
8812.730065 3.472076e-18
8815.549077 3.204887e-18
8818.356383 4.880007e-18
8821.172885 6.660836e-18
8823.996043 -3.655138e-18
8826.824186 -5.462515e-18
8829.637009 -1.420896e-18
8832.457409 2.893359e-18
8835.275900 1.183815e-17
8838.096613 1.360000e-17
8840.913714 2.155953e-18
8843.730516 4.447271e-18
8846.550339 8.650098e-19
8849.367415 2.192811e-18
8852.189524 6.461272e-18
8855.008835 2.457636e-18
8857.831453 8.656306e-18
8860.647283 -5.780494e-20
8863.469937 1.706894e-18
8866.293360 6.404544e-18
8869.117051 1.851389e-18
8871.942424 3.398977e-18
8874.756761 2.476351e-18
8877.579464 4.624461e-19
8880.400732 4.427812e-19
8883.223208 1.729667e-18
8886.052243 -4.134571e-18
8888.882895 -2.400702e-18
8891.708104 7.465316e-18
8894.549075 8.608054e-18
8897.355456 3.758858e-18
8900.176216 1.575332e-19
8903.002917 -3.604439e-19
8905.834008 2.337528e-18
8908.664175 1.949585e-18
8911.479243 -3.239376e-19
8914.312725 4.956805e-18
8917.126663 -2.999835e-18
8919.961642 7.632066e-18
8922.797753 1.974104e-17
8925.625945 1.050230e-17
8928.458279 6.760324e-18
8931.280784 4.219672e-18
8934.125060 3.371708e-18
8936.929909 -5.082229e-19
8939.762970 2.010648e-18
8942.593976 2.135176e-18
8945.412741 5.205392e-19
8948.245438 3.455241e-18
8951.063835 5.716824e-18
8953.897687 -5.035297e-19
8956.745434 3.067510e-18
8959.582077 2.616251e-18
8962.418066 5.913850e-18
8965.258956 6.571261e-18
8968.086564 1.085475e-17
8970.905188 3.229541e-18
8973.742685 5.725337e-19
8976.577015 1.229524e-18
8979.408960 2.654900e-18
8982.240388 1.047896e-18
8985.069612 2.818275e-18
8987.910784 3.748475e-18
8990.749812 1.936370e-18
8993.580303 4.883406e-18
8996.416503 2.375703e-18
8999.252799 -7.624400e-19
9002.089051 9.203297e-19
9004.932162 -1.937437e-18
9007.768743 5.614325e-18
9010.602255 4.425220e-18
9013.449180 6.104088e-18
9016.271954 3.112125e-18
9019.101291 3.453231e-18
9021.948454 3.923807e-18
9024.797321 3.166206e-18
9027.633845 2.183296e-18
9030.470880 1.253648e-18
9033.310367 2.982235e-18
9036.144138 1.613410e-18
9038.983078 -8.184787e-20
9041.824411 1.672195e-18
9044.663616 -3.413033e-19
9047.504721 -2.080618e-18
9050.346349 2.026853e-19
9053.189672 5.903150e-18
9056.031683 4.850019e-18
9058.872561 2.793078e-18
9061.712223 2.528302e-18
9064.554281 2.309410e-18
9067.395515 2.371008e-18
9070.239305 2.227063e-18
9073.083866 2.020612e-19
9075.920468 1.880811e-18
9078.767836 1.984935e-18
9081.613681 1.292908e-18
9084.450828 3.750019e-18
9087.301536 -2.834044e-19
9090.147009 -3.712388e-19
9092.999995 4.143011e-18
9095.838709 3.105556e-18
9098.683809 -1.329062e-18
9101.527344 -1.641616e-18
9104.373843 2.812567e-18
9107.225245 5.161772e-18
9110.071035 3.446839e-18
9112.916487 1.355413e-18
9115.763939 2.579488e-18
9118.602366 1.592342e-18
9121.457793 2.620728e-18
9124.307762 -2.195531e-19
9127.153441 1.786494e-18
9130.004706 2.596462e-18
9132.851670 2.775689e-18
9135.702914 3.542412e-18
9138.550853 2.936613e-18
9141.398321 -1.835678e-18
9144.249227 5.912867e-19
9147.092740 7.788985e-19
9149.950925 4.860809e-19
9152.803334 8.837738e-19
9155.662648 3.651839e-18
9158.505595 2.432891e-19
9161.358384 3.985177e-18
9164.216625 4.330912e-18
9167.043654 -7.469844e-19
9169.899107 1.215744e-18
9172.729259 2.063544e-18
9175.592708 1.548586e-18
9178.444664 1.955664e-19
9181.302612 1.896261e-18
9184.156031 3.193149e-18
9187.022554 1.710782e-18
9189.875346 3.057828e-19
9192.743245 2.442799e-18
9195.598383 2.261155e-19
9198.452335 4.010559e-18
9201.311102 2.790329e-18
9204.162893 2.005207e-18
9207.019045 -1.357256e-19
9209.875837 1.387137e-18
9212.733704 2.285770e-18
9215.589035 2.322229e-18
9218.445415 6.446143e-18
9221.304456 3.501665e-18
9224.161432 2.240991e-18
9227.021428 3.326516e-18
9229.878757 2.639604e-18
9232.739240 2.579714e-18
9235.596555 1.168759e-18
9238.451924 3.088687e-18
9241.310804 1.259140e-19
9244.172025 4.232640e-18
9247.029201 1.389114e-18
9249.889223 2.228020e-18
9252.750713 1.668361e-19
9255.612549 1.686549e-18
9258.470957 1.349427e-18
9261.333563 1.436931e-18
9264.195753 1.173441e-18
9267.058197 1.718320e-18
9269.926326 1.049360e-19
9272.781582 2.856239e-18
9275.642462 2.223331e-18
9278.509381 2.993867e-18
9281.373713 3.525701e-18
9284.230719 1.039008e-18
9287.091685 3.618600e-18
9289.963425 2.240320e-19
9292.822512 1.820214e-18
9295.684925 -3.433794e-19
9298.545546 1.080612e-18
9301.403491 -1.245834e-18
9304.274633 1.363054e-18
9307.152312 -5.432031e-18
9310.024060 -3.964190e-18
9312.890566 3.483698e-18
9315.766124 7.389865e-19
9318.621941 2.042979e-18
9321.488771 -6.297401e-19
9324.354880 6.810517e-18
9327.226136 4.249707e-18
9330.099980 1.473853e-18
9332.960081 3.072436e-18
9335.822467 -1.160914e-18
9338.680463 1.581819e-18
9341.560392 5.578775e-19
9344.429073 1.321815e-18
9347.296385 2.760277e-18
9350.161682 1.175828e-18
9353.032683 3.165318e-18
9355.901309 2.403081e-18
9358.769589 1.373389e-18
9361.628965 2.523991e-18
9364.510099 -1.736348e-18
9367.372006 1.832722e-18
9370.235009 -3.247557e-18
9373.110406 -8.236743e-18
9375.989633 -2.359276e-17
9378.867526 -1.352887e-17
9381.743141 -1.147881e-17
9384.613993 1.831344e-18
9387.488530 1.022586e-17
9390.350753 -2.594409e-18
9393.222357 -3.250391e-19
9396.090290 2.387938e-18
9398.964799 -1.359053e-18
9401.838758 -1.990937e-19
9404.715439 -1.973688e-18
9407.591907 1.732965e-18
9410.472392 3.180969e-18
9413.325466 9.025502e-20
9416.203982 8.593749e-19
9419.089765 5.501101e-18
9421.958371 5.957576e-18
9424.846003 6.755284e-18
9427.714285 2.342738e-18
9430.589089 1.868319e-18
9433.443883 -1.428064e-18
9436.330018 -5.185054e-19
9439.207552 -6.653972e-18
9442.090720 -1.341983e-17
9444.971893 -8.311896e-18
9447.844368 -5.708263e-19
9450.717871 3.687103e-18
9453.588688 5.216642e-19
9456.467852 1.090511e-18
9459.348670 6.440755e-18
9462.233120 2.545688e-18
9465.113249 4.033014e-18
9467.990961 3.827910e-18
9470.859160 -1.696360e-18
9473.735952 -1.986151e-18
9476.618781 -3.428153e-18
9479.503345 -2.694873e-18
9482.389055 -4.472482e-18
9485.267078 1.524421e-19
9488.148940 4.430607e-18
9491.021295 1.457591e-18
9493.901274 3.902094e-19
9496.773306 2.777593e-18
9499.657614 -2.988311e-19
9502.541653 -2.216028e-19
9505.425695 -2.586440e-19
9508.310171 -2.313977e-18
9511.191695 4.714173e-19
9514.061980 9.604610e-19
9516.946362 1.295434e-18
9519.833173 5.199999e-18
9522.720063 -4.816346e-19
9525.603854 3.515170e-18
9528.490177 1.258180e-19
9531.376280 -3.248789e-19
9534.246320 1.277786e-18
9537.122872 6.119583e-19
9540.018288 1.408578e-18
9542.902014 1.255693e-18
9545.779526 1.211651e-18
9548.667386 1.484206e-18
9551.552712 1.388119e-18
9554.439259 3.054214e-18
9557.328748 -6.750690e-19
9560.217769 -1.983746e-19
9563.091524 2.018175e-18
9565.979494 2.518301e-18
9568.868000 1.493342e-18
9571.760800 3.924474e-18
9574.645640 1.606591e-18
9577.531686 8.548332e-19
9580.412528 2.240748e-18
9583.303800 2.356728e-19
9586.187916 6.916296e-19
9589.080056 2.377486e-21
9591.964593 2.012310e-18
9594.850451 -1.558622e-19
9597.737549 1.670730e-18
9600.627406 2.010619e-18
9603.519592 1.079480e-18
9606.403113 3.760662e-19
9609.293582 1.914196e-18
9612.177578 1.270557e-18
9615.070579 3.716383e-19
9617.962298 2.065928e-18
9620.851671 6.529324e-19
9623.742592 5.371479e-19
9626.635829 1.061389e-18
9629.525813 5.041591e-20
9632.415777 1.974779e-18
9635.306655 1.581960e-18
9638.196542 1.114827e-20
9641.085879 6.793264e-19
9643.968117 3.433367e-19
9646.869159 6.268666e-20
9649.758453 1.369655e-18
9652.655820 -1.278632e-19
9655.556001 1.382542e-18
9658.430332 3.799143e-19
9661.328755 8.647262e-19
9664.221101 1.543243e-18
9667.113921 9.953028e-19
9670.008464 3.091529e-19
9672.903696 1.417624e-18
9675.792983 5.486527e-19
9678.689683 -2.061643e-20
9681.583003 2.238567e-18
9684.487530 3.692652e-18
9687.375200 2.242879e-18
9690.271011 4.053039e-18
9693.159224 9.125722e-20
9696.053157 -7.183979e-19
9698.948713 2.051932e-18
9701.847680 4.438805e-18
9704.747466 3.037528e-18
9707.630389 -6.935465e-19
9710.534427 4.163365e-19
9713.425199 -6.590325e-19
9716.323945 2.860200e-19
9719.219377 2.694972e-18
9722.121219 3.728604e-18
9725.028279 1.011495e-18
9727.917626 -1.504377e-18
9730.812396 8.565164e-19
9733.703052 -6.691240e-19
9736.602700 -1.805475e-18
9739.501049 -1.209599e-18
9742.402056 1.019593e-18
9745.299119 2.363639e-18
9748.203830 9.168620e-19
9751.096682 1.206509e-18
9753.994672 6.407958e-20
9756.887886 8.784903e-19
9759.791657 1.421370e-18
9762.690828 -9.994380e-19
9765.595854 4.397939e-19
9768.503085 4.226104e-19
9771.379203 1.058058e-18
9774.287602 1.199051e-19
9777.188799 1.503655e-20
9780.088573 6.714747e-19
9782.973089 2.998003e-19
9785.878019 -3.114966e-18
9788.786022 -3.957251e-18
9791.688949 -5.647800e-18
9794.593822 -3.400837e-18
9797.486481 -4.947860e-19
9800.405704 6.008491e-19
9803.298645 2.116780e-18
9806.200148 2.746841e-19
9809.101410 -6.794556e-19
9811.998718 -7.401159e-19
9814.904818 9.839756e-20
9817.808221 1.204454e-18
9820.710065 -2.896260e-19
9823.616092 4.421260e-19
9826.512276 1.825164e-18
9829.417264 1.708807e-18
9832.313941 -6.648687e-20
9835.232130 9.152718e-20
9838.150227 6.053162e-19
9841.044449 1.673658e-18
9843.953347 1.842734e-19
9846.849565 6.001614e-20
9849.757468 1.076383e-18
9852.676700 1.115608e-18
9855.569345 2.406479e-19
9858.475197 1.062722e-18
9861.376315 1.008239e-18
9864.275888 1.066959e-18
9867.183873 5.374407e-19
9870.069239 4.703335e-18
9872.997093 5.835215e-18
9875.910376 7.976146e-18
9878.814599 2.586076e-18
9881.719823 -3.150108e-19
9884.620295 2.188699e-18
9887.530766 3.971970e-19
9890.427403 1.970364e-19
9893.337418 1.202607e-18
9896.240725 8.065066e-19
9899.156455 3.189119e-18
9902.064266 1.105099e-18
9904.971842 5.661046e-19
9907.873148 4.537200e-19
9910.774348 1.044545e-18
9913.687583 1.456955e-18
9916.598163 -7.551741e-21
9919.513135 -2.911138e-18
9922.415778 -3.564781e-18
9925.328252 1.192097e-19
9928.227303 -3.391710e-19
9931.139239 5.867317e-19
9934.046091 6.379279e-19
9936.950741 2.561926e-19
9939.856334 -1.426906e-18
9942.768044 -1.792671e-19
9945.682680 2.908329e-18
9948.595248 5.571021e-18
9951.504237 3.095588e-18
9954.410771 2.781746e-18
9957.320602 -1.813263e-18
9960.230954 -1.480505e-18
9963.144210 -2.187632e-18
9966.057373 -2.571138e-18
9968.966304 -1.526092e-18
9971.868270 1.365683e-18
9974.784238 7.667288e-19
9977.696813 2.389518e-18
9980.606637 2.595030e-18
9983.515619 1.383274e-18
9986.426151 1.292578e-18
9989.337163 -2.853690e-19
9992.241606 2.685084e-19
9995.157566 8.652952e-19
9998.081638 1.644057e-18
10000.983942 4.552399e-19
10003.894793 1.096078e-18
10006.795901 -1.115991e-18
10009.713619 -3.478295e-19
10012.627020 2.622864e-18
10015.557232 1.952183e-18
10018.462387 5.878492e-18
10021.372676 -5.603039e-19
10024.282402 -1.577183e-18
10027.197379 2.315156e-18
10030.113207 -3.117603e-19
10033.027271 1.298638e-18
10035.931196 5.792052e-19
10038.844014 1.743662e-18
10041.760434 1.216744e-18
10044.676461 5.431303e-19
10047.593977 3.714840e-19
10050.503107 -3.741415e-19
10053.408438 -9.217005e-19
10056.335130 5.375192e-19
10059.241439 1.171372e-18
10062.158348 1.066041e-18
10065.077223 1.195250e-18
10067.989684 1.498484e-18
10070.905748 -1.940272e-18
10073.822111 1.544276e-18
10076.725792 -1.406244e-19
10079.643829 1.383668e-18
10082.561860 -9.429834e-20
10085.482212 -1.910424e-18
10088.408712 -1.587572e-18
10091.316037 -1.542166e-18
10094.227030 1.366135e-18
10097.145371 -3.635576e-19
10100.053759 -1.060489e-18
10102.971586 -2.186759e-18
10105.896365 6.983058e-19
10108.807795 -5.685147e-19
10111.726441 4.169647e-19
10114.642529 5.132764e-19
10117.545228 -3.820014e-19
10120.464476 -3.604218e-18
10123.376921 -1.567856e-18
10126.293995 4.834389e-19
10129.225408 1.765063e-18
10132.146224 3.042866e-18
10135.044719 2.318385e-18
10137.971522 1.139494e-18
10140.880975 9.611906e-19
10143.812567 7.349089e-19
10146.721393 -1.179983e-18
10149.639785 1.151815e-18
10152.556376 -2.327889e-18
10155.476732 2.591616e-19
10158.397312 1.534037e-19
10161.312522 7.285404e-19
10164.224519 -1.833005e-18
10167.145433 2.064242e-18
10170.066111 2.253755e-18
10172.983199 2.992099e-18
10175.908854 4.088841e-18
10178.824593 2.688598e-18
10181.741340 -1.832261e-19
10184.664584 2.474141e-18
10187.577243 1.176803e-18
10190.491523 -9.473853e-20
10193.407889 2.161488e-18
10196.335893 -1.482628e-18
10199.254480 1.224066e-19
10202.171974 2.220348e-18
10205.087814 -6.584605e-20
10208.008874 -3.061981e-19
10210.929848 -8.118718e-19
10213.853162 3.115594e-19
10216.774462 -5.157493e-19
10219.681687 -5.441384e-19
10222.604816 1.208185e-18
10225.527047 1.004270e-19
10228.449464 3.004605e-19
10231.362969 2.134957e-18
10234.291124 1.649494e-18
10237.211702 1.138052e-18
10240.131436 2.070171e-18
10243.048778 1.889240e-18
10245.962772 1.411080e-18
10248.890246 2.043251e-18
10251.812074 3.271570e-19
10254.731004 -1.277457e-18
10257.653732 8.456717e-20
10260.569104 8.633429e-19
10263.491722 -8.596539e-19
10266.410721 1.393532e-18
10269.335157 1.225960e-18
10272.258831 1.303371e-18
10275.175978 1.167050e-18
10278.090899 8.974314e-19
10281.010573 5.631555e-19
10283.935209 7.466566e-19
10286.861901 -1.363624e-18
10289.785518 2.482522e-18
10292.708343 1.982902e-18
10295.627652 1.697854e-18
10298.550764 1.794568e-18
10301.471746 1.241715e-18
10304.392741 -6.372626e-19
10307.317340 1.912873e-18
10310.230012 -1.837996e-17
10313.156833 7.002911e-18
