3635.884549 1.221027e-17
3637.333718 3.710346e-17
3638.781245 3.585011e-17
3640.231510 2.831961e-17
3641.686464 4.187095e-17
3643.137177 3.428202e-17
3644.592040 4.638228e-17
3646.046147 5.375890e-17
3647.500733 3.956621e-17
3648.958350 3.691173e-17
3650.419022 4.479471e-17
3651.873924 2.817760e-17
3653.333101 3.346805e-17
3654.795482 4.752930e-17
3656.251152 2.103435e-17
3657.716568 2.615348e-17
3659.180661 4.944884e-17
3660.647250 3.632810e-17
3662.110420 3.477482e-17
3663.574669 4.824074e-17
3665.038586 3.709763e-17
3666.507836 3.751199e-17
3667.979243 6.687661e-17
3669.447368 3.053838e-17
3670.920367 3.542631e-17
3672.387114 2.743803e-17
3673.858207 4.758237e-17
3675.335329 3.794106e-17
3676.807163 5.264067e-17
3678.282118 5.244377e-17
3679.763954 3.949605e-17
3681.237991 3.248196e-17
3682.713744 4.544484e-17
3684.194357 4.358621e-17
3685.675860 2.046314e-17
3687.156887 3.470740e-17
3688.635949 3.989130e-17
3690.118558 3.710685e-17
3691.600150 3.707616e-17
3693.083582 2.804981e-17
3694.570576 4.921842e-17
3696.058659 3.459142e-17
3697.545184 3.904326e-17
3699.034129 3.402590e-17
3700.520853 3.542831e-17
3702.012886 5.512467e-17
3703.504471 4.070291e-17
3704.993671 3.607183e-17
3706.487062 3.325520e-17
3707.979154 4.614347e-17
3709.469568 3.654510e-17
3710.970274 5.093316e-17
3712.463071 4.437601e-17
3713.961209 5.189378e-17
3715.464263 4.693833e-17
3716.957732 3.117449e-17
3718.457747 4.702380e-17
3719.957756 3.721279e-17
3721.461336 5.772160e-17
3722.962304 2.113232e-17
3724.462759 3.520312e-17
3725.968658 3.521173e-17
3727.478508 4.690701e-17
3728.980992 4.064827e-17
3730.489902 2.686851e-17
3731.996243 4.795396e-17
3733.512927 6.254636e-17
3735.016322 5.463522e-17
3736.526261 6.112826e-17
3738.035004 4.424463e-17
3739.549396 5.840601e-17
3741.064143 5.280412e-17
3742.575861 4.706904e-17
3744.091970 5.229331e-17
3745.614382 4.496701e-17
3747.123423 5.059446e-17
3748.643780 4.962877e-17
3750.160855 5.081601e-17
3751.686355 5.154550e-17
3753.201791 4.095566e-17
3754.723358 5.353277e-17
3756.246446 4.953348e-17
3757.770847 5.679071e-17
3759.293214 4.498956e-17
3760.819765 5.919619e-17
3762.342230 4.936792e-17
3763.871525 5.646757e-17
3765.395666 5.739246e-17
3766.927578 5.599029e-17
3768.457837 5.396273e-17
3769.986157 4.625228e-17
3771.512551 6.640215e-17
3773.049495 4.667368e-17
3774.582233 5.825906e-17
3776.116218 6.531085e-17
3777.649976 6.755186e-17
3779.185261 5.249925e-17
3780.726489 4.321763e-17
3782.261427 5.554286e-17
3783.798644 7.262629e-17
3785.334462 6.093188e-17
3786.876794 6.177262e-17
3788.417515 5.366718e-17
3789.957328 6.008916e-17
3791.503885 5.420188e-17
3793.048222 6.301301e-17
3794.591735 6.705112e-17
3796.136063 6.050214e-17
3797.682471 5.545091e-17
3799.225666 6.118780e-17
3800.776943 5.106707e-17
3802.325633 6.230996e-17
3803.875302 5.315267e-17
3805.421424 5.955989e-17
3806.982451 5.017632e-17
3808.527601 4.969736e-17
3810.081420 7.055372e-17
3811.638054 7.849000e-17
3813.196469 1.093690e-16
3814.759185 1.291859e-16
3816.308853 1.255329e-16
3817.865839 1.264922e-16
3819.422462 1.078342e-16
3820.979510 6.967666e-17
3822.534572 5.682103e-17
3824.096203 5.070016e-17
3825.663172 4.064711e-17
3827.226476 4.661467e-17
3828.785617 3.987656e-17
3830.349767 4.795674e-17
3831.918911 4.486233e-17
3833.482451 4.573930e-17
3835.048741 5.216205e-17
3836.615040 4.777213e-17
3838.184908 4.737909e-17
3839.755835 4.710435e-17
3841.325589 4.515542e-17
3842.896557 4.951190e-17
3844.471055 4.632776e-17
3846.042697 3.949865e-17
3847.610568 4.181924e-17
3849.193239 5.747354e-17
3850.765978 3.101456e-17
3852.343767 3.697578e-17
3853.919137 4.272302e-17
3855.495651 3.901319e-17
3857.080007 3.100976e-17
3858.660569 3.624149e-17
3860.237030 4.062304e-17
3861.819165 4.384734e-17
3863.398712 3.972913e-17
3864.989295 3.525239e-17
3866.567910 3.739004e-17
3868.154568 3.257635e-17
3869.739258 2.271353e-17
3871.326582 2.753655e-17
3872.914020 3.790505e-17
3874.498028 3.877066e-17
3876.089894 3.561718e-17
3877.682790 2.867161e-17
3879.269692 3.540642e-17
3880.864380 3.079655e-17
3882.458494 4.044698e-17
3884.045832 3.050876e-17
3885.641812 3.428073e-17
3887.239223 2.781364e-17
3888.834972 2.801885e-17
3890.427285 3.768607e-17
3892.027859 2.459031e-17
3893.628547 3.353226e-17
3895.224823 3.051017e-17
3896.824392 2.797804e-17
3898.427861 3.354627e-17
3900.030452 4.056141e-17
3901.632805 3.568084e-17
3903.236173 3.243571e-17
3904.840955 2.946653e-17
3906.442908 3.083293e-17
3908.052313 3.538982e-17
3909.654899 3.154589e-17
3911.268056 3.059918e-17
3912.872617 3.286091e-17
3914.483218 3.056042e-17
3916.091928 3.201416e-17
3917.704118 3.091455e-17
3919.314997 3.450204e-17
3920.929546 3.149969e-17
3922.541818 3.056019e-17
3924.156680 3.424496e-17
3925.773606 3.713187e-17
3927.384917 3.687688e-17
3929.006123 3.394049e-17
3930.621827 3.225123e-17
3932.241212 3.312938e-17
3933.859247 3.228791e-17
3935.479766 3.972016e-17
3937.098673 4.039022e-17
3938.724792 4.142764e-17
3940.346401 5.602903e-17
3941.970392 5.293029e-17
3943.590576 4.612170e-17
3945.217116 4.814080e-17
3946.838709 5.383994e-17
3948.467170 5.752673e-17
3950.096794 5.618854e-17
3951.727620 4.935384e-17
3953.356879 5.476285e-17
3954.985403 4.704030e-17
3956.614612 4.865875e-17
3958.245346 6.206969e-17
3959.879902 6.353665e-17
3961.510274 7.337172e-17
3963.149979 6.327668e-17
3964.783713 4.586846e-17
3966.416328 5.075344e-17
3968.055114 4.625397e-17
3969.689419 5.080322e-17
3971.339010 5.912777e-17
3972.967049 5.048283e-17
3974.604773 4.777954e-17
3976.245706 4.383125e-17
3977.890645 5.255128e-17
3979.534994 5.419933e-17
3981.172455 5.786441e-17
3982.817719 5.962822e-17
3984.464640 5.807075e-17
3986.105820 5.378482e-17
3987.756528 5.993273e-17
3989.400553 5.674279e-17
3991.046518 5.899015e-17
3992.696686 5.884150e-17
3994.350323 5.644872e-17
3995.998840 5.329023e-17
3997.647641 6.385806e-17
3999.301725 6.599746e-17
4000.953077 6.359816e-17
4002.607027 6.932087e-17
4004.260907 6.536877e-17
4005.904326 7.708005e-17
4007.568625 6.717466e-17
4009.228492 7.193644e-17
4010.877123 6.253943e-17
4012.541967 6.954103e-17
4014.205311 7.066078e-17
4015.860835 7.543883e-17
4017.522665 8.187020e-17
4019.184090 8.255635e-17
4020.849381 7.638537e-17
4022.507168 7.847395e-17
4024.172901 7.030559e-17
4025.836337 8.198408e-17
4027.504155 8.414400e-17
4029.168850 8.139854e-17
4030.837360 8.177890e-17
4032.505486 8.279662e-17
4034.170556 8.782231e-17
4035.838705 8.904803e-17
4037.512764 7.881464e-17
4039.179060 8.129889e-17
4040.855899 8.342070e-17
4042.526775 8.303390e-17
4044.200072 8.341809e-17
4045.873298 8.099915e-17
4047.549357 8.952985e-17
4049.225961 8.881670e-17
4050.901179 8.663744e-17
4052.579515 8.523262e-17
4054.262683 7.653713e-17
4055.932360 8.765766e-17
4057.615738 8.346686e-17
4059.301612 9.122827e-17
4060.976032 9.801109e-17
4062.658885 1.023960e-16
4064.343442 9.876080e-17
4066.024085 8.646573e-17
4067.707752 8.673578e-17
4069.395131 8.203382e-17
4071.080575 8.149366e-17
4072.764783 8.276610e-17
4074.453452 8.906888e-17
4076.143785 8.425654e-17
4077.832040 7.928250e-17
4079.520119 8.918139e-17
4081.213375 8.641079e-17
4082.904431 8.617824e-17
4084.602369 7.506982e-17
4086.288381 8.529345e-17
4087.979053 8.081873e-17
4089.686945 7.686672e-17
4091.372238 7.465027e-17
4093.063556 8.901457e-17
4094.765943 8.509279e-17
4096.460400 8.469821e-17
4098.158332 9.155390e-17
4099.857756 8.460521e-17
4101.553429 8.485408e-17
4103.257124 9.180246e-17
4104.957050 8.264727e-17
4106.662637 8.077924e-17
4108.364122 8.518822e-17
4110.066831 9.481839e-17
4111.770960 7.747499e-17
4113.480434 8.448714e-17
4115.182986 8.321834e-17
4116.887862 7.864771e-17
4118.594915 8.603600e-17
4120.306594 8.866226e-17
4122.013745 8.811724e-17
4123.722285 9.522837e-17
4125.422437 8.246136e-17
4127.144882 8.974238e-17
4128.858617 9.222364e-17
4130.568798 8.773577e-17
4132.283271 8.778165e-17
4133.998157 8.936675e-17
4135.711174 9.771785e-17
4137.427984 8.875388e-17
4139.143900 9.472314e-17
4140.861414 9.668384e-17
4142.588089 9.888831e-17
4144.299212 9.464926e-17
4146.016825 9.093029e-17
4147.739740 9.511409e-17
4149.460490 9.390845e-17
4151.181667 9.659882e-17
4152.904450 1.057204e-16
4154.628627 1.086575e-16
4156.352217 1.121349e-16
4158.075530 1.084492e-16
4159.804909 9.851900e-17
4161.529399 1.001042e-16
4163.253439 1.069924e-16
4164.980968 1.068699e-16
4166.711171 1.150070e-16
4168.442915 9.932740e-17
4170.169353 9.903293e-17
4171.904078 8.776838e-17
4173.630717 9.730334e-17
4175.363033 9.467968e-17
4177.100702 8.839006e-17
4178.832945 9.057913e-17
4180.567093 9.005214e-17
4182.300250 8.677989e-17
4184.036867 8.833691e-17
4185.776931 8.377258e-17
4187.512489 8.913314e-17
4189.253095 9.386958e-17
4190.988146 8.979314e-17
4192.727795 8.962610e-17
4194.469324 9.136887e-17
4196.209110 9.143374e-17
4197.954204 9.891563e-17
4199.704545 9.036804e-17
4201.441873 9.403220e-17
4203.182892 9.390108e-17
4204.937746 8.383453e-17
4206.676778 8.068927e-17
4208.421788 8.542171e-17
4210.166963 8.542300e-17
4211.914050 8.114795e-17
4213.663379 8.553720e-17
4215.411559 8.832071e-17
4217.165346 8.784945e-17
4218.915679 9.318609e-17
4220.664283 9.168034e-17
4222.418084 8.518971e-17
4224.162866 8.955735e-17
4225.912761 9.490956e-17
4227.677081 9.060870e-17
4229.433323 9.716270e-17
4231.188765 8.996210e-17
4232.948661 9.883062e-17
4234.704296 8.465602e-17
4236.460208 8.433996e-17
4238.220713 8.627651e-17
4239.980078 8.170614e-17
4241.738346 8.380491e-17
4243.502980 8.527185e-17
4245.261611 8.927002e-17
4247.024844 8.203128e-17
4248.788491 8.275767e-17
4250.551027 7.955881e-17
4252.316916 8.650143e-17
4254.081522 8.180855e-17
4255.846080 8.362848e-17
4257.612544 8.164840e-17
4259.383684 8.307435e-17
4261.146723 7.816464e-17
4262.919189 7.759306e-17
4264.689392 8.225104e-17
4266.462472 8.223621e-17
4268.231685 7.849343e-17
4269.999809 8.186933e-17
4271.776640 8.077786e-17
4273.547723 8.145682e-17
4275.321357 8.502372e-17
4277.096128 7.749106e-17
4278.879211 7.276509e-17
4280.648242 7.741972e-17
4282.422117 7.700838e-17
4284.203907 8.207732e-17
4285.979168 8.105928e-17
4287.757752 7.696294e-17
4289.535812 7.343681e-17
4291.321108 7.856691e-17
4293.097787 7.440812e-17
4294.879845 7.986635e-17
4296.665248 7.798832e-17
4298.447107 7.581120e-17
4300.227948 7.873937e-17
4302.016962 7.638408e-17
4303.801208 7.372308e-17
4305.588441 7.311378e-17
4307.372715 7.469933e-17
4309.161025 7.145226e-17
4310.951234 7.945540e-17
4312.735899 8.206872e-17
4314.525220 7.861349e-17
4316.317060 6.916371e-17
4318.109371 6.951357e-17
4319.897773 7.392035e-17
4321.691358 6.908306e-17
4323.484807 7.330647e-17
4325.279008 7.413061e-17
4327.074110 7.220427e-17
4328.867609 7.143830e-17
4330.665411 7.597230e-17
4332.461496 7.517725e-17
4334.265377 6.370102e-17
4336.052581 7.431379e-17
4337.855037 7.430635e-17
4339.656002 6.886005e-17
4341.455524 7.948907e-17
4343.257901 7.132795e-17
4345.055534 7.514713e-17
4346.857464 7.078889e-17
4348.664359 6.740861e-17
4350.463838 7.049503e-17
4352.270135 7.354882e-17
4354.073425 7.049909e-17
4355.886900 7.572044e-17
4357.681149 7.709253e-17
4359.492606 7.744810e-17
4361.299765 7.305138e-17
4363.107649 7.310414e-17
4364.918287 7.759731e-17
4366.726490 7.540833e-17
4368.536920 7.491254e-17
4370.346577 7.570694e-17
4372.159577 7.633300e-17
4373.971059 7.420525e-17
4375.784908 7.521132e-17
4377.598907 7.995402e-17
4379.413929 7.828323e-17
4381.230367 7.563949e-17
4383.043380 7.726745e-17
4384.860221 7.972233e-17
4386.679549 8.055867e-17
4388.496937 7.742855e-17
4390.324679 7.530192e-17
4392.131526 8.013695e-17
4393.956638 8.239047e-17
4395.774458 7.854158e-17
4397.593140 8.389457e-17
4399.423303 7.625545e-17
4401.239883 7.670234e-17
4403.063393 7.741483e-17
4404.890314 7.465094e-17
4406.711015 7.920750e-17
4408.538713 7.714302e-17
4410.364627 7.639269e-17
4412.190346 7.708313e-17
4414.016665 7.538626e-17
4415.846366 7.225048e-17
4417.674880 8.292694e-17
4419.506007 7.570238e-17
4421.333237 7.364272e-17
4423.166364 7.420147e-17
4424.998802 7.474292e-17
4426.829929 7.141052e-17
4428.662925 7.130633e-17
4430.493604 6.787267e-17
4432.331885 7.219013e-17
4434.163377 7.196107e-17
4436.000809 6.769982e-17
4437.835798 7.171583e-17
4439.672384 8.289815e-17
4441.510882 9.173461e-17
4443.354050 8.930749e-17
4445.195956 9.072948e-17
4447.029718 8.671733e-17
4448.867453 7.332412e-17
4450.706562 7.264775e-17
4452.552262 6.896643e-17
4454.392346 7.288539e-17
4456.234458 7.368177e-17
4458.088385 7.102915e-17
4459.921024 7.425996e-17
4461.767023 7.574772e-17
4463.614413 7.376872e-17
4465.458248 7.557753e-17
4467.307495 7.101247e-17
4469.154063 7.320302e-17
4471.003158 7.065557e-17
4472.850029 7.702604e-17
4474.698960 7.457422e-17
4476.549612 7.228167e-17
4478.401583 7.519749e-17
4480.250788 7.304091e-17
4482.105072 7.357616e-17
4483.955509 7.153736e-17
4485.811719 7.143216e-17
4487.661841 7.080229e-17
4489.516781 7.129423e-17
4491.375605 7.055352e-17
4493.222379 7.037953e-17
4495.085038 7.237276e-17
4496.945199 7.355504e-17
4498.800251 7.171995e-17
4500.659834 6.815370e-17
4502.520268 7.229292e-17
4504.378057 7.299325e-17
4506.239916 6.719557e-17
4508.100669 6.906371e-17
4509.962983 7.031651e-17
4511.825173 7.330147e-17
4513.688463 6.876233e-17
4515.556863 6.936081e-17
4517.415855 7.141073e-17
4519.282111 7.351997e-17
4521.146994 7.102988e-17
4523.013626 6.926184e-17
4524.880412 7.253154e-17
4526.748626 6.968175e-17
4528.615989 7.386877e-17
4530.486330 7.547134e-17
4532.358160 7.186254e-17
4534.231880 6.839111e-17
4536.096769 7.815125e-17
4537.968166 7.371318e-17
4539.840165 7.492114e-17
4541.713412 7.338056e-17
4543.585979 7.527677e-17
4545.460617 7.918414e-17
4547.336839 7.425728e-17
4549.208184 7.569156e-17
4551.084986 7.491306e-17
4552.963221 7.940460e-17
4554.839144 7.879026e-17
4556.720400 7.971310e-17
4558.598108 7.612630e-17
4560.475507 7.723438e-17
4562.354346 8.069864e-17
4564.237132 7.629219e-17
4566.117184 7.538151e-17
4567.998653 7.865379e-17
4569.882267 7.614921e-17
4571.763834 7.919467e-17
4573.647195 8.437194e-17
4575.540683 7.954601e-17
4577.417046 8.395003e-17
4579.302039 8.244546e-17
4581.190659 8.000996e-17
4583.075406 8.586377e-17
4584.962440 8.343344e-17
4586.850528 8.245284e-17
4588.740651 8.653015e-17
4590.628976 8.284759e-17
4592.518487 8.173120e-17
4594.410397 8.245888e-17
4596.301846 8.762860e-17
4598.194015 8.775275e-17
4600.086305 8.870768e-17
4601.977633 8.718520e-17
4603.872499 8.429747e-17
4605.765842 8.833586e-17
4607.662331 8.544254e-17
4609.553800 9.307474e-17
4611.442067 8.791327e-17
4613.350548 8.878356e-17
4615.247235 8.823564e-17
4617.144766 9.313098e-17
4619.043811 8.873723e-17
4620.944922 8.880314e-17
4622.842874 9.109211e-17
4624.743064 9.101137e-17
4626.645389 8.842388e-17
4628.546614 9.287551e-17
4630.448011 9.135870e-17
4632.352154 9.051591e-17
4634.254451 9.388880e-17
4636.164638 9.418407e-17
4638.065540 9.426112e-17
4639.969937 9.295362e-17
4641.872032 9.847184e-17
4643.781294 9.495766e-17
4645.689391 9.948928e-17
4647.599632 9.597749e-17
4649.506084 9.848043e-17
4651.421367 9.708623e-17
4653.327486 9.652965e-17
4655.216579 1.014778e-16
4657.147601 1.039881e-16
4659.056700 1.012498e-16
4660.971054 1.043320e-16
4662.884616 1.050865e-16
4664.798264 9.621892e-17
4666.710049 1.007478e-16
4668.626195 1.010909e-16
4670.539630 1.091519e-16
4672.456529 9.912618e-17
4674.374144 1.099615e-16
4676.289796 1.112003e-16
4678.206909 1.063459e-16
4680.126252 9.958750e-17
4682.044347 1.040561e-16
4683.964211 1.126075e-16
4685.883922 1.123584e-16
4687.804242 1.088599e-16
4689.728761 1.130783e-16
4691.648644 1.077709e-16
4693.570890 1.075937e-16
4695.493463 1.151226e-16
4697.418256 1.090295e-16
4699.341872 1.145667e-16
4701.265270 1.097627e-16
4703.192371 1.124057e-16
4705.119244 1.097899e-16
4707.044506 1.130728e-16
4708.972355 1.125490e-16
4710.899804 1.144904e-16
4712.829088 1.150448e-16
4714.758044 1.140776e-16
4716.688300 1.134630e-16
4718.617833 1.110685e-16
4720.552375 1.182751e-16
4722.479624 1.152039e-16
4724.411806 1.157586e-16
4726.347663 1.168131e-16
4728.278976 1.165359e-16
4730.212132 1.184371e-16
4732.154791 1.120155e-16
4734.085233 1.206430e-16
4736.015795 1.179484e-16
4737.961478 1.242411e-16
4739.890118 1.202810e-16
4741.827054 1.232108e-16
4743.765087 1.178481e-16
4745.703227 1.215862e-16
4747.643926 1.189463e-16
4749.582710 1.180621e-16
4751.523509 1.178952e-16
4753.465508 1.114511e-16
4755.405875 1.158972e-16
4757.348875 1.163449e-16
4759.290718 1.109725e-16
4761.235771 1.126316e-16
4763.177210 1.117072e-16
4765.136623 1.166459e-16
4767.068553 1.144245e-16
4769.014233 1.132753e-16
4770.959491 1.101384e-16
4772.906244 1.084395e-16
4774.852646 1.108177e-16
4776.802543 1.133000e-16
4778.748621 1.102135e-16
4780.699384 1.082235e-16
4782.648888 1.060940e-16
4784.600722 1.034504e-16
4786.551568 1.047857e-16
4788.500397 1.061921e-16
4790.452885 1.034403e-16
4792.407265 1.066817e-16
4794.359629 1.023591e-16
4796.312246 1.041512e-16
4798.268070 1.007195e-16
4800.222185 9.921635e-17
4802.175643 1.091630e-16
4804.132843 9.955826e-17
4806.090809 9.968394e-17
4808.047708 9.973960e-17
4810.007598 9.896136e-17
4811.962840 9.983891e-17
4813.923762 1.029005e-16
4815.883198 9.512113e-17
4817.842989 9.782621e-17
4819.801522 9.229365e-17
4821.764479 9.706389e-17
4823.726287 9.513556e-17
4825.689073 9.608874e-17
4827.652573 9.106930e-17
4829.615589 9.115648e-17
4831.579201 9.613282e-17
4833.543882 9.338171e-17
4835.505906 8.758272e-17
4837.474522 8.691421e-17
4839.439975 8.979785e-17
4841.408048 8.853192e-17
4843.377506 8.973600e-17
4845.344156 8.739437e-17
4847.313295 8.721864e-17
4849.280427 8.562256e-17
4851.251672 8.441952e-17
4853.221922 8.170494e-17
4855.195896 8.403573e-17
4857.163522 8.325953e-17
4859.137226 8.401382e-17
4861.107851 8.431862e-17
4863.089273 7.660261e-17
4865.055857 7.905346e-17
4867.030048 8.138220e-17
4869.004199 8.193133e-17
4870.980730 8.011975e-17
4872.954408 8.544317e-17
4874.936944 8.618674e-17
4876.909658 8.587631e-17
4878.886437 8.513501e-17
4880.866992 8.610259e-17
4882.844463 8.278729e-17
4884.823226 8.706086e-17
4886.802800 8.969287e-17
4888.782989 8.437710e-17
4890.763475 8.591867e-17
4892.745488 8.456482e-17
4894.727901 8.197659e-17
4896.712221 8.788448e-17
4898.693063 8.605773e-17
4900.682204 8.969396e-17
4902.662480 8.787327e-17
4904.646584 8.777050e-17
4906.631329 8.751811e-17
4908.616988 7.996200e-17
4910.607135 8.411961e-17
4912.591931 8.504672e-17
4914.579276 8.672169e-17
4916.567408 8.360886e-17
4918.555856 8.420585e-17
4920.549332 8.832049e-17
4922.539306 8.238053e-17
4924.525260 8.758816e-17
4926.515823 8.858685e-17
4928.502667 8.736677e-17
4930.499486 9.013345e-17
4932.491697 9.032250e-17
4934.485443 8.525553e-17
4936.478338 8.832106e-17
4938.474288 8.410587e-17
4940.466662 8.429461e-17
4942.462846 8.342420e-17
4944.458734 8.542615e-17
4946.455341 8.166033e-17
4948.453332 8.272176e-17
4950.449258 8.320671e-17
4952.447578 8.642844e-17
4954.446508 8.668792e-17
4956.445140 8.535538e-17
4958.443406 8.436795e-17
4960.444507 8.786841e-17
4962.446980 8.579739e-17
4964.447344 8.443503e-17
4966.447831 8.706726e-17
4968.450156 8.896155e-17
4970.448562 9.581765e-17
4972.456491 1.202077e-16
4974.479522 1.299262e-16
4976.469630 1.383406e-16
4978.487756 1.443141e-16
4980.494541 1.109343e-16
4982.481339 9.981224e-17
4984.488583 9.502048e-17
4986.495339 9.270134e-17
4988.503783 9.321152e-17
4990.511411 9.226352e-17
4992.518914 9.629985e-17
4994.530111 9.487247e-17
4996.539832 9.952302e-17
4998.552963 9.779886e-17
5000.560282 9.984402e-17
5002.571528 9.926071e-17
5004.583705 1.002062e-16
5006.596025 9.913098e-17
5008.608617 9.949625e-17
5010.621959 1.028767e-16
5012.639736 1.028895e-16
5014.650327 1.049732e-16
5016.667051 1.044628e-16
5018.682241 9.829981e-17
5020.697880 1.015824e-16
5022.714751 1.029281e-16
5024.731864 1.012292e-16
5026.749685 1.019237e-16
5028.768172 1.021322e-16
5030.786934 1.056304e-16
5032.805770 1.041446e-16
5034.825219 1.035362e-16
5036.849114 1.067322e-16
5038.866456 1.054053e-16
5040.888981 1.083990e-16
5042.909903 1.037878e-16
5044.936124 1.044592e-16
5046.956128 1.018030e-16
5048.979493 9.893383e-17
5051.003129 9.655345e-17
5053.028803 9.480955e-17
5055.052528 9.802882e-17
5057.079745 9.387858e-17
5059.104429 9.479795e-17
5061.134112 9.594620e-17
5063.157958 9.814230e-17
5065.186715 9.660835e-17
5067.214156 9.652291e-17
5069.242466 9.851907e-17
5071.273482 1.087004e-16
5073.316797 1.385409e-16
5075.334217 1.522487e-16
5077.352189 2.101814e-16
5079.415240 1.519772e-16
5081.435497 1.113714e-16
5083.457356 1.012885e-16
5085.490330 1.013939e-16
5087.524974 1.019170e-16
5089.557271 1.036813e-16
5091.592269 1.039572e-16
5093.627611 1.040811e-16
5095.665042 1.069720e-16
5097.698428 1.061446e-16
5099.735184 1.095340e-16
5101.771416 1.126491e-16
5103.809852 1.146622e-16
5105.846692 1.182119e-16
5107.886954 1.150198e-16
5109.924860 1.115398e-16
5111.963339 1.155795e-16
5114.004609 1.209164e-16
5116.042595 1.181533e-16
5118.084688 1.247319e-16
5120.128007 1.583776e-16
5122.150585 2.882537e-16
5124.161720 9.683487e-16
5126.337922 3.987746e-16
5128.290481 3.723173e-16
5130.367318 1.593685e-16
5132.386313 1.296383e-16
5134.432007 1.285223e-16
5136.468847 1.324899e-16
5138.520966 1.263536e-16
5140.569157 1.248934e-16
5142.616853 1.335246e-16
5144.670759 1.265372e-16
5146.711058 1.342607e-16
5148.764114 1.326800e-16
5150.808874 1.301716e-16
5152.859148 1.344422e-16
5154.909505 1.311438e-16
5156.959311 1.332325e-16
5159.010061 1.299280e-16
5161.062341 1.302058e-16
5163.114410 1.311407e-16
5165.166585 1.293836e-16
5167.219933 1.335850e-16
5169.273697 1.293770e-16
5171.334749 1.273478e-16
5173.383628 1.258337e-16
5175.438414 1.279251e-16
5177.490427 1.236074e-16
5179.553928 1.189402e-16
5181.605354 1.175569e-16
5183.662012 1.142712e-16
5185.718651 1.113483e-16
5187.777801 1.100767e-16
5189.836380 1.082363e-16
5191.895111 1.087232e-16
5193.953968 1.042658e-16
5196.014572 1.030955e-16
5198.075035 1.007686e-16
5200.136041 1.017457e-16
5202.196589 9.793068e-17
5204.259427 9.698957e-17
5206.321170 9.984815e-17
5208.383593 9.580158e-17
5210.447720 9.937848e-17
5212.511349 9.952742e-17
5214.575489 9.827048e-17
5216.640820 9.511887e-17
5218.705920 9.416002e-17
5220.771018 9.498264e-17
5222.838101 1.000935e-16
5224.904672 9.522352e-17
5226.971735 9.748254e-17
5229.040011 9.571602e-17
5231.108086 9.860037e-17
5233.177415 9.732048e-17
5235.244976 9.831789e-17
5237.315764 9.583684e-17
5239.385859 9.683772e-17
5241.456632 1.001528e-16
5243.526721 9.705785e-17
5245.592520 1.448412e-16
5247.642528 9.991463e-17
5249.731268 1.019695e-16
5251.811137 1.030246e-16
5253.890657 1.055250e-16
5255.964240 1.038089e-16
5258.038951 1.030991e-16
5260.116265 1.044207e-16
5262.189492 1.068250e-16
5264.265121 1.114102e-16
5266.341489 1.083135e-16
5268.418247 1.109845e-16
5270.496338 1.108919e-16
5272.576672 1.104526e-16
5274.651596 1.089616e-16
5276.741249 1.080527e-16
5278.809302 1.136484e-16
5280.890583 1.115928e-16
5282.971594 1.134322e-16
5285.050914 1.135022e-16
5287.127800 1.127060e-16
5289.214892 1.172853e-16
5291.295826 1.109801e-16
5293.378529 1.171942e-16
5295.461423 1.169376e-16
5297.543616 1.160280e-16
5299.628634 1.175268e-16
5301.713539 1.201119e-16
5303.798654 1.208540e-16
5305.883639 1.199370e-16
5307.969704 1.221762e-16
5310.055766 1.284327e-16
5312.147374 1.274897e-16
5314.229921 1.246246e-16
5316.320072 1.242730e-16
5318.406713 1.267850e-16
5320.491935 1.270843e-16
5322.584110 1.269131e-16
5324.673843 1.248450e-16
5326.763365 1.250111e-16
5328.854547 1.225508e-16
5330.943896 1.247978e-16
5333.036457 1.221302e-16
5335.128831 1.221726e-16
5337.220889 1.266792e-16
5339.314249 1.249985e-16
5341.407247 1.249897e-16
5343.500749 1.236921e-16
5345.595057 1.281036e-16
5347.693284 1.252895e-16
5349.787948 1.289851e-16
5351.881946 1.260120e-16
5353.977088 1.296409e-16
5356.072960 1.293742e-16
5358.170675 1.241653e-16
5360.270127 1.303700e-16
5362.366137 1.309208e-16
5364.464163 1.276898e-16
5366.564180 1.292424e-16
5368.662180 1.290119e-16
5370.762254 1.279961e-16
5372.863169 1.291854e-16
5374.963544 1.292824e-16
5377.064655 1.290332e-16
5379.166472 1.329940e-16
5381.268573 1.315632e-16
5383.370238 1.330299e-16
5385.475233 1.342159e-16
5387.578779 1.357203e-16
5389.683053 1.307032e-16
5391.785467 1.372772e-16
5393.896071 1.361441e-16
5395.995391 1.371335e-16
5398.101929 1.362045e-16
5400.207503 1.393522e-16
5402.314641 1.409728e-16
5404.421630 1.372827e-16
5406.528622 1.371469e-16
5408.636251 1.394565e-16
5410.745590 1.416799e-16
5412.853899 1.388567e-16
5414.962876 1.404793e-16
5417.072538 1.421608e-16
5419.183475 1.412920e-16
5421.300321 1.402016e-16
5423.398678 1.406150e-16
5425.517845 1.413861e-16
5427.630234 1.423681e-16
5429.744655 1.460542e-16
5431.859936 1.422246e-16
5433.967876 1.429922e-16
5436.080883 1.444034e-16
5438.196937 1.448939e-16
5440.311835 1.478834e-16
5442.425457 1.462806e-16
5444.540910 1.436640e-16
5446.657113 1.477390e-16
5448.773939 1.475777e-16
5450.889384 1.437234e-16
5453.007308 1.476749e-16
5455.125518 1.438025e-16
5457.247350 1.503629e-16
5459.361811 1.483364e-16
5461.482103 1.477176e-16
5463.601602 1.446123e-16
5465.721160 1.462595e-16
5467.836841 1.446824e-16
5469.962314 1.437076e-16
5472.084755 1.453998e-16
5474.207165 1.472864e-16
5476.327694 1.435452e-16
5478.451676 1.437772e-16
5480.574389 1.452381e-16
5482.697929 1.430869e-16
5484.821996 1.448408e-16
5486.945790 1.419038e-16
5489.070776 1.427964e-16
5491.197481 1.418760e-16
5493.321832 1.428431e-16
5495.447722 1.407971e-16
5497.573850 1.388996e-16
5499.709499 1.437417e-16
5501.833753 1.379172e-16
5503.958230 1.450841e-16
5506.085131 1.387526e-16
5508.214224 1.407553e-16
5510.344441 1.417143e-16
5512.472457 1.394755e-16
5514.602837 1.403364e-16
5516.734551 1.445572e-16
5518.865780 1.425795e-16
5520.995107 1.410179e-16
5523.127215 1.420829e-16
5525.258993 1.445795e-16
5527.392750 1.442145e-16
5529.525580 1.417010e-16
5531.659039 1.422469e-16
5533.792398 1.430478e-16
5535.928734 1.412664e-16
5538.061779 1.409143e-16
5540.195483 1.397362e-16
5542.333004 1.393966e-16
5544.468553 1.395792e-16
5546.605061 1.390940e-16
5548.742944 1.400033e-16
5550.879764 1.372476e-16
5553.017520 1.397585e-16
5555.155384 1.410190e-16
5557.295199 1.380153e-16
5559.433386 1.391594e-16
5561.572562 1.357125e-16
5563.712284 1.383021e-16
5565.855049 1.362827e-16
5567.992141 1.366441e-16
5570.135136 1.343542e-16
5572.276451 1.323756e-16
5574.418279 1.284798e-16
5576.566460 1.410774e-16
5578.704136 1.369200e-16
5580.847730 1.354025e-16
5582.991291 1.311594e-16
5585.135325 1.388084e-16
5587.279433 1.370285e-16
5589.425312 1.348993e-16
5591.569599 1.351301e-16
5593.716615 1.359737e-16
5595.866503 1.344866e-16
5598.009223 1.385160e-16
5600.154815 1.381921e-16
5602.303123 1.357493e-16
5604.451835 1.351983e-16
5606.599221 1.346490e-16
5608.747914 1.376479e-16
5610.897602 1.360668e-16
5613.046739 1.358419e-16
5615.197387 1.397003e-16
5617.347427 1.361458e-16
5619.497965 1.357628e-16
5621.649707 1.337601e-16
5623.804426 1.388168e-16
5625.953045 1.388137e-16
5628.105999 1.398922e-16
5630.258051 1.418755e-16
5632.411937 1.434804e-16
5634.565618 1.426492e-16
5636.719244 1.426774e-16
5638.875878 1.445371e-16
5641.028773 1.430235e-16
5643.184114 1.429281e-16
5645.340364 1.423462e-16
5647.499101 1.424565e-16
5649.652809 1.383323e-16
5651.809450 1.413963e-16
5653.970060 1.411435e-16
5656.126712 1.422567e-16
5658.289006 1.417130e-16
5660.440586 1.372363e-16
5662.603362 1.355205e-16
5664.757456 1.345525e-16
5666.921629 1.364107e-16
5669.080122 1.344920e-16
5671.241329 1.379911e-16
5673.402017 1.270612e-16
5675.562275 1.311955e-16
5677.720372 1.275379e-16
5679.887603 1.257820e-16
5682.050181 1.251144e-16
5684.213866 1.285423e-16
5686.378894 1.261965e-16
5688.539875 1.221672e-16
5690.705258 1.219105e-16
5692.870165 1.211821e-16
5695.035945 1.197229e-16
5697.200758 1.190761e-16
5699.365809 1.182320e-16
5701.532947 1.164265e-16
5703.699622 1.147840e-16
5705.866509 1.129440e-16
5708.034039 1.131595e-16
5710.202120 1.122636e-16
5712.370164 1.117306e-16
5714.539097 1.101005e-16
5716.708320 1.063930e-16
5718.877913 1.075799e-16
5721.047770 1.062728e-16
5723.218405 1.065127e-16
5725.387862 1.056972e-16
5727.559883 1.025429e-16
5729.731310 1.018008e-16
5731.902899 1.021629e-16
5734.075812 1.012404e-16
5736.248696 1.019308e-16
5738.420727 9.983773e-17
5740.596475 1.033085e-16
5742.768603 1.008634e-16
5744.942947 9.897515e-17
5747.117111 1.019194e-16
5749.292480 9.932077e-17
5751.468250 1.021013e-16
5753.644137 1.009586e-16
5755.821899 1.018348e-16
5757.996703 9.959537e-17
5760.173657 1.030148e-16
5762.351659 1.041155e-16
5764.531300 1.041327e-16
5766.707258 1.035437e-16
5768.885592 1.042167e-16
5771.064528 1.048759e-16
5773.244270 1.055391e-16
5775.425104 1.034896e-16
5777.603881 1.053436e-16
5779.784584 1.009198e-16
5781.965440 1.016741e-16
5784.147564 1.051372e-16
5786.328367 1.020227e-16
5788.511207 1.038205e-16
5790.695380 1.042076e-16
5792.876230 1.044959e-16
5795.059081 1.025537e-16
5797.243408 1.020585e-16
5799.426908 9.795587e-17
5801.611132 1.010381e-16
5803.796431 1.020379e-16
5805.983084 9.850417e-17
5808.166878 9.782856e-17
5810.352875 9.701767e-17
5812.539356 9.594830e-17
5814.726179 9.535413e-17
5816.919914 9.190426e-17
5819.100501 9.682345e-17
5821.288971 9.608473e-17
5823.476815 9.233762e-17
5825.665060 8.946505e-17
5827.856066 8.999410e-17
5830.043761 8.929600e-17
5832.233593 8.743208e-17
5834.423685 8.666888e-17
5836.614102 8.796463e-17
5838.806865 8.658543e-17
5840.996332 8.821242e-17
5843.187678 8.450628e-17
5845.380418 8.244612e-17
5847.572747 8.342533e-17
5849.765128 8.508826e-17
5851.959059 8.227065e-17
5854.152277 8.130032e-17
5856.346388 7.991891e-17
5858.542068 8.081613e-17
5860.735532 7.878543e-17
5862.930052 7.807500e-17
5865.125895 7.808359e-17
5867.322031 7.722133e-17
5869.517970 7.823380e-17
5871.714136 7.526732e-17
5873.913943 7.748522e-17
5876.109381 7.458331e-17
5878.306243 7.259036e-17
5880.504077 7.381133e-17
5882.703115 7.462962e-17
5884.901532 6.936491e-17
5887.101028 6.995427e-17
5889.300703 6.386167e-17
5891.500783 6.612402e-17
5893.700794 6.781694e-17
5895.901732 6.456655e-17
5898.102778 6.741679e-17
5900.304401 6.886177e-17
5902.506178 7.147126e-17
5904.704892 7.164083e-17
5906.910692 7.102483e-17
5909.113284 7.336882e-17
5911.317188 7.595439e-17
5913.520401 7.446182e-17
5915.724257 7.601436e-17
5917.929107 7.484932e-17
5920.133432 7.651430e-17
5922.338491 7.586929e-17
5924.545020 7.721869e-17
5926.750205 7.654165e-17
5928.956263 7.884496e-17
5931.163361 7.967751e-17
5933.369421 8.207578e-17
5935.577366 8.101625e-17
5937.785949 8.681741e-17
5939.995669 8.221121e-17
5942.201085 8.284282e-17
5944.410248 8.369371e-17
5946.619628 8.632200e-17
5948.829074 8.629307e-17
5951.038764 8.609289e-17
5953.249748 8.642189e-17
5955.459479 9.012441e-17
5957.670645 8.921199e-17
5959.881807 8.737988e-17
5962.093712 9.066923e-17
5964.305860 8.939186e-17
5966.517967 9.151940e-17
5968.730748 9.154457e-17
5970.944196 9.217941e-17
5973.157541 9.452770e-17
5975.371419 9.346650e-17
5977.585949 9.207433e-17
5979.800358 9.504657e-17
5982.014865 9.438265e-17
5984.230793 9.444142e-17
5986.445868 9.695507e-17
5988.661625 9.812811e-17
5990.879114 9.996833e-17
5993.094894 1.008149e-16
5995.312086 1.024811e-16
5997.529806 1.009159e-16
5999.747613 1.033714e-16
6001.965609 1.067681e-16
6004.184176 1.048986e-16
6006.403626 1.033541e-16
6008.621152 1.027849e-16
6010.842055 1.091777e-16
6013.060850 1.137893e-16
6015.285042 1.153488e-16
6017.504588 1.145886e-16
6019.725987 1.054547e-16
6021.946908 1.036451e-16
6024.166870 1.044201e-16
6026.391630 1.061703e-16
6028.611283 1.035832e-16
6030.833894 1.026660e-16
6033.060367 9.938068e-17
6035.281017 1.030976e-16
6037.505159 1.042878e-16
6039.729444 1.050916e-16
6041.950028 1.043078e-16
6044.178384 1.027830e-16
6046.403345 1.073241e-16
6048.629110 1.050457e-16
6050.857961 1.053530e-16
6053.081393 1.057703e-16
6055.307653 1.032118e-16
6057.534859 1.049016e-16
6059.762556 1.053232e-16
6061.989236 1.064800e-16
6064.217343 1.070661e-16
6066.446594 1.095163e-16
6068.674859 1.087748e-16
6070.903954 1.099451e-16
6073.133362 1.095447e-16
6075.364735 1.126200e-16
6077.594471 1.116860e-16
6079.824151 1.133442e-16
6082.054097 1.175853e-16
6084.284876 1.198781e-16
6086.517256 1.188484e-16
6088.749659 1.199634e-16
6090.980520 1.224530e-16
6093.217169 1.209670e-16
6095.446499 1.202133e-16
6097.679731 1.224832e-16
6099.913913 1.205192e-16
6102.146795 1.223772e-16
6104.381392 1.205878e-16
6106.615287 1.219460e-16
6108.852280 1.207933e-16
6111.086538 1.214687e-16
6113.321939 1.187510e-16
6115.558067 1.217964e-16
6117.793331 1.208179e-16
6120.032060 1.206017e-16
6122.267799 1.186072e-16
6124.505108 1.151324e-16
6126.742805 1.149696e-16
6128.979013 1.139153e-16
6131.219149 1.131228e-16
6133.458150 1.104577e-16
6135.697202 1.096687e-16
6137.935879 1.056377e-16
6140.175524 1.058445e-16
6142.416144 1.056145e-16
6144.655775 1.048732e-16
6146.895551 1.055325e-16
6149.138092 1.032205e-16
6151.378615 1.016436e-16
6153.621325 1.014974e-16
6155.862675 1.004029e-16
6158.107051 9.900736e-17
6160.348199 1.002216e-16
6162.591299 9.865875e-17
6164.835840 9.447475e-17
6167.078332 9.775226e-17
6169.322798 9.749323e-17
6171.567028 9.912516e-17
6173.812095 9.836563e-17
6176.056496 9.802925e-17
6178.301883 9.806098e-17
6180.547632 9.988030e-17
6182.793801 9.973112e-17
6185.040230 9.989806e-17
6187.286135 1.004668e-16
6189.533750 1.008744e-16
6191.782337 9.755815e-17
6194.028426 1.014399e-16
6196.277284 9.689122e-17
6198.524907 9.574103e-17
6200.774496 9.681985e-17
6203.022944 9.535094e-17
6205.272461 9.514377e-17
6207.522163 9.583564e-17
6209.772371 9.624624e-17
6212.026310 9.424769e-17
6214.272700 9.474516e-17
6216.524128 9.802532e-17
6218.775389 9.546913e-17
6221.027122 9.685899e-17
6223.279059 9.734709e-17
6225.531538 9.775734e-17
6227.783933 9.822756e-17
6230.036555 9.814053e-17
6232.290529 1.002590e-16
6234.543905 9.980432e-17
6236.798058 1.023886e-16
6239.052229 1.014091e-16
6241.306947 1.033131e-16
6243.562204 1.006194e-16
6245.817008 1.022232e-16
6248.072410 1.044910e-16
6250.328399 1.064156e-16
6252.584573 1.048532e-16
6254.841214 1.060974e-16
6257.097997 1.054905e-16
6259.358372 1.063262e-16
6261.612901 1.057547e-16
6263.870449 1.072769e-16
6266.128889 1.074211e-16
6268.386630 1.098529e-16
6270.645999 1.072688e-16
6272.905262 1.046601e-16
6275.164136 1.051798e-16
6277.424473 9.926954e-17
6279.684573 1.007382e-16
6281.944868 1.012646e-16
6284.205676 1.025907e-16
6286.466459 1.011763e-16
6288.727888 1.046039e-16
6290.989298 1.092235e-16
6293.251272 1.114490e-16
6295.513883 1.125752e-16
6297.776781 1.064732e-16
6300.039730 1.126305e-16
6302.302826 9.843527e-17
6304.566705 1.011003e-16
6306.829936 1.034818e-16
6309.094479 1.065465e-16
6311.359120 1.070677e-16
6313.623797 1.047118e-16
6315.888842 1.059888e-16
6318.154231 1.033622e-16
6320.419452 1.041783e-16
6322.686283 1.035941e-16
6324.952381 1.039554e-16
6327.219835 1.038869e-16
6329.486535 1.020915e-16
6331.754059 1.045972e-16
6334.021625 1.036780e-16
6336.289333 1.003252e-16
6338.557884 1.035885e-16
6340.826701 1.030893e-16
6343.095513 1.014618e-16
6345.364604 1.021930e-16
6347.634092 1.031080e-16
6349.905674 1.031542e-16
6352.174089 1.046181e-16
6354.444714 1.056346e-16
6356.715849 1.027895e-16
6358.986979 1.055739e-16
6361.258411 1.095960e-16
6363.530109 1.099600e-16
6365.802137 1.082569e-16
6368.074638 1.099597e-16
6370.347128 1.078092e-16
6372.619855 1.125809e-16
6374.893729 1.137380e-16
6377.163082 1.106417e-16
6379.441219 1.138110e-16
6381.715262 1.145479e-16
6383.989322 1.170528e-16
6386.263946 1.152898e-16
6388.540101 1.148390e-16
6390.813221 1.092867e-16
6393.093344 1.132320e-16
6395.366505 1.128825e-16
6397.643102 1.082648e-16
6399.919869 1.070606e-16
6402.196427 1.078945e-16
6404.475574 1.059795e-16
6406.751452 1.077180e-16
6409.029442 1.079456e-16
6411.307700 1.070758e-16
6413.586578 1.032932e-16
6415.865135 1.073652e-16
6418.141986 1.028556e-16
6420.423559 1.065789e-16
6422.703053 1.045390e-16
6424.983187 1.052001e-16
6427.263582 1.061808e-16
6429.544029 1.056205e-16
6431.824451 1.077950e-16
6434.106470 1.068505e-16
6436.387927 1.078392e-16
6438.668914 1.107023e-16
6440.950236 1.108190e-16
6443.233973 1.129071e-16
6445.516785 1.185525e-16
6447.799708 1.225496e-16
6450.085753 1.233857e-16
6452.365211 1.287305e-16
6454.650123 1.230476e-16
6456.935126 1.274224e-16
6459.219631 1.276283e-16
6461.504414 1.303945e-16
6463.789563 1.292401e-16
6466.075005 1.339889e-16
6468.360658 1.339192e-16
6470.646926 1.371165e-16
6472.933073 1.381516e-16
6475.219730 1.400510e-16
6477.505666 1.405086e-16
6479.794872 1.479887e-16
6482.080203 1.465651e-16
6484.369068 1.518591e-16
6486.656708 1.589719e-16
6488.945620 1.619196e-16
6491.234491 1.660012e-16
6493.523124 1.653707e-16
6495.814529 1.614669e-16
6498.101593 1.670249e-16
6500.392029 1.691082e-16
6502.680812 1.702432e-16
6504.972714 1.700549e-16
6507.262990 1.685940e-16
6509.554790 1.695578e-16
6511.845469 1.724596e-16
6514.136162 1.707260e-16
6516.429358 1.670508e-16
6518.721516 1.647374e-16
6521.014236 1.660479e-16
6523.307265 1.604468e-16
6525.600280 1.599750e-16
6527.892718 1.574483e-16
6530.187182 1.539897e-16
6532.481325 1.515973e-16
6534.775495 1.488993e-16
6537.070035 1.460846e-16
6539.362827 1.468008e-16
6541.660270 1.454715e-16
6543.953550 1.471778e-16
6546.251235 1.444386e-16
6548.547736 1.438755e-16
6550.842468 1.453507e-16
6553.139985 1.413228e-16
6555.436987 1.432256e-16
6557.734061 1.426138e-16
6560.031540 1.418507e-16
6562.329520 1.409614e-16
6564.627263 1.413049e-16
6566.925846 1.429433e-16
6569.224230 1.422058e-16
6571.522991 1.408614e-16
6573.822429 1.426500e-16
6576.122926 1.408283e-16
6578.421555 1.440220e-16
6580.721268 1.397133e-16
6583.021947 1.401170e-16
6585.322533 1.401901e-16
6587.622948 1.417357e-16
6589.924743 1.429936e-16
6592.225502 1.417170e-16
6594.524903 1.441496e-16
6596.829796 1.446872e-16
6599.132359 1.453814e-16
6601.434653 1.455158e-16
6603.737113 1.427772e-16
6606.040828 1.447752e-16
6608.341239 1.412996e-16
6610.647858 1.433780e-16
6612.950608 1.411895e-16
6615.257247 1.387041e-16
6617.560496 1.408586e-16
6619.865602 1.423884e-16
6622.171147 1.394561e-16
6624.476379 1.383842e-16
6626.781311 1.375219e-16
6629.089073 1.356915e-16
6631.393829 1.364104e-16
6633.700935 1.349035e-16
6636.007643 1.347571e-16
6638.314776 1.353320e-16
6640.622074 1.372214e-16
6642.929655 1.347159e-16
6645.237793 1.360048e-16
6647.545833 1.329673e-16
6649.853374 1.341149e-16
6652.162431 1.355550e-16
6654.472421 1.329082e-16
6656.781700 1.307322e-16
6659.091372 1.317036e-16
6661.401418 1.301415e-16
6663.711380 1.309760e-16
6666.021670 1.328084e-16
6668.332721 1.305710e-16
6670.643391 1.293387e-16
6672.955765 1.251497e-16
6675.266491 1.264309e-16
6677.578367 1.274224e-16
6679.890419 1.258888e-16
6682.203085 1.223673e-16
6684.515383 1.225310e-16
6686.828611 1.225920e-16
6689.141974 1.197756e-16
6691.455225 1.182958e-16
6693.768944 1.172718e-16
6696.083105 1.178220e-16
6698.396380 1.169484e-16
6700.710996 1.212613e-16
6703.026895 1.252530e-16
6705.342072 1.238181e-16
6707.657686 1.206640e-16
6709.973268 1.213469e-16
6712.291157 1.385009e-16
6714.514879 3.082902e-14
6716.931626 2.901797e-16
6719.281484 1.805676e-15
6721.581737 5.590336e-16
6723.869092 2.447734e-16
6726.190234 1.263749e-16
6728.508639 1.144690e-16
6730.826482 1.131234e-16
6733.142038 1.134702e-16
6735.464655 1.183956e-16
6737.784779 1.216909e-16
6740.101686 1.278791e-16
6742.422621 1.275768e-16
6744.741071 1.160923e-16
6747.060789 1.085351e-16
6749.378650 1.087452e-16
6751.701594 1.057992e-16
6754.023265 1.060311e-16
6756.343814 1.037782e-16
6758.665169 1.052887e-16
6760.986820 1.043069e-16
6763.307888 1.033716e-16
6765.631247 1.049605e-16
6767.953221 1.033098e-16
6770.276004 1.024164e-16
6772.598524 1.040831e-16
6774.922408 1.028435e-16
6777.245092 1.018106e-16
6779.569441 1.027290e-16
6781.892959 1.031552e-16
6784.216598 1.005432e-16
6786.541895 1.027820e-16
6788.867429 1.018435e-16
6791.190781 1.008168e-16
6793.517798 1.003981e-16
6795.843343 1.030552e-16
6798.169238 1.021739e-16
6800.495340 1.042470e-16
6802.821892 1.024063e-16
6805.147856 1.017751e-16
6807.475679 1.020710e-16
6809.802665 1.044827e-16
6812.129461 1.030531e-16
6814.458183 1.061035e-16
6816.786120 1.035655e-16
6819.113699 1.037092e-16
6821.442234 1.029028e-16
6823.771576 1.045248e-16
6826.100214 1.041227e-16
6828.429836 1.046189e-16
6830.759150 1.024634e-16
6833.089231 1.049211e-16
6835.418159 1.073282e-16
6837.749457 1.068651e-16
6840.078762 1.033704e-16
6842.411425 1.008685e-16
6844.742330 1.021237e-16
6847.073735 9.766927e-17
6849.405675 9.862194e-17
6851.737380 9.637549e-17
6854.067975 9.577382e-17
6856.402195 9.646907e-17
6858.734828 9.482267e-17
6861.066340 9.772682e-17
6863.399798 9.415115e-17
6865.733311 8.368427e-17
6868.067079 7.270936e-17
6870.402534 7.007475e-17
6872.738903 8.153458e-17
6875.073090 9.469941e-17
6877.404218 1.002874e-16
6879.740264 1.018756e-16
6882.074757 9.484789e-17
6884.411406 9.042717e-17
6886.747367 9.652417e-17
6889.081938 9.612246e-17
6891.422403 1.008377e-16
6893.757860 9.229755e-17
6896.095498 8.759473e-17
6898.431923 8.192772e-17
6900.767761 8.129968e-17
6903.104374 8.092674e-17
6905.442838 8.374245e-17
6907.781041 8.334274e-17
6910.119549 8.382307e-17
6912.456824 8.081581e-17
6914.796878 8.378962e-17
6917.136474 8.413999e-17
6919.475283 8.303161e-17
6921.815147 8.347212e-17
6924.154686 8.159864e-17
6926.496441 8.466305e-17
6928.835001 8.389731e-17
6931.175676 8.227974e-17
6933.515979 8.196820e-17
6935.857916 8.176422e-17
6938.199346 8.035614e-17
6940.540891 8.142971e-17
6942.883034 8.118691e-17
6945.225048 8.253889e-17
6947.567374 8.043840e-17
6949.910226 7.977247e-17
6952.253005 8.434919e-17
6954.596089 8.068347e-17
6956.939875 8.340763e-17
6959.283204 8.514893e-17
6961.626009 8.513706e-17
6963.970602 8.324731e-17
6966.315673 8.549325e-17
6968.659241 8.684413e-17
6971.005276 8.786968e-17
6973.350408 8.701259e-17
6975.695746 8.839277e-17
6978.041134 8.836130e-17
6980.387467 8.761348e-17
6982.733282 8.879391e-17
6985.079531 8.944949e-17
6987.426559 8.766557e-17
6989.774638 8.580815e-17
6992.120197 8.520665e-17
6994.467691 8.530598e-17
6996.815402 8.613473e-17
6999.163387 8.607073e-17
7001.511547 8.644595e-17
7003.859853 8.385387e-17
7006.208376 8.399550e-17
7008.557289 8.280669e-17
7010.906311 8.304420e-17
7013.255812 8.192164e-17
7015.605358 8.095605e-17
7017.954722 8.383070e-17
7020.304684 8.091714e-17
7022.655460 8.042150e-17
7025.006056 7.790787e-17
7027.356172 7.762328e-17
7029.708276 7.828723e-17
7032.059464 7.804975e-17
7034.410347 7.909304e-17
7036.762796 7.721687e-17
7039.114726 7.645954e-17
7041.467104 7.872891e-17
7043.819873 7.611131e-17
7046.172288 7.689008e-17
7048.525522 7.723996e-17
7050.877988 7.551615e-17
7053.232171 7.521821e-17
7055.585989 7.743922e-17
7057.940036 7.472268e-17
7060.293516 7.378088e-17
7062.648639 7.227433e-17
7065.003307 7.299173e-17
7067.358244 7.439905e-17
7069.712916 7.257205e-17
7072.069091 7.388409e-17
7074.424679 7.619708e-17
7076.780569 7.614088e-17
7079.136704 7.405391e-17
7081.493198 7.426424e-17
7083.849593 7.726751e-17
7086.206699 7.537891e-17
7088.563859 7.586388e-17
7090.921130 7.424018e-17
7093.278175 7.601548e-17
7095.636545 7.618441e-17
7097.994640 7.748216e-17
7100.353042 7.661076e-17
7102.711633 7.914049e-17
7105.069837 7.888964e-17
7107.429253 8.016833e-17
7109.788727 8.108190e-17
7112.147138 7.840432e-17
7114.508122 8.381825e-17
7116.867894 8.694030e-17
7119.228077 8.601962e-17
7121.587717 8.770359e-17
7123.949356 8.735389e-17
7126.310088 9.004437e-17
7128.671327 9.092651e-17
7131.032882 9.208828e-17
7133.394293 9.411241e-17
7135.755973 9.484140e-17
7138.118462 9.511718e-17
7140.479273 9.827647e-17
7142.842480 9.759120e-17
7145.206199 9.982896e-17
7147.569201 9.954007e-17
7149.932054 1.017874e-16
7152.295343 1.013613e-16
7154.659715 1.035236e-16
7157.023868 1.026384e-16
7159.388105 1.037298e-16
7161.752403 1.023935e-16
7164.117033 1.014894e-16
7166.482292 1.011368e-16
7168.847314 1.018398e-16
7171.212350 9.921889e-17
7173.578550 9.757386e-17
7175.944286 9.766876e-17
7178.309952 9.792068e-17
7180.675886 9.728195e-17
7183.043302 9.515757e-17
7185.408822 8.991175e-17
7187.776482 9.183667e-17
7190.144380 9.503334e-17
7192.511124 9.131164e-17
7194.879543 9.439314e-17
7197.246823 9.344646e-17
7199.615418 9.455570e-17
7201.984224 9.424008e-17
7204.352876 9.476825e-17
7206.721506 9.553184e-17
7209.090784 9.995178e-17
7211.460298 1.038513e-16
7213.829451 1.043673e-16
7216.199578 1.042514e-16
7218.569660 1.034092e-16
7220.939616 1.022562e-16
7223.310372 9.951463e-17
7225.680405 9.619206e-17
7228.051830 9.823102e-17
7230.423350 9.702583e-17
7232.794746 9.509268e-17
7235.166387 9.140546e-17
7237.538045 9.390893e-17
7239.910423 9.048986e-17
7242.282687 8.950451e-17
7244.655264 8.892794e-17
7247.028055 8.877676e-17
7249.401075 8.937005e-17
7251.774295 8.833354e-17
7254.147825 8.862072e-17
7256.521516 9.319740e-17
7258.894650 9.410155e-17
7261.269672 9.321161e-17
7263.643927 9.044649e-17
7266.018596 8.981839e-17
7268.393412 9.297327e-17
7270.768299 9.378423e-17
7273.143783 8.968282e-17
7275.519243 9.090325e-17
7277.895005 8.847217e-17
7280.270990 9.474336e-17
7282.647169 9.536777e-17
7285.023454 9.829007e-17
7287.400236 9.803670e-17
7289.777102 9.555082e-17
7292.154063 9.577025e-17
7294.531527 9.809017e-17
7296.908913 1.020682e-16
7299.286820 1.019978e-16
7301.664777 1.011877e-16
7304.043096 1.018921e-16
7306.421343 1.081540e-16
7308.800244 9.978583e-17
7311.179155 9.795326e-17
7313.558168 9.775985e-17
7315.937394 9.438518e-17
7318.317075 9.365935e-17
7320.696819 9.442949e-17
7323.076836 9.657811e-17
7325.457078 9.750146e-17
7327.837523 9.838344e-17
7330.218196 9.867080e-17
7332.599066 9.919386e-17
7334.980220 9.792301e-17
7337.361540 9.934060e-17
7339.743120 1.013459e-16
7342.124894 1.009518e-16
7344.506900 1.025594e-16
7346.889131 9.838748e-17
7349.271578 1.001223e-16
7351.654253 1.032744e-16
7354.037071 1.038872e-16
7356.420328 1.041326e-16
7358.803579 1.024985e-16
7361.187176 1.038839e-16
7363.570931 1.058174e-16
7365.954911 1.067591e-16
7368.339121 1.069169e-16
7370.723566 1.082552e-16
7373.108216 1.111630e-16
7375.493084 1.107721e-16
7377.878121 1.139201e-16
7380.263489 1.142413e-16
7382.649006 1.147572e-16
7385.034733 1.180459e-16
7387.420747 1.183933e-16
7389.806911 1.214032e-16
7392.193359 1.223084e-16
7394.579980 1.233680e-16
7396.966813 1.255320e-16
7399.353892 1.283845e-16
7401.741069 1.256292e-16
7404.128628 1.298848e-16
7406.516369 1.312913e-16
7408.904241 1.347020e-16
7411.292472 1.360613e-16
7413.680832 1.362344e-16
7416.069426 1.410488e-16
7418.458206 1.420292e-16
7420.847241 1.440379e-16
7423.236472 1.474411e-16
7425.625912 1.502861e-16
7428.015600 1.547025e-16
7430.405474 1.590889e-16
7432.795575 1.566981e-16
7435.185900 1.579493e-16
7437.576437 1.587725e-16
7439.967180 1.586794e-16
7442.358144 1.600048e-16
7444.749332 1.590956e-16
7447.140643 1.655733e-16
7449.532361 1.649005e-16
7451.924166 1.664557e-16
7454.316147 1.719623e-16
7456.708563 1.790724e-16
7459.100855 1.792305e-16
7461.493530 1.810876e-16
7463.886582 1.881638e-16
7466.279586 1.866009e-16
7468.672910 1.888572e-16
7471.066533 1.974673e-16
7473.460180 1.902122e-16
7475.854112 1.935674e-16
7478.248603 1.973092e-16
7480.642713 1.969614e-16
7483.037380 1.897414e-16
7485.432263 1.934198e-16
7487.827246 1.947930e-16
7490.222610 1.999641e-16
7492.618281 1.893512e-16
7495.013569 1.934824e-16
7497.409740 1.947785e-16
7499.805618 1.903266e-16
7502.201956 1.869738e-16
7504.598422 1.839526e-16
7506.995178 1.813921e-16
7509.392202 1.751919e-16
7511.788971 1.686194e-16
7514.186763 1.690397e-16
7516.584117 1.639199e-16
7518.982036 1.601538e-16
7521.379909 1.554067e-16
7523.778122 1.536918e-16
7526.176549 1.489785e-16
7528.575229 1.472130e-16
7530.974058 1.451081e-16
7533.373092 1.439607e-16
7535.772537 1.378046e-16
7538.171901 1.425087e-16
7540.571303 1.383569e-16
7542.971462 1.346470e-16
7545.371571 1.325175e-16
7547.771507 1.369666e-16
7550.172217 1.305986e-16
7552.573205 1.289797e-16
7554.973987 1.304112e-16
7557.375033 1.251458e-16
7559.776444 1.246820e-16
7562.177974 1.192664e-16
7564.579873 1.210541e-16
7566.981853 1.215074e-16
7569.384036 1.202926e-16
7571.786370 1.195329e-16
7574.188985 1.177481e-16
7576.591787 1.169784e-16
7578.994607 1.173659e-16
7581.397809 1.164170e-16
7583.801479 1.142696e-16
7586.204815 1.126781e-16
7588.609032 1.121301e-16
7591.013030 1.073091e-16
7593.417289 8.953688e-17
7595.821733 6.146102e-17
7598.226397 4.507923e-17
7600.631234 3.381499e-17
7603.036422 2.735144e-17
7605.441634 2.358247e-17
7607.847878 2.362664e-17
7610.252909 3.104858e-17
7612.658875 4.001933e-17
7615.064672 5.511041e-17
7617.471808 7.108678e-17
7619.877852 8.033340e-17
7622.284560 6.988776e-17
7624.691446 5.862834e-17
7627.098613 5.272961e-17
7629.505976 5.076956e-17
7631.913538 5.113264e-17
7634.321367 5.276573e-17
7636.729278 5.481661e-17
7639.137457 5.774086e-17
7641.545843 6.017138e-17
7643.954423 6.177378e-17
7646.362844 6.695017e-17
7648.772190 7.003604e-17
7651.181390 7.202228e-17
7653.590791 7.312331e-17
7656.000438 7.792432e-17
7658.410075 7.798212e-17
7660.820198 8.126189e-17
7663.230419 8.145095e-17
7665.640773 8.134573e-17
7668.051681 8.353254e-17
7670.462257 8.495854e-17
7672.873400 8.570943e-17
7675.284522 8.668624e-17
7677.696235 8.829774e-17
7680.107742 8.696626e-17
7682.519400 8.618279e-17
7684.931504 8.437160e-17
7687.344451 8.360081e-17
7689.756104 8.436146e-17
7692.168664 8.127320e-17
7694.581677 8.300988e-17
7696.994671 8.180046e-17
7699.408130 8.090874e-17
7701.821471 8.361093e-17
7704.234598 7.972215e-17
7706.649117 8.467620e-17
7709.062937 8.180255e-17
7711.477219 8.197920e-17
7713.891702 8.163775e-17
7716.306305 7.888285e-17
7718.721193 7.786737e-17
7721.136377 8.099471e-17
7723.551606 7.829524e-17
7725.967052 8.004745e-17
7728.382650 7.823051e-17
7730.798480 7.702443e-17
7733.214521 7.985031e-17
7735.630958 7.864541e-17
7738.046778 7.785041e-17
7740.463564 7.792914e-17
7742.880903 7.832943e-17
7745.297955 7.744263e-17
7747.715074 7.748028e-17
7750.131684 7.398715e-17
7752.550209 7.335179e-17
7754.968150 7.297635e-17
7757.386211 7.422882e-17
7759.804442 7.396947e-17
7762.222946 7.330109e-17
7764.641469 7.383090e-17
7767.060438 7.312910e-17
7769.479462 7.255132e-17
7771.898789 7.247679e-17
7774.318302 7.155402e-17
7776.737394 7.035345e-17
7779.157609 7.042838e-17
7781.577641 6.942790e-17
7783.997925 6.980152e-17
7786.418225 6.940680e-17
7788.838896 7.162228e-17
7791.259868 7.064614e-17
7793.681017 7.160403e-17
7796.102055 6.641362e-17
7798.523517 6.861429e-17
7800.945163 6.892272e-17
7803.366855 6.885586e-17
7805.789271 7.067291e-17
7808.211124 7.072338e-17
7810.633745 7.199240e-17
7813.056376 7.111693e-17
7815.479010 6.998840e-17
7817.902157 7.224474e-17
7820.325687 7.401372e-17
7822.748538 7.135258e-17
7825.172226 7.257013e-17
7827.595987 7.278810e-17
7830.020037 7.229174e-17
7832.444054 7.220007e-17
7834.868514 7.488794e-17
7837.292680 7.452770e-17
7839.718138 7.302912e-17
7842.142743 7.514000e-17
7844.568145 7.505628e-17
7846.993292 7.498195e-17
7849.418997 7.532121e-17
7851.844601 7.676988e-17
7854.270513 7.667147e-17
7856.696621 7.966168e-17
7859.123020 7.656035e-17
7861.549477 8.253381e-17
7863.976312 8.109870e-17
7866.403141 8.137411e-17
7868.830803 8.360163e-17
7871.257605 7.237892e-17
