5111.029737 3.873898e-17
5112.912468 1.546201e-16
5114.955661 1.300021e-16
5116.916715 1.193196e-16
5118.880150 1.143115e-16
5120.848432 1.294721e-16
5122.783699 1.492305e-16
5124.779538 1.141208e-16
5126.748391 1.211283e-16
5128.717930 1.494766e-16
5130.699785 2.081860e-16
5132.655052 2.500648e-16
5134.629630 2.820199e-16
5136.638404 2.463853e-16
5138.733180 7.605552e-16
5140.553545 1.343496e-16
5142.527597 1.240541e-16
5144.514746 1.165501e-16
5146.479942 1.279220e-16
5148.461657 1.293920e-16
5150.450800 1.223047e-16
5152.421763 1.370597e-16
5154.402033 1.378051e-16
5156.396213 1.276666e-16
5158.367963 1.378658e-16
5160.351562 1.414013e-16
5162.345861 1.364104e-16
5164.321485 1.363581e-16
5166.306320 1.337483e-16
5168.296936 1.299518e-16
5170.286671 1.354045e-16
5172.303716 1.318692e-16
5174.270592 1.347802e-16
5176.261502 1.242363e-16
5178.274648 1.236773e-16
5180.246413 1.291941e-16
5182.240793 1.280122e-16
5184.248337 1.200199e-16
5186.235230 1.202442e-16
5188.230999 1.162429e-16
5190.242699 1.032753e-16
5192.230010 1.111624e-16
5194.222211 1.142303e-16
5196.228913 1.080595e-16
5198.233365 1.040849e-16
5200.235464 1.019039e-16
5202.240972 1.036933e-16
5204.240445 1.062285e-16
5206.259240 9.491464e-17
5208.257758 9.731191e-17
5210.266091 9.740591e-17
5212.269634 9.451280e-17
5214.285428 9.738521e-17
5216.293944 9.768196e-17
5218.344149 8.942061e-17
5220.319434 9.592501e-17
5222.345572 9.213792e-17
5224.340396 9.515608e-17
5226.360785 9.644359e-17
5228.405920 9.161626e-17
5230.393470 9.543901e-17
5232.413071 9.328651e-17
5234.445295 9.497239e-17
5236.451167 9.721849e-17
5238.471075 9.442014e-17
5240.511499 9.524058e-17
5242.516011 9.566700e-17
5244.535418 9.688781e-17
5246.559046 9.704258e-17
5248.589865 9.736992e-17
5250.614117 1.014504e-16
5252.642753 9.925917e-17
5254.670902 9.803456e-17
5256.707409 9.988196e-17
5258.729361 9.869738e-17
5260.759696 1.033632e-16
5262.800686 1.022220e-16
5264.824767 1.026986e-16
5266.856996 1.031090e-16
5268.891259 1.017439e-16
5270.927791 1.041410e-16
5272.963731 1.066441e-16
5275.010912 1.091049e-16
5277.039556 1.104750e-16
5279.087004 1.091248e-16
5281.119162 1.077456e-16
5283.158792 1.083293e-16
5285.199993 1.077876e-16
5287.242261 1.096863e-16
5289.286520 1.121713e-16
5291.331988 1.147133e-16
5293.377042 1.129802e-16
5295.424688 1.139837e-16
5297.460703 1.178192e-16
5299.517341 1.165115e-16
5301.567305 1.134611e-16
5303.617228 1.197455e-16
5305.666596 1.159610e-16
5307.717524 1.171372e-16
5309.771386 1.199872e-16
5311.825387 1.202246e-16
5313.877875 1.203621e-16
5315.937590 1.237942e-16
5317.989852 1.201576e-16
5320.047885 1.199506e-16
5322.105711 1.244121e-16
5324.164725 1.210134e-16
5326.224509 1.251368e-16
5328.284630 1.186259e-16
5330.346692 1.231942e-16
5332.408626 1.211945e-16
5334.471943 1.207045e-16
5336.536578 1.213383e-16
5338.600948 1.239206e-16
5340.667863 1.166534e-16
5342.733474 1.227926e-16
5344.802702 1.254372e-16
5346.871455 1.172417e-16
5348.940299 1.211670e-16
5351.014118 1.222805e-16
5353.083284 1.231311e-16
5355.154690 1.219601e-16
5357.227743 1.253790e-16
5359.300843 1.278431e-16
5361.375845 1.274490e-16
5363.454965 1.325208e-16
5365.530219 1.253226e-16
5367.610281 1.277156e-16
5369.683764 1.235233e-16
5371.765159 1.275017e-16
5373.844224 1.289900e-16
5375.929718 1.290484e-16
5378.006979 1.314486e-16
5380.090726 1.319383e-16
5382.175488 1.284265e-16
5384.257878 1.288320e-16
5386.337516 1.289218e-16
5388.429336 1.321160e-16
5390.517109 1.328243e-16
5392.606154 1.306604e-16
5394.694906 1.374183e-16
5396.784733 1.331495e-16
5398.881017 1.348108e-16
5400.968035 1.368373e-16
5403.058697 1.370852e-16
5405.152860 1.408626e-16
5407.246713 1.347138e-16
5409.342514 1.367705e-16
5411.437596 1.368514e-16
5413.534169 1.341269e-16
5415.631383 1.392900e-16
5417.731220 1.373712e-16
5419.830288 1.374112e-16
5421.930612 1.402251e-16
5424.032690 1.380170e-16
5426.133026 1.392299e-16
5428.236811 1.399779e-16
5430.341020 1.434359e-16
5432.445256 1.397405e-16
5434.557054 1.480012e-16
5436.657395 1.428041e-16
5438.763917 1.451954e-16
5440.872612 1.464909e-16
5442.978029 1.396677e-16
5445.091720 1.434854e-16
5447.200104 1.420608e-16
5449.313626 1.465392e-16
5451.427182 1.397297e-16
5453.537934 1.439475e-16
5455.653588 1.444342e-16
5457.766579 1.442194e-16
5459.883585 1.495757e-16
5461.999325 1.436385e-16
5464.118157 1.454944e-16
5466.233935 1.422939e-16
5468.355777 1.430764e-16
5470.485224 1.380331e-16
5472.597028 1.406974e-16
5474.718488 1.381121e-16
5476.840132 1.424471e-16
5478.991330 1.369416e-16
5481.088134 1.417434e-16
5483.213063 1.429926e-16
5485.340155 1.399413e-16
5487.466138 1.382848e-16
5489.605707 1.384920e-16
5491.722014 1.373987e-16
5493.852998 1.400973e-16
5495.982511 1.396087e-16
5498.126112 1.375066e-16
5500.246462 1.379155e-16
5502.404363 1.356011e-16
5504.510528 1.400717e-16
5506.646169 1.399282e-16
5508.781428 1.408420e-16
5510.960332 1.324328e-16
5513.056045 1.386456e-16
5515.190653 1.384079e-16
5517.342432 1.354561e-16
5519.471070 1.387609e-16
5521.622180 1.407422e-16
5523.751529 1.403391e-16
5525.893203 1.399327e-16
5528.035687 1.390802e-16
5530.177700 1.410193e-16
5532.336682 1.374488e-16
5534.469815 1.387294e-16
5536.616126 1.380606e-16
5538.761532 1.353059e-16
5540.923640 1.346628e-16
5543.060153 1.409497e-16
5545.208850 1.375708e-16
5547.366851 1.357770e-16
5549.511449 1.382138e-16
5551.661801 1.369701e-16
5553.816403 1.363862e-16
5555.969174 1.395637e-16
5558.135387 1.358791e-16
5560.277941 1.338321e-16
5562.435206 1.342657e-16
5564.591555 1.362817e-16
5566.750463 1.306859e-16
5568.908862 1.332651e-16
5571.067793 1.322966e-16
5573.226939 1.321099e-16
5575.388224 1.345353e-16
5577.551065 1.278979e-16
5579.714319 1.314710e-16
5581.878222 1.294230e-16
5584.043470 1.332141e-16
5586.206135 1.358965e-16
5588.371009 1.336467e-16
5590.539152 1.365474e-16
5592.705051 1.348896e-16
5594.874365 1.371231e-16
5597.045015 1.353368e-16
5599.212225 1.339706e-16
5601.383951 1.357190e-16
5603.557024 1.376452e-16
5605.729325 1.339682e-16
5607.901586 1.356277e-16
5610.075929 1.370773e-16
5612.251565 1.357775e-16
5614.427408 1.350094e-16
5616.602892 1.348487e-16
5618.781596 1.363562e-16
5620.959158 1.345669e-16
5623.138217 1.361121e-16
5625.318098 1.355899e-16
5627.498936 1.381842e-16
5629.680327 1.383946e-16
5631.861771 1.392899e-16
5634.044783 1.409630e-16
5636.228848 1.367334e-16
5638.414294 1.394376e-16
5640.598939 1.432543e-16
5642.785932 1.403807e-16
5644.971668 1.400061e-16
5647.160820 1.392822e-16
5649.349295 1.395235e-16
5651.537748 1.414835e-16
5653.729293 1.384797e-16
5655.919817 1.366211e-16
5658.111545 1.348410e-16
5660.304310 1.373448e-16
5662.497626 1.371629e-16
5664.691443 1.319754e-16
5666.887220 1.334508e-16
5669.082535 1.334198e-16
5671.279715 1.297292e-16
5673.475749 1.291604e-16
5675.675482 1.277572e-16
5677.875079 1.266592e-16
5680.074272 1.244058e-16
5682.273838 1.219067e-16
5684.486879 1.225172e-16
5686.677214 1.215197e-16
5688.881596 1.230824e-16
5691.084101 1.205193e-16
5693.289414 1.195660e-16
5695.494097 1.189019e-16
5697.700676 1.161569e-16
5699.907882 1.149748e-16
5702.115220 1.160797e-16
5704.322641 1.153760e-16
5706.532222 1.102713e-16
5708.743033 1.124706e-16
5710.953058 1.113679e-16
5713.165367 1.113609e-16
5715.377139 1.077919e-16
5717.591601 1.048202e-16
5719.804155 1.045275e-16
5722.019055 1.021842e-16
5724.234762 1.029203e-16
5726.463844 9.856103e-17
5728.668896 9.881123e-17
5730.885204 1.002512e-16
5733.104965 1.020904e-16
5735.324952 9.821160e-17
5737.542564 9.932331e-17
5739.766106 9.985947e-17
5741.987658 9.834427e-17
5744.209492 9.528587e-17
5746.433772 9.891513e-17
5748.656733 9.803015e-17
5750.881875 9.835506e-17
5753.107192 1.016457e-16
5755.333872 9.874098e-17
5757.561429 9.888381e-17
5759.789216 1.011278e-16
5762.016206 1.034431e-16
5764.246492 1.027717e-16
5766.476956 1.022059e-16
5768.708568 1.025107e-16
5770.939196 9.932347e-17
5773.171228 1.033987e-16
5775.406230 1.004146e-16
5777.641194 1.002759e-16
5779.874556 9.890771e-17
5782.109845 9.866271e-17
5784.345339 1.010996e-16
5786.584145 1.026884e-16
5788.821593 1.005548e-16
5791.059656 1.013999e-16
5793.299119 1.015239e-16
5795.540432 9.905139e-17
5797.779746 9.843806e-17
5800.021940 9.780766e-17
5802.265621 9.875167e-17
5804.507864 9.643537e-17
5806.752760 9.881539e-17
5808.995853 9.674737e-17
5811.241683 9.444677e-17
5813.488488 9.429349e-17
5815.735867 9.538454e-17
5817.983295 9.261024e-17
5820.231179 9.093891e-17
5822.480823 9.122249e-17
5824.731108 9.006901e-17
5826.981997 8.669498e-17
5829.233005 8.699176e-17
5831.485105 8.701747e-17
5833.739362 8.507453e-17
5835.991649 8.675518e-17
5838.246390 8.327728e-17
5840.501320 8.319218e-17
5842.758981 8.417401e-17
5845.014661 8.062352e-17
5847.271590 8.279374e-17
5849.531803 8.071875e-17
5851.788519 8.041203e-17
5854.049444 7.862397e-17
5856.309842 8.024491e-17
5858.571393 8.001528e-17
5860.833372 7.682058e-17
5863.095718 7.493677e-17
5865.358763 7.705600e-17
5867.622628 7.624639e-17
5869.890083 7.570099e-17
5872.153578 7.498272e-17
5874.420945 7.572604e-17
5876.688098 7.361076e-17
5878.956068 7.279242e-17
5881.224122 7.125468e-17
5883.493762 7.094557e-17
5885.764246 6.580014e-17
5888.035750 6.342602e-17
5890.306288 6.495598e-17
5892.579535 6.473608e-17
5894.852129 6.555639e-17
5897.126668 6.483256e-17
5899.399912 6.898654e-17
5901.675437 6.871351e-17
5903.950888 7.078166e-17
5906.228293 7.211465e-17
5908.505127 7.279813e-17
5910.782459 7.277590e-17
5913.062222 7.492717e-17
5915.341079 7.312603e-17
5917.624141 7.173089e-17
5919.903157 7.779248e-17
5922.184536 7.500741e-17
5924.467835 7.698726e-17
5926.749889 7.973040e-17
5929.035276 7.981002e-17
5931.319817 7.915612e-17
5933.604024 8.063406e-17
5935.891437 8.066512e-17
5938.178852 8.159190e-17
5940.463426 8.135517e-17
5942.754288 8.205200e-17
5945.043465 8.511693e-17
5947.333220 8.490052e-17
5949.622833 8.651603e-17
5951.914822 8.561077e-17
5954.205054 8.663151e-17
5956.499033 8.658259e-17
5958.792892 8.914762e-17
5961.086670 9.129074e-17
5963.382229 8.979304e-17
5965.676191 8.879957e-17
5967.972909 9.317516e-17
5970.270003 8.943654e-17
5972.567658 9.082205e-17
5974.866293 9.143129e-17
5977.165152 9.156518e-17
5979.464627 9.182305e-17
5981.765723 9.393050e-17
5984.065420 9.495288e-17
5986.368021 9.686174e-17
5988.671557 9.842269e-17
5990.973976 9.803244e-17
5993.278387 1.001101e-16
5995.582174 1.021166e-16
5997.888480 1.018183e-16
6000.195149 9.985901e-17
6002.500567 1.052241e-16
6004.807732 1.024850e-16
6007.117618 1.031538e-16
6009.419144 1.048905e-16
6011.737450 1.102680e-16
6014.054852 1.093917e-16
6016.360115 1.126644e-16
6018.669742 1.050363e-16
6020.981266 1.003159e-16
6023.294927 1.008514e-16
6025.608897 1.008874e-16
6027.923316 1.024310e-16
6030.238605 9.986687e-17
6032.556088 1.010178e-16
6034.871136 9.806296e-17
6037.188338 1.012459e-16
6039.507083 1.024389e-16
6041.825001 1.025052e-16
6044.145596 1.028638e-16
6046.465219 1.027251e-16
6048.785796 1.018005e-16
6051.106987 1.028607e-16
6053.430022 1.032722e-16
6055.752816 1.032412e-16
6058.076476 1.045588e-16
6060.401162 1.055824e-16
6062.725860 1.051552e-16
6065.051220 1.042907e-16
6067.378000 1.051844e-16
6069.705594 1.056960e-16
6072.031466 1.091197e-16
6074.360305 1.111760e-16
6076.690833 1.101733e-16
6079.018429 1.141525e-16
6081.350581 1.136919e-16
6083.681257 1.177417e-16
6086.013861 1.167517e-16
6088.345258 1.179836e-16
6090.678808 1.200397e-16
6093.014493 1.186849e-16
6095.347955 1.185894e-16
6097.682746 1.206176e-16
6100.019552 1.213310e-16
6102.356142 1.188940e-16
6104.693891 1.189579e-16
6107.031386 1.175977e-16
6109.369189 1.185710e-16
6111.709101 1.199675e-16
6114.050367 1.174573e-16
6116.389475 1.180141e-16
6118.732038 1.182597e-16
6121.073425 1.132967e-16
6123.416433 1.142244e-16
6125.760473 1.113810e-16
6128.103852 1.135257e-16
6130.449304 1.086668e-16
6132.794515 1.071822e-16
6135.140595 1.075657e-16
6137.486481 1.061110e-16
6139.834670 1.047464e-16
6142.182930 1.024965e-16
6144.531884 1.010850e-16
6146.881430 9.996402e-17
6149.231427 1.011987e-16
6151.582805 1.005382e-16
6153.934443 9.764001e-17
6156.285255 1.005188e-16
6158.637358 9.836641e-17
6160.991096 9.626008e-17
6163.347211 9.751497e-17
6165.700553 9.992772e-17
6168.056544 9.678371e-17
6170.399393 9.728974e-17
6172.753148 9.933836e-17
6175.126218 9.777936e-17
6177.485730 9.821853e-17
6179.844217 9.845169e-17
6182.203470 9.773813e-17
6184.563622 9.691923e-17
6186.924285 9.697288e-17
6189.286136 9.629882e-17
6191.647839 9.641428e-17
6194.010169 9.671741e-17
6196.373803 9.607804e-17
6198.737829 9.435682e-17
6201.102484 9.733817e-17
6203.469326 9.456471e-17
6205.833738 9.460513e-17
6208.200695 9.388844e-17
6210.568420 9.519393e-17
6212.936792 9.468835e-17
6215.303552 9.621574e-17
6217.674913 9.434073e-17
6220.043722 9.773620e-17
6222.414920 9.672662e-17
6224.784724 9.617878e-17
6227.157133 9.936896e-17
6229.531077 9.781192e-17
6231.903197 9.803262e-17
6234.277566 1.012107e-16
6236.652138 9.996980e-17
6239.027365 1.010892e-16
6241.403524 9.857752e-17
6243.779414 1.020148e-16
6246.155686 1.021345e-16
6248.533367 1.017562e-16
6250.912893 1.036793e-16
6253.290469 1.031448e-16
6255.669597 1.044957e-16
6258.052278 1.055402e-16
6260.432121 1.062143e-16
6262.813768 1.053392e-16
6265.195806 1.051964e-16
6267.578884 1.083741e-16
6269.962119 1.063339e-16
6272.346055 1.053126e-16
6274.731792 9.935793e-17
6277.115984 1.004628e-16
6279.502896 9.825929e-17
6281.888691 9.970160e-17
6284.278152 1.025957e-16
6286.675228 1.066903e-16
6289.052911 1.075967e-16
6291.441516 1.110047e-16
6293.830588 1.164943e-16
6296.223572 1.021120e-16
6298.614728 1.081851e-16
6301.006451 1.071079e-16
6303.400314 1.054813e-16
6305.792200 1.050933e-16
6308.184631 1.058172e-16
6310.577931 1.059179e-16
6312.974330 1.041598e-16
6315.368072 1.055400e-16
6317.764247 1.006096e-16
6320.162201 1.038228e-16
6322.559520 9.922569e-17
6324.956502 1.047115e-16
6327.356265 1.017235e-16
6329.754968 1.030522e-16
6332.155526 1.029424e-16
6334.555634 1.046211e-16
6336.968670 1.019365e-16
6339.359119 1.025472e-16
6341.761228 1.019764e-16
6344.164177 1.031145e-16
6346.580174 1.010052e-16
6348.970953 1.057002e-16
6351.389264 1.016181e-16
6353.782165 1.038642e-16
6356.187302 1.064813e-16
6358.594847 1.069429e-16
6361.003494 1.081473e-16
6363.412011 1.102133e-16
6365.819745 1.067336e-16
6368.229253 1.103847e-16
6370.638438 1.117908e-16
6373.047833 1.129093e-16
6375.458438 1.145944e-16
6377.870672 1.145324e-16
6380.283515 1.160782e-16
6382.708294 1.134776e-16
6385.108720 1.168371e-16
6387.523065 1.127993e-16
6389.951521 1.139334e-16
6392.354655 1.144267e-16
6394.770456 1.113590e-16
6397.199128 1.103982e-16
6399.602382 1.083193e-16
6402.020404 1.071563e-16
6404.437598 1.075330e-16
6406.857830 1.062421e-16
6409.276717 1.078872e-16
6411.711369 1.065029e-16
6414.119640 1.063707e-16
6416.540105 1.072268e-16
6418.975602 1.045508e-16
6421.397235 1.046657e-16
6423.807971 1.081730e-16
6426.231790 1.073789e-16
6428.655314 1.084462e-16
6431.081705 1.086411e-16
6433.507574 1.089413e-16
6435.921943 1.116892e-16
6438.359729 1.116265e-16
6440.779244 1.156097e-16
6443.216704 1.198239e-16
6445.645503 1.224336e-16
6448.071127 1.265887e-16
6450.505317 1.295369e-16
6452.933438 1.262970e-16
6455.378090 1.241898e-16
6457.843621 1.237071e-16
6460.227971 1.295129e-16
6462.660585 1.335545e-16
6465.107861 1.324497e-16
6467.528058 1.373319e-16
6469.973395 1.391074e-16
6472.444745 1.376082e-16
6474.833593 1.415549e-16
6477.269065 1.504226e-16
6479.739779 1.497190e-16
6482.143584 1.553385e-16
6484.576096 1.616416e-16
6487.053723 1.623491e-16
6489.461061 1.632983e-16
6491.894058 1.664726e-16
6494.297333 1.687915e-16
6496.782213 1.670072e-16
6499.223822 1.691775e-16
6501.622588 1.741661e-16
6504.109028 1.676188e-16
6506.545092 1.714609e-16
6509.048260 1.725871e-16
6511.440412 1.722396e-16
6513.885509 1.709990e-16
6516.287161 1.693049e-16
6518.789842 1.640769e-16
6521.224399 1.639648e-16
6523.645065 1.637053e-16
6526.118736 1.580780e-16
6528.569318 1.538227e-16
6530.983313 1.536505e-16
6533.479816 1.473233e-16
6535.919695 1.489752e-16
6538.323670 1.497384e-16
6540.816508 1.493026e-16
6543.271938 1.458452e-16
6545.758358 1.455470e-16
6548.173745 1.481702e-16
6550.631465 1.450807e-16
6553.107488 1.453082e-16
6555.550792 1.449895e-16
6557.998185 1.425481e-16
6560.452208 1.469631e-16
6562.918690 1.465747e-16
6565.367576 1.427968e-16
6567.846571 1.417902e-16
6570.277451 1.469424e-16
6572.741647 1.436439e-16
6575.203104 1.445008e-16
6577.623009 1.456685e-16
6580.122517 1.430773e-16
6582.583268 1.444030e-16
6585.066064 1.442397e-16
6587.507780 1.436982e-16
6589.965730 1.469291e-16
6592.411353 1.470356e-16
6594.893529 1.445763e-16
6597.359879 1.452839e-16
6599.790511 1.476192e-16
6602.293762 1.449466e-16
6604.759418 1.467719e-16
6607.189641 1.465855e-16
6609.707889 1.413703e-16
6612.161948 1.418735e-16
6614.611006 1.431954e-16
6617.099697 1.425201e-16
6619.569172 1.396711e-16
6622.032679 1.413403e-16
6624.510554 1.406427e-16
6626.982105 1.387912e-16
6629.449051 1.399428e-16
6631.932257 1.374848e-16
6634.398258 1.378524e-16
6636.883380 1.388667e-16
6639.353022 1.358122e-16
6641.820899 1.353248e-16
6644.308612 1.373189e-16
6646.748117 1.377795e-16
6649.248727 1.373996e-16
6651.732777 1.367144e-16
6654.228723 1.332897e-16
6656.681174 1.354697e-16
6659.156072 1.353716e-16
6661.659614 1.340058e-16
6664.118863 1.346247e-16
6666.599272 1.313896e-16
6669.074057 1.326804e-16
6671.559884 1.320206e-16
6674.038911 1.327731e-16
6676.521241 1.317383e-16
6679.008314 1.275653e-16
6681.491850 1.272429e-16
6683.982213 1.252782e-16
6686.459551 1.243771e-16
6688.944958 1.237167e-16
6691.441006 1.234453e-16
6693.916903 1.201727e-16
6696.403924 1.227283e-16
6698.869994 1.272763e-16
6701.379034 1.265030e-16
6703.868043 1.276671e-16
6706.371700 1.235318e-16
6708.843137 1.283447e-16
6711.315774 2.198242e-16
6713.862680 2.538781e-16
6716.353276 3.023161e-16
6718.833929 3.598464e-16
6721.319335 2.580645e-16
6723.800460 1.540906e-16
6726.287508 1.189417e-16
6728.791717 1.160364e-16
6731.299613 1.139563e-16
6733.771733 1.242900e-16
6736.266129 1.295587e-16
6738.769362 1.297548e-16
6741.260824 1.318486e-16
6743.757059 1.169348e-16
6746.259910 1.117246e-16
6748.751031 1.084886e-16
6751.249080 1.087770e-16
6753.759018 1.077235e-16
6756.248765 1.099918e-16
6758.748340 1.074923e-16
6761.247491 1.085430e-16
6763.754701 1.060230e-16
6766.252059 1.056936e-16
6768.753236 1.057706e-16
6771.257450 1.064308e-16
6773.760209 1.051597e-16
6776.263201 1.068138e-16
6778.769927 1.051650e-16
6781.272479 1.057820e-16
6783.779438 1.033589e-16
6786.284843 1.045726e-16
6788.791852 1.046957e-16
6791.298797 1.038671e-16
6793.806619 1.041731e-16
6796.313545 1.058775e-16
6798.822962 1.074449e-16
6801.332315 1.047133e-16
6803.841239 1.049568e-16
6806.352017 1.077287e-16
6808.863449 1.043114e-16
6811.374012 1.061981e-16
6813.885950 1.064846e-16
6816.397428 1.084706e-16
6818.910293 1.067107e-16
6821.425051 1.076039e-16
6823.937469 1.097768e-16
6826.441528 1.115311e-16
6828.967477 1.073437e-16
6831.483545 1.069632e-16
6833.999508 1.068190e-16
6836.515972 1.066823e-16
6839.032080 9.978026e-17
6841.543935 1.013758e-16
6844.066049 1.038024e-16
6846.573657 1.006789e-16
6849.108874 1.015725e-16
6851.623875 1.006975e-16
6854.133003 9.791484e-17
6856.664844 9.978308e-17
6859.185405 9.699951e-17
6861.707242 9.948656e-17
6864.230260 8.854575e-17
6866.752061 7.867385e-17
6869.286388 7.469658e-17
6871.797257 8.917625e-17
6874.330738 1.022940e-16
6876.860535 1.027776e-16
6879.368808 1.058255e-16
6881.898229 9.395595e-17
6884.439334 9.381230e-17
6886.952697 1.005812e-16
6889.484115 1.021268e-16
6892.031599 9.831802e-17
6894.534921 9.638670e-17
6897.062371 8.362009e-17
6899.590790 8.401685e-17
6902.119760 8.362041e-17
6904.650646 8.384795e-17
6907.181825 8.479137e-17
6909.712628 8.579825e-17
6912.243678 8.457613e-17
6914.776216 8.590334e-17
6917.309763 8.587628e-17
6919.842845 8.680604e-17
6922.375584 8.492865e-17
6924.910585 8.301690e-17
6927.445480 8.286449e-17
6929.980487 8.390796e-17
6932.516111 8.448144e-17
6935.051186 8.102926e-17
6937.587539 8.301023e-17
6940.125158 8.343110e-17
6942.663645 8.273409e-17
6945.201495 8.371405e-17
6947.740045 8.329275e-17
6950.279341 8.517142e-17
6952.819971 8.484541e-17
6955.358796 8.502267e-17
6957.897953 8.360893e-17
6960.440526 8.530800e-17
6962.981566 8.740989e-17
6965.524731 8.756665e-17
6968.066804 8.970088e-17
6970.610281 9.027749e-17
6973.154062 9.116784e-17
6975.697537 9.034621e-17
6978.242529 9.262132e-17
6980.787142 8.977157e-17
6983.333310 8.829943e-17
6985.878328 8.913935e-17
6988.424981 8.856695e-17
6990.971759 8.746241e-17
6993.519354 8.865714e-17
6996.067150 8.701868e-17
6998.616081 8.776265e-17
7001.164767 8.856340e-17
7003.712459 8.676481e-17
7006.263551 8.612044e-17
7008.814754 8.521589e-17
7011.364968 8.366077e-17
7013.916931 8.369772e-17
7016.469230 8.311912e-17
7019.020390 8.227607e-17
7021.573818 8.395519e-17
7024.126221 8.220237e-17
7026.680191 8.205198e-17
7029.235288 8.157991e-17
7031.789678 8.182263e-17
7034.345024 8.040058e-17
7036.900110 8.139209e-17
7039.455678 8.057485e-17
7042.012438 7.967209e-17
7044.570754 8.002445e-17
7047.127601 8.073865e-17
7049.686800 8.022125e-17
7052.244702 7.942098e-17
7054.803806 7.807398e-17
7057.361812 7.892150e-17
7059.923138 7.812255e-17
7062.483256 7.736804e-17
7065.043888 7.845502e-17
7067.604950 7.816164e-17
7070.167051 7.869407e-17
7072.729800 7.985071e-17
7075.291929 7.823864e-17
7077.856306 8.005097e-17
7080.419334 7.789864e-17
7082.983083 7.898347e-17
7085.549202 8.027751e-17
7088.113043 8.120265e-17
7090.678952 7.999130e-17
7093.244413 8.123219e-17
7095.810883 8.233312e-17
7098.378580 8.226555e-17
7100.945600 8.210270e-17
7103.513300 8.488280e-17
7106.082468 8.689081e-17
7108.650689 8.524986e-17
7111.220442 8.882363e-17
7113.790810 8.950327e-17
7116.360316 9.026933e-17
7118.931529 8.805883e-17
7121.502425 9.527149e-17
7124.074566 9.690358e-17
7126.646366 9.707006e-17
7129.226535 9.788508e-17
7131.792742 9.953322e-17
7134.365075 1.007998e-16
7136.940028 1.031219e-16
7139.514099 1.042758e-16
7142.087863 1.055117e-16
7144.671345 1.083602e-16
7147.240151 1.076152e-16
7149.816266 1.089097e-16
7152.393528 1.113763e-16
7154.979395 1.101915e-16
7157.547595 1.094170e-16
7160.160423 1.106990e-16
7162.704428 1.109172e-16
7165.283693 1.116239e-16
7167.882283 1.088274e-16
7170.442996 1.071237e-16
7173.023052 1.055730e-16
7175.604637 1.038054e-16
7178.185079 1.038779e-16
7180.766918 1.073788e-16
7183.350300 1.033906e-16
7185.950146 9.894790e-17
7188.514747 1.008866e-16
7191.098163 1.003164e-16
7193.683005 1.028260e-16
7196.267211 1.007556e-16
7198.850406 1.029281e-16
7201.437864 1.012399e-16
7204.023193 1.034492e-16
7206.609381 1.054820e-16
7209.196489 1.082502e-16
7211.782559 1.097768e-16
7214.371168 1.119480e-16
7216.958142 1.145092e-16
7219.562958 1.102989e-16
7222.136256 1.106821e-16
7224.725214 1.081490e-16
7227.315949 1.079435e-16
7229.905738 1.082503e-16
7232.492731 1.023399e-16
7235.088684 1.045593e-16
7237.679247 1.001307e-16
7240.272097 9.718588e-17
7242.864088 9.595979e-17
7245.457442 1.001379e-16
7248.059932 9.737438e-17
7250.645122 9.652592e-17
7253.238973 9.834600e-17
7255.849507 9.701657e-17
7258.428585 9.948093e-17
7261.023466 1.020077e-16
7263.619760 9.952293e-17
7266.215989 9.847177e-17
7268.813670 1.001803e-16
7271.410457 1.002222e-16
7274.008856 9.923598e-17
7276.606954 9.818494e-17
7279.205711 9.918856e-17
7281.805601 1.041772e-16
7284.404616 1.077628e-16
7287.003609 1.076610e-16
7289.604985 1.041537e-16
7292.204751 1.043355e-16
7294.805857 1.079862e-16
7297.408488 1.090670e-16
7300.011045 1.112121e-16
7302.613943 1.155035e-16
7305.224339 1.107543e-16
7307.821361 1.158264e-16
7310.424217 1.098332e-16
7313.027643 1.074689e-16
7315.633339 1.038138e-16
7318.238006 1.034201e-16
7320.843709 1.065382e-16
7323.449753 1.052401e-16
7326.055853 1.095837e-16
7328.663055 1.089349e-16
7331.270796 1.070686e-16
7333.878532 1.086537e-16
7336.486217 1.102326e-16
7339.094962 1.115642e-16
7341.704132 1.101209e-16
7344.313645 1.108920e-16
7346.924205 1.110302e-16
7349.532790 1.119911e-16
7352.151739 1.126166e-16
7354.755461 1.139427e-16
7357.367443 1.145138e-16
7359.979106 1.150501e-16
7362.591551 1.129780e-16
7365.204320 1.161031e-16
7367.817742 1.175087e-16
7370.432075 1.199981e-16
7373.046205 1.197804e-16
7375.660778 1.214263e-16
7378.274895 1.233360e-16
7380.890585 1.262616e-16
7383.506855 1.270909e-16
7386.122821 1.315790e-16
7388.738689 1.303077e-16
7391.356550 1.339728e-16
7393.974238 1.353338e-16
7396.591974 1.385147e-16
7399.210833 1.399719e-16
7401.829177 1.395619e-16
7404.448277 1.425699e-16
7407.068572 1.471112e-16
7409.695559 1.471052e-16
7412.309901 1.503965e-16
7414.929054 1.517144e-16
7417.552320 1.541446e-16
7420.171798 1.563805e-16
7422.793908 1.635946e-16
7425.434118 1.660145e-16
7428.039850 1.684964e-16
7430.662711 1.729446e-16
7433.286786 1.729977e-16
7435.911789 1.714731e-16
7438.537462 1.751808e-16
7441.160852 1.754614e-16
7443.786445 1.758862e-16
7446.412124 1.770679e-16
7449.035064 1.787498e-16
7451.661769 1.822033e-16
7454.291593 1.833136e-16
7456.919418 1.906808e-16
7459.547105 1.936332e-16
7462.177623 2.002953e-16
7464.803766 2.037602e-16
7467.443559 2.056832e-16
7470.070737 2.061246e-16
7472.700883 2.104181e-16
7475.323734 2.104533e-16
7477.956086 2.165543e-16
7480.593394 2.140668e-16
7483.217143 2.118407e-16
7485.848873 2.124135e-16
7488.489176 2.166926e-16
7491.122134 2.159188e-16
7493.747886 2.166593e-16
7496.381055 2.137398e-16
7499.021020 2.126640e-16
7501.649487 2.066682e-16
7504.292129 2.040542e-16
7506.928256 2.002423e-16
7509.555702 1.940264e-16
7512.198911 1.835752e-16
7514.827570 1.832357e-16
7517.464702 1.779796e-16
7520.102016 1.741045e-16
7522.747513 1.698608e-16
7525.378054 1.686345e-16
7528.024066 1.649661e-16
7530.656072 1.601222e-16
7533.294630 1.597213e-16
7535.934401 1.579286e-16
7538.573951 1.546937e-16
7541.221393 1.500680e-16
7543.855353 1.496142e-16
7546.497019 1.478880e-16
7549.138462 1.437204e-16
7551.779748 1.464600e-16
7554.422734 1.415960e-16
7557.065530 1.401993e-16
7559.708539 1.367473e-16
7562.360227 1.350742e-16
7564.997235 1.327662e-16
7567.640821 1.330649e-16
7570.285453 1.363682e-16
7572.931324 1.330815e-16
7575.576142 1.339725e-16
7578.223000 1.293994e-16
7580.868781 1.273574e-16
7583.516038 1.291122e-16
7586.162929 1.254224e-16
7588.810270 1.264942e-16
7591.458276 1.172744e-16
7594.107704 9.184567e-17
7596.756730 6.455839e-17
7599.405370 4.329017e-17
7602.054806 3.157243e-17
7604.703879 2.611421e-17
7607.354265 2.627430e-17
7610.004250 3.209767e-17
7612.655556 4.202931e-17
7615.299772 5.949897e-17
7617.959350 8.220951e-17
7620.611903 8.497122e-17
7623.264888 7.348055e-17
7625.917912 6.202468e-17
7628.571015 5.746036e-17
7631.224879 5.593821e-17
7633.878834 5.745621e-17
7636.533330 5.945766e-17
7639.188251 6.256796e-17
7641.837055 6.597770e-17
7644.499673 6.948343e-17
7647.155391 7.448934e-17
7649.812429 7.792090e-17
7652.468803 7.988723e-17
7655.126874 8.481727e-17
7657.784245 8.642573e-17
7660.442578 9.106457e-17
7663.101038 8.981456e-17
7665.760304 9.090430e-17
7668.418849 9.351277e-17
7671.078838 9.518179e-17
7673.738362 9.869471e-17
7676.398396 9.633377e-17
7679.052497 9.713036e-17
7681.720309 9.894497e-17
7684.382034 9.596985e-17
7687.044257 9.680878e-17
7689.706347 9.306249e-17
7692.368355 9.242792e-17
7695.032064 9.435927e-17
7697.695020 9.343028e-17
7700.358722 9.267309e-17
7703.023196 9.259807e-17
7705.687176 9.431656e-17
7708.352249 9.260698e-17
7711.017355 9.438522e-17
7713.683829 9.208665e-17
7716.349548 9.276413e-17
7719.016119 8.986535e-17
7721.683268 8.750568e-17
7724.344038 8.968234e-17
7727.016971 8.732244e-17
7729.685143 9.033873e-17
7732.353072 9.069357e-17
7735.022209 8.947202e-17
7737.691389 9.213099e-17
7740.360160 8.854051e-17
7743.030097 8.705084e-17
7745.700594 8.751571e-17
7748.371230 8.854997e-17
7751.041835 8.349591e-17
7753.713459 8.437822e-17
7756.385230 8.434279e-17
7759.056771 8.391093e-17
7761.729827 8.413243e-17
7764.396957 8.141913e-17
7767.074956 8.255276e-17
7769.747514 8.129414e-17
7772.422368 7.987946e-17
7775.091594 8.098747e-17
7777.771000 7.886670e-17
7780.446344 7.948673e-17
7783.121692 7.904756e-17
7785.797515 7.987213e-17
7788.456907 7.945967e-17
7791.152020 9.578991e-17
7793.827051 7.842905e-17
7796.504322 7.688370e-17
7799.181566 7.553906e-17
7801.859494 7.572076e-17
7804.537150 7.845051e-17
7807.216202 7.880236e-17
7809.895414 7.946727e-17
7812.574497 8.263310e-17
7815.254128 8.140369e-17
7817.934707 8.122104e-17
7820.614871 8.360587e-17
7823.295841 8.275388e-17
7825.977209 8.172107e-17
7828.659225 8.185967e-17
7831.340743 8.275905e-17
7834.021932 8.284024e-17
7836.705155 8.527659e-17
7839.388115 8.662015e-17
7842.071950 8.425568e-17
7844.755394 8.457204e-17
7847.439494 8.499969e-17
7850.124103 8.685139e-17
7852.809049 8.845723e-17
7855.494169 8.594136e-17
7858.179579 9.052819e-17
7860.865781 8.911428e-17
7863.551741 9.384736e-17
7866.238480 9.222410e-17
7868.925075 9.760337e-17
7871.612567 9.694335e-17
7874.300194 9.804867e-17
7876.988228 1.006879e-16
7879.676609 1.040056e-16
7882.365103 1.060378e-16
7885.054692 1.065993e-16
7887.744132 1.111403e-16
7890.433916 1.115543e-16
7893.124145 1.119202e-16
7895.814300 1.133868e-16
7898.505733 1.165337e-16
7901.196758 1.195600e-16
7903.888062 1.234035e-16
7906.580237 1.264879e-16
7909.271844 1.291550e-16
7911.965384 1.327679e-16
7914.658203 1.329813e-16
7917.352021 1.391799e-16
7920.045631 1.405695e-16
7922.739449 1.401552e-16
7925.434365 1.411477e-16
7928.128662 1.435319e-16
7930.824022 1.453366e-16
7933.520010 1.485519e-16
7936.215582 1.517957e-16
7938.904828 1.531497e-16
7941.607933 1.528381e-16
7944.305671 1.551854e-16
7947.002757 1.554254e-16
7949.699813 1.534794e-16
7952.397651 1.545270e-16
7955.096936 1.554986e-16
7957.795989 1.534400e-16
7960.494067 1.508261e-16
7963.193082 1.525944e-16
7965.892821 1.484520e-16
7968.593760 1.489686e-16
7971.293451 1.469080e-16
7973.994106 1.456896e-16
7976.694900 1.452440e-16
7979.392912 1.441146e-16
7982.098444 1.402166e-16
7984.800379 1.424532e-16
7987.495931 1.413189e-16
7990.194047 1.393051e-16
7992.909141 1.379037e-16
7995.612630 1.359041e-16
7998.316714 1.344219e-16
8001.021194 1.344490e-16
8003.719855 1.330703e-16
8006.429904 1.333601e-16
8009.135040 1.331387e-16
8011.843601 1.336436e-16
8014.546950 1.331765e-16
8017.253356 1.328565e-16
8019.953076 1.329028e-16
8022.666333 1.321083e-16
8025.374273 1.328958e-16
8028.081919 1.284919e-16
8030.789772 1.320328e-16
8033.498065 1.308271e-16
8036.200968 1.284149e-16
8038.909394 1.297699e-16
8041.624780 1.272814e-16
8044.329492 1.276515e-16
8047.038023 1.247438e-16
8049.755205 1.239760e-16
8052.459610 1.246860e-16
8055.176990 1.216459e-16
8057.888211 1.245194e-16
8060.600249 1.234562e-16
8063.306121 1.195883e-16
8066.024764 1.209682e-16
8068.731310 1.226672e-16
8071.444306 1.211630e-16
8074.163784 1.249496e-16
8076.871151 1.210329e-16
8079.586341 1.204810e-16
8082.306291 1.203202e-16
8085.015139 1.196222e-16
8087.736621 1.182155e-16
8090.451591 1.177098e-16
8093.167257 1.168198e-16
8095.882074 1.138772e-16
8098.600577 1.164698e-16
8101.311207 1.132464e-16
8104.028350 1.128098e-16
8106.752475 1.123629e-16
8109.469698 1.112692e-16
8112.189261 1.106829e-16
8114.906031 1.101857e-16
8117.624757 1.148415e-16
8120.339570 1.098466e-16
8123.057716 1.100710e-16
8125.783692 1.072668e-16
8128.499081 1.099500e-16
8131.224080 1.048825e-16
8133.944783 1.018223e-16
8136.666377 1.004834e-16
8139.387831 1.036506e-16
8142.110743 1.035876e-16
8144.831905 1.014377e-16
8147.548659 9.998736e-17
8150.276746 9.792565e-17
8153.000407 9.550438e-17
8155.717902 9.669881e-17
8158.441761 9.689064e-17
8161.165946 9.355130e-17
8163.891482 8.971121e-17
8166.619963 9.282052e-17
8169.337767 9.142779e-17
8172.071176 9.628177e-17
8174.796977 9.738609e-17
8177.515743 9.045898e-17
8180.249862 8.982136e-17
8182.971262 9.222546e-17
8185.707027 9.458006e-17
8188.431254 9.524946e-17
8191.153823 9.268628e-17
8193.890243 9.282975e-17
8196.615585 9.205290e-17
8199.344308 9.110962e-17
8202.068448 9.249378e-17
8204.802326 9.677252e-17
8207.532582 9.848430e-17
8210.257505 9.580998e-17
8212.988508 9.293545e-17
8215.723730 9.465309e-17
8218.455136 9.067748e-17
8221.186167 9.061183e-17
8223.917794 8.719751e-17
8226.650355 7.972835e-17
8229.382135 7.152184e-17
8232.114426 7.634557e-17
8234.847805 8.164050e-17
8237.581653 8.759970e-17
8240.310358 8.989668e-17
8243.048826 8.613059e-17
8245.783239 8.887188e-17
8248.517697 8.934694e-17
8251.252749 8.815779e-17
8253.988320 8.782568e-17
8256.723464 8.591404e-17
8259.459745 8.460111e-17
8262.196049 8.528613e-17
8264.931709 8.774363e-17
8267.664693 8.764491e-17
8270.406741 8.879108e-17
8273.143644 8.534462e-17
8275.881685 8.192864e-17
8278.619906 8.091095e-17
8281.358401 8.072495e-17
8284.097331 8.282467e-17
8286.836532 8.254679e-17
8289.575835 8.118277e-17
8292.315646 8.152448e-17
8295.055808 8.529087e-17
8297.796454 8.432714e-17
8300.537278 8.425424e-17
8303.278039 8.302932e-17
8306.019278 8.586192e-17
8308.761047 8.704173e-17
8311.503130 8.863334e-17
8314.245389 8.679699e-17
8316.988071 8.405316e-17
8319.731103 8.120198e-17
8322.474193 8.391832e-17
8325.217277 8.448478e-17
8327.957826 8.495767e-17
8330.704869 8.372505e-17
8333.450621 8.317370e-17
8336.195356 8.360521e-17
8338.940440 8.391174e-17
8341.686461 8.777881e-17
8344.432074 8.508921e-17
8347.178250 8.752656e-17
8349.924714 8.469531e-17
8352.671642 8.139601e-17
8355.418421 7.892347e-17
8358.166076 8.133079e-17
8360.913565 8.156064e-17
8363.661622 8.238100e-17
8366.409883 8.406180e-17
8369.158693 8.396504e-17
8371.907811 8.445248e-17
8374.656826 8.400763e-17
8377.406540 8.480059e-17
8380.156321 8.860817e-17
8382.906414 8.779264e-17
8385.657442 9.041980e-17
8388.408119 9.155325e-17
8391.159100 9.178445e-17
8393.910563 9.136032e-17
8396.662600 9.088417e-17
8399.414569 9.294534e-17
8402.167291 9.317356e-17
8404.920111 9.110292e-17
8407.672858 8.800112e-17
8410.426245 8.825747e-17
8413.179884 9.095695e-17
8415.933964 8.895205e-17
8418.688351 8.951106e-17
8421.442832 8.825860e-17
8424.197463 8.961270e-17
8426.952868 8.635513e-17
8429.708798 8.827691e-17
8432.464554 8.780382e-17
8435.220791 8.803640e-17
8437.977476 8.694482e-17
8440.733885 8.773298e-17
8443.491155 8.444891e-17
8446.247878 8.096666e-17
8449.006089 8.172559e-17
8451.764417 7.888603e-17
8454.522514 8.090457e-17
8457.281070 8.292411e-17
8460.040281 8.187676e-17
8462.799566 7.662945e-17
8465.558886 8.007848e-17
8468.319226 7.710237e-17
8471.079374 7.757975e-17
8473.834011 7.602907e-17
8476.599939 7.657481e-17
8479.361720 7.479263e-17
8482.123133 7.661064e-17
8484.884366 7.423646e-17
8487.647018 7.605396e-17
8490.409391 7.583871e-17
8493.171703 7.563742e-17
8495.934803 7.605935e-17
8498.698181 7.452204e-17
8501.461506 7.415198e-17
8504.225749 7.395050e-17
8506.989990 7.227256e-17
8509.754531 7.081451e-17
8512.519039 7.126047e-17
8515.284076 6.863711e-17
8518.049279 6.765312e-17
8520.815368 6.870906e-17
8523.581375 6.765382e-17
8526.347635 6.977019e-17
8529.114069 6.776408e-17
8531.881059 6.728402e-17
8534.647984 6.606903e-17
8537.410770 6.676906e-17
8540.183978 6.619477e-17
8542.952223 6.672058e-17
8545.720883 6.658380e-17
8548.489512 6.913643e-17
8551.258333 6.914776e-17
8554.027987 7.154723e-17
8556.797852 7.057771e-17
8559.569167 7.092184e-17
8562.337727 7.198798e-17
8565.108069 7.152752e-17
8567.879067 7.161252e-17
8570.650536 7.200341e-17
8573.422029 7.638675e-17
8576.188634 7.753632e-17
8578.960600 7.877082e-17
8581.738087 8.300036e-17
8584.511115 8.123513e-17
8587.279288 8.211079e-17
8590.057505 8.511535e-17
8592.831202 9.091024e-17
8595.600099 9.396740e-17
8598.379457 9.593184e-17
8601.153973 9.722188e-17
8603.920427 9.660118e-17
8606.704156 1.057638e-16
8609.479569 1.064576e-16
8612.250021 1.113483e-16
8615.031258 1.163047e-16
8617.807543 1.198033e-16
8620.579127 1.201940e-16
8623.361753 1.265851e-16
8626.133589 1.312400e-16
8628.916403 1.392985e-16
8631.694147 1.443437e-16
8634.472573 1.466083e-16
8637.245399 1.490365e-16
8640.029431 1.523034e-16
8642.808665 1.588803e-16
8645.582806 1.623633e-16
8648.363005 1.682041e-16
8651.142608 1.698834e-16
8653.922885 1.757664e-16
8656.708400 1.744714e-16
8659.489243 1.773421e-16
8662.265799 1.857952e-16
8665.047095 1.878416e-16
8667.828610 1.890613e-16
8670.610461 1.904010e-16
8673.392745 1.924213e-16
8676.180793 1.952065e-16
8678.958738 2.020480e-16
8681.746569 2.040746e-16
8684.525166 2.040382e-16
8687.309003 2.097941e-16
8690.098152 2.111812e-16
8692.882588 2.132243e-16
8695.663683 2.128085e-16
8698.452956 2.154149e-16
8701.238025 2.188493e-16
8704.023739 2.201971e-16
8706.809417 2.172852e-16
8709.595583 2.160547e-16
8712.383307 2.164806e-16
8715.169338 2.152957e-16
8717.956516 2.147871e-16
8720.743412 2.126265e-16
8723.531313 2.125063e-16
8726.319101 2.113959e-16
8729.107403 2.103016e-16
8731.896609 2.155670e-16
8734.685423 2.163793e-16
8737.474364 2.207133e-16
8740.263607 2.182968e-16
8743.053143 2.176223e-16
8745.843809 2.203821e-16
8748.634331 2.242642e-16
8751.425422 2.295876e-16
8754.220975 2.324556e-16
8757.007604 2.363195e-16
8759.798933 2.357033e-16
8762.591105 2.381726e-16
8765.383296 2.476193e-16
8768.176120 2.512456e-16
8770.968581 2.534347e-16
8773.761441 2.541720e-16
8776.554922 2.574666e-16
8779.348677 2.636072e-16
8782.142688 2.712235e-16
8784.937041 2.739819e-16
8787.731210 2.792636e-16
8790.525753 2.792987e-16
8793.320774 2.841783e-16
8796.112586 2.846956e-16
8798.907400 2.910923e-16
8801.703741 2.989923e-16
8804.499877 3.054945e-16
8807.297001 3.034452e-16
8810.094769 3.068131e-16
8812.891597 3.108772e-16
8815.689176 3.170829e-16
8818.487077 3.271838e-16
8821.283252 3.257488e-16
8824.080699 3.330813e-16
8826.885438 3.413709e-16
8829.684580 3.456278e-16
8832.483852 3.442820e-16
8835.282977 3.505819e-16
8838.081112 3.505344e-16
8840.872154 3.487082e-16
8843.683019 3.466193e-16
8846.474980 3.490142e-16
8849.278316 3.579253e-16
8852.082744 3.580374e-16
8854.883207 3.444012e-16
8857.685717 3.485893e-16
8860.492675 3.506972e-16
8863.290235 3.567401e-16
8866.103951 3.670550e-16
8868.899880 3.553415e-16
8871.703458 3.607444e-16
8874.502599 3.502036e-16
8877.312153 3.435455e-16
8880.108703 3.548266e-16
8882.916080 3.591324e-16
8885.724383 3.472890e-16
8888.530901 3.472972e-16
8891.324362 3.418725e-16
8894.140202 3.278957e-16
8896.942895 3.330340e-16
8899.759863 3.297767e-16
8902.559720 3.232498e-16
8905.359277 3.160711e-16
8908.175769 3.137490e-16
8910.980256 3.088487e-16
8913.788063 3.079428e-16
8916.584985 3.188581e-16
8919.404334 3.101746e-16
8922.212514 3.004816e-16
8925.021840 2.950185e-16
8927.830498 2.861477e-16
8930.637050 2.868095e-16
8933.445258 2.792507e-16
8936.259458 2.838113e-16
8939.069588 2.764966e-16
8941.883189 2.722139e-16
8944.692381 2.650895e-16
8947.503748 2.579267e-16
8950.307242 2.472061e-16
8953.126015 2.500650e-16
8955.938323 2.487347e-16
8958.731423 2.436192e-16
8961.562919 2.293680e-16
8964.375963 2.253547e-16
8967.194093 2.332396e-16
8970.001921 2.241251e-16
8972.813995 2.247397e-16
8975.635937 2.274338e-16
8978.442211 2.194915e-16
8981.258809 2.158100e-16
8984.086576 2.090440e-16
8986.889468 1.822977e-16
8989.704641 1.785203e-16
8992.530703 2.040413e-16
8995.336509 2.140015e-16
8998.152937 2.024039e-16
9000.971497 1.973595e-16
9003.786816 1.950871e-16
9006.604535 1.952186e-16
9009.434085 1.964227e-16
9012.239310 1.865941e-16
9015.057002 1.834199e-16
9017.885293 1.941371e-16
9020.694024 1.861202e-16
9023.513638 1.846371e-16
9026.326526 1.895123e-16
9029.149129 1.834309e-16
9031.969303 1.946837e-16
9034.803478 1.928415e-16
9037.612598 1.916845e-16
9040.433196 1.859681e-16
9043.266750 1.910408e-16
9046.076104 1.880491e-16
9048.897038 1.873443e-16
9051.730957 1.807313e-16
9054.542466 1.822806e-16
9057.364863 1.760685e-16
9060.171515 1.646347e-16
9063.006897 1.690537e-16
9065.832868 1.691205e-16
9068.667170 1.600029e-16
9071.481491 1.588582e-16
9074.304310 1.619969e-16
9077.140712 1.595964e-16
9079.949028 1.580717e-16
9082.778132 1.599558e-16
9085.616189 1.650589e-16
9088.428908 1.633272e-16
9091.255379 1.609280e-16
9094.094798 1.702634e-16
9096.907913 1.587974e-16
9099.734710 1.633391e-16
9102.574829 1.676513e-16
9105.388935 1.547311e-16
9108.215781 1.590074e-16
9111.079376 1.567831e-16
9113.907801 1.498173e-16
9116.707266 1.560771e-16
9119.523617 1.571555e-16
9122.355832 1.601561e-16
9125.187739 1.547830e-16
9128.032170 1.555241e-16
9130.847110 1.423965e-16
9133.677634 1.337294e-16
9136.488634 1.449044e-16
9139.338712 1.510320e-16
9142.169074 1.528880e-16
9144.989340 1.498278e-16
9147.835251 1.452637e-16
9150.665503 1.364741e-16
9153.490138 1.266390e-16
9156.332550 1.356213e-16
9159.162320 1.405009e-16
9162.005174 1.384290e-16
9164.853095 1.431814e-16
9167.661882 1.365551e-16
9170.505192 1.319847e-16
9173.323013 1.157769e-16
9176.164984 1.223961e-16
9179.013917 1.357540e-16
9181.840325 1.279254e-16
9184.670404 1.282025e-16
9187.509376 1.326656e-16
9190.341519 1.273660e-16
9193.177727 1.211591e-16
9196.011184 1.174534e-16
9198.854381 1.283587e-16
9201.688602 1.294597e-16
9204.529030 1.264172e-16
9207.356731 1.205778e-16
9210.201437 1.192097e-16
9213.034696 1.129692e-16
9215.866265 1.114686e-16
9218.717006 1.151247e-16
9221.548826 1.151258e-16
9224.389205 1.221366e-16
9227.236759 1.238997e-16
9230.072578 1.217234e-16
9232.909107 1.107565e-16
9235.749466 1.064902e-16
9238.600402 1.201574e-16
9241.433840 1.069586e-16
9244.273126 1.080072e-16
9247.114280 1.069614e-16
9249.958717 1.064062e-16
9252.798365 1.016190e-16
9255.643711 1.071562e-16
9258.491164 1.029282e-16
9261.333603 1.089714e-16
9264.172203 1.159206e-16
9267.005499 1.086324e-16
9269.859273 1.083686e-16
9272.695812 9.564623e-17
9275.549176 1.012653e-16
9278.399443 1.202531e-16
9281.248212 1.265571e-16
9284.074605 1.447116e-16
9286.938700 1.175892e-16
9289.783287 1.018502e-16
9292.622778 8.562449e-17
9295.476246 8.167265e-17
9298.322184 7.180860e-17
9301.171763 8.436478e-17
9304.017552 7.669563e-17
9306.865855 7.435921e-17
9309.714303 7.075433e-17
9312.562509 6.399848e-17
9315.411185 5.673135e-17
9318.260120 5.863696e-17
9321.109233 5.559724e-17
9323.958856 5.916286e-17
9326.808182 6.235658e-17
9329.658282 5.654840e-17
9332.508527 4.927383e-17
9335.362235 4.555976e-17
9338.210065 4.304719e-17
9341.061479 3.701157e-17
9343.912892 5.053790e-17
9346.763939 6.428143e-17
9349.616658 5.554168e-17
9352.463246 4.420395e-17
9355.322058 4.552793e-17
9358.178109 5.714694e-17
9361.029985 6.225094e-17
9363.881974 5.564051e-17
9366.735308 5.101389e-17
9369.590075 5.464005e-17
9372.444262 5.622694e-17
9375.298981 5.508805e-17
9378.154130 5.138798e-17
9381.009186 5.737926e-17
9383.864296 6.718524e-17
9386.707695 6.636128e-17
9389.552675 7.545835e-17
9392.432267 8.309434e-17
9395.293702 8.100133e-17
9398.146170 7.892521e-17
9401.005855 8.321553e-17
9403.837821 7.317023e-17
9406.719322 7.902930e-17
9409.578913 7.896249e-17
9412.444263 9.228453e-17
9415.289011 8.042350e-17
9418.154141 8.909830e-17
9421.013213 8.874559e-17
9423.872854 7.342813e-17
9426.731990 6.774685e-17
9429.586350 8.276892e-17
9432.430887 7.740580e-17
9435.313944 7.838697e-17
9438.175496 6.600622e-17
9441.036775 7.275692e-17
9443.898549 9.138140e-17
9446.758649 9.972861e-17
9449.616862 9.105486e-17
9452.485131 8.153748e-17
9455.351421 7.635331e-17
9458.210932 7.745647e-17
9461.073979 8.644083e-17
9463.936440 8.886502e-17
9466.795499 8.769587e-17
9469.669522 9.858035e-17
9472.534103 9.236651e-17
9475.395384 8.146880e-17
9478.260702 7.515931e-17
9481.128622 8.556480e-17
9483.985638 8.681830e-17
9486.858337 9.424992e-17
9489.723530 7.975335e-17
9492.595918 6.742419e-17
9495.460095 5.951349e-17
9498.324373 5.627515e-17
9501.198592 6.917166e-17
9504.056104 8.107036e-17
9506.925988 8.610142e-17
9509.777172 6.928278e-17
9512.664072 7.048025e-17
9515.537290 6.081655e-17
9518.405401 5.464037e-17
9521.272499 5.589870e-17
9524.146475 5.936969e-17
9527.003985 5.819640e-17
9529.879264 6.004411e-17
9532.757486 6.586757e-17
9535.618535 6.327154e-17
9538.494727 5.708381e-17
9541.366856 5.183255e-17
9544.244683 6.174387e-17
9547.110491 5.541583e-17
9549.983318 5.514285e-17
9552.853082 4.878595e-17
9555.729014 5.101614e-17
9558.602136 5.373605e-17
9561.480306 5.128908e-17
9564.350533 4.830241e-17
9567.224172 5.102898e-17
9570.098254 5.732192e-17
9572.977098 6.329024e-17
9575.852541 5.572198e-17
9578.721076 4.843791e-17
9581.601751 5.455206e-17
9584.476868 5.376048e-17
9587.354803 4.786103e-17
9590.233573 4.898927e-17
9593.112840 5.712973e-17
9595.980558 5.460287e-17
9598.861187 5.817055e-17
9601.741136 5.685861e-17
9604.614650 5.352106e-17
9607.499850 6.218502e-17
9610.372079 5.732535e-17
9613.251380 5.647537e-17
9616.136053 6.049835e-17
9619.013286 5.732729e-17
9621.889183 5.414795e-17
9624.763599 5.247184e-17
9627.646532 5.567438e-17
9630.529442 5.973994e-17
9633.405437 5.108421e-17
9636.295848 5.552906e-17
9639.173803 5.233838e-17
9642.061424 5.610502e-17
9644.941594 5.605695e-17
9647.824614 5.419323e-17
9650.682144 5.050703e-17
9653.586019 5.535625e-17
9656.473504 5.520024e-17
9659.363135 5.467627e-17
9662.240302 5.391306e-17
9665.121502 5.240380e-17
9668.000585 5.135532e-17
9670.890439 5.440374e-17
9673.775928 5.457572e-17
9676.658677 4.902544e-17
9679.546653 5.018994e-17
9682.432556 5.232851e-17
9685.314752 4.968080e-17
9688.209374 5.627855e-17
9691.092463 5.476083e-17
9693.985692 5.796211e-17
9696.867724 5.181283e-17
9699.755240 5.036244e-17
9702.638575 4.366919e-17
9705.531368 5.178575e-17
9708.420073 5.042191e-17
9711.312316 5.279104e-17
9714.202607 5.012785e-17
9717.087717 4.953627e-17
9719.979458 4.803279e-17
9722.872087 5.130276e-17
9725.758562 4.887759e-17
9728.651621 4.605138e-17
9731.541288 4.511259e-17
9734.431964 4.259636e-17
9737.329215 5.128537e-17
9740.219702 5.184000e-17
9743.107081 4.433323e-17
9746.006134 4.612218e-17
9748.895997 5.581887e-17
9751.791524 6.490724e-17
9754.685273 6.737349e-17
9757.571423 6.781564e-17
9760.467729 5.763972e-17
9763.365061 4.632478e-17
9766.262918 4.969245e-17
9769.152460 4.301143e-17
9772.047221 4.398599e-17
9774.948765 4.557774e-17
9777.838368 3.883782e-17
9780.734360 3.774913e-17
9783.633668 3.510951e-17
9786.527300 3.648176e-17
9789.424667 3.491195e-17
9792.322740 3.359866e-17
9795.219642 3.746572e-17
9798.118442 3.524997e-17
9801.018778 3.481219e-17
9803.914951 3.981723e-17
9806.817118 4.194531e-17
9809.715536 4.242099e-17
9812.615493 3.924138e-17
9815.512354 3.585579e-17
9818.414088 4.066397e-17
9821.312568 3.560988e-17
9824.215972 3.815476e-17
9827.121226 3.849096e-17
9830.015098 3.482703e-17
9832.916586 3.477831e-17
9835.823180 4.111166e-17
9838.726471 3.476560e-17
9841.624196 3.353600e-17
9844.529705 3.619725e-17
9847.432681 3.756342e-17
9850.332747 3.357661e-17
9853.236237 3.422221e-17
9856.147384 3.586195e-17
9859.045656 3.482860e-17
9861.950383 3.268361e-17
9864.858614 3.819618e-17
9867.760035 3.673532e-17
9870.665661 3.269538e-17
9873.572094 2.760811e-17
9876.477646 2.998009e-17
9879.386649 3.166317e-17
9882.294222 3.517896e-17
9885.197884 3.351845e-17
9888.105318 3.510385e-17
9891.012572 3.283768e-17
9893.921312 3.288826e-17
9896.829536 3.310981e-17
9899.737471 3.006446e-17
9902.646908 3.356848e-17
9905.556666 3.614032e-17
9908.465072 5.424917e-17
9911.377813 4.528945e-17
9914.287961 4.186403e-17
9917.195179 5.335764e-17
9920.107695 3.926243e-17
9923.019059 3.092145e-17
9925.933007 3.680376e-17
9928.843658 3.513271e-17
9931.753971 2.994227e-17
9934.668496 3.507681e-17
9937.581120 3.283840e-17
9940.491571 2.977384e-17
9943.405483 2.576469e-17
9946.318311 2.864996e-17
9949.232041 2.895774e-17
9952.148655 3.349874e-17
9955.061140 3.303885e-17
9957.975567 3.008420e-17
9960.890621 2.908912e-17
9963.806499 3.088928e-17
9966.722760 2.675548e-17
9969.638511 2.707634e-17
9972.553950 2.882300e-17
9975.471546 2.831540e-17
9978.390187 3.366159e-17
9981.307823 3.521464e-17
9984.223894 2.852374e-17
9987.143498 2.752514e-17
9990.060474 3.311259e-17
9992.978370 2.769663e-17
9995.897621 3.342041e-17
9998.817376 3.305947e-17
10001.735905 2.727622e-17
10004.655500 2.872141e-17
10007.576781 3.487505e-17
10010.495726 3.050590e-17
10013.416343 3.047358e-17
10016.339115 2.657882e-17
10019.259007 2.925200e-17
10022.181066 2.565062e-17
10025.102509 2.438627e-17
10028.025106 2.642554e-17
10030.948075 2.451729e-17
10033.870825 3.158936e-17
10036.795248 2.584222e-17
10039.717395 2.748951e-17
10042.642872 2.884777e-17
10045.567145 2.587588e-17
10048.490291 2.565847e-17
10051.415812 2.865099e-17
10054.340467 2.902337e-17
10057.265594 2.557170e-17
10060.191157 4.227336e-17
10063.117268 2.311129e-17
10066.044228 2.749135e-17
10068.970906 2.519409e-17
10071.898795 2.781523e-17
10074.825264 2.588724e-17
10077.752952 2.512235e-17
10080.680965 2.151676e-17
10083.609423 2.986195e-17
10086.538083 2.436155e-17
10089.468762 3.076494e-17
10092.396515 2.308213e-17
10095.326226 2.348753e-17
10098.256821 3.473760e-17
10101.186258 2.744644e-17
10104.116859 2.670849e-17
10107.047800 2.185082e-17
10109.979110 2.411346e-17
10112.910570 2.341863e-17
10115.842658 2.926806e-17
10118.774755 2.396659e-17
10121.707204 2.343467e-17
10124.640023 2.539845e-17
10127.573118 2.042504e-17
10130.506707 2.222279e-17
10133.440477 2.342316e-17
10136.375137 2.334419e-17
10139.309077 2.212402e-17
10142.243871 2.498826e-17
10145.178959 2.488949e-17
10148.114402 2.378679e-17
10151.050153 2.388115e-17
10153.986220 2.208426e-17
10156.922622 2.001415e-17
10159.859346 2.061782e-17
10162.796387 2.065681e-17
10165.733725 2.198730e-17
10168.671460 2.069074e-17
10171.609704 2.424676e-17
10174.547801 1.871113e-17
10177.486533 2.178842e-17
10180.425432 2.126189e-17
10183.364562 1.896352e-17
10186.304447 2.215740e-17
10189.244374 1.828809e-17
10192.184678 1.931654e-17
10195.125594 2.157516e-17
10198.065642 1.813016e-17
10201.007552 2.225151e-17
10203.949203 2.140427e-17
10206.891061 2.027813e-17
10209.833850 2.111660e-17
10212.775941 2.017040e-17
10215.718889 2.135270e-17
10218.661932 1.579809e-17
10221.605654 2.014995e-17
10224.549782 2.241062e-17
10227.493275 1.620761e-17
10230.438435 2.074930e-17
10233.383282 2.115893e-17
10236.327717 1.974469e-17
10239.273811 1.883602e-17
10242.219864 1.941983e-17
10245.166226 1.518081e-17
10248.112760 1.929441e-17
10251.059508 2.040810e-17
10254.005496 1.656324e-17
10256.953918 1.941112e-17
10259.901643 2.041086e-17
10262.850769 1.821322e-17
10265.798194 2.086275e-17
10268.747560 1.783732e-17
10271.696799 1.934402e-17
10274.645357 1.554902e-17
10277.596382 1.859422e-17
10280.546731 1.962141e-17
10283.496844 1.724034e-17
10286.448446 1.935830e-17
10289.399802 1.896987e-17
10292.349877 1.394309e-17
10295.303036 1.777407e-17
10298.255374 2.094008e-17
10301.207164 2.087768e-17
10304.160373 2.011250e-17
10307.113205 2.034556e-17
10310.064563 1.661786e-17
10313.020921 1.976260e-17
10315.974890 2.006938e-17
10318.928894 1.651069e-17
10321.883796 1.733653e-17
10324.839847 2.030705e-17
10327.794525 1.798169e-17
10330.748986 1.460383e-17
10333.707641 1.975428e-17
10336.663426 1.607389e-17
10339.620681 1.652646e-17
10342.578033 1.850912e-17
10345.535672 1.876433e-17
10348.493571 1.633557e-17
10351.452552 1.810958e-17
10354.410700 1.667908e-17
10357.368720 1.546888e-17
10360.328632 1.742361e-17
10363.288667 1.952051e-17
10366.250050 1.930378e-17
10369.210211 1.850225e-17
10372.170673 1.957535e-17
10375.131293 1.760102e-17
10378.093390 1.817857e-17
10381.054967 1.914732e-17
10384.018060 2.015337e-17
10386.978576 1.853588e-17
10389.942357 2.032345e-17
10392.904424 1.445229e-17
