3588.881516 -1.691659e-17
3590.972397 2.593044e-17
3593.063279 3.433598e-17
3595.154161 2.963144e-18
3597.245043 -2.943014e-17
3599.335924 -2.281146e-17
3601.426806 -3.683516e-18
3603.517688 9.073634e-18
3605.608569 8.679146e-18
3607.699451 3.526990e-18
3609.790333 -1.244403e-18
3611.881215 4.897787e-18
3613.972096 5.843416e-18
3616.062978 1.583931e-17
3618.153860 1.419409e-17
3620.244741 2.816322e-17
3622.335623 1.123418e-17
3624.426505 3.889690e-18
3626.517387 1.117993e-17
3628.608268 1.424501e-17
3630.699150 1.047355e-17
3632.790032 3.545542e-18
3634.880913 1.410579e-17
3636.971795 1.414561e-17
3639.062677 7.060645e-18
3641.153559 -2.167427e-18
3643.244440 1.290934e-18
3645.335322 -5.454719e-18
3647.426204 1.144551e-17
3649.517085 1.000996e-17
3651.607967 6.883856e-18
3653.698849 7.840040e-18
3655.789731 5.520417e-18
3657.880612 8.064554e-18
3659.971494 8.067172e-18
3662.062376 1.138714e-17
3664.153258 1.609073e-18
3666.244139 3.428205e-18
3668.335021 -1.275456e-19
3670.425903 2.160914e-17
3672.516784 1.766046e-17
3674.607666 -9.865993e-19
3676.698548 2.101160e-18
3678.789430 1.494618e-17
3680.880311 1.854095e-17
3682.971193 1.664427e-17
3685.062075 6.690145e-18
3687.152956 -1.926800e-19
3689.243838 6.263307e-18
3691.334720 4.162612e-18
3693.425602 1.257384e-17
3695.516483 1.199501e-17
3697.607365 3.276535e-18
3699.698247 1.022824e-17
3701.789128 1.216977e-17
3703.880010 1.742625e-17
3705.970892 7.089108e-18
3708.061774 9.944321e-18
3710.152655 1.579334e-17
3712.243537 1.805060e-17
3714.334419 1.482009e-17
3716.425301 2.512150e-18
3718.516182 -5.159370e-19
3720.607064 2.676110e-18
3722.697946 7.858389e-18
3724.788827 5.607296e-18
3726.879709 4.494908e-18
3728.970591 7.716228e-18
3731.061473 4.975423e-18
3733.152354 8.015154e-18
3735.243236 8.489075e-18
3737.334118 8.321851e-18
3739.424999 3.193387e-18
3741.515881 1.012328e-17
3743.606763 1.190521e-17
3745.697645 4.347005e-18
3747.788526 2.541047e-18
3749.879408 1.383753e-17
3751.970290 1.490996e-17
3754.061171 3.493438e-18
3756.152053 1.299582e-18
3758.242935 6.429276e-18
3760.333817 1.353949e-17
3762.424698 3.851449e-18
3764.515580 1.145696e-18
3766.606462 9.842199e-18
3768.697343 1.250799e-17
3770.788225 1.286607e-17
3772.879107 1.217786e-17
3774.969989 8.571405e-18
3777.060870 4.184363e-18
3779.151752 3.912526e-18
3781.242634 1.107298e-17
3783.333516 8.837680e-18
3785.424397 4.424350e-18
3787.515279 5.675537e-18
3789.606161 6.130543e-18
3791.697042 5.084570e-18
3793.787924 6.234875e-18
3795.878806 7.488462e-18
3797.969688 6.472347e-18
3800.060569 3.811057e-18
3802.151451 3.048979e-19
3804.242333 -1.687107e-18
3806.333214 3.975349e-18
3808.424096 6.972678e-18
3810.514978 6.020856e-18
3812.605860 6.695171e-18
3814.696741 7.140319e-18
3816.787623 6.910651e-18
3818.878505 2.233973e-18
3820.969386 7.582225e-18
3823.060268 1.243119e-17
3825.151150 8.451858e-18
3827.242032 3.068885e-18
3829.332913 5.382875e-18
3831.423795 1.199082e-17
3833.514677 1.250129e-17
3835.605559 7.511656e-18
3837.696440 7.622033e-18
3839.787322 3.482857e-18
3841.878204 7.056197e-18
3843.969085 9.709461e-18
3846.059967 8.353045e-18
3848.150849 6.981304e-18
3850.241731 6.981304e-18
3852.332612 6.981304e-18
3854.423494 6.981304e-18
3856.514376 6.981304e-18
3858.605257 2.560629e-17
3860.696139 1.246523e-17
3862.787021 6.992053e-18
3864.877903 7.163328e-18
3866.968784 9.085913e-18
3869.059666 6.936392e-18
3871.150548 8.979209e-18
3873.241429 1.160482e-17
3875.332311 9.527565e-18
3877.423193 1.053956e-17
3879.514075 1.320786e-17
3881.604956 1.564331e-17
3883.695838 1.638990e-17
3885.786720 1.480209e-17
3887.877601 1.245990e-17
3889.968483 1.255105e-17
3892.059365 9.108245e-18
3894.150247 8.993615e-18
3896.241128 1.803988e-17
3898.332010 1.690584e-17
3900.422892 1.337220e-17
3902.513774 1.167016e-17
3904.604655 1.502329e-17
3906.695537 1.324343e-17
3908.786419 1.227384e-17
3910.877300 1.090803e-17
3912.968182 1.379515e-17
3915.059064 1.253521e-17
3917.149946 1.111500e-17
3919.240827 1.416202e-17
3921.331709 1.466350e-17
3923.422591 1.342342e-17
3925.513472 1.622460e-17
3927.604354 1.400158e-17
3929.695236 1.391766e-17
3931.786118 1.040442e-17
3933.876999 8.308401e-18
3935.967881 1.148031e-17
3938.058763 1.156730e-17
3940.149644 8.643445e-18
3942.240526 1.071034e-17
3944.331408 1.736130e-17
3946.422290 1.305099e-17
3948.513171 8.412025e-18
3950.604053 9.146319e-18
3952.694935 9.457991e-18
3954.785817 1.184619e-17
3956.876698 1.255296e-17
3958.967580 1.271758e-17
3961.058462 1.036650e-17
3963.149343 6.160687e-18
3965.240225 1.140877e-18
3967.331107 3.238512e-18
3969.421989 7.992623e-18
3971.512870 6.211958e-18
3973.603752 5.211134e-18
3975.694634 5.969356e-18
3977.785515 6.725783e-18
3979.876397 9.722956e-18
3981.967279 1.195007e-17
3984.058161 1.108703e-17
3986.149042 1.037528e-17
3988.239924 7.815990e-18
3990.330806 1.212895e-17
3992.421687 1.151795e-17
3994.512569 1.379821e-17
3996.603451 1.583035e-17
3998.694333 1.549813e-17
4000.785214 1.153323e-17
4002.876096 9.197405e-18
4004.966978 1.262164e-17
4007.057860 1.465646e-17
4009.148741 1.475678e-17
4011.239623 1.602547e-17
4013.330505 1.452860e-17
4015.421386 1.140080e-17
4017.512268 1.443492e-17
4019.603150 1.572012e-17
4021.694032 1.609039e-17
4023.784913 1.219458e-17
4025.875795 9.758867e-18
4027.966677 8.865449e-18
4030.057558 9.429388e-18
4032.148440 1.037728e-17
4034.239322 9.539334e-18
4036.330204 9.913038e-18
4038.421085 1.070427e-17
4040.511967 9.600627e-18
4042.602849 1.371006e-17
4044.693730 1.592942e-17
4046.784612 1.552901e-17
4048.875494 1.488326e-17
4050.966376 1.514027e-17
4053.057257 1.588539e-17
4055.148139 1.357860e-17
4057.239021 1.171775e-17
4059.329902 1.328446e-17
4061.420784 1.422962e-17
4063.511666 1.291586e-17
4065.602548 1.241179e-17
4067.693429 1.384241e-17
4069.784311 1.403174e-17
4071.875193 1.159122e-17
4073.966075 1.363749e-17
4076.056956 1.687575e-17
4078.147838 1.205206e-17
4080.238720 1.002594e-17
4082.329601 1.140935e-17
4084.420483 1.538180e-17
4086.511365 1.619664e-17
4088.602247 1.578592e-17
4090.693128 1.567914e-17
4092.784010 1.602957e-17
4094.874892 1.648632e-17
4096.965773 1.708711e-17
4099.056655 1.811736e-17
4101.147537 1.789996e-17
4103.238419 1.835295e-17
4105.329300 1.829498e-17
4107.420182 2.254410e-17
4109.511064 2.019519e-17
4111.601945 1.627089e-17
4113.692827 1.378786e-17
4115.783709 1.258546e-17
4117.874591 1.077667e-17
4119.965472 1.062045e-17
4122.056354 1.335159e-17
4124.147236 1.220030e-17
4126.238118 1.448425e-17
4128.328999 1.540704e-17
4130.419881 1.398629e-17
4132.510763 1.606396e-17
4134.601644 1.829340e-17
4136.692526 2.021001e-17
4138.783408 2.098757e-17
4140.874290 2.067154e-17
4142.965171 1.864938e-17
4145.056053 1.566100e-17
4147.146935 1.793279e-17
4149.237816 2.089555e-17
4151.328698 1.966155e-17
4153.419580 2.199835e-17
4155.510462 1.984378e-17
4157.601343 1.868939e-17
4159.692225 1.729086e-17
4161.783107 1.469779e-17
4163.873988 1.719196e-17
4165.964870 1.876260e-17
4168.055752 1.959201e-17
4170.146634 1.858638e-17
4172.237515 1.497683e-17
4174.328397 1.585178e-17
4176.419279 1.749919e-17
4178.510160 1.716523e-17
4180.601042 1.688480e-17
4182.691924 1.728679e-17
4184.782806 1.767330e-17
4186.873687 1.752203e-17
4188.964569 1.618099e-17
4191.055451 1.654905e-17
4193.146333 1.790728e-17
4195.237214 1.856309e-17
4197.328096 1.805120e-17
4199.418978 1.927083e-17
4201.509859 1.805881e-17
4203.600741 1.748345e-17
4205.691623 1.827521e-17
4207.782505 1.875114e-17
4209.873386 1.850124e-17
4211.964268 1.826563e-17
4214.055150 1.859591e-17
4216.146031 1.645559e-17
4218.236913 1.876156e-17
4220.327795 1.967288e-17
4222.418677 1.821624e-17
4224.509558 1.935163e-17
4226.600440 1.896649e-17
4228.691322 1.908924e-17
4230.782203 2.066658e-17
4232.873085 2.072304e-17
4234.963967 1.964359e-17
4237.054849 2.052048e-17
4239.145730 1.932862e-17
4241.236612 1.784957e-17
4243.327494 1.851573e-17
4245.418376 1.929664e-17
4247.509257 1.780575e-17
4249.600139 1.744524e-17
4251.691021 2.005269e-17
4253.781902 2.129972e-17
4255.872784 1.742697e-17
4257.963666 1.501195e-17
4260.054548 1.579133e-17
4262.145429 1.852584e-17
4264.236311 1.890729e-17
4266.327193 1.835240e-17
4268.418074 1.833744e-17
4270.508956 1.751069e-17
4272.599838 1.588147e-17
4274.690720 1.625639e-17
4276.781601 1.769363e-17
4278.872483 1.750576e-17
4280.963365 1.583850e-17
4283.054246 1.412796e-17
4285.145128 1.738303e-17
4287.236010 1.783912e-17
4289.326892 1.783912e-17
4291.417773 1.783912e-17
4293.508655 1.783912e-17
4295.599537 1.783912e-17
4297.690418 1.621698e-17
4299.781300 1.657940e-17
4301.872182 1.756732e-17
4303.963064 1.878667e-17
4306.053945 1.879359e-17
4308.144827 2.027111e-17
4310.235709 1.829518e-17
4312.326591 1.599789e-17
4314.417472 1.633337e-17
4316.508354 1.857259e-17
4318.599236 1.787439e-17
4320.690117 1.694799e-17
4322.780999 1.885519e-17
4324.871881 1.620387e-17
4326.962763 1.452415e-17
4329.053644 1.590998e-17
4331.144526 1.466931e-17
4333.235408 1.495266e-17
4335.326289 1.600031e-17
4337.417171 1.653323e-17
4339.508053 1.468397e-17
4341.598935 1.507195e-17
4343.689816 1.646202e-17
4345.780698 1.775217e-17
4347.871580 1.601536e-17
4349.962461 1.495616e-17
4352.053343 1.558802e-17
4354.144225 1.535538e-17
4356.235107 1.475059e-17
4358.325988 1.581722e-17
4360.416870 1.909500e-17
4362.507752 1.764795e-17
4364.598634 1.516092e-17
4366.689515 1.652771e-17
4368.780397 1.845736e-17
4370.871279 1.813370e-17
4372.962160 1.754680e-17
4375.053042 1.775902e-17
4377.143924 2.086090e-17
4379.234806 2.106636e-17
4381.325687 1.830837e-17
4383.416569 1.888735e-17
4385.507451 1.703583e-17
4387.598332 1.666971e-17
4389.689214 1.845443e-17
4391.780096 1.650578e-17
4393.870978 1.560950e-17
4395.961859 1.742336e-17
4398.052741 1.799615e-17
4400.143623 1.674934e-17
4402.234504 1.523932e-17
4404.325386 1.451421e-17
4406.416268 1.243508e-17
4408.507150 1.267031e-17
4410.598031 1.467386e-17
4412.688913 1.462434e-17
4414.779795 1.493551e-17
4416.870676 1.503032e-17
4418.961558 1.600712e-17
4421.052440 1.587454e-17
4423.143322 1.609737e-17
4425.234203 1.500850e-17
4427.325085 1.397403e-17
4429.415967 1.336745e-17
4431.506849 1.342024e-17
4433.597730 1.431106e-17
4435.688612 1.486208e-17
4437.779494 1.483015e-17
4439.870375 1.539554e-17
4441.961257 1.548371e-17
4444.052139 1.326899e-17
4446.143021 1.325309e-17
4448.233902 1.321566e-17
4450.324784 1.424420e-17
4452.415666 1.564213e-17
4454.506547 1.452875e-17
4456.597429 1.528128e-17
4458.688311 1.489933e-17
4460.779193 1.377772e-17
4462.870074 1.414696e-17
4464.960956 1.436681e-17
4467.051838 1.443245e-17
4469.142719 1.388582e-17
4471.233601 1.438120e-17
4473.324483 1.705387e-17
4475.415365 1.721451e-17
4477.506246 1.676651e-17
4479.597128 1.571656e-17
4481.688010 1.610889e-17
4483.778892 1.589371e-17
4485.869773 1.462915e-17
4487.960655 1.611223e-17
4490.051537 1.517038e-17
4492.142418 1.353219e-17
4494.233300 1.325106e-17
4496.324182 1.448784e-17
4498.415064 1.646465e-17
4500.505945 1.715170e-17
4502.596827 1.574106e-17
4504.687709 1.373537e-17
4506.778590 1.320790e-17
4508.869472 1.469974e-17
4510.960354 1.449067e-17
4513.051236 1.441782e-17
4515.142117 1.467639e-17
4517.232999 1.454377e-17
4519.323881 1.416723e-17
4521.414762 1.491265e-17
4523.505644 1.637025e-17
4525.596526 1.608380e-17
4527.687408 1.575386e-17
4529.778289 1.841555e-17
4531.869171 1.763788e-17
4533.960053 1.537980e-17
4536.050935 1.503289e-17
4538.141816 1.509011e-17
4540.232698 1.407010e-17
4542.323580 1.480513e-17
4544.414461 1.516641e-17
4546.505343 1.450103e-17
4548.596225 1.582679e-17
4550.687107 1.726127e-17
4552.777988 1.664278e-17
4554.868870 1.571053e-17
4556.959752 1.597410e-17
4559.050633 1.693371e-17
4561.141515 1.656985e-17
4563.232397 1.613787e-17
4565.323279 1.694914e-17
4567.414160 1.657827e-17
4569.505042 1.584747e-17
4571.595924 1.627113e-17
4573.686805 1.676577e-17
4575.777687 1.700787e-17
4577.868569 1.633876e-17
4579.959451 1.557484e-17
4582.050332 1.603266e-17
4584.141214 1.656454e-17
4586.232096 1.680870e-17
4588.322977 1.778164e-17
4590.413859 1.681697e-17
4592.504741 1.607235e-17
4594.595623 1.758242e-17
4596.686504 1.788588e-17
4598.777386 1.800371e-17
4600.868268 1.953856e-17
4602.959150 1.880106e-17
4605.050031 1.766806e-17
4607.140913 1.857089e-17
4609.231795 1.908002e-17
4611.322676 1.763713e-17
4613.413558 1.674283e-17
4615.504440 1.660722e-17
4617.595322 1.693833e-17
4619.686203 1.718317e-17
4621.777085 1.615488e-17
4623.867967 1.655892e-17
4625.958848 1.710009e-17
4628.049730 1.629040e-17
4630.140612 1.626078e-17
4632.231494 1.626078e-17
4634.322375 1.626078e-17
4636.413257 1.626078e-17
4638.504139 1.626078e-17
4640.595020 1.429175e-17
4642.685902 1.612195e-17
4644.776784 1.621739e-17
4646.867666 1.555668e-17
4648.958547 1.554357e-17
4651.049429 1.593331e-17
4653.140311 1.551393e-17
4655.231193 1.680407e-17
4657.322074 1.681453e-17
4659.412956 1.597708e-17
4661.503838 1.592800e-17
4663.594719 1.575916e-17
4665.685601 1.565607e-17
4667.776483 1.568701e-17
4669.867365 1.612795e-17
4671.958246 1.626607e-17
4674.049128 1.794891e-17
4676.140010 1.670659e-17
4678.230891 1.441015e-17
4680.321773 1.491938e-17
4682.412655 1.469294e-17
4684.503537 1.471550e-17
4686.594418 1.512693e-17
4688.685300 1.637663e-17
4690.776182 1.717582e-17
4692.867063 1.730195e-17
4694.957945 1.637687e-17
4697.048827 1.620607e-17
4699.139709 1.598827e-17
4701.230590 1.584060e-17
4703.321472 1.582597e-17
4705.412354 1.600598e-17
4707.503235 1.690366e-17
4709.594117 1.740412e-17
4711.684999 1.857881e-17
4713.775881 1.942651e-17
4715.866762 1.823422e-17
4717.957644 1.737672e-17
4720.048526 1.833893e-17
4722.139408 1.921590e-17
4724.230289 1.892819e-17
4726.321171 1.999505e-17
4728.412053 2.234973e-17
4730.502934 2.269183e-17
4732.593816 2.272600e-17
4734.684698 2.292496e-17
4736.775580 2.328501e-17
4738.866461 2.241269e-17
4740.957343 2.164308e-17
4743.048225 2.186384e-17
4745.139106 2.097943e-17
4747.229988 2.111617e-17
4749.320870 2.248294e-17
4751.411752 2.155070e-17
4753.502633 2.043828e-17
4755.593515 1.922415e-17
4757.684397 1.958137e-17
4759.775278 1.914606e-17
4761.866160 1.923508e-17
4763.957042 2.187291e-17
4766.047924 2.131570e-17
4768.138805 2.004482e-17
4770.229687 2.025753e-17
4772.320569 2.153508e-17
4774.411451 2.267890e-17
4776.502332 2.320659e-17
4778.593214 2.235111e-17
4780.684096 2.135670e-17
4782.774977 2.117443e-17
4784.865859 2.066127e-17
4786.956741 2.052302e-17
4789.047623 2.188195e-17
4791.138504 2.124592e-17
4793.229386 2.092271e-17
4795.320268 2.131075e-17
4797.411149 2.093380e-17
4799.502031 2.128743e-17
4801.592913 2.184967e-17
4803.683795 2.109480e-17
4805.774676 2.047637e-17
4807.865558 2.144393e-17
4809.956440 2.168378e-17
4812.047321 2.231731e-17
4814.138203 2.309288e-17
4816.229085 2.223745e-17
4818.319967 2.185078e-17
4820.410848 2.313085e-17
4822.501730 2.392777e-17
4824.592612 2.411640e-17
4826.683493 2.305710e-17
4828.774375 2.281061e-17
4830.865257 2.276652e-17
4832.956139 2.169953e-17
4835.047020 1.989399e-17
4837.137902 1.994307e-17
4839.228784 2.088174e-17
4841.319666 2.269246e-17
4843.410547 2.330480e-17
4845.501429 2.226696e-17
4847.592311 2.240246e-17
4849.683192 2.230448e-17
4851.774074 2.212950e-17
4853.864956 2.230148e-17
4855.955838 2.181286e-17
4858.046719 2.155135e-17
4860.137601 2.096258e-17
4862.228483 1.990185e-17
4864.319364 2.015269e-17
4866.410246 1.981027e-17
4868.501128 1.979444e-17
4870.592010 2.129916e-17
4872.682891 2.109698e-17
4874.773773 2.070275e-17
4876.864655 2.142176e-17
4878.955536 2.166802e-17
4881.046418 2.256635e-17
4883.137300 2.194786e-17
4885.228182 2.056325e-17
4887.319063 2.150915e-17
4889.409945 2.120297e-17
4891.500827 2.064194e-17
4893.591709 2.157734e-17
4895.682590 2.145887e-17
4897.773472 2.034881e-17
4899.864354 2.017810e-17
4901.955235 2.050313e-17
4904.046117 2.047652e-17
4906.136999 2.054752e-17
4908.227881 2.073527e-17
4910.318762 2.039952e-17
4912.409644 2.068628e-17
4914.500526 2.146089e-17
4916.591407 2.051515e-17
4918.682289 1.959126e-17
4920.773171 2.019466e-17
4922.864053 1.964180e-17
4924.954934 1.840115e-17
4927.045816 1.837752e-17
4929.136698 1.952117e-17
4931.227579 1.898368e-17
4933.318461 1.872938e-17
4935.409343 1.797250e-17
4937.500225 1.703477e-17
4939.591106 1.724677e-17
4941.681988 1.656179e-17
4943.772870 1.600988e-17
4945.863751 1.615585e-17
4947.954633 1.544445e-17
4950.045515 1.576611e-17
4952.136397 1.728444e-17
4954.227278 1.774559e-17
4956.318160 1.740506e-17
4958.409042 1.587840e-17
4960.499924 1.444545e-17
4962.590805 1.515049e-17
4964.681687 1.538393e-17
4966.772569 1.548253e-17
4968.863450 1.819840e-17
4970.954332 1.855889e-17
4973.045214 1.656104e-17
4975.136096 1.599841e-17
4977.226977 1.662075e-17
4979.317859 1.530962e-17
4981.408741 1.397915e-17
4983.499622 1.524412e-17
4985.590504 1.522625e-17
4987.681386 1.424658e-17
4989.772268 1.487273e-17
4991.863149 1.628250e-17
4993.954031 1.778327e-17
4996.044913 1.919470e-17
4998.135794 1.914276e-17
5000.226676 1.509520e-17
5002.317558 1.139953e-17
5004.408440 1.498951e-17
5006.499321 1.939841e-17
5008.590203 1.955267e-17
5010.681085 2.051960e-17
5012.771967 2.193109e-17
5014.862848 2.349019e-17
5016.953730 2.269923e-17
5019.044612 2.178940e-17
5021.135493 2.201587e-17
5023.226375 2.182849e-17
5025.317257 2.168618e-17
5027.408139 2.144860e-17
5029.499020 2.217184e-17
5031.589902 2.189726e-17
5033.680784 2.025824e-17
5035.771665 2.192918e-17
5037.862547 2.783062e-17
5039.953429 3.037644e-17
5042.044311 2.796130e-17
5044.135192 2.272586e-17
5046.226074 1.747411e-17
5048.316956 1.644734e-17
5050.407837 1.719335e-17
5052.498719 1.761285e-17
5054.589601 1.750532e-17
5056.680483 1.727254e-17
5058.771364 1.730252e-17
5060.862246 1.793654e-17
5062.953128 1.949948e-17
5065.044009 2.014629e-17
5067.134891 1.935405e-17
5069.225773 1.823279e-17
5071.316655 1.910273e-17
5073.407536 2.115333e-17
5075.498418 2.183894e-17
5077.589300 2.116499e-17
5079.680182 2.135506e-17
5081.771063 2.134462e-17
5083.861945 2.151993e-17
5085.952827 2.200129e-17
5088.043708 2.292360e-17
5090.134590 2.426444e-17
5092.225472 2.494050e-17
5094.316354 2.500582e-17
5096.407235 2.378800e-17
5098.498117 2.299649e-17
5100.588999 2.363828e-17
5102.679880 2.407258e-17
5104.770762 2.418168e-17
5106.861644 2.551681e-17
5108.952526 2.477274e-17
5111.043407 2.470885e-17
5113.134289 2.374128e-17
5115.225171 2.256611e-17
5117.316052 2.289639e-17
5119.406934 2.233131e-17
5121.497816 2.182751e-17
5123.588698 2.189880e-17
5125.679579 2.150341e-17
5127.770461 2.089303e-17
5129.861343 2.123054e-17
5131.952225 2.104597e-17
5134.043106 1.977653e-17
5136.133988 1.940051e-17
5138.224870 1.928964e-17
5140.315751 2.081576e-17
5142.406633 2.143106e-17
5144.497515 2.070629e-17
5146.588397 1.862665e-17
5148.679278 1.715712e-17
5150.770160 1.706779e-17
5152.861042 1.631137e-17
5154.951923 1.579898e-17
5157.042805 1.650426e-17
5159.133687 1.724916e-17
5161.224569 1.830748e-17
5163.315450 1.949409e-17
5165.406332 1.941377e-17
5167.497214 1.960965e-17
5169.588095 2.002320e-17
5171.678977 1.945387e-17
5173.769859 1.968977e-17
5175.860741 2.118891e-17
5177.951622 2.208549e-17
5180.042504 2.231768e-17
5182.133386 2.203577e-17
5184.224268 2.195469e-17
5186.315149 2.356302e-17
5188.406031 2.906642e-17
5190.496913 3.357287e-17
5192.587794 3.294570e-17
5194.678676 3.073955e-17
5196.769558 2.728673e-17
5198.860440 2.483394e-17
5200.951321 2.454928e-17
5203.042203 2.420877e-17
5205.133085 2.277396e-17
5207.223966 2.272457e-17
5209.314848 2.266530e-17
5211.405730 2.153495e-17
5213.496612 2.188702e-17
5215.587493 2.281509e-17
5217.678375 2.270397e-17
5219.769257 2.228094e-17
5221.860138 2.274751e-17
5223.951020 2.284100e-17
5226.041902 2.166060e-17
5228.132784 2.042835e-17
5230.223665 2.016549e-17
5232.314547 2.119819e-17
5234.405429 2.180238e-17
5236.496310 2.134746e-17
5238.587192 2.141415e-17
5240.678074 2.170112e-17
5242.768956 2.130565e-17
5244.859837 2.202616e-17
5246.950719 2.254697e-17
5249.041601 2.168545e-17
5251.132483 2.052158e-17
5253.223364 1.957733e-17
5255.314246 1.992713e-17
5257.405128 2.069971e-17
5259.496009 2.037087e-17
5261.586891 1.979343e-17
5263.677773 1.961189e-17
5265.768655 1.909311e-17
5267.859536 1.816318e-17
5269.950418 1.864392e-17
5272.041300 1.832905e-17
5274.132181 1.886738e-17
5276.223063 2.010962e-17
5278.313945 1.915325e-17
5280.404827 1.887371e-17
5282.495708 1.962191e-17
5284.586590 1.921842e-17
5286.677472 1.894795e-17
5288.768353 1.830420e-17
5290.859235 1.697886e-17
5292.950117 1.612095e-17
5295.040999 1.608375e-17
5297.131880 1.575725e-17
5299.222762 1.466526e-17
5301.313644 1.387190e-17
5303.404526 1.413175e-17
5305.495407 1.560842e-17
5307.586289 1.661492e-17
5309.677171 1.619415e-17
5311.768052 1.498431e-17
5313.858934 1.467710e-17
5315.949816 1.511385e-17
5318.040698 1.645822e-17
5320.131579 1.640086e-17
5322.222461 1.585630e-17
5324.313343 1.664123e-17
5326.404224 1.755810e-17
5328.495106 1.750702e-17
5330.585988 1.718720e-17
5332.676870 1.748166e-17
5334.767751 1.779565e-17
5336.858633 1.793613e-17
5338.949515 1.786752e-17
5341.040396 1.743455e-17
5343.131278 1.785128e-17
5345.222160 1.869053e-17
5347.313042 1.963010e-17
5349.403923 1.964847e-17
5351.494805 1.871428e-17
5353.585687 1.912474e-17
5355.676568 2.015215e-17
5357.767450 2.003163e-17
5359.858332 1.897431e-17
5361.949214 1.831390e-17
5364.040095 1.810470e-17
5366.130977 1.827477e-17
5368.221859 1.906306e-17
5370.312741 1.967394e-17
5372.403622 1.931263e-17
5374.494504 1.835198e-17
5376.585386 1.773633e-17
5378.676267 1.775315e-17
5380.767149 1.859996e-17
5382.858031 1.893370e-17
5384.948913 1.865387e-17
5387.039794 1.831046e-17
5389.130676 1.837001e-17
5391.221558 1.970445e-17
5393.312439 2.076208e-17
5395.403321 2.006854e-17
5397.494203 1.898140e-17
5399.585085 1.859566e-17
5401.675966 1.850527e-17
5403.766848 1.946336e-17
5405.857730 2.037071e-17
5407.948611 2.017732e-17
5410.039493 2.000236e-17
5412.130375 1.958966e-17
5414.221257 1.976969e-17
5416.312138 2.006019e-17
5418.403020 1.907069e-17
5420.493902 1.806640e-17
5422.584784 1.864664e-17
5424.675665 1.930366e-17
5426.766547 1.945333e-17
5428.857429 1.915021e-17
5430.948310 1.895046e-17
5433.039192 2.020035e-17
5435.130074 2.080263e-17
5437.220956 2.014281e-17
5439.311837 2.063638e-17
5441.402719 2.043571e-17
5443.493601 1.948652e-17
5445.584482 1.968925e-17
5447.675364 2.012208e-17
5449.766246 1.944951e-17
5451.857128 2.063801e-17
5453.948009 1.995134e-17
5456.038891 1.847790e-17
5458.129773 1.765202e-17
5460.220654 1.809599e-17
5462.311536 1.806455e-17
5464.402418 1.757838e-17
5466.493300 1.698176e-17
5468.584181 1.704404e-17
5470.675063 1.797591e-17
5472.765945 1.929408e-17
5474.856826 1.916722e-17
5476.947708 1.849473e-17
5479.038590 1.877058e-17
5481.129472 1.893511e-17
5483.220353 1.924365e-17
5485.311235 2.008910e-17
5487.402117 2.053291e-17
5489.492999 2.012479e-17
5491.583880 2.030859e-17
5493.674762 2.023578e-17
5495.765644 2.045647e-17
5497.856525 2.103450e-17
5499.947407 2.123097e-17
5502.038289 2.119333e-17
5504.129171 2.118215e-17
5506.220052 2.165377e-17
5508.310934 2.228051e-17
5510.401816 2.132258e-17
5512.492697 2.014799e-17
5514.583579 2.008995e-17
5516.674461 2.038406e-17
5518.765343 2.034078e-17
5520.856224 1.999032e-17
5522.947106 2.034015e-17
5525.037988 2.029751e-17
5527.128869 1.967863e-17
5529.219751 1.991444e-17
5531.310633 2.112734e-17
5533.401515 2.237075e-17
5535.492396 2.223274e-17
5537.583278 2.172707e-17
5539.674160 2.152210e-17
5541.765042 2.101746e-17
5543.855923 2.118282e-17
5545.946805 2.155611e-17
5548.037687 2.123312e-17
5550.128568 2.128172e-17
5552.219450 2.111964e-17
5554.310332 2.090438e-17
5556.401214 2.225013e-17
5558.492095 2.204476e-17
5560.582977 2.155074e-17
5562.673859 2.134501e-17
5564.764740 2.093606e-17
5566.855622 2.039628e-17
5568.946504 1.658776e-17
5571.037386 8.197667e-18
5573.128267 1.222889e-17
5575.219149 2.344148e-17
5577.310031 2.861181e-17
5579.400912 2.598971e-17
5581.491794 1.658209e-17
5583.582676 1.288913e-17
5585.673558 1.740723e-17
5587.764439 2.066439e-17
5589.855321 2.144545e-17
5591.946203 2.160561e-17
5594.037084 2.169495e-17
5596.127966 2.182327e-17
5598.218848 2.131495e-17
5600.309730 2.112723e-17
5602.400611 2.148678e-17
5604.491493 2.198504e-17
5606.582375 2.201630e-17
5608.673257 2.134570e-17
5610.764138 2.154287e-17
5612.855020 2.150250e-17
5614.945902 2.212275e-17
5617.036783 2.294719e-17
5619.127665 2.239507e-17
5621.218547 2.160948e-17
5623.309429 2.174109e-17
5625.400310 2.213696e-17
5627.491192 2.211933e-17
5629.582074 2.225545e-17
5631.672955 2.200410e-17
5633.763837 2.162485e-17
5635.854719 2.117202e-17
5637.945601 2.088415e-17
5640.036482 2.120056e-17
5642.127364 2.145101e-17
5644.218246 2.155610e-17
5646.309127 2.160317e-17
5648.400009 2.043074e-17
5650.490891 1.982604e-17
5652.581773 2.061179e-17
5654.672654 2.076203e-17
5656.763536 2.015441e-17
5658.854418 2.059500e-17
5660.945300 2.152743e-17
5663.036181 2.151500e-17
5665.127063 2.139410e-17
5667.217945 2.098198e-17
5669.308826 2.052689e-17
5671.399708 2.098618e-17
5673.490590 2.046257e-17
5675.581472 1.966316e-17
5677.672353 1.928847e-17
5679.763235 1.891264e-17
5681.854117 1.787029e-17
5683.944998 1.780367e-17
5686.035880 1.908336e-17
5688.126762 2.014583e-17
5690.217644 2.030127e-17
5692.308525 2.014157e-17
5694.399407 1.999896e-17
5696.490289 2.002703e-17
5698.581170 2.018928e-17
5700.672052 1.991832e-17
5702.762934 2.018336e-17
5704.853816 2.057503e-17
5706.944697 2.044168e-17
5709.035579 2.041330e-17
5711.126461 2.057090e-17
5713.217342 2.056851e-17
5715.308224 2.049439e-17
5717.399106 2.060367e-17
5719.489988 2.095163e-17
5721.580869 2.092265e-17
5723.671751 2.052093e-17
5725.762633 2.148733e-17
5727.853515 2.227430e-17
5729.944396 2.102116e-17
5732.035278 2.191300e-17
5734.126160 2.277196e-17
5736.217041 2.107328e-17
5738.307923 1.974855e-17
5740.398805 1.944035e-17
5742.489687 2.018415e-17
5744.580568 2.114512e-17
5746.671450 2.096106e-17
5748.762332 2.045692e-17
5750.853213 1.940952e-17
5752.944095 1.944417e-17
5755.034977 2.071788e-17
5757.125859 2.125380e-17
5759.216740 2.126142e-17
5761.307622 1.994139e-17
5763.398504 1.978410e-17
5765.489385 2.034170e-17
5767.580267 1.935664e-17
5769.671149 1.885802e-17
5771.762031 1.956159e-17
5773.852912 1.958319e-17
5775.943794 1.899313e-17
5778.034676 1.891181e-17
5780.125558 1.910710e-17
5782.216439 1.932951e-17
5784.307321 1.983708e-17
5786.398203 1.904232e-17
5788.489084 1.730999e-17
5790.579966 1.708146e-17
5792.670848 1.797742e-17
5794.761730 1.838587e-17
5796.852611 1.776825e-17
5798.943493 1.725351e-17
5801.034375 1.722452e-17
5803.125256 1.787359e-17
5805.216138 1.894803e-17
5807.307020 1.840601e-17
5809.397902 1.722803e-17
5811.488783 1.736011e-17
5813.579665 1.803535e-17
5815.670547 1.862710e-17
5817.761428 1.881708e-17
5819.852310 1.855748e-17
5821.943192 1.867527e-17
5824.034074 1.879471e-17
5826.124955 1.794496e-17
5828.215837 1.737784e-17
5830.306719 1.829871e-17
5832.397601 1.793006e-17
5834.488482 1.734517e-17
5836.579364 1.741560e-17
5838.670246 1.834172e-17
5840.761127 1.873530e-17
5842.852009 1.819673e-17
5844.942891 1.830557e-17
5847.033773 1.908321e-17
5849.124654 1.905925e-17
5851.215536 1.832205e-17
5853.306418 1.831824e-17
5855.397299 1.834584e-17
5857.488181 1.853843e-17
5859.579063 1.896044e-17
5861.669945 1.859495e-17
5863.760826 1.878747e-17
5865.851708 2.039242e-17
5867.942590 2.077235e-17
5870.033471 1.906922e-17
5872.124353 1.775659e-17
5874.215235 1.818897e-17
5876.306117 1.994630e-17
5878.396998 2.087112e-17
5880.487880 1.993072e-17
5882.578762 1.888118e-17
5884.669643 1.810441e-17
5886.760525 1.815008e-17
5888.851407 1.782582e-17
5890.942289 1.830229e-17
5893.033170 1.912318e-17
5895.124052 1.843936e-17
5897.214934 1.785175e-17
5899.305816 1.757879e-17
5901.396697 1.703738e-17
5903.487579 1.732145e-17
5905.578461 1.882556e-17
5907.669342 1.990604e-17
5909.760224 1.924957e-17
5911.851106 1.866757e-17
5913.941988 1.867554e-17
5916.032869 1.863662e-17
5918.123751 1.864408e-17
5920.214633 1.794981e-17
5922.305514 1.746639e-17
5924.396396 1.823490e-17
5926.487278 1.867030e-17
5928.578160 1.857019e-17
5930.669041 1.753731e-17
5932.759923 1.738670e-17
5934.850805 1.831450e-17
5936.941686 1.939254e-17
5939.032568 1.937838e-17
5941.123450 1.955929e-17
5943.214332 2.022102e-17
5945.305213 1.862254e-17
5947.396095 1.629913e-17
5949.486977 1.638657e-17
5951.577859 1.752411e-17
5953.668740 1.803337e-17
5955.759622 1.745871e-17
5957.850504 1.680739e-17
5959.941385 1.753115e-17
5962.032267 1.822598e-17
5964.123149 1.846998e-17
5966.214031 1.841865e-17
5968.304912 1.896214e-17
5970.395794 1.838141e-17
5972.486676 1.750263e-17
5974.577557 1.707315e-17
5976.668439 1.720408e-17
5978.759321 1.820677e-17
5980.850203 1.878839e-17
5982.941084 1.839653e-17
5985.031966 1.805993e-17
5987.122848 1.805283e-17
5989.213729 1.811296e-17
5991.304611 1.759774e-17
5993.395493 1.778888e-17
5995.486375 1.753100e-17
5997.577256 1.727586e-17
5999.668138 1.746749e-17
6001.759020 1.839847e-17
6003.849901 1.839603e-17
6005.940783 1.667282e-17
6008.031665 1.586883e-17
6010.122547 1.643811e-17
6012.213428 1.685025e-17
6014.304310 1.703891e-17
6016.395192 1.707628e-17
6018.486074 1.722086e-17
6020.576955 1.766203e-17
6022.667837 1.714530e-17
6024.758719 1.626114e-17
6026.849600 1.625733e-17
6028.940482 1.672412e-17
6031.031364 1.641009e-17
6033.122246 1.629850e-17
6035.213127 1.599494e-17
6037.304009 1.530381e-17
6039.394891 1.569176e-17
6041.485772 1.606849e-17
6043.576654 1.605387e-17
6045.667536 1.595987e-17
6047.758418 1.524499e-17
6049.849299 1.450192e-17
6051.940181 1.449477e-17
6054.031063 1.469526e-17
6056.121944 1.445788e-17
6058.212826 1.411963e-17
6060.303708 1.493621e-17
6062.394590 1.505798e-17
6064.485471 1.579746e-17
6066.576353 1.663848e-17
6068.667235 1.663917e-17
6070.758117 1.637265e-17
6072.848998 1.581896e-17
6074.939880 1.616448e-17
6077.030762 1.685687e-17
6079.121643 1.759926e-17
6081.212525 1.801343e-17
6083.303407 1.861112e-17
6085.394289 1.945619e-17
6087.485170 1.935557e-17
6089.576052 1.963226e-17
6091.666934 2.048207e-17
6093.757815 2.087593e-17
6095.848697 2.097921e-17
6097.939579 2.032226e-17
6100.030461 2.005230e-17
6102.121342 2.002698e-17
6104.212224 1.955430e-17
6106.303106 1.887929e-17
6108.393987 1.856310e-17
6110.484869 1.903675e-17
6112.575751 1.915992e-17
6114.666633 1.896841e-17
6116.757514 1.878605e-17
6118.848396 1.823859e-17
6120.939278 1.841235e-17
6123.030159 1.874785e-17
6125.121041 1.854505e-17
6127.211923 1.902352e-17
6129.302805 1.922922e-17
6131.393686 1.690187e-17
6133.484568 1.618629e-17
6135.575450 1.675750e-17
6137.666332 1.850764e-17
6139.757213 1.934339e-17
6141.848095 1.930002e-17
6143.938977 1.893945e-17
6146.029858 1.817697e-17
6148.120740 1.815969e-17
6150.211622 1.882692e-17
6152.302504 1.874282e-17
6154.393385 1.806850e-17
6156.484267 1.811188e-17
6158.575149 1.848547e-17
6160.666030 1.852246e-17
6162.756912 1.816151e-17
6164.847794 1.890961e-17
6166.938676 1.902878e-17
6169.029557 1.813278e-17
6171.120439 1.765349e-17
6173.211321 1.756554e-17
6175.302202 1.764042e-17
6177.393084 1.767624e-17
6179.483966 1.765370e-17
6181.574848 1.780373e-17
6183.665729 1.777384e-17
6185.756611 1.827925e-17
6187.847493 1.782644e-17
6189.938375 1.689074e-17
6192.029256 1.764629e-17
6194.120138 1.828791e-17
6196.211020 1.789846e-17
6198.301901 1.797229e-17
6200.392783 1.796066e-17
6202.483665 1.773317e-17
6204.574547 1.770015e-17
6206.665428 1.764415e-17
6208.756310 1.773453e-17
6210.847192 1.815212e-17
6212.938073 1.853115e-17
6215.028955 1.845723e-17
6217.119837 1.816925e-17
6219.210719 1.855952e-17
6221.301600 1.867840e-17
6223.392482 1.860723e-17
6225.483364 1.852207e-17
6227.574245 1.849355e-17
6229.665127 1.848243e-17
6231.756009 1.855139e-17
6233.846891 1.859703e-17
6235.937772 1.822844e-17
6238.028654 1.768808e-17
6240.119536 1.800770e-17
6242.210417 1.874417e-17
6244.301299 1.824865e-17
6246.392181 1.803606e-17
6248.483063 1.825603e-17
6250.573944 1.821018e-17
6252.664826 1.758956e-17
6254.755708 1.740438e-17
6256.846590 1.763919e-17
6258.937471 1.786801e-17
6261.028353 1.848589e-17
6263.119235 1.840087e-17
6265.210116 1.748130e-17
6267.300998 1.742362e-17
6269.391880 1.768091e-17
6271.482762 1.799778e-17
6273.573643 1.833901e-17
6275.664525 1.737049e-17
6277.755407 1.691760e-17
6279.846288 1.740521e-17
6281.937170 1.755131e-17
6284.028052 1.743407e-17
6286.118934 1.706586e-17
6288.209815 1.686123e-17
6290.300697 1.723508e-17
6292.391579 1.690382e-17
6294.482460 1.588419e-17
6296.573342 1.613666e-17
6298.664224 1.694113e-17
6300.755106 1.741055e-17
6302.845987 1.761263e-17
6304.936869 1.703619e-17
6307.027751 1.626736e-17
6309.118633 1.646517e-17
6311.209514 1.625426e-17
6313.300396 1.606397e-17
6315.391278 1.669757e-17
6317.482159 1.714007e-17
6319.573041 1.707255e-17
6321.663923 1.702227e-17
6323.754805 1.672089e-17
6325.845686 1.649562e-17
6327.936568 1.677095e-17
6330.027450 1.738431e-17
6332.118331 1.761086e-17
6334.209213 1.687093e-17
6336.300095 1.673440e-17
6338.390977 1.732455e-17
6340.481858 1.771409e-17
6342.572740 1.782304e-17
6344.663622 1.787721e-17
6346.754503 1.786012e-17
6348.845385 1.786399e-17
6350.936267 1.796633e-17
6353.027149 1.806837e-17
6355.118030 1.805095e-17
6357.208912 1.820601e-17
6359.299794 1.889858e-17
6361.390675 1.926433e-17
6363.481557 1.890883e-17
6365.572439 1.793256e-17
6367.663321 1.785576e-17
6369.754202 1.873749e-17
6371.845084 1.907574e-17
6373.935966 1.863877e-17
6376.026848 1.792877e-17
6378.117729 1.779832e-17
6380.208611 1.856382e-17
6382.299493 1.844342e-17
6384.390374 1.852843e-17
6386.481256 1.843266e-17
6388.572138 1.773897e-17
6390.663020 1.710332e-17
6392.753901 1.734030e-17
6394.844783 1.763596e-17
6396.935665 1.726292e-17
6399.026546 1.689485e-17
6401.117428 1.650245e-17
6403.208310 1.620797e-17
6405.299192 1.702499e-17
6407.390073 1.748432e-17
6409.480955 1.698730e-17
6411.571837 1.677332e-17
6413.662718 1.628966e-17
6415.753600 1.573434e-17
6417.844482 1.590018e-17
6419.935364 1.674212e-17
6422.026245 1.650787e-17
6424.117127 1.508703e-17
6426.208009 1.528441e-17
6428.298891 1.655150e-17
6430.389772 1.682852e-17
6432.480654 1.734053e-17
6434.571536 1.698065e-17
6436.662417 1.666459e-17
6438.753299 1.699687e-17
6440.844181 1.771206e-17
6442.935063 1.792977e-17
6445.025944 1.758600e-17
6447.116826 1.751147e-17
6449.207708 1.776235e-17
6451.298589 1.793005e-17
6453.389471 1.821647e-17
6455.480353 1.825796e-17
6457.571235 1.800712e-17
6459.662116 1.737969e-17
6461.752998 1.676456e-17
6463.843880 1.727459e-17
6465.934761 1.758044e-17
6468.025643 1.694226e-17
6470.116525 1.667400e-17
6472.207407 1.702882e-17
6474.298288 1.723176e-17
6476.389170 1.741268e-17
6478.480052 1.766747e-17
6480.570934 1.802575e-17
6482.661815 1.776089e-17
6484.752697 1.699375e-17
6486.843579 1.685953e-17
6488.934460 1.720195e-17
6491.025342 1.721456e-17
6493.116224 1.696209e-17
6495.207106 1.689716e-17
6497.297987 1.698701e-17
6499.388869 1.706047e-17
6501.479751 1.704648e-17
6503.570632 1.656552e-17
6505.661514 1.631047e-17
6507.752396 1.718695e-17
6509.843278 1.822763e-17
6511.934159 1.785238e-17
6514.025041 1.684678e-17
6516.115923 1.657063e-17
6518.206804 1.643789e-17
6520.297686 1.575280e-17
6522.388568 1.566129e-17
6524.479450 1.659538e-17
6526.570331 1.669267e-17
6528.661213 1.603493e-17
6530.752095 1.642871e-17
6532.842976 1.679014e-17
6534.933858 1.732223e-17
6537.024740 1.781571e-17
6539.115622 1.726075e-17
6541.206503 1.653189e-17
6543.297385 1.655635e-17
6545.388267 1.679897e-17
6547.479149 1.721634e-17
6549.570030 1.711783e-17
6551.660912 1.660253e-17
6553.751794 1.618958e-17
6555.842675 1.633560e-17
6557.933557 1.632325e-17
6560.024439 1.621519e-17
6562.115321 1.615363e-17
6564.206202 1.609354e-17
6566.297084 1.662896e-17
6568.387966 1.717336e-17
6570.478847 1.664089e-17
6572.569729 1.695708e-17
6574.660611 1.693604e-17
6576.751493 1.605959e-17
6578.842374 1.547174e-17
6580.933256 1.573513e-17
6583.024138 1.644263e-17
6585.115019 1.671468e-17
6587.205901 1.635912e-17
6589.296783 1.603600e-17
6591.387665 1.615986e-17
6593.478546 1.619494e-17
6595.569428 1.574641e-17
6597.660310 1.651789e-17
6599.751192 1.673847e-17
6601.842073 1.621794e-17
6603.932955 1.608286e-17
6606.023837 1.595372e-17
6608.114718 1.555075e-17
6610.205600 1.535602e-17
6612.296482 1.536036e-17
6614.387364 1.514380e-17
6616.478245 1.474959e-17
6618.569127 1.496747e-17
6620.660009 1.474878e-17
6622.750890 1.399663e-17
6624.841772 1.412292e-17
6626.932654 1.487418e-17
6629.023536 1.494561e-17
6631.114417 1.432426e-17
6633.205299 1.412193e-17
6635.296181 1.426865e-17
6637.387062 1.385588e-17
6639.477944 1.356029e-17
6641.568826 1.324999e-17
6643.659708 1.341640e-17
6645.750589 1.298668e-17
6647.841471 1.219215e-17
6649.932353 1.217701e-17
6652.023234 1.208310e-17
6654.114116 1.183696e-17
6656.204998 1.186240e-17
6658.295880 1.137616e-17
6660.386761 1.136746e-17
6662.477643 1.126770e-17
6664.568525 1.108612e-17
6666.659407 1.104513e-17
6668.750288 1.094943e-17
6670.841170 1.073146e-17
6672.932052 1.040176e-17
6675.022933 1.006264e-17
6677.113815 1.004208e-17
6679.204697 1.022450e-17
6681.295579 1.019872e-17
6683.386460 1.034772e-17
6685.477342 1.024658e-17
6687.568224 9.995814e-18
6689.659105 9.534075e-18
6691.749987 1.032550e-17
6693.840869 1.142849e-17
6695.931751 1.161879e-17
6698.022632 1.154894e-17
6700.113514 1.127918e-17
6702.204396 1.041521e-17
6704.295277 1.000387e-17
6706.386159 1.044352e-17
6708.477041 1.087009e-17
6710.567923 1.090326e-17
6712.658804 1.115759e-17
6714.749686 1.139840e-17
6716.840568 1.165957e-17
6718.931450 1.222673e-17
6721.022331 1.309683e-17
6723.113213 1.388395e-17
6725.204095 1.339563e-17
6727.294976 1.287773e-17
6729.385858 1.367680e-17
6731.476740 1.438444e-17
6733.567622 1.401613e-17
6735.658503 1.454080e-17
6737.749385 1.571779e-17
6739.840267 1.623346e-17
6741.931148 1.683365e-17
6744.022030 1.788644e-17
6746.112912 1.895447e-17
6748.203794 1.972821e-17
6750.294675 2.068872e-17
6752.385557 1.706018e-17
6754.476439 1.547786e-17
6756.567320 1.815865e-17
6758.658202 2.139822e-17
6760.749084 2.326584e-17
6762.839966 2.416262e-17
6764.930847 2.542370e-17
6767.021729 2.600888e-17
6769.112611 2.602139e-17
6771.203492 3.634962e-17
6773.294374 4.047890e-17
6775.385256 3.147706e-17
6777.476138 2.564141e-17
6779.567019 2.639492e-17
6781.657901 2.686700e-17
6783.748783 2.700697e-17
6785.839665 2.626012e-17
6787.930546 2.759832e-17
6790.021428 2.979892e-17
6792.112310 3.046466e-17
6794.203191 3.025104e-17
6796.294073 2.942519e-17
6798.384955 2.542902e-17
6800.475837 1.943347e-17
6802.566718 2.418125e-17
6804.657600 4.474270e-17
6806.748482 6.113702e-17
6808.839363 6.126141e-17
6810.930245 5.286849e-17
6813.021127 3.918641e-17
6815.112009 2.927346e-17
6817.202890 2.591041e-17
6819.293772 2.533347e-17
6821.384654 2.389899e-17
6823.475535 2.242813e-17
6825.566417 2.508159e-17
6827.657299 3.069536e-17
6829.748181 3.210327e-17
6831.839062 2.921576e-17
6833.929944 2.564888e-17
6836.020826 2.335663e-17
6838.111708 2.302550e-17
6840.202589 2.322805e-17
6842.293471 2.232369e-17
6844.384353 2.136078e-17
6846.475234 2.162728e-17
6848.566116 2.184067e-17
6850.656998 2.183546e-17
6852.747880 2.185409e-17
6854.838761 2.142813e-17
6856.929643 2.081505e-17
6859.020525 1.993477e-17
6861.111406 1.927561e-17
6863.202288 1.925570e-17
6865.293170 1.877086e-17
6867.384052 1.733536e-17
6869.474933 1.569665e-17
6871.565815 1.353117e-17
6873.656697 1.343199e-17
6875.747578 1.411350e-17
6877.838460 1.407469e-17
6879.929342 1.460651e-17
6882.020224 1.607643e-17
6884.111105 1.689771e-17
6886.201987 1.676339e-17
6888.292869 1.621892e-17
6890.383750 1.512393e-17
6892.474632 1.413817e-17
6894.565514 1.412565e-17
6896.656396 1.430973e-17
6898.747277 1.466245e-17
6900.838159 1.506315e-17
6902.929041 1.497710e-17
6905.019923 1.486769e-17
6907.110804 1.494916e-17
6909.201686 1.517163e-17
6911.292568 1.516342e-17
6913.383449 1.492376e-17
6915.474331 1.524122e-17
6917.565213 1.549952e-17
6919.656095 1.545666e-17
6921.746976 1.572215e-17
6923.837858 1.569172e-17
6925.928740 1.485245e-17
6928.019621 1.455974e-17
6930.110503 1.420983e-17
6932.201385 1.479828e-17
6934.292267 1.524964e-17
6936.383148 1.529327e-17
6938.474030 1.527095e-17
6940.564912 1.508963e-17
6942.655793 1.467246e-17
6944.746675 1.416288e-17
6946.837557 1.396621e-17
6948.928439 1.386093e-17
6951.019320 1.416328e-17
6953.110202 1.439743e-17
6955.201084 1.456812e-17
6957.291966 1.430334e-17
6959.382847 1.315619e-17
6961.473729 1.307153e-17
6963.564611 1.636118e-17
6965.655492 2.029419e-17
6967.746374 2.124452e-17
6969.837256 2.000182e-17
6971.928138 1.732480e-17
6974.019019 1.395576e-17
6976.109901 1.238654e-17
6978.200783 1.380154e-17
6980.291664 1.687251e-17
6982.382546 1.944011e-17
6984.473428 1.910033e-17
6986.564310 1.658083e-17
6988.655191 1.517996e-17
6990.746073 1.445825e-17
6992.836955 1.398095e-17
6994.927836 1.432336e-17
6997.018718 1.430654e-17
6999.109600 1.363554e-17
7001.200482 1.392310e-17
7003.291363 1.400473e-17
7005.382245 1.338409e-17
7007.473127 1.294833e-17
7009.564008 1.302803e-17
7011.654890 1.314128e-17
7013.745772 1.317467e-17
7015.836654 1.356514e-17
7017.927535 1.378024e-17
7020.018417 1.316329e-17
7022.109299 1.325134e-17
7024.200181 1.433238e-17
7026.291062 1.402283e-17
7028.381944 1.357326e-17
7030.472826 1.350217e-17
7032.563707 1.364314e-17
7034.654589 1.402605e-17
7036.745471 1.427633e-17
7038.836353 1.392961e-17
7040.927234 1.315878e-17
7043.018116 1.283215e-17
7045.108998 1.340166e-17
7047.199879 1.395051e-17
7049.290761 1.383754e-17
7051.381643 1.291607e-17
7053.472525 1.538476e-17
7055.563406 1.972805e-17
7057.654288 1.750575e-17
7059.745170 1.402618e-17
7061.836051 1.320857e-17
7063.926933 1.296324e-17
7066.017815 1.296046e-17
7068.108697 1.324169e-17
7070.199578 1.388398e-17
7072.290460 1.441651e-17
7074.381342 1.423915e-17
7076.472224 1.397133e-17
7078.563105 1.379379e-17
7080.653987 1.331780e-17
7082.744869 1.293804e-17
7084.835750 1.329343e-17
7086.926632 1.367009e-17
7089.017514 1.364579e-17
7091.108396 1.365799e-17
7093.199277 1.366580e-17
7095.290159 1.347616e-17
7097.381041 1.338751e-17
7099.471922 1.288185e-17
7101.562804 1.230277e-17
7103.653686 1.237701e-17
7105.744568 1.268564e-17
7107.835449 1.260876e-17
7109.926331 1.235679e-17
7112.017213 1.249932e-17
7114.108094 1.304982e-17
7116.198976 1.327427e-17
7118.289858 1.315544e-17
7120.380740 1.298374e-17
7122.471621 1.282494e-17
7124.562503 1.270121e-17
7126.653385 1.308164e-17
7128.744267 1.361421e-17
7130.835148 1.333319e-17
7132.926030 1.312692e-17
7135.016912 1.322177e-17
7137.107793 1.304582e-17
7139.198675 1.299125e-17
7141.289557 1.315033e-17
7143.380439 1.347553e-17
7145.471320 1.351823e-17
7147.562202 1.337273e-17
7149.653084 1.371806e-17
7151.743965 1.315917e-17
7153.834847 1.325277e-17
7155.925729 1.287479e-17
7158.016611 1.257003e-17
7160.107492 1.265259e-17
7162.198374 1.265926e-17
7164.289256 1.259091e-17
7166.380137 1.262136e-17
7168.471019 1.257451e-17
7170.561901 1.198918e-17
7172.652783 1.149253e-17
7174.743664 1.172877e-17
7176.834546 1.210371e-17
7178.925428 1.208409e-17
7181.016309 1.174808e-17
7183.107191 1.143038e-17
7185.198073 1.160415e-17
7187.288955 1.212535e-17
7189.379836 1.229271e-17
7191.470718 1.191864e-17
7193.561600 1.171594e-17
7195.652482 1.199929e-17
7197.743363 1.239254e-17
7199.834245 1.224318e-17
7201.925127 1.174884e-17
7204.016008 1.191081e-17
7206.106890 1.200827e-17
7208.197772 1.213474e-17
7210.288654 1.200260e-17
7212.379535 1.196801e-17
7214.470417 1.205057e-17
7216.561299 1.213134e-17
7218.652180 1.225194e-17
7220.743062 1.209858e-17
7222.833944 1.197929e-17
7224.924826 1.207026e-17
7227.015707 1.252603e-17
7229.106589 1.249960e-17
7231.197471 1.250128e-17
7233.288352 1.236917e-17
7235.379234 1.165638e-17
7237.470116 1.166615e-17
7239.560998 1.228810e-17
7241.651879 1.220924e-17
7243.742761 1.220613e-17
7245.833643 1.133735e-17
7247.924525 1.072923e-17
7250.015406 1.161314e-17
7252.106288 1.244287e-17
7254.197170 1.214533e-17
7256.288051 1.233421e-17
7258.378933 1.288216e-17
7260.469815 1.292373e-17
7262.560697 1.157263e-17
7264.651578 1.076408e-17
7266.742460 1.121027e-17
7268.833342 1.160121e-17
7270.924223 1.154711e-17
7273.015105 1.182140e-17
7275.105987 1.240746e-17
7277.196869 1.251069e-17
7279.287750 1.264128e-17
7281.378632 1.247828e-17
7283.469514 1.244885e-17
7285.560395 1.269439e-17
7287.651277 1.222571e-17
7289.742159 1.137920e-17
7291.833041 1.181209e-17
7293.923922 1.248605e-17
7296.014804 1.259064e-17
7298.105686 1.211335e-17
7300.196567 1.168555e-17
7302.287449 1.163994e-17
7304.378331 1.146196e-17
7306.469213 1.120758e-17
7308.560094 1.186917e-17
7310.650976 1.243717e-17
7312.741858 1.260241e-17
7314.832740 1.329596e-17
7316.923621 1.320309e-17
7319.014503 1.193252e-17
7321.105385 1.119686e-17
7323.196266 1.169780e-17
7325.287148 1.225334e-17
7327.378030 1.205435e-17
7329.468912 1.110226e-17
7331.559793 1.118388e-17
7333.650675 1.223068e-17
7335.741557 1.307657e-17
7337.832438 1.265498e-17
7339.923320 1.070762e-17
7342.014202 8.794717e-18
7344.105084 8.850136e-18
7346.195965 1.018183e-17
7348.286847 1.147417e-17
7350.377729 1.257991e-17
7352.468610 1.268862e-17
7354.559492 1.224309e-17
7356.650374 1.213536e-17
7358.741256 1.161066e-17
7360.832137 1.140490e-17
7362.923019 1.172896e-17
7365.013901 1.195955e-17
7367.104783 1.271656e-17
7369.195664 1.272507e-17
7371.286546 1.175965e-17
7373.377428 1.145014e-17
7375.468309 1.186082e-17
7377.559191 1.241797e-17
7379.650073 1.313221e-17
7381.740955 1.323432e-17
7383.831836 1.300501e-17
7385.922718 1.264890e-17
7388.013600 1.235147e-17
7390.104481 1.240076e-17
7392.195363 1.244013e-17
7394.286245 1.192985e-17
7396.377127 1.111707e-17
7398.468008 1.091242e-17
7400.558890 1.160536e-17
7402.649772 1.195391e-17
7404.740653 1.171563e-17
7406.831535 1.177073e-17
7408.922417 1.199940e-17
7411.013299 1.167771e-17
7413.104180 1.100029e-17
7415.195062 1.111605e-17
7417.285944 1.125440e-17
7419.376825 1.163129e-17
7421.467707 1.205981e-17
7423.558589 1.197309e-17
7425.649471 1.212000e-17
7427.740352 1.244267e-17
7429.831234 1.177224e-17
7431.922116 1.143077e-17
7434.012998 1.114250e-17
7436.103879 1.086549e-17
7438.194761 1.144072e-17
7440.285643 1.208363e-17
7442.376524 1.152428e-17
7444.467406 1.119993e-17
7446.558288 1.151042e-17
7448.649170 1.253230e-17
7450.740051 1.238167e-17
7452.830933 1.158372e-17
7454.921815 1.162886e-17
7457.012696 1.168051e-17
7459.103578 1.181724e-17
7461.194460 1.181724e-17
7463.285342 1.181724e-17
7465.376223 1.181724e-17
7467.467105 1.181724e-17
7469.557987 9.298338e-18
7471.648868 1.100577e-17
7473.739750 1.174342e-17
7475.830632 1.162480e-17
7477.921514 1.144573e-17
7480.012395 1.171589e-17
7482.103277 1.217381e-17
7484.194159 1.188446e-17
7486.285041 1.168454e-17
7488.375922 1.211132e-17
7490.466804 1.237969e-17
7492.557686 1.234140e-17
7494.648567 1.240477e-17
7496.739449 1.228683e-17
7498.830331 1.097780e-17
7500.921213 1.047887e-17
7503.012094 1.143490e-17
7505.102976 1.206818e-17
7507.193858 1.176286e-17
7509.284739 1.178449e-17
7511.375621 1.218704e-17
7513.466503 1.169938e-17
7515.557385 1.114522e-17
7517.648266 1.155560e-17
7519.739148 1.192737e-17
7521.830030 1.127555e-17
7523.920911 1.076549e-17
7526.011793 1.134000e-17
7528.102675 1.129621e-17
7530.193557 1.085748e-17
7532.284438 1.103870e-17
7534.375320 1.151501e-17
7536.466202 1.180336e-17
7538.557083 1.212468e-17
7540.647965 1.261510e-17
7542.738847 1.268662e-17
7544.829729 1.195826e-17
7546.920610 1.197212e-17
7549.011492 1.274292e-17
7551.102374 1.284462e-17
7553.193256 1.223475e-17
7555.284137 1.212434e-17
7557.375019 1.241084e-17
7559.465901 1.201824e-17
7561.556782 1.176363e-17
7563.647664 1.177083e-17
7565.738546 1.175043e-17
7567.829428 1.184098e-17
7569.920309 1.203542e-17
7572.011191 1.189002e-17
7574.102073 1.157587e-17
7576.192954 1.175691e-17
7578.283836 1.140247e-17
7580.374718 1.122635e-17
7582.465600 1.169214e-17
7584.556481 1.182558e-17
7586.647363 1.142077e-17
7588.738245 1.104426e-17
7590.829126 1.047478e-17
7592.920008 9.720608e-18
7595.010890 8.480818e-18
7597.101772 6.492764e-18
7599.192653 4.525346e-18
7601.283535 3.134238e-18
7603.374417 2.469565e-18
7605.465299 2.594384e-18
7607.556180 3.214713e-18
7609.647062 4.027299e-18
7611.737944 4.881138e-18
7613.828825 6.100926e-18
7615.919707 7.196536e-18
7618.010589 7.664924e-18
7620.101471 7.627772e-18
7622.192352 7.200179e-18
7624.283234 6.399972e-18
7626.374116 5.873620e-18
7628.464997 5.938638e-18
7630.555879 5.572682e-18
7632.646761 5.442647e-18
7634.737643 5.906984e-18
7636.828524 6.197265e-18
7638.919406 6.280744e-18
7641.010288 6.387623e-18
7643.101169 6.615751e-18
7645.192051 6.985985e-18
7647.282933 7.400959e-18
7649.373815 7.558442e-18
7651.464696 7.404911e-18
7653.555578 7.568593e-18
7655.646460 8.494047e-18
7657.737341 9.268799e-18
7659.828223 9.423544e-18
7661.919105 9.575687e-18
7664.009987 9.609529e-18
7666.100868 9.252234e-18
7668.191750 9.026884e-18
7670.282632 9.370641e-18
7672.373514 9.738727e-18
7674.464395 9.841242e-18
7676.555277 9.913167e-18
7678.646159 1.001367e-17
7680.737040 1.020400e-17
7682.827922 1.049456e-17
7684.918804 1.075262e-17
7687.009686 1.083967e-17
7689.100567 1.076622e-17
7691.191449 1.088148e-17
7693.282331 1.068597e-17
7695.373212 1.051685e-17
7697.464094 1.069348e-17
7699.554976 1.082755e-17
7701.645858 1.082926e-17
7703.736739 1.113853e-17
7705.827621 1.138862e-17
7707.918503 1.122175e-17
7710.009384 1.057572e-17
7712.100266 1.085698e-17
7714.191148 1.146368e-17
7716.282030 1.053103e-17
7718.372911 9.095530e-18
7720.463793 9.492917e-18
7722.554675 1.066871e-17
7724.645557 1.114146e-17
7726.736438 1.083006e-17
7728.827320 1.076797e-17
7730.918202 1.121483e-17
7733.009083 1.141508e-17
7735.099965 1.103464e-17
7737.190847 1.024611e-17
7739.281729 9.350562e-18
7741.372610 9.533204e-18
7743.463492 1.021277e-17
7745.554374 1.038487e-17
7747.645255 1.082326e-17
7749.736137 1.177847e-17
7751.827019 1.125299e-17
7753.917901 1.043412e-17
7756.008782 1.014518e-17
7758.099664 1.016121e-17
7760.190546 1.011782e-17
7762.281427 1.016584e-17
7764.372309 1.025070e-17
7766.463191 1.023674e-17
7768.554073 1.083976e-17
7770.644954 1.062736e-17
7772.735836 1.007331e-17
7774.826718 1.030838e-17
7776.917600 1.080270e-17
7779.008481 1.051488e-17
7781.099363 9.635635e-18
7783.190245 9.042928e-18
7785.281126 9.438741e-18
7787.372008 9.710052e-18
7789.462890 9.439398e-18
7791.553772 9.279586e-18
7793.644653 9.857585e-18
7795.735535 1.055297e-17
7797.826417 1.040469e-17
7799.917298 1.016908e-17
7802.008180 9.967447e-18
7804.099062 1.004572e-17
7806.189944 9.831749e-18
7808.280825 9.388162e-18
7810.371707 9.409789e-18
7812.462589 9.582422e-18
7814.553470 9.261881e-18
7816.644352 9.377608e-18
7818.735234 9.476726e-18
7820.826116 8.932718e-18
7822.916997 8.153659e-18
7825.007879 8.070375e-18
7827.098761 8.683605e-18
7829.189642 9.178910e-18
7831.280524 9.667419e-18
7833.371406 1.013428e-17
7835.462288 1.020437e-17
7837.553169 9.797772e-18
7839.644051 9.317589e-18
7841.734933 9.061865e-18
7843.825815 8.898980e-18
7845.916696 8.838510e-18
7848.007578 9.266314e-18
7850.098460 9.775447e-18
7852.189341 1.022813e-17
7854.280223 9.869544e-18
7856.371105 9.517957e-18
7858.461987 1.003449e-17
7860.552868 9.741714e-18
