3645.346825 -1.898161e-16
3646.757570 -3.234742e-16
3648.168345 8.474250e-17
3649.580414 -3.560238e-17
3650.993676 -9.723689e-19
3652.408106 1.433621e-16
3653.823314 1.930184e-16
3655.239482 -8.295351e-17
3656.656573 -6.737471e-17
3658.074668 -1.766327e-17
3659.494067 1.475045e-16
3660.914445 -4.219754e-17
3662.335856 3.768774e-17
3663.758190 4.837319e-17
3665.181590 1.587791e-16
3666.605915 8.525698e-17
3668.031168 3.125137e-17
3669.457826 1.106197e-16
3670.884830 -1.897600e-17
3672.313172 4.514675e-17
3673.742302 1.155143e-17
3675.173087 -1.133765e-16
3676.604259 -8.474671e-17
3678.037019 1.207878e-16
3679.470474 2.596518e-17
3680.905039 1.386100e-16
3682.339857 -1.073138e-16
3683.777026 9.465344e-17
3685.213925 -2.060673e-17
3686.652745 7.046309e-17
3688.091976 1.274735e-17
3689.532595 8.758380e-17
3690.974139 1.119654e-16
3692.416615 1.621175e-16
3693.860086 9.593265e-17
3695.304117 7.575250e-17
3696.750185 8.318620e-17
3698.196196 -4.302256e-17
3699.643918 7.832840e-17
3701.092474 -1.901206e-17
3702.541985 9.352996e-17
3703.992269 1.008775e-16
3705.443066 1.006122e-16
3706.895844 2.055795e-17
3708.349898 1.769162e-16
3709.804027 4.254503e-17
3711.260182 -2.614436e-17
3712.715969 1.092670e-16
3714.172958 3.852671e-17
3715.631821 4.463422e-17
3717.091219 1.129418e-16
3718.551577 5.417718e-17
3720.013231 4.544204e-17
3721.475645 9.954545e-17
3722.938658 -3.454280e-17
3724.403302 9.119686e-17
3725.868611 2.676602e-17
3727.334753 -2.039578e-18
3728.801734 1.059544e-17
3730.270050 1.016339e-16
3731.739377 2.000420e-17
3733.209268 9.455779e-17
3734.682483 1.280492e-16
3736.153851 1.964659e-17
3737.626784 7.970541e-17
3739.101248 8.722206e-17
3740.576990 1.124127e-16
3742.052196 -4.122850e-18
3743.529327 9.816106e-17
3745.001438 5.133724e-17
3746.478449 -3.025625e-17
3747.958706 3.253636e-17
3749.439456 1.622597e-17
3750.929596 -4.269550e-17
3752.414127 5.080586e-17
3753.897672 1.948147e-17
3755.381572 -4.350656e-17
3756.868043 1.030886e-17
3758.354685 2.552292e-17
3759.841912 -2.329129e-17
3761.332852 5.683726e-17
3762.822216 -1.389798e-17
3764.314264 1.111428e-16
3765.805012 9.866727e-17
3767.297782 5.820984e-17
3768.790752 6.445707e-17
3770.286406 1.258540e-16
3771.781808 4.849613e-17
3773.277880 1.680762e-17
3774.778486 5.397987e-17
3776.274442 -1.399203e-17
3777.774525 1.419107e-16
3779.274817 -2.461840e-17
3780.777279 4.199439e-17
3782.278380 5.147106e-18
3783.783057 6.240012e-17
3785.286823 9.709175e-17
3786.792357 1.767195e-17
3788.299006 7.679629e-17
3789.805210 -1.413610e-17
3791.314307 1.619755e-17
3792.824025 1.749615e-17
3794.333864 3.749669e-18
3795.845807 9.826572e-17
3797.357574 7.041717e-17
3798.872921 -3.709503e-17
3800.388783 1.208692e-16
3801.906211 4.439337e-17
3803.422281 7.099827e-17
3804.939317 4.430750e-17
3806.453889 1.600896e-17
3807.971211 6.512034e-17
3809.490248 2.889963e-17
3811.010188 1.397815e-17
3812.530842 1.402814e-17
3814.054942 1.003513e-16
3815.578370 3.485076e-17
3817.103302 7.287764e-17
3818.628803 3.528581e-17
3820.155430 2.219752e-17
3821.682306 3.940001e-17
3823.210558 1.917264e-17
3824.740824 3.778017e-17
3826.270874 5.675752e-17
3827.801571 -8.466404e-18
3829.333533 -3.228022e-17
3830.866665 9.435011e-18
3832.401975 5.512795e-17
3833.936469 5.439992e-17
3835.471803 2.672135e-17
3837.009478 2.897951e-18
3838.547266 2.191811e-17
3840.086661 4.832718e-17
3841.626239 1.070680e-16
3843.166172 3.427187e-17
3844.708367 6.002550e-17
3846.251893 5.713157e-17
3847.790996 8.435002e-17
3849.337339 3.994933e-17
3850.883626 3.542286e-17
3852.430392 5.348784e-17
3853.977323 7.446048e-17
3855.525791 1.920849e-17
3857.075284 3.828335e-17
3858.624483 2.220913e-17
3860.175307 2.812512e-17
3861.729082 9.532667e-17
3863.281741 6.477331e-17
3864.834724 4.195892e-18
3866.389094 5.924285e-17
3867.944365 2.777702e-17
3869.502870 9.910729e-17
3871.059806 3.242291e-17
3872.619015 5.297321e-17
3874.178960 6.001757e-17
3875.737946 3.144735e-17
3877.299851 9.896571e-18
3878.861839 7.562687e-17
3880.425171 2.184489e-17
3881.989703 -9.995230e-18
3883.554901 1.066207e-17
3885.120321 2.128867e-17
3886.687224 2.411482e-18
3888.255156 5.938289e-17
3889.823446 3.385705e-17
3891.393376 5.786297e-17
3892.964664 3.539963e-17
3894.534831 2.902772e-17
3896.108459 2.290070e-18
3897.682054 3.678492e-17
3899.256730 7.852818e-17
3900.831936 9.276744e-17
3902.407711 6.563892e-17
3903.985923 7.573398e-17
3905.563351 4.326250e-17
3907.142092 4.333081e-17
3908.722339 1.172762e-17
3910.302313 5.196223e-17
3911.885160 2.050376e-17
3913.466298 2.691077e-17
3915.050228 4.213006e-17
3916.635846 4.651204e-17
3918.220379 2.661229e-17
3919.806548 5.532760e-17
3921.394857 9.248284e-17
3922.981731 8.425783e-18
3924.570761 8.591610e-17
3926.161187 1.343333e-17
3927.752459 8.415897e-17
3929.344235 5.445591e-17
3930.936668 1.281976e-17
3932.530720 5.179594e-17
3934.125715 5.829204e-17
3935.720353 3.625210e-17
3937.315626 3.097303e-17
3938.912067 5.488755e-17
3940.511183 5.894384e-17
3942.109807 5.851151e-17
3943.709495 3.490055e-17
3945.310442 4.886583e-17
3946.912435 3.287328e-17
3948.515144 -4.438174e-19
3950.118763 6.590165e-18
3951.718564 9.898754e-17
3953.324915 2.228645e-17
3954.930925 2.301743e-17
3956.538969 2.900054e-17
3958.146581 4.410218e-17
3959.758925 3.575025e-17
3961.371274 3.053962e-17
3962.980790 3.473254e-17
3964.591851 6.498390e-17
3966.205801 5.950509e-17
3967.818040 3.728511e-17
3969.433467 4.833808e-17
3971.048043 8.888056e-17
3972.663470 5.368964e-17
3974.278556 5.115403e-17
3975.897898 7.755190e-17
3977.516082 7.033386e-17
3979.137308 5.725635e-17
3980.755807 5.989722e-17
3982.379105 1.084976e-16
3984.000416 6.687247e-17
3985.625145 7.367989e-17
3987.248127 2.341969e-17
3988.873567 5.925151e-17
3990.499347 8.355744e-17
3992.126855 8.261968e-17
3993.754762 9.719854e-17
3995.383354 1.024776e-16
3997.012231 9.288095e-17
3998.642414 4.768528e-17
4000.273055 3.102931e-17
4001.905865 3.384211e-17
4003.539050 6.631303e-17
4005.172882 7.548562e-17
4006.804761 6.118547e-17
4008.443992 1.135968e-16
4010.071554 3.906879e-17
4011.717213 3.483694e-17
4013.355970 6.726153e-17
4014.994929 5.187488e-17
4016.634218 1.014450e-17
4018.275887 3.443665e-17
4019.917333 5.417166e-17
4021.559376 4.366499e-17
4023.203835 4.888172e-17
4024.847068 2.356541e-17
4026.493742 1.093502e-16
4028.139138 4.395526e-17
4029.786370 7.025523e-17
4031.425375 9.581723e-17
4033.072926 7.542569e-17
4034.721105 3.343674e-17
4036.371748 3.169311e-17
4038.025500 6.809283e-17
4039.688567 8.532006e-17
4041.340346 2.299367e-17
4042.994400 3.946811e-17
4044.650355 6.342684e-17
4046.304332 1.143938e-16
4047.961974 6.879697e-17
4049.618960 1.085670e-16
4051.276851 4.631471e-17
4052.937097 3.645376e-17
4054.597306 9.382003e-17
4056.254480 4.591430e-17
4057.917047 9.873467e-17
4059.581652 4.193493e-17
4061.245948 6.067033e-17
4062.911832 9.805303e-17
4064.575222 4.266595e-17
4066.241064 4.689545e-17
4067.907993 5.969746e-17
4069.577024 8.946923e-17
4071.252880 8.325700e-17
4072.914209 8.739232e-17
4074.585370 6.054341e-17
4076.251397 5.686245e-17
4077.928888 8.887079e-17
4079.601521 5.046871e-17
4081.275207 7.638120e-17
4082.944637 8.163886e-17
4084.625432 1.059654e-16
4086.301814 4.759560e-17
4087.977869 8.227523e-17
4089.656550 5.591514e-17
4091.335590 1.020186e-16
4093.015817 3.114023e-17
4094.694837 3.571331e-17
4096.377162 1.561155e-17
4098.060570 8.142272e-17
4099.734377 4.071589e-17
4101.420959 5.989591e-17
4103.111633 8.352043e-17
4104.796356 7.276213e-17
4106.483874 8.210645e-17
4108.170926 1.031569e-16
4109.858651 6.357783e-17
4111.548646 8.075356e-17
4113.237884 7.125803e-17
4114.929160 4.606982e-17
4116.620283 8.172279e-17
4118.313530 6.230566e-17
4120.015772 5.902227e-17
4121.697513 7.012162e-17
4123.395118 5.703264e-17
4125.089996 6.423107e-17
4126.787468 5.395860e-17
4128.485164 7.619898e-17
4130.182985 1.473594e-17
4131.882027 5.204320e-17
4133.577691 7.700145e-17
4135.283543 6.541570e-17
4136.978754 1.041002e-16
4138.686982 8.744460e-17
4140.390680 1.276786e-16
4142.094718 6.647187e-17
4143.797573 7.146950e-17
4145.505577 8.206178e-17
4147.210891 5.652419e-17
4148.918565 4.134419e-17
4150.626365 1.222155e-17
4152.334000 7.607544e-17
4154.045181 5.227785e-17
4155.755351 9.021237e-17
4157.461453 5.023955e-17
4159.181254 7.669331e-17
4160.892861 8.868203e-17
4162.606850 6.536909e-17
4164.320337 5.563016e-17
4166.035606 9.726966e-17
4167.752677 6.409944e-17
4169.469948 9.963542e-17
4171.187909 8.549842e-17
4172.907354 7.822329e-17
4174.625881 5.799005e-17
4176.346084 8.555281e-17
4178.068601 9.014079e-17
4179.790318 6.147907e-17
4181.513855 8.552029e-17
4183.237121 8.262555e-17
4184.957573 5.673855e-17
4186.686740 8.164994e-17
4188.414144 9.612288e-17
4190.139332 6.694676e-17
4191.867897 1.008107e-16
4193.596929 8.252489e-17
4195.326589 7.117724e-17
4197.056359 8.214989e-17
4198.788690 9.850622e-17
4200.519320 9.251245e-17
4202.247848 7.194075e-17
4203.985413 1.115441e-16
4205.720206 6.591556e-17
4207.456304 9.156214e-17
4209.191634 8.266672e-17
4210.927321 6.122699e-17
4212.661524 1.018476e-16
4214.403171 5.392015e-17
4216.143500 5.768040e-17
4217.882626 7.159959e-17
4219.623806 6.047636e-17
4221.366153 9.617952e-17
4223.109860 1.040056e-16
4224.851930 9.727722e-17
4226.604899 4.777871e-17
4228.339353 5.875616e-17
4230.084712 6.237921e-17
4231.831362 6.575368e-17
4233.579492 8.768330e-17
4235.326146 6.670316e-17
4237.076314 9.471392e-17
4238.819475 8.456149e-17
4240.575763 7.680218e-17
4242.326308 4.308327e-17
4244.079115 7.583184e-17
4245.832216 6.547469e-17
4247.584610 5.333711e-17
4249.338779 6.256876e-17
4251.093640 6.465219e-17
4252.849741 7.599568e-17
4254.606308 9.500442e-17
4256.360101 1.007667e-16
4258.122621 8.516065e-17
4259.881414 5.765822e-17
4261.640945 8.919163e-17
4263.402103 5.412645e-17
4265.161703 2.442202e-17
4266.925529 8.736408e-17
4268.689220 8.482539e-17
4270.452947 9.388485e-17
4272.216554 8.819525e-17
4273.981150 6.951281e-17
4275.742519 4.383834e-17
4277.514504 1.067736e-16
4279.282761 8.738106e-17
4281.050085 7.381110e-17
4282.820552 5.426535e-17
4284.589327 7.659446e-17
4286.361498 1.085542e-16
4288.132487 9.280768e-17
4289.901037 9.960480e-17
4291.677888 1.084268e-16
4293.450745 1.074460e-16
4295.226354 1.154313e-16
4297.001923 7.867918e-17
4298.777285 8.515467e-17
4300.554534 1.068255e-16
4302.332351 8.957358e-17
4304.110714 7.889177e-17
4305.890186 8.545836e-17
4307.669110 8.879963e-17
4309.450395 8.612981e-17
4311.230880 6.949143e-17
4313.012233 7.295029e-17
4314.796271 8.557300e-17
4316.579974 1.081323e-16
4318.365234 1.149849e-16
4320.147011 1.082301e-16
4321.937787 9.102029e-17
4323.724390 5.503083e-17
4325.511016 6.787494e-17
4327.299002 9.101454e-17
4329.088835 9.014161e-17
4330.878652 1.229376e-16
4332.665579 7.755248e-17
4334.461925 9.541636e-17
4336.255035 9.707220e-17
4338.047518 7.208960e-17
4339.840214 8.400453e-17
4341.634700 7.345038e-17
4343.428793 9.629840e-17
4345.224574 9.171269e-17
4347.022191 1.158611e-16
4348.820522 9.419926e-17
4350.618903 9.603949e-17
4352.417491 1.170256e-16
4354.217385 8.748550e-17
4356.017700 8.292044e-17
4357.818714 8.065013e-17
4359.621091 7.533291e-17
4361.423545 1.008258e-16
4363.226842 5.747876e-17
4365.030653 8.134077e-17
4366.837409 1.221529e-16
4368.642180 7.464849e-17
4370.448934 7.702373e-17
4372.255257 5.700050e-17
4374.063241 1.022466e-16
4375.874355 1.029860e-16
4377.681407 8.305130e-17
4379.493401 1.127465e-16
4381.299487 8.194178e-17
4383.115332 1.214242e-16
4384.927781 7.776418e-17
4386.740820 8.347117e-17
4388.555014 9.879618e-17
4390.369278 1.087011e-16
4392.184583 7.899098e-17
4394.000339 7.913379e-17
4395.817247 1.018928e-16
4397.631789 8.108726e-17
4399.453740 6.721884e-17
4401.273262 9.061659e-17
4403.093040 9.042172e-17
4404.913681 9.875337e-17
4406.734735 9.156235e-17
4408.555918 9.567329e-17
4410.378734 8.949750e-17
4412.202541 7.476247e-17
4414.027206 7.424878e-17
4415.852365 1.260796e-16
4417.677313 6.813990e-17
4419.502775 8.085322e-17
4421.331110 8.520509e-17
4423.153358 8.362998e-17
4424.987112 7.591290e-17
4426.817174 8.807200e-17
4428.647779 1.103571e-16
4430.477055 9.174205e-17
4432.309074 7.037414e-17
4434.140635 8.988217e-17
4435.974336 9.547033e-17
4437.807679 1.054489e-16
4439.641807 7.109483e-17
4441.478101 8.565130e-17
4443.313464 7.923307e-17
4445.144831 5.971946e-17
4446.986643 7.793717e-17
4448.824586 1.098697e-16
4450.664581 1.036202e-16
4452.503423 7.999575e-17
4454.343631 1.067720e-16
4456.184516 1.177989e-16
4458.025559 1.059586e-16
4459.867871 1.200651e-16
4461.711100 8.412923e-17
4463.553673 9.638101e-17
4465.398882 1.196040e-16
4467.244723 1.068644e-16
4469.090149 9.942907e-17
4470.935828 7.210292e-17
4472.783596 1.180908e-16
4474.624246 9.585028e-17
4476.480196 8.613927e-17
4478.329722 6.372166e-17
4480.179338 1.007577e-16
4482.030764 7.034351e-17
4483.880868 7.039543e-17
4485.734923 9.362970e-17
4487.586707 8.532474e-17
4489.441001 1.180433e-16
4491.295447 1.077159e-16
4493.151070 9.922870e-17
4495.005802 1.148893e-16
4496.862992 1.155198e-16
4498.719755 8.915611e-17
4500.576943 9.083822e-17
4502.435708 1.030036e-16
4504.295316 1.038760e-16
4506.154808 1.240130e-16
4508.016347 1.326859e-16
4509.877188 9.796703e-17
4511.739020 1.198252e-16
4513.601992 1.186450e-16
4515.465454 9.929901e-17
4517.328852 9.191603e-17
4519.194130 1.038042e-16
4521.059418 1.015477e-16
4522.926744 1.150688e-16
4524.792385 1.031321e-16
4526.660735 1.080541e-16
4528.528110 9.535013e-17
4530.398015 1.281317e-16
4532.267241 1.047029e-16
4534.134202 1.433594e-16
4536.005361 9.748634e-17
4537.881545 8.650222e-17
4539.749102 1.068506e-16
4541.622321 1.290500e-16
4543.496520 9.572403e-17
4545.370805 9.555323e-17
4547.245759 1.227063e-16
4549.121740 9.183271e-17
4550.999387 1.274087e-16
4552.875596 1.105439e-16
4554.753351 1.169364e-16
4556.632393 1.256942e-16
4558.511353 1.084019e-16
4560.390940 8.445474e-17
4562.268693 1.220539e-16
4564.153351 1.199890e-16
4566.035291 1.139507e-16
4567.917316 1.006636e-16
4569.801181 1.081741e-16
4571.684795 1.076015e-16
4573.569545 1.038622e-16
4575.455040 1.089498e-16
4577.341265 9.684773e-17
4579.227845 1.157659e-16
4581.115704 1.251392e-16
4583.003299 1.227221e-16
4584.891579 1.263891e-16
4586.781360 1.193356e-16
4588.670728 1.100346e-16
4590.561534 9.950120e-17
4592.453750 1.073779e-16
4594.344886 9.502437e-17
4596.237788 1.058151e-16
4598.131782 1.065220e-16
4600.025624 1.205518e-16
4601.919928 1.024341e-16
4603.815062 9.063559e-17
4605.711825 1.143453e-16
4607.607880 1.020097e-16
4609.506100 1.302105e-16
4611.403509 8.199285e-17
4613.303018 1.296196e-16
4615.202572 1.295787e-16
4617.101524 9.201663e-17
4619.002550 1.197292e-16
4620.904417 1.042007e-16
4622.806447 1.245107e-16
4624.708679 1.232772e-16
4626.611663 1.304842e-16
4628.516196 1.087499e-16
4630.420228 1.176691e-16
4632.321023 1.121624e-16
4634.232278 1.156479e-16
4636.138668 1.436087e-16
4638.045938 1.070987e-16
4639.953494 1.093009e-16
4641.862513 1.084876e-16
4643.771749 1.051151e-16
4645.680818 9.775732e-17
4647.592095 1.217185e-16
4649.503557 1.347221e-16
4651.415321 1.325402e-16
4653.327680 1.073378e-16
4655.239817 1.176445e-16
4657.154811 1.150922e-16
4659.068152 9.008043e-17
4660.984239 1.017530e-16
4662.899845 1.129446e-16
4664.816523 9.028997e-17
4666.729591 1.267137e-16
4668.650975 1.117791e-16
4670.568630 1.208334e-16
4672.488345 1.079327e-16
4674.407222 9.549216e-17
4676.327861 1.143363e-16
4678.249205 1.410364e-16
4680.169698 9.793089e-17
4682.092376 1.456617e-16
4684.015128 1.202749e-16
4685.938143 1.145186e-16
4687.862755 1.012527e-16
4689.782199 1.053971e-16
4691.712436 9.119428e-17
4693.638320 1.058736e-16
4695.565693 1.195991e-16
4697.492675 1.255141e-16
4699.421195 1.268333e-16
4701.348075 1.115789e-16
4703.278066 1.218172e-16
4705.207553 1.139205e-16
4707.137897 1.319385e-16
4709.069162 1.172737e-16
4711.001097 1.153305e-16
4712.933113 1.228449e-16
4714.866294 1.357088e-16
4716.799448 1.202790e-16
4718.733258 9.461708e-17
4720.668893 1.246479e-16
4722.603617 1.126195e-16
4724.540749 1.299932e-16
4726.477304 1.049218e-16
4728.413714 9.972510e-17
4730.352315 1.223223e-16
4732.290418 1.131630e-16
4734.229720 9.069307e-17
4736.169528 1.041834e-16
4738.110236 1.144251e-16
4740.050982 1.109784e-16
4741.993260 1.194080e-16
4743.934956 1.142763e-16
4745.877987 1.047216e-16
4747.821505 1.046524e-16
4749.770614 1.511407e-16
4751.710742 1.263749e-16
4753.656573 1.267523e-16
4755.602153 1.100500e-16
4757.548754 1.059026e-16
4759.496272 1.284792e-16
4761.443972 1.337813e-16
4763.392398 1.203654e-16
4765.341201 1.037965e-16
4767.290967 1.144360e-16
4769.241350 1.085956e-16
4771.191811 1.122419e-16
4773.143779 1.225040e-16
4775.095776 1.112305e-16
4777.048743 1.180947e-16
4779.002435 1.187653e-16
4780.956070 1.171774e-16
4782.910749 1.250735e-16
4784.866548 1.257209e-16
4786.822098 1.060561e-16
4788.777841 1.041372e-16
4790.734236 9.413183e-17
4792.692370 1.054986e-16
4794.651076 1.213249e-16
4796.609815 1.033668e-16
4798.568874 1.100982e-16
4800.529176 1.090302e-16
4802.489966 1.172806e-16
4804.451305 1.270224e-16
4806.413363 1.240946e-16
4808.375454 1.094718e-16
4810.338265 1.110371e-16
4812.301880 1.094089e-16
4814.266123 1.154849e-16
4816.201688 9.129680e-17
4818.167480 1.122729e-16
4820.129942 1.012417e-16
4822.109283 1.135870e-16
4824.084679 1.140114e-16
4826.064062 1.058430e-16
4828.033036 1.094360e-16
4830.001589 1.121168e-16
4831.971386 1.174445e-16
4833.941391 9.867841e-17
4835.912260 1.030453e-16
4837.883291 9.399096e-17
4839.852014 1.113566e-16
4841.828285 1.107197e-16
4843.801594 1.127415e-16
4845.774659 9.804510e-17
4847.749344 1.168570e-16
4849.724469 1.231246e-16
4851.699776 1.177137e-16
4853.676130 1.145827e-16
4855.652863 1.097306e-16
4857.630452 1.071516e-16
4859.608085 1.194123e-16
4861.586394 1.182961e-16
4863.564518 1.019663e-16
4865.544370 1.240574e-16
4867.524714 1.177765e-16
4869.505484 1.060078e-16
4871.486840 1.201588e-16
4873.468830 1.160933e-16
4875.450758 1.027135e-16
4877.434355 1.153475e-16
4879.417912 1.009844e-16
4881.402251 1.239333e-16
4883.386933 1.096407e-16
4885.372543 1.115660e-16
4887.358536 1.103867e-16
4889.344744 1.202931e-16
4891.332391 1.183295e-16
4893.319258 1.005562e-16
4895.307713 1.295247e-16
4897.296674 1.101933e-16
4899.286274 1.145943e-16
4901.276066 1.037764e-16
4903.266620 1.223082e-16
4905.257976 1.271219e-16
4907.249815 1.218620e-16
4909.242048 1.164135e-16
4911.234669 1.088022e-16
4913.228272 1.055314e-16
4915.221935 1.065883e-16
4917.217196 1.308321e-16
4919.211799 1.199134e-16
4921.207077 1.186656e-16
4923.203372 1.036344e-16
4925.200317 1.175043e-16
4927.197737 1.217164e-16
4929.195767 1.132359e-16
4931.194546 1.285681e-16
4933.193274 1.069234e-16
4935.192805 1.213175e-16
4937.193197 1.121268e-16
4939.193601 1.102543e-16
4941.194808 1.255402e-16
4943.197068 1.214221e-16
4945.199318 1.102372e-16
4947.202540 1.309025e-16
4949.205878 1.153893e-16
4951.209618 1.212750e-16
4953.214918 1.144400e-16
4955.219768 1.076698e-16
4957.225802 1.239485e-16
4959.232245 1.210837e-16
4961.238895 1.188639e-16
4963.250623 1.155078e-16
4965.254325 1.061753e-16
4967.262781 1.086846e-16
4969.271610 1.139178e-16
4971.280903 9.951494e-17
4973.257292 8.380537e-17
4975.298993 1.213460e-16
4977.316678 9.838421e-17
4979.326066 1.163753e-16
4981.338435 1.131598e-16
4983.350795 1.077130e-16
4985.364328 1.097047e-16
4987.378501 1.120792e-16
4989.393199 1.016836e-16
4991.408387 1.109266e-16
4993.421423 1.167143e-16
4995.437842 1.007364e-16
4997.454493 1.059458e-16
4999.472272 1.189763e-16
5001.489841 1.075722e-16
5003.508049 1.094039e-16
5005.526821 1.064289e-16
5007.546607 1.054710e-16
5009.559436 1.341739e-16
5011.576500 1.181155e-16
5013.608634 1.511403e-16
5015.630885 1.322494e-16
5017.651760 9.152048e-17
5019.674888 1.158030e-16
5021.697849 8.769811e-17
5023.721957 1.122997e-16
5025.746369 1.048581e-16
5027.771135 1.168131e-16
5029.796641 1.086474e-16
5031.822461 1.050399e-16
5033.849128 1.055281e-16
5035.876497 1.094601e-16
5037.904171 1.101042e-16
5039.931450 9.152517e-17
5041.960243 9.055113e-17
5043.989380 1.056120e-16
5046.019692 1.266379e-16
5048.049510 1.127870e-16
5050.080415 1.147443e-16
5052.111522 1.195560e-16
5054.143583 1.247687e-16
5056.175699 1.098283e-16
5058.208597 1.172271e-16
5060.241925 1.000114e-16
5062.276004 1.148052e-16
5064.310530 1.156034e-16
5066.345167 1.061006e-16
5068.380963 1.182291e-16
5070.416590 1.028410e-16
5072.452956 1.064096e-16
5074.490488 1.222155e-16
5076.527808 9.998485e-17
5078.566278 1.173554e-16
5080.604612 1.020946e-16
5082.643798 1.044766e-16
5084.683349 1.234803e-16
5086.724020 1.150180e-16
5088.764193 1.176692e-16
5090.805896 1.103457e-16
5092.847508 1.093616e-16
5094.890150 1.248742e-16
5096.932289 1.064432e-16
5098.976294 1.254217e-16
5101.019825 1.257468e-16
5103.063866 1.183221e-16
5105.108815 1.138099e-16
5107.154635 1.306232e-16
5109.200276 1.188346e-16
5111.246534 1.163968e-16
5113.293483 1.200479e-16
5115.340963 1.248729e-16
5117.388929 1.281492e-16
5119.437728 1.276960e-16
5121.486545 1.355930e-16
5123.535933 1.111784e-16
5125.585514 1.155533e-16
5127.636474 1.278697e-16
5129.687470 1.182440e-16
5131.739010 1.068564e-16
5133.790589 1.166360e-16
5135.843739 1.253672e-16
5137.896356 1.204911e-16
5139.950146 1.186222e-16
5142.003976 1.230507e-16
5144.058624 1.248758e-16
5146.113348 1.119944e-16
5148.169272 1.131533e-16
5150.225157 1.214151e-16
5152.281812 1.175153e-16
5154.338731 1.195044e-16
5156.396442 1.211319e-16
5158.453906 1.082103e-16
5160.513206 1.296752e-16
5162.572111 1.176249e-16
5164.632033 1.214798e-16
5166.692101 1.199827e-16
5168.752787 1.175528e-16
5170.813569 1.185962e-16
5172.874676 1.243043e-16
5174.936680 1.199863e-16
5176.998880 1.082310e-16
5179.062247 1.205781e-16
5181.126651 1.306052e-16
5183.189828 1.105871e-16
5185.254601 1.160249e-16
5187.319346 1.231295e-16
5189.384963 1.179140e-16
5191.451169 1.258688e-16
5193.517654 1.306077e-16
5195.584634 1.121574e-16
5197.651720 1.116330e-16
5199.719998 1.222839e-16
5201.788396 1.280359e-16
5203.857791 1.317930e-16
5205.926998 1.188860e-16
5207.996757 1.242119e-16
5210.067269 1.269764e-16
5212.138280 1.274483e-16
5214.209645 1.231544e-16
5216.281064 1.126658e-16
5218.354009 1.217442e-16
5220.426686 1.293816e-16
5222.500365 1.313204e-16
5224.574027 1.247876e-16
5226.648383 1.276134e-16
5228.723118 1.205455e-16
5230.798005 1.234107e-16
5232.873943 1.291518e-16
5234.950133 1.250139e-16
5237.027028 1.225200e-16
5239.104013 1.199405e-16
5241.181711 1.209338e-16
5243.260155 1.233031e-16
5245.338544 1.319601e-16
5247.417732 1.293849e-16
5249.497379 1.306309e-16
5251.577374 1.245315e-16
5253.657941 1.241405e-16
5255.739151 1.173849e-16
5257.820342 1.187284e-16
5259.902596 1.300708e-16
5261.985271 1.181583e-16
5264.068254 1.356492e-16
5266.151764 1.249207e-16
5268.235201 1.266685e-16
5270.319816 1.193801e-16
5272.404402 1.296126e-16
5274.489586 1.247133e-16
5276.575421 1.354719e-16
5278.661522 1.160438e-16
5280.748335 1.256299e-16
5282.835776 1.245476e-16
5284.923102 1.178761e-16
5287.011361 1.269105e-16
5289.099758 1.300626e-16
5291.188915 1.120986e-16
5293.278794 1.319567e-16
5295.368730 1.224927e-16
5297.459198 1.287974e-16
5299.550042 1.184197e-16
5301.641197 1.272649e-16
5303.733180 1.177088e-16
5305.825100 1.112718e-16
5307.918237 1.214046e-16
5310.011384 1.197932e-16
5312.105632 1.365203e-16
5314.199389 1.259145e-16
5316.294109 1.141971e-16
5318.389269 1.227715e-16
5320.484987 1.322578e-16
5322.580980 1.256369e-16
5324.677579 1.240175e-16
5326.774548 1.327332e-16
5328.871744 1.233595e-16
5330.969613 1.220748e-16
5333.067754 1.173264e-16
5335.166547 1.288594e-16
5337.265953 1.235993e-16
5339.365696 1.302114e-16
5341.465724 1.183852e-16
5343.566262 1.187211e-16
5345.667501 1.323855e-16
5347.769031 1.271059e-16
5349.870893 1.329437e-16
5351.973593 1.314629e-16
5354.075955 1.212443e-16
5356.179532 1.259778e-16
5358.283375 1.257412e-16
5360.387735 1.313062e-16
5362.492587 1.384571e-16
5364.597611 1.317853e-16
5366.703127 1.298361e-16
5368.809525 1.418550e-16
5370.915581 1.320609e-16
5373.022728 1.400953e-16
5375.129913 1.257137e-16
5377.237653 1.251010e-16
5379.346209 1.329814e-16
5381.454992 1.340348e-16
5383.564186 1.476612e-16
5385.673919 1.419132e-16
5387.783710 1.274942e-16
5389.894445 1.424217e-16
5392.005494 1.387535e-16
5394.116670 1.342463e-16
5396.228769 1.422765e-16
5398.343735 1.409804e-16
5400.453011 1.373199e-16
5402.569586 1.388459e-16
5404.680409 1.364589e-16
5406.794607 1.386426e-16
5408.909069 1.440232e-16
5411.023798 1.341721e-16
5413.139140 1.331289e-16
5415.255108 1.412283e-16
5417.371306 1.315146e-16
5419.488052 1.367434e-16
5421.605191 1.373217e-16
5423.722850 1.372348e-16
5425.840896 1.448975e-16
5427.959427 1.302347e-16
5430.077875 1.245344e-16
5432.197412 1.237920e-16
5434.317249 1.231038e-16
5436.437345 1.323029e-16
5438.557899 1.244751e-16
5440.678968 1.294145e-16
5442.800641 1.301884e-16
5444.922588 1.399143e-16
5447.045053 1.446185e-16
5449.167768 1.365919e-16
5451.290914 1.387354e-16
5453.414452 1.335579e-16
5455.538690 1.444090e-16
5457.663404 1.465409e-16
5459.788143 1.369192e-16
5461.913659 1.436907e-16
5464.039383 1.333277e-16
5466.165547 1.399890e-16
5468.292308 1.408825e-16
5470.419272 1.417587e-16
5472.546698 1.385368e-16
5474.674975 1.501878e-16
5476.803245 1.470058e-16
5478.931841 1.380899e-16
5481.061221 1.431997e-16
5483.188700 1.441209e-16
5485.319093 1.479433e-16
5487.449140 1.332399e-16
5489.580209 1.365318e-16
5491.711676 1.422332e-16
5493.843368 1.416130e-16
5495.975614 1.332106e-16
5498.105657 1.379131e-16
5500.241049 1.316645e-16
5502.374814 1.422462e-16
5504.508366 1.363918e-16
5506.642729 1.388001e-16
5508.777569 1.409165e-16
5510.912619 1.402974e-16
5513.048194 1.456558e-16
5515.184215 1.429041e-16
5517.320588 1.435699e-16
5519.457234 1.398888e-16
5521.594531 1.379285e-16
5523.732319 1.471757e-16
5525.870405 1.447576e-16
5528.008776 1.484458e-16
5530.147767 1.459265e-16
5532.287002 1.388780e-16
5534.426610 1.346863e-16
5536.566639 1.405926e-16
5538.707241 1.315323e-16
5540.848075 1.337811e-16
5542.989606 1.379902e-16
5545.131229 1.298775e-16
5547.273468 1.330592e-16
5549.416149 1.445633e-16
5551.559189 1.428223e-16
5553.702673 1.415859e-16
5555.846438 1.384447e-16
5557.990467 1.367267e-16
5560.135114 1.344065e-16
5562.280281 1.359443e-16
5564.425755 1.292572e-16
5566.571323 1.319550e-16
5568.717901 1.353479e-16
5570.864301 1.317399e-16
5573.010966 1.282216e-16
5575.157012 1.230190e-16
5577.305762 1.439321e-16
5579.454452 1.187877e-16
5581.604002 1.407636e-16
5583.754094 1.258543e-16
5585.903121 1.372448e-16
5588.052750 1.423624e-16
5590.202981 1.360982e-16
5592.353734 1.294474e-16
5594.504614 1.324158e-16
5596.656342 1.333371e-16
5598.808363 1.342798e-16
5600.960523 1.246623e-16
5603.113072 1.254928e-16
5605.266285 1.266222e-16
5607.419879 1.316446e-16
5609.573664 1.345105e-16
5611.728089 1.283878e-16
5613.882812 1.324070e-16
5616.038009 1.280138e-16
5618.193601 1.379465e-16
5620.349389 1.341782e-16
5622.503740 1.315516e-16
5624.659420 1.276052e-16
5626.819593 1.337509e-16
5628.976810 1.291956e-16
5631.134756 1.285097e-16
5633.293161 1.222459e-16
5635.451631 1.190778e-16
5637.611192 1.312220e-16
5639.770393 1.327986e-16
5641.930362 1.384970e-16
5644.090485 1.265141e-16
5646.250903 1.189646e-16
5648.412096 1.310525e-16
5650.573511 1.284264e-16
5652.735247 1.193652e-16
5654.897735 1.305616e-16
5657.060244 1.273179e-16
5659.223109 1.242762e-16
5661.386583 1.310351e-16
5663.550108 1.194299e-16
5665.714396 1.260395e-16
5667.879028 1.264491e-16
5670.043823 1.233280e-16
5672.207458 1.272455e-16
5674.372925 1.208816e-16
5676.537092 1.161329e-16
5678.707366 1.234832e-16
5680.874561 1.229492e-16
5683.041365 1.183310e-16
5685.209210 1.184352e-16
5687.377083 1.193056e-16
5689.545681 1.288501e-16
5691.714334 1.312445e-16
5693.883643 1.245512e-16
5696.052917 1.226595e-16
5698.222993 1.183225e-16
5700.393219 1.160820e-16
5702.564019 1.195045e-16
5704.735047 1.173806e-16
5706.906618 1.213255e-16
5709.078467 1.262338e-16
5711.250708 1.297832e-16
5713.423249 1.172826e-16
5715.596324 1.313629e-16
5717.774402 1.239831e-16
5719.943333 1.307515e-16
5722.117287 1.217662e-16
5724.291718 1.170456e-16
5726.466721 1.127024e-16
5728.641937 1.226881e-16
5730.817457 1.169950e-16
5732.993658 1.279900e-16
5735.169942 1.204114e-16
5737.346529 1.192321e-16
5739.523914 1.241503e-16
5741.701108 1.198387e-16
5743.879310 1.214155e-16
5746.057304 1.154651e-16
5748.236097 1.183785e-16
5750.414889 1.118516e-16
5752.592336 1.155183e-16
5754.774104 1.161268e-16
5756.954203 1.159870e-16
5759.134577 1.075934e-16
5761.315460 1.145116e-16
5763.496641 1.065274e-16
5765.678318 1.174256e-16
5767.860394 1.121872e-16
5770.042442 1.058973e-16
5772.225216 1.139675e-16
5774.408267 1.083972e-16
5776.591767 1.097697e-16
5778.775627 1.112880e-16
5780.959777 1.100997e-16
5783.144313 1.092027e-16
5785.329150 1.115874e-16
5787.514596 1.109559e-16
5789.700103 1.170114e-16
5791.886071 1.053763e-16
5794.070684 1.059051e-16
5796.259298 1.094126e-16
5798.446286 1.079339e-16
5800.633830 1.129972e-16
5802.821652 1.095095e-16
5805.009821 1.197820e-16
5807.198424 1.121795e-16
5809.387311 1.122954e-16
5811.576664 1.198004e-16
5813.766278 1.216959e-16
5815.956284 1.176583e-16
5818.146583 1.122406e-16
5820.337406 1.197518e-16
5822.528532 1.211005e-16
5824.719875 1.117297e-16
5826.911737 1.190327e-16
5829.103817 1.109510e-16
5831.296386 1.157812e-16
5833.489220 1.069383e-16
5835.682504 1.130822e-16
5837.876152 1.137572e-16
5840.070007 1.146313e-16
5842.264536 1.171964e-16
5844.457401 1.169618e-16
5846.654216 1.142437e-16
5848.849592 1.235233e-16
5851.045276 1.162473e-16
5853.241403 1.136902e-16
5855.438020 1.185721e-16
5857.634762 1.176891e-16
5859.831814 1.168107e-16
5862.029222 1.122441e-16
5864.227356 1.206586e-16
5866.425472 1.192150e-16
5868.623974 1.096545e-16
5870.822953 1.172267e-16
5873.018373 1.174280e-16
5875.221807 1.089368e-16
5877.422026 1.159655e-16
5879.622241 1.177991e-16
5881.823085 1.195884e-16
5884.023944 1.109604e-16
5886.225313 1.075700e-16
5888.426668 1.099351e-16
5890.628942 1.025927e-16
5892.831263 1.046524e-16
5895.034208 1.043549e-16
5897.237445 1.020175e-16
5899.441127 1.254284e-16
5901.645139 1.112090e-16
5903.849463 1.209154e-16
5906.053919 1.171755e-16
5908.258750 1.204221e-16
5910.463998 1.226250e-16
5912.669579 1.131617e-16
5914.875612 1.224545e-16
5917.081787 1.262220e-16
5919.288289 1.155340e-16
5921.495429 1.212097e-16
5923.702674 1.213857e-16
5925.910319 1.151050e-16
5928.118319 1.162275e-16
5930.326815 1.189753e-16
5932.535125 1.140232e-16
5934.744540 1.244231e-16
5936.953681 1.211464e-16
5939.163566 1.241677e-16
5941.373386 1.136085e-16
5943.583937 1.195044e-16
5945.794749 1.165501e-16
5948.005736 1.190122e-16
5950.217119 1.222573e-16
5952.428865 1.220224e-16
5954.639432 1.180139e-16
5956.853402 1.167252e-16
5959.066219 1.172154e-16
5961.279260 1.198845e-16
5963.492830 1.193354e-16
5965.706341 1.087782e-16
5967.919512 1.237565e-16
5970.135255 1.253986e-16
5972.350106 1.277457e-16
5974.574375 1.264756e-16
5976.789803 1.333440e-16
5978.996631 1.324679e-16
5981.212552 1.169198e-16
5983.429194 1.318475e-16
5985.646185 1.295426e-16
5987.863235 1.226710e-16
5990.080694 1.209825e-16
5992.298568 1.273146e-16
5994.516776 1.260297e-16
5996.735269 1.317983e-16
5998.954025 1.241226e-16
6001.173216 1.279663e-16
6003.392784 1.275224e-16
6005.612600 1.276425e-16
6007.830048 1.307532e-16
6010.053267 1.217755e-16
6012.274136 1.243327e-16
6014.495470 1.356283e-16
6016.716838 1.282049e-16
6018.935758 1.198836e-16
6021.160763 1.257246e-16
6023.383466 1.324616e-16
6025.606291 1.351889e-16
6027.829376 1.326932e-16
6030.052810 1.211889e-16
6032.276728 1.364084e-16
6034.501022 1.415218e-16
6036.724102 1.309923e-16
6038.948969 1.275538e-16
6041.174066 1.285070e-16
6043.399536 1.302528e-16
6045.625402 1.370303e-16
6047.851431 1.288405e-16
6050.077888 1.374806e-16
6052.304751 1.344492e-16
6054.531765 1.283107e-16
6056.759151 1.302704e-16
6058.987055 1.411100e-16
6061.215177 1.442127e-16
6063.443462 1.352258e-16
6065.672219 1.364626e-16
6067.901215 1.322138e-16
6070.130609 1.275984e-16
6072.360311 1.288585e-16
6074.590322 1.256772e-16
6076.820657 1.254224e-16
6079.051291 1.176763e-16
6081.282142 1.165747e-16
6083.513656 1.240783e-16
6085.745254 1.284043e-16
6087.977354 1.376692e-16
6090.209600 1.313229e-16
6092.442046 1.303550e-16
6094.675080 1.252007e-16
6096.908301 1.347063e-16
6099.141947 1.361431e-16
6101.375866 1.367292e-16
6103.610097 1.340332e-16
6105.844629 1.383792e-16
6108.079532 1.382786e-16
6110.314561 1.376061e-16
6112.550114 1.378533e-16
6114.785828 1.282938e-16
6117.022039 1.302711e-16
6119.258523 1.388555e-16
6121.495295 1.362691e-16
6123.732336 1.300053e-16
6125.969776 1.345677e-16
6128.207372 1.296932e-16
6130.445550 1.297559e-16
6132.683842 1.331566e-16
6134.922578 1.319433e-16
6137.161419 1.305715e-16
6139.400775 1.313390e-16
6141.640475 1.390504e-16
6143.880345 1.313651e-16
6146.120536 1.279746e-16
6148.361108 1.278462e-16
6150.602061 1.348609e-16
6152.843252 1.356781e-16
6155.084623 1.276200e-16
6157.326478 1.287193e-16
6159.568639 1.340158e-16
6161.811132 1.323757e-16
6164.053890 1.326636e-16
6166.296949 1.314226e-16
6168.540358 1.312932e-16
6170.784000 1.280834e-16
6173.027981 1.320664e-16
6175.272382 1.329497e-16
6177.516900 1.262239e-16
6179.761853 1.263163e-16
6182.007114 1.309160e-16
6184.252764 1.255818e-16
6186.497236 1.308267e-16
6188.744836 1.313883e-16
6190.991159 1.256733e-16
6193.238012 1.292710e-16
6195.485059 1.247132e-16
6197.732485 1.230442e-16
6199.980227 1.255158e-16
6202.228248 1.302343e-16
6204.476667 1.277597e-16
6206.725259 1.233808e-16
6208.974289 1.292154e-16
6211.223339 1.158768e-16
6213.472939 1.270161e-16
6215.722942 1.239648e-16
6217.973170 1.261722e-16
6220.223659 1.237982e-16
6222.474432 1.213200e-16
6224.725664 1.304190e-16
6226.977046 1.291515e-16
6229.228676 1.155249e-16
6231.480723 1.195128e-16
6233.733052 1.199321e-16
6235.984555 1.254248e-16
6238.238700 1.267594e-16
6240.491918 1.195078e-16
6242.745508 1.256902e-16
6244.999274 1.160516e-16
6247.253599 1.242860e-16
6249.508088 1.271142e-16
6251.762725 1.187836e-16
6254.017818 1.187546e-16
6256.273185 1.211391e-16
6258.528775 1.214264e-16
6260.784895 1.258212e-16
6263.041145 1.207082e-16
6265.297719 1.229822e-16
6267.554605 1.187821e-16
6269.811721 1.178773e-16
6272.069227 1.151689e-16
6274.327108 1.209520e-16
6276.585135 1.092052e-16
6278.843494 1.097332e-16
6281.102294 1.104288e-16
6283.361044 9.696539e-17
6285.620454 1.143164e-16
6287.880137 1.216938e-16
6290.140172 1.115181e-16
6292.400163 1.097398e-16
6294.660655 1.085235e-16
6296.920348 1.105735e-16
6299.182439 1.136118e-16
6301.443769 1.102912e-16
6303.705439 1.140942e-16
6305.967433 1.077656e-16
6308.228630 1.155168e-16
6310.492500 1.198057e-16
6312.754342 1.134430e-16
6315.018574 1.117886e-16
6317.282028 1.124701e-16
6319.545730 1.138335e-16
6321.808921 1.176808e-16
6324.074227 1.160230e-16
6326.338730 1.066373e-16
6328.603677 1.062021e-16
6330.869024 1.128981e-16
6333.134592 1.124592e-16
6335.400433 1.093077e-16
6337.666645 1.127901e-16
6339.933048 1.148293e-16
6342.199803 1.187249e-16
6344.466841 1.194176e-16
6346.734015 1.127219e-16
6349.001732 1.165061e-16
6351.269466 1.074946e-16
6353.537752 1.133561e-16
6355.806174 1.072859e-16
6358.075021 1.156254e-16
6360.344116 1.095027e-16
6362.613372 1.091604e-16
6364.883075 1.068256e-16
6367.151919 1.102666e-16
6369.423283 1.123458e-16
6371.693800 1.100858e-16
6373.964781 1.212011e-16
6376.235819 1.186581e-16
6378.507358 1.220997e-16
6380.778957 1.163370e-16
6383.050832 1.111373e-16
6385.323153 1.110257e-16
6387.594876 1.143793e-16
6389.868688 1.212514e-16
6392.141899 1.214164e-16
6394.415320 1.219347e-16
6396.689076 1.201759e-16
6398.963115 1.217581e-16
6401.237358 1.181847e-16
6403.512058 1.236797e-16
6405.786997 1.218942e-16
6408.062142 1.267350e-16
6410.337598 1.219720e-16
6412.613323 1.159164e-16
6414.888394 1.201657e-16
6417.165803 1.256675e-16
6419.442421 1.245971e-16
6421.719263 1.193903e-16
6423.996389 1.146849e-16
6426.273996 1.247971e-16
6428.551722 1.186472e-16
6430.829758 1.199987e-16
6433.108227 1.206950e-16
6435.386744 1.200876e-16
6437.665740 1.234688e-16
6439.944894 1.208714e-16
6442.224479 1.237979e-16
6444.504173 1.189933e-16
6446.782851 1.225404e-16
6449.064644 1.215350e-16
6451.345309 1.249228e-16
6453.629154 1.181439e-16
6455.907494 1.298881e-16
6458.188917 1.234733e-16
6460.470680 1.222469e-16
6462.752825 1.265676e-16
6465.035128 1.261298e-16
6467.316791 1.229929e-16
6469.600662 1.290407e-16
6471.883942 1.289623e-16
6474.167471 1.294890e-16
6476.451189 1.311861e-16
6478.735219 1.280073e-16
6481.019551 1.232565e-16
6483.304212 1.309497e-16
6485.589169 1.316060e-16
6487.874349 1.300693e-16
6490.159780 1.315905e-16
6492.445573 1.331874e-16
6494.731772 1.342054e-16
6497.016695 1.342921e-16
6499.304569 1.335875e-16
6501.591286 1.322407e-16
6503.878454 1.313790e-16
6506.165883 1.274652e-16
6508.453547 1.234643e-16
6510.742842 1.317223e-16
6513.029881 1.244489e-16
6515.318478 1.223314e-16
6517.607268 1.241740e-16
6519.896485 1.275661e-16
6522.185836 1.251433e-16
6524.475506 1.246669e-16
6526.764026 1.308565e-16
6529.055814 1.283049e-16
6531.346339 1.289390e-16
6533.637173 1.306963e-16
6535.928181 1.250784e-16
6538.219504 1.213786e-16
6540.511221 1.224367e-16
6542.803118 1.217605e-16
6545.095290 1.219540e-16
6547.387092 1.292327e-16
6549.680670 1.210143e-16
6551.973575 1.211065e-16
6554.266968 1.230112e-16
6556.560512 1.213163e-16
6558.854505 1.222332e-16
6561.147483 1.213354e-16
6563.443159 1.215270e-16
6565.736357 1.224990e-16
6568.032854 1.283188e-16
6570.328047 1.231943e-16
6572.623557 1.201267e-16
6574.919249 1.174309e-16
6577.215416 1.206501e-16
6579.511819 1.213870e-16
6581.808449 1.190426e-16
6584.105404 1.219527e-16
6586.402620 1.219883e-16
6588.700102 1.215385e-16
6590.997948 1.214297e-16
6593.295840 1.185145e-16
6595.594147 1.153221e-16
6597.892665 1.154695e-16
6600.191545 1.161819e-16
6602.489315 1.105630e-16
6604.790102 1.143539e-16
6607.089897 1.179231e-16
6609.388832 1.156620e-16
6611.689872 1.035923e-16
6613.990479 1.101709e-16
6616.291153 1.068412e-16
6618.592299 1.066070e-16
6620.893726 1.125081e-16
6623.195378 1.151164e-16
6625.497228 1.093187e-16
6627.799451 1.155117e-16
6630.101795 1.120474e-16
6632.404610 1.096867e-16
6634.706462 1.110214e-16
6637.010843 1.105118e-16
6639.314281 1.090893e-16
6641.618148 1.068534e-16
6643.921310 1.039643e-16
6646.226709 1.172269e-16
6648.531174 1.067965e-16
6650.836157 1.107143e-16
6653.141146 1.051537e-16
6655.446669 1.022033e-16
6657.752446 1.109820e-16
6660.058429 1.037084e-16
6662.364641 1.035845e-16
6664.671235 1.067518e-16
6666.978072 1.095745e-16
6669.285147 1.073353e-16
6671.592420 1.049875e-16
6673.900166 1.104492e-16
6676.207057 1.050236e-16
6678.515287 1.071370e-16
6680.824671 1.086727e-16
6683.133338 1.090821e-16
6685.444008 1.136238e-16
6687.744306 9.954969e-17
6690.057211 1.019442e-16
6692.370885 1.054998e-16
6694.680943 9.595577e-17
6696.991295 1.012276e-16
6699.301895 1.020223e-16
6701.612955 1.067320e-16
6703.924010 1.057335e-16
6706.234531 1.039128e-16
6708.546260 1.037542e-16
6710.858231 1.054871e-16
6713.171335 1.047823e-16
6715.481938 9.463326e-17
6717.796584 1.030010e-16
6720.109762 1.052551e-16
6722.423044 1.060036e-16
6724.735612 1.031456e-16
6727.050505 1.009740e-16
6729.363719 1.040074e-16
6731.678951 1.049364e-16
6733.995357 1.073239e-16
6736.313027 1.082379e-16
6738.628138 1.018420e-16
6740.939192 9.902414e-17
6743.254366 1.001520e-16
6745.571065 1.051647e-16
6747.886023 1.053882e-16
6750.200767 1.135624e-16
6752.518232 1.088689e-16
6754.834424 1.183816e-16
6757.154862 1.106163e-16
6759.471358 9.714535e-17
6761.787332 9.669411e-17
6764.099845 1.518812e-16
6766.407397 2.205579e-16
6768.726242 2.566178e-16
6771.110437 3.221253e-16
6773.385646 1.184903e-16
6775.703080 9.704382e-17
6778.023586 9.906558e-17
6780.343556 9.905787e-17
6782.663163 9.676343e-17
6784.981795 9.378928e-17
6787.303620 1.271500e-16
6789.623824 1.337702e-16
6791.946932 1.381430e-16
6794.265994 1.146480e-16
6796.591346 9.579378e-17
6798.913086 1.033728e-16
6801.235933 9.497218e-17
6803.558757 9.670967e-17
6805.881106 9.658522e-17
6808.204496 1.007328e-16
6810.527043 9.464669e-17
6812.851710 9.318788e-17
6815.175932 1.017606e-16
6817.497433 9.503591e-17
6819.824663 9.213102e-17
6822.149699 1.013872e-16
6824.474736 9.931347e-17
6826.799316 9.170428e-17
6829.125693 9.590103e-17
6831.451534 9.531701e-17
6833.776022 9.301782e-17
6836.104296 9.737546e-17
6838.430989 9.318255e-17
6840.758063 9.449754e-17
6843.085390 9.322991e-17
6845.412777 9.220566e-17
6847.739900 9.555175e-17
6850.066140 9.186982e-17
6852.397089 9.458494e-17
6854.722958 8.756597e-17
6857.053633 9.332245e-17
6859.382448 9.171559e-17
6861.712901 9.557850e-17
6864.041930 9.181465e-17
6866.372469 8.386819e-17
6868.702862 7.809470e-17
6871.033181 6.558717e-17
6873.363891 6.715404e-17
6875.694904 7.187514e-17
6878.025383 7.592702e-17
6880.356561 8.010440e-17
6882.689545 8.599969e-17
6885.021607 8.796717e-17
6887.352875 8.476907e-17
6889.686445 8.204933e-17
6892.018141 7.818863e-17
6894.352384 8.198114e-17
6896.685826 8.116135e-17
6899.018289 7.919649e-17
6901.351315 7.815017e-17
6903.687458 8.315138e-17
6906.021981 8.175823e-17
6908.356599 8.589743e-17
6910.691569 8.182530e-17
6913.026772 8.503236e-17
6915.361258 8.877933e-17
6917.698197 8.911418e-17
6920.034144 8.894970e-17
6922.367033 9.052046e-17
6924.703718 1.112302e-16
6927.039992 9.842832e-17
6929.378936 9.819699e-17
6931.717559 8.681901e-17
6934.054462 8.572416e-17
6936.391288 9.048868e-17
6938.730877 1.008178e-16
6941.066930 9.755626e-17
6943.406552 9.531405e-17
6945.746217 9.066818e-17
6948.086338 9.062231e-17
6950.426534 8.567315e-17
6952.766318 8.538735e-17
6955.104478 8.274406e-17
6957.445802 8.635923e-17
6959.785353 8.269660e-17
6962.127640 8.754493e-17
6964.469898 8.944088e-17
6966.811901 8.941495e-17
6969.151235 8.734163e-17
6971.492752 8.699550e-17
6973.835176 9.572694e-17
6976.178363 8.795527e-17
6978.520923 8.617345e-17
6980.862721 9.016875e-17
6983.206307 8.611829e-17
6985.549796 8.797365e-17
6987.892848 8.469148e-17
6990.238202 8.487884e-17
6992.580925 8.172955e-17
6994.925366 8.410195e-17
6997.271106 8.456250e-17
6999.616708 8.326421e-17
7001.961171 8.513610e-17
7004.306576 8.670467e-17
7006.652757 8.884459e-17
7008.998837 8.538971e-17
7011.345724 8.449623e-17
7013.691820 8.377960e-17
7016.039360 8.745933e-17
7018.384637 8.466018e-17
7020.732311 8.435859e-17
7023.080990 8.760708e-17
7025.432119 8.817682e-17
7027.777064 8.344351e-17
7030.123736 8.348084e-17
7032.473256 8.125860e-17
7034.821952 8.515843e-17
7037.173058 8.077472e-17
7039.522672 8.290885e-17
7041.872175 8.148355e-17
7044.221845 8.302798e-17
7046.572251 8.234947e-17
7048.923419 8.554934e-17
7051.274243 8.246545e-17
7053.623586 8.311615e-17
7055.976211 8.404602e-17
7058.328414 8.357645e-17
7060.679751 8.268425e-17
7063.031855 8.431106e-17
7065.384410 8.905837e-17
7067.735192 8.519690e-17
7070.088523 8.111083e-17
7072.443844 8.475046e-17
7074.796687 8.297524e-17
7077.151081 8.626667e-17
7079.504283 8.826466e-17
7081.858047 8.467115e-17
7084.213093 8.707607e-17
7086.566609 8.361500e-17
7088.923220 8.459613e-17
7091.275863 8.177730e-17
7093.632521 8.036749e-17
7095.990169 8.618186e-17
7098.345473 8.326657e-17
7100.702647 8.605047e-17
7103.058353 8.511046e-17
7105.416185 8.593845e-17
7107.773483 8.648684e-17
7110.130192 8.739683e-17
7112.487939 8.739429e-17
7114.846848 8.612241e-17
7117.203670 8.614918e-17
7119.564059 8.333511e-17
7121.919417 8.281108e-17
7124.279904 8.065419e-17
7126.640595 8.066943e-17
7129.000865 8.830208e-17
7131.359836 8.332102e-17
7133.719119 8.070506e-17
7136.080677 8.492065e-17
7138.441179 8.820119e-17
7140.800598 8.242750e-17
7143.163438 8.624805e-17
7145.523817 8.337636e-17
7147.885793 8.683716e-17
7150.247480 8.390600e-17
7152.610804 8.415640e-17
7154.971943 8.503920e-17
7157.335984 8.244361e-17
7159.699109 8.817410e-17
7162.062398 8.686877e-17
7164.425700 8.498255e-17
7166.789315 8.321802e-17
7169.153951 8.089728e-17
7171.518128 7.796639e-17
7173.883521 8.402591e-17
7176.247345 8.285996e-17
7178.613563 8.315665e-17
7180.977780 8.406098e-17
7183.344237 8.493445e-17
7185.709606 7.739399e-17
7188.075860 8.313434e-17
7190.442806 8.107908e-17
7192.809335 8.127939e-17
7195.177131 7.798288e-17
7197.543922 8.110392e-17
7199.910854 7.984303e-17
7202.279488 8.531658e-17
7204.646828 8.366926e-17
7207.015104 8.199907e-17
7209.384273 8.968695e-17
7211.753362 8.709984e-17
7214.121822 9.370610e-17
7216.491508 8.597092e-17
7218.862203 8.929002e-17
7221.231219 8.785806e-17
7223.602347 8.354733e-17
7225.972863 8.466259e-17
7228.343100 8.722397e-17
7230.714190 8.288821e-17
7233.086016 8.389366e-17
7235.456878 8.148287e-17
7237.828288 8.479510e-17
7240.200757 8.140022e-17
7242.573659 8.238973e-17
7244.946303 8.311287e-17
7247.319317 8.858120e-17
7249.692514 8.613906e-17
7252.064909 9.113863e-17
7254.439738 8.899136e-17
7256.813754 8.884493e-17
7259.186975 8.904320e-17
7261.562197 9.201664e-17
7263.936851 8.778675e-17
7266.312450 9.188698e-17
7268.687752 9.374579e-17
7271.063266 8.521649e-17
7273.438645 8.214675e-17
7275.815115 8.404320e-17
7278.191514 8.171158e-17
7280.567568 8.590091e-17
7282.944250 8.670229e-17
7285.322437 8.867910e-17
7287.699344 9.200817e-17
7290.077393 8.879559e-17
7292.455768 8.670239e-17
7294.833032 8.230941e-17
7297.212538 8.444451e-17
7299.591368 8.752025e-17
7301.970439 8.556655e-17
7304.349816 8.514692e-17
7306.728841 8.509591e-17
7309.109383 8.844070e-17
7311.489561 9.056933e-17
7313.869904 8.827325e-17
7316.251423 8.873456e-17
7318.631521 8.343992e-17
7321.012830 8.735153e-17
7323.394439 8.902745e-17
7325.776183 8.629219e-17
7328.157861 8.641550e-17
7330.540593 8.842909e-17
7332.922792 8.417495e-17
7335.306090 8.927855e-17
7337.688783 8.586921e-17
7340.072484 8.279763e-17
7342.455846 8.629831e-17
7344.839904 8.534780e-17
7347.224448 8.209779e-17
7349.608551 8.456288e-17
7351.993769 8.540121e-17
7354.378519 8.131008e-17
7356.764109 8.515414e-17
7359.149699 8.421526e-17
7361.535578 8.806940e-17
7363.921738 8.504995e-17
7366.307598 8.337123e-17
7368.694726 8.360040e-17
7371.081692 8.876687e-17
7373.468891 8.201482e-17
7375.856469 8.466320e-17
7378.244218 8.090198e-17
7380.632281 8.348841e-17
7383.020179 8.147022e-17
7385.408869 8.727991e-17
7387.796946 8.294678e-17
7390.187172 8.342701e-17
7392.576200 8.941616e-17
7394.965996 8.620532e-17
7397.356209 8.702548e-17
7399.746011 8.482882e-17
7402.137821 8.516092e-17
7404.527391 8.957168e-17
7406.918525 8.874161e-17
7409.310142 8.763742e-17
7411.701714 8.401615e-17
7414.093280 8.251580e-17
7416.485492 8.708473e-17
7418.877645 8.522945e-17
7421.270608 8.415671e-17
7423.663839 8.565806e-17
7426.057064 8.298723e-17
7428.450272 8.084579e-17
7430.844359 8.368060e-17
7433.238199 8.051440e-17
7435.632589 8.171555e-17
7438.027386 8.369433e-17
7440.422276 8.008278e-17
7442.817453 8.310248e-17
7445.212806 8.456786e-17
7447.608316 8.342408e-17
7450.004660 8.091436e-17
7452.400935 8.154088e-17
7454.797487 7.998916e-17
7457.194118 8.325094e-17
7459.591624 8.576009e-17
7461.988759 8.423904e-17
7464.386403 8.739317e-17
7466.784041 8.426793e-17
7469.182641 8.456805e-17
7471.581028 8.675862e-17
7473.979929 8.352401e-17
7476.378842 8.289776e-17
7478.778296 8.513994e-17
7481.177708 7.928178e-17
7483.577587 8.055164e-17
7485.977851 8.388952e-17
7488.378258 7.890161e-17
7490.779008 7.924288e-17
7493.180144 8.431804e-17
7495.581455 8.444659e-17
7497.982972 8.172955e-17
7500.385015 8.289099e-17
7502.786852 8.709385e-17
7505.189255 8.376221e-17
7507.591956 8.332148e-17
7509.994965 8.480982e-17
7512.398127 8.336256e-17
7514.801636 8.047356e-17
7517.205512 8.432340e-17
7519.609475 8.103851e-17
7522.013800 7.750502e-17
7524.418562 8.131179e-17
7526.823361 8.081581e-17
7529.228650 8.282383e-17
7531.634135 7.985382e-17
7534.039912 8.627783e-17
7536.445960 8.198291e-17
7538.852293 8.191769e-17
7541.258881 7.804768e-17
7543.665783 8.398979e-17
7546.072965 8.180478e-17
7548.480430 7.773579e-17
7550.888182 7.681888e-17
7553.296200 7.800333e-17
7555.704485 7.874447e-17
7558.113086 7.639531e-17
7560.521921 7.730867e-17
7562.931069 8.237307e-17
7565.340464 8.048289e-17
7567.750499 8.097855e-17
7570.160269 7.927966e-17
7572.570602 7.426673e-17
7574.981085 7.775182e-17
7577.391930 8.237931e-17
7579.803355 7.438892e-17
7582.214798 7.218839e-17
7584.626246 7.452226e-17
7587.038168 7.377822e-17
7589.450451 7.880223e-17
7591.863143 7.336151e-17
7594.276128 5.749198e-17
7596.689101 4.891632e-17
7599.102476 3.210207e-17
7601.516184 2.618972e-17
7603.930184 2.163551e-17
7606.344445 2.101094e-17
7608.759031 1.906560e-17
7611.174019 2.522936e-17
7613.588982 3.186098e-17
7616.004531 4.061808e-17
7618.420087 5.445419e-17
7620.836085 5.528837e-17
7623.252395 5.348766e-17
7625.669243 4.150106e-17
7628.085878 4.001749e-17
7630.503024 3.970424e-17
7632.920377 3.722071e-17
7635.338188 3.861504e-17
7637.756170 4.320738e-17
7640.174461 4.403375e-17
7642.593262 4.456708e-17
7645.011928 4.715463e-17
7647.431315 4.606121e-17
7649.850823 4.889749e-17
7652.270329 5.335984e-17
7654.690284 5.352932e-17
7657.110662 6.110508e-17
7659.531678 5.552976e-17
7661.952221 6.202289e-17
7664.373434 5.896816e-17
7666.794721 7.000336e-17
7669.217420 6.431429e-17
7671.639030 6.600418e-17
7674.060844 6.855363e-17
7676.483760 6.909795e-17
7678.906729 6.530585e-17
7681.330726 6.868737e-17
7683.753833 6.569882e-17
7686.177253 7.484802e-17
7688.601677 6.830342e-17
7691.026734 7.381996e-17
7693.451856 6.950869e-17
7695.876499 6.723318e-17
7698.301042 6.496101e-17
7700.726787 7.247335e-17
7703.152275 7.212185e-17
7705.578950 6.713696e-17
7708.004934 7.237956e-17
7710.432098 6.786475e-17
7712.860631 6.817065e-17
7715.286308 6.834548e-17
7717.713992 7.305051e-17
7720.141963 6.762161e-17
7722.570138 6.821870e-17
7724.998949 6.883394e-17
7727.427811 7.032366e-17
7729.856515 6.914068e-17
7732.286432 7.180424e-17
7734.716646 6.928588e-17
7737.146092 7.023040e-17
7739.576217 7.078298e-17
7742.007169 7.251212e-17
7744.437364 7.036558e-17
7746.869305 6.920589e-17
7749.300739 6.627237e-17
7751.732185 6.843473e-17
7754.165480 6.846232e-17
7756.597112 6.660966e-17
7759.030018 6.717342e-17
7761.462295 6.839631e-17
7763.895575 6.445237e-17
7766.330237 6.814414e-17
7768.763282 7.227038e-17
7771.197913 6.551552e-17
7773.635229 6.686473e-17
7776.066249 6.922368e-17
7778.501488 6.916302e-17
7780.938582 6.890602e-17
7783.373395 6.530569e-17
7785.811564 6.617144e-17
7788.246833 6.533370e-17
7790.683023 6.898089e-17
7793.118568 6.401046e-17
7795.556892 6.912320e-17
7797.995019 6.171612e-17
7800.432767 6.702023e-17
7802.870444 6.957734e-17
7805.307909 6.585534e-17
7807.746147 7.055605e-17
7810.183098 7.189102e-17
7812.625277 6.763975e-17
7815.065103 7.045208e-17
7817.505896 6.780577e-17
7819.944393 6.652269e-17
7822.385087 7.098385e-17
7824.825991 6.692419e-17
7827.267108 6.850792e-17
7829.709166 6.315741e-17
7832.151421 6.712220e-17
7834.592958 6.549044e-17
7837.039412 6.421749e-17
7839.482017 6.107642e-17
7841.922545 6.539745e-17
7844.365073 6.806989e-17
7846.808633 6.687560e-17
7849.248591 6.683897e-17
7851.696548 6.641074e-17
7854.139441 6.750157e-17
7856.585742 5.982809e-17
7859.030847 6.778638e-17
7861.475628 6.261228e-17
7863.923195 6.993076e-17
7866.372251 7.102299e-17
7868.813683 6.047053e-17
7871.267028 6.902156e-17
7873.709630 5.677581e-17
7876.154678 4.967836e-17
