3624.414591 1.564675e-17
3625.865282 -1.170254e-17
3627.316618 -3.149523e-17
3628.769149 -2.894002e-17
3630.222697 -2.972438e-17
3631.676948 -2.930774e-17
3633.132348 -1.622382e-17
3634.588231 -1.541045e-17
3636.045911 -9.982226e-18
3637.503903 7.562145e-18
3638.963102 -7.307429e-19
3640.423126 3.409278e-18
3641.884188 5.250882e-18
3643.346303 -4.660268e-18
3644.809803 -5.379186e-18
3646.272844 2.230500e-17
3647.737558 1.644456e-17
3649.204140 -1.501902e-17
3650.670297 9.789355e-18
3652.139044 -2.131683e-18
3653.606455 9.082214e-18
3655.076807 2.329620e-17
3656.546939 -2.526579e-18
3658.019177 -6.473691e-18
3659.490790 1.250682e-17
3660.964473 -3.015652e-18
3662.439156 1.245615e-17
3663.913361 5.689747e-19
3665.389926 -1.433868e-18
3666.867112 -7.192469e-18
3668.345227 8.331607e-18
3669.825056 2.749074e-18
3671.304466 -3.240594e-19
3672.784666 8.223640e-18
3674.267667 4.601848e-18
3675.749532 1.390667e-18
3677.233504 8.568140e-18
3678.717720 4.025118e-19
3680.203601 3.231294e-18
3681.689797 -2.044376e-18
3683.178054 4.373977e-18
3684.664582 -6.632972e-18
3686.157226 9.955332e-18
3687.647959 -3.970255e-18
3689.138099 1.744051e-18
3690.636874 -2.305905e-18
3692.131227 1.753534e-17
3693.629924 -1.019634e-17
3695.125642 7.813781e-19
3696.621306 3.233155e-18
3698.102179 -7.730699e-18
3699.600784 1.882396e-17
3701.097050 -5.438170e-18
3702.598864 8.045410e-18
3704.098730 6.046315e-18
3705.600950 -5.742407e-18
3707.102893 -1.792970e-18
3708.605572 -1.517408e-18
3710.109284 -2.216276e-19
3711.615523 6.355096e-18
3713.120623 -8.429714e-18
3714.627715 -1.830916e-18
3716.136013 2.919298e-18
3717.643925 -2.155560e-18
3719.153940 7.083829e-18
3720.664462 1.653308e-18
3722.175514 2.548270e-18
3723.688280 -1.186813e-18
3725.202135 9.235799e-18
3726.716507 1.309680e-17
3728.230150 -3.264031e-18
3729.746139 5.745904e-18
3731.264284 1.623541e-18
3732.780824 -8.239332e-18
3734.300140 1.217615e-18
3735.819833 -1.406857e-17
3737.341185 1.847960e-18
3738.862127 -9.254210e-18
3740.384373 1.757656e-17
3741.907940 -7.633600e-18
3743.432849 4.010325e-18
3744.956295 -1.688471e-18
3746.482936 -7.126465e-18
3748.009155 -5.855687e-18
3749.538396 -5.978578e-18
3751.066390 9.593992e-18
3752.595417 7.139890e-18
3754.126330 -1.113534e-17
3755.658351 3.336363e-18
3757.190178 -1.122200e-19
3758.723807 7.432482e-18
3760.258413 -1.799110e-19
3761.792138 -8.584821e-18
3763.328794 1.487591e-18
3764.866761 6.234132e-20
3766.403394 3.220031e-18
3767.941440 1.046632e-17
3769.481825 -2.442748e-18
3771.022850 -8.913329e-18
3772.563006 2.576240e-18
3774.105536 -3.749404e-18
3775.649058 -2.021444e-18
3777.192453 7.375348e-18
3778.737994 -1.310943e-18
3780.283059 1.569881e-18
3781.830436 1.026456e-18
3783.377525 -4.546117e-18
3784.926587 -6.633829e-18
3786.475091 -3.403159e-18
3788.025880 3.979606e-18
3789.577871 -5.214129e-18
3791.128942 5.836334e-18
3792.681573 -3.515684e-18
3794.235475 -6.889040e-19
3795.790498 -5.636161e-18
3797.345956 -1.142029e-18
3798.901706 4.329688e-18
3800.460017 -2.205480e-19
3802.018014 -8.847119e-18
3803.577953 -1.904345e-18
3805.136474 -4.576586e-18
3806.697555 9.298841e-19
3808.259837 -4.142042e-18
3809.822114 -3.284976e-18
3811.385244 3.775992e-19
3812.949698 2.191248e-19
3814.515724 3.169110e-18
3816.081224 -9.142840e-19
3817.649354 2.098142e-18
3819.216016 7.646459e-18
3820.785363 -3.817116e-18
3822.355133 -4.927601e-18
3823.925594 -4.636036e-18
3825.496303 -4.726883e-18
3827.069077 6.579245e-18
3828.642321 -2.350536e-18
3830.215991 -2.860689e-18
3831.790744 6.745378e-18
3833.366548 -2.269955e-18
3834.943243 6.012347e-19
3836.520465 -6.396446e-20
3838.098963 -2.870922e-18
3839.679010 -1.542463e-18
3841.258526 8.541941e-19
3842.839435 2.134433e-18
3844.421323 1.429430e-18
3846.004124 -3.900605e-18
3847.587459 6.911898e-18
3849.172204 -9.373292e-19
3850.758250 3.455797e-18
3852.342559 -6.594631e-18
3853.931556 8.988151e-18
3855.517600 3.299866e-18
3857.106879 4.664718e-18
3858.697763 -7.459325e-19
3860.287007 3.709872e-19
3861.878535 -6.115032e-18
3863.471293 -2.641656e-18
3865.062401 4.414767e-18
3866.658244 3.715580e-18
3868.252307 1.283404e-18
3869.848255 1.819197e-18
3871.444567 -1.635250e-18
3873.041774 -6.268860e-19
3874.640211 6.682969e-19
3876.239261 -6.755677e-18
3877.839422 -6.012011e-19
3879.438613 -8.703228e-19
3881.041287 -3.805132e-18
3882.644717 6.933838e-18
3884.248052 4.196737e-19
3885.850750 3.561068e-18
3887.456433 4.209357e-19
3889.061973 1.136252e-18
3890.669077 2.716618e-18
3892.276283 4.084736e-18
3893.885004 3.336736e-18
3895.494026 -1.964982e-18
3897.104155 -4.122300e-19
3898.714252 8.131582e-19
3900.327177 8.970098e-19
3901.939191 3.743805e-18
3903.552648 3.082073e-18
3905.167363 4.784391e-18
3906.782400 3.202319e-18
3908.398172 -4.373721e-18
3910.015316 -1.733830e-18
3911.632908 -1.960600e-18
3913.251221 2.326020e-18
3914.870900 -2.333952e-18
3916.490876 1.398369e-18
3918.111944 -2.871127e-18
3919.734026 -2.937866e-18
3921.356565 -1.655846e-18
3922.980849 -8.498549e-19
3924.604597 3.043847e-20
3926.229765 -4.228687e-18
3927.856370 2.141090e-18
3929.482918 -2.934740e-19
3931.110288 -1.017509e-20
3932.739480 7.436474e-19
3934.368426 1.822456e-18
3935.998847 3.369786e-18
3937.629618 -2.535844e-18
3939.262458 -6.797975e-19
3940.893835 2.225153e-18
3942.527842 -2.656062e-18
3944.162399 5.066306e-18
3945.797525 6.577628e-18
3947.434199 -2.950737e-18
3949.070519 4.836051e-18
3950.708317 -2.218376e-18
3952.346653 1.147350e-18
3953.985332 -2.136355e-18
3955.626892 -3.898620e-19
3957.266976 5.141884e-19
3958.909161 8.338566e-19
3960.551510 -1.337500e-18
3962.195878 4.029838e-18
3963.838935 -2.177813e-18
3965.485103 3.656112e-19
3967.129869 -2.704037e-19
3968.777506 -4.709724e-19
3970.424217 -9.193141e-19
3972.073950 -2.265572e-18
3973.722357 -6.095310e-19
3975.372780 -2.475304e-18
3977.023768 2.812277e-18
3978.674744 -3.390445e-18
3980.327218 -4.579522e-19
3981.980987 1.049044e-18
3983.634459 6.006766e-18
3985.289650 2.002539e-18
3986.945258 1.815603e-18
3988.601950 -4.563065e-18
3990.259130 -8.990775e-19
3991.917863 3.029243e-18
3993.575748 -2.658811e-18
3995.236696 1.052209e-18
3996.896680 6.821313e-19
3998.558026 -2.485652e-19
4000.220348 -1.578078e-19
4001.883476 8.891436e-19
4003.547201 6.202661e-19
4005.214426 -2.556647e-18
4006.877079 -7.781958e-19
4008.543133 3.973553e-18
4010.211200 -5.770728e-19
4011.878232 -1.250042e-19
4013.547490 4.588749e-18
4015.216624 5.207254e-18
4016.887349 -1.295652e-18
4018.558586 5.124012e-19
4020.229762 2.253369e-18
4021.902810 2.729494e-18
4023.576291 -2.966492e-20
4025.250304 -1.008016e-18
4026.925552 1.310440e-18
4028.600839 4.596208e-19
4030.278918 3.683130e-18
4031.955646 1.454778e-18
4033.635226 8.602165e-19
4035.312059 1.798757e-19
4036.992404 2.319012e-18
4038.673949 9.672266e-19
4040.354877 5.174342e-18
4042.037539 1.683780e-18
4043.720307 -1.411030e-18
4045.403590 3.935813e-18
4047.089521 1.099172e-18
4048.774983 -2.051381e-19
4050.460607 -2.272143e-18
4052.146845 5.033419e-18
4053.835600 5.148121e-20
4055.523548 1.641736e-18
4057.213877 3.837431e-18
4058.903513 1.512603e-18
4060.594084 1.138876e-18
4062.285855 -5.976901e-19
4063.978254 3.016701e-18
4065.672156 -1.522132e-18
4067.365753 4.002418e-18
4069.060764 2.629423e-19
4070.756647 4.183136e-18
4072.452491 3.449721e-18
4074.149802 -2.374643e-18
4075.848744 -2.573968e-18
4077.546912 1.312329e-18
4079.246739 -9.566408e-19
4080.947026 3.998434e-19
4082.647408 -1.943035e-18
4084.350077 -1.859897e-18
4086.053081 -3.192590e-18
4087.755439 4.589915e-18
4089.460731 -4.372189e-18
4091.165500 -8.715559e-20
4092.871829 3.427089e-18
4094.578125 -1.542737e-18
4096.285162 8.782227e-19
4097.993668 -5.177259e-19
4099.703119 6.069754e-18
4101.411259 1.837250e-18
4103.122948 2.871052e-18
4104.834332 3.242257e-18
4106.544991 1.708939e-18
4108.259081 1.886254e-18
4109.972347 5.227258e-18
4111.686031 3.112762e-18
4113.400411 -4.614846e-18
4115.117226 1.182254e-18
4116.835092 1.149944e-18
4118.551566 8.263996e-19
4120.270308 3.775643e-18
4121.988259 1.629937e-18
4123.707626 -6.263131e-19
4125.428965 5.346300e-18
4127.150195 -1.935491e-18
4128.872229 2.054065e-18
4130.595255 4.414352e-18
4132.318279 3.240281e-18
4134.042020 -3.890562e-18
4135.767709 1.274868e-18
4137.493793 1.069251e-19
4139.220647 5.078061e-18
4140.947856 1.483098e-18
4142.675229 1.018565e-19
4144.404427 5.450582e-18
4146.134324 2.633924e-18
4147.864595 1.585374e-19
4149.595620 -1.666588e-18
4151.328091 6.900627e-18
4153.059717 3.374980e-18
4154.794178 1.074845e-18
4156.528267 1.672008e-18
4158.262622 4.764406e-19
4160.001051 1.076627e-18
4161.735511 5.359162e-18
4163.471879 -3.715191e-20
4165.210355 2.778295e-18
4166.948036 2.494975e-18
4168.688617 -1.563665e-18
4170.428392 2.529388e-18
4172.168989 1.531908e-18
4173.911002 3.833753e-18
4175.654094 3.650267e-18
4177.397436 3.274241e-19
4179.140044 -7.911764e-19
4180.884984 9.272829e-19
4182.630379 4.716767e-18
4184.377451 2.582220e-18
4186.123747 3.523538e-18
4187.870787 4.701553e-19
4189.620762 3.532984e-18
4191.369298 -9.162091e-19
4193.119440 6.509699e-18
4194.869530 2.509286e-18
4196.621557 -1.781227e-19
4198.373303 2.595705e-18
4200.126198 -1.511788e-18
4201.881037 4.000305e-18
4203.634582 1.595198e-18
4205.388952 1.443607e-18
4207.145302 5.132036e-18
4208.901668 2.675576e-18
4210.659359 -3.224985e-19
4212.417984 2.460210e-18
4214.176534 3.764707e-18
4215.935267 1.864335e-18
4217.695862 6.066723e-19
4219.457407 4.338795e-18
4221.218301 1.871016e-18
4222.981588 2.106954e-18
4224.744361 1.693467e-18
4226.508486 5.369003e-18
4228.273214 -1.286020e-18
4230.038411 2.024507e-18
4231.805110 3.988121e-18
4233.571321 1.892912e-18
4235.338684 4.415705e-18
4237.107966 2.882574e-18
4238.877053 2.340593e-18
4240.646541 1.859389e-18
4242.417101 -1.774550e-18
4244.187612 3.433561e-18
4245.960637 2.918094e-18
4247.733203 7.172205e-20
4249.506347 1.146188e-18
4251.281137 4.324917e-18
4253.057486 1.645607e-18
4254.831283 6.371677e-19
4256.607545 4.363722e-19
4258.384636 1.592055e-18
4260.162049 1.054975e-19
4261.941274 1.708391e-18
4263.720311 2.860884e-18
4265.500046 1.779192e-18
4267.280874 1.106845e-18
4269.062303 -2.130897e-19
4270.844262 2.247866e-18
4272.627022 4.354673e-18
4274.410868 -1.669232e-19
4276.195373 2.296539e-18
4277.980075 2.124409e-18
4279.765681 1.366450e-18
4281.552185 3.658195e-18
4283.338943 -2.079955e-18
4285.127829 3.115958e-18
4286.915637 1.517506e-18
4288.705331 7.362366e-19
4290.495003 3.210252e-18
4292.286341 4.608631e-18
4294.077414 1.147954e-18
4295.867706 3.289960e-18
4297.662432 1.803522e-19
4299.456474 4.160765e-18
4301.250112 2.374178e-18
4303.045326 3.246474e-19
4304.840537 1.898910e-18
4306.637985 6.973787e-18
4308.434012 1.631494e-18
4310.232846 5.069138e-18
4312.030895 4.872426e-18
4313.833108 5.478244e-19
4315.630551 5.296373e-18
4317.430185 3.672100e-18
4319.232999 3.009518e-18
4321.034336 4.239402e-18
4322.837096 -1.652183e-18
4324.641368 2.964764e-18
4326.444685 5.648777e-18
4328.250056 3.947624e-18
4330.055310 4.930972e-19
4331.862279 2.096714e-18
4333.668370 -3.296708e-19
4335.475722 6.669668e-19
4337.284503 4.752060e-18
4339.094213 3.507940e-18
4340.902839 1.695405e-18
4342.714204 5.935107e-18
4344.525079 3.137188e-18
4346.336991 2.314712e-18
4348.149751 5.186442e-18
4349.962834 3.725530e-18
4351.777392 6.296210e-18
4353.592149 1.977336e-18
4355.406509 2.627563e-18
4357.222908 3.588771e-18
4359.040438 3.510744e-18
4360.857205 4.069682e-18
4362.675214 4.691194e-18
4364.494025 5.207380e-18
4366.313998 4.214451e-18
4368.134553 3.779672e-18
4369.958039 6.149691e-18
4371.776567 3.419432e-19
4373.598813 3.087423e-18
4375.420701 5.966851e-18
4377.245896 2.068819e-18
4379.069382 3.257846e-18
4380.895976 2.723756e-18
4382.721217 2.576618e-18
4384.547568 3.248005e-18
4386.374132 8.028525e-18
4388.202053 4.083865e-18
4390.030787 5.430953e-18
4391.859705 3.907101e-18
4393.672387 3.670702e-18
4395.497770 4.196144e-18
4397.329401 5.355025e-18
4399.170035 6.918960e-18
4401.002805 4.388191e-18
4402.843590 5.214454e-18
4404.683005 3.079087e-18
4406.517821 3.626503e-18
4408.352746 5.762763e-18
4410.189256 3.518579e-18
4412.025436 4.380205e-18
4413.863063 5.502377e-18
4415.700918 2.862799e-18
4417.539517 2.765622e-18
4419.378739 6.981816e-18
4421.218949 3.645322e-18
4423.059703 6.611944e-18
4424.900822 7.383791e-18
4426.743723 5.265906e-18
4428.585714 3.255409e-18
4430.429160 3.238015e-18
4432.273483 6.161798e-18
4434.118651 4.262664e-18
4435.963938 5.905225e-18
4437.809758 8.217923e-19
4439.655945 4.811846e-18
4441.503801 3.845709e-18
4443.354382 3.555673e-18
4445.201194 3.094806e-18
4447.048733 3.137384e-18
4448.900477 4.933103e-18
4450.751648 4.776413e-18
4452.603026 7.476672e-18
4454.454614 3.258745e-18
4456.307953 6.339563e-18
4458.160993 2.344665e-18
4460.015413 8.187791e-18
4461.869849 9.838623e-19
4463.725870 1.914503e-18
4465.581750 4.723053e-18
4467.437783 3.930411e-18
4469.295726 5.306192e-18
4471.153843 6.157592e-18
4473.012544 3.686668e-18
4474.872197 6.140618e-18
4476.732156 6.012483e-18
4478.592731 4.432638e-18
4480.455052 4.625231e-18
4482.316016 2.020771e-18
4484.179226 4.903059e-18
4486.042694 6.106265e-18
4487.906433 3.426562e-18
4489.771300 3.547736e-18
4491.636031 3.725172e-18
4493.502973 8.432924e-19
4495.369730 3.022820e-18
4497.236991 3.737186e-18
4499.104302 4.445048e-18
4500.973503 3.735543e-18
4502.843090 1.510139e-18
4504.707281 5.999566e-18
4506.583296 5.688997e-18
4508.454518 2.703174e-18
4510.326195 4.432632e-18
4512.198257 6.858743e-18
4514.071601 1.414353e-18
4515.945832 7.911793e-18
4517.820126 3.980075e-18
4519.695750 1.198113e-18
4521.570897 5.298427e-18
4523.447925 4.860617e-18
4525.324971 1.477517e-18
4527.202253 2.447019e-18
4529.080605 2.323808e-18
4530.959365 3.793834e-18
4532.839574 3.614795e-19
4534.719856 2.717177e-18
4536.600632 6.142990e-18
4538.482356 2.786111e-18
4540.364530 4.946745e-18
4542.250160 2.415105e-18
4544.131312 -2.291518e-18
4546.014972 1.555629e-18
4547.899959 2.332501e-18
4549.785354 2.075687e-18
4551.671518 2.301927e-18
4553.558798 2.331555e-18
4555.445114 3.797284e-18
4557.333578 1.827613e-18
4559.221508 3.416762e-18
4561.111886 -8.119489e-20
4563.001509 3.162518e-18
4564.891814 4.402396e-18
4566.783373 2.794120e-18
4568.674607 2.716135e-18
4570.566406 1.784843e-18
4572.461378 1.521378e-18
4574.354125 3.898310e-18
4576.248421 1.446945e-18
4578.143943 3.555796e-18
4580.040047 -6.736233e-19
4581.935262 5.468023e-18
4583.832625 3.494171e-19
4585.729941 4.291049e-18
4587.628133 1.909477e-18
4589.526815 1.329962e-18
4591.426264 1.454489e-18
4593.326114 4.250838e-18
4595.226928 3.721676e-18
4597.128982 2.255809e-18
4599.030080 1.341138e-18
4600.932907 4.066458e-18
4602.835869 2.983011e-18
4604.739972 1.594239e-18
4606.644441 2.079906e-18
4608.549324 3.608196e-18
4610.454775 6.007614e-19
4612.361364 1.872748e-18
4614.268772 4.846742e-18
4616.176545 8.176942e-19
4618.084100 1.461392e-18
4619.992433 1.338791e-18
4621.902528 3.790813e-18
4623.811758 3.052871e-18
4625.726756 3.006017e-18
4627.634252 3.465078e-18
4629.546197 4.225765e-18
4631.458889 1.113814e-18
4633.372258 6.995207e-19
4635.285739 9.413936e-19
4637.199361 3.022212e-18
4639.114791 1.610087e-18
4641.030616 3.348521e-18
4642.947196 3.126995e-18
4644.863645 3.367375e-18
4646.781029 1.038930e-18
4648.699126 1.732938e-18
4650.617819 2.503865e-18
4652.536827 1.438983e-18
4654.458129 9.217409e-19
4656.377446 4.791771e-18
4658.298866 3.216956e-18
4660.220358 1.544620e-18
4662.143102 1.492003e-18
4664.066945 4.005444e-18
4665.992491 7.632535e-19
4667.916205 2.096340e-18
4669.841449 1.466868e-18
4671.764640 1.983004e-18
4673.690051 4.457594e-18
4675.611936 3.146212e-18
4677.543524 2.345158e-18
4679.471724 3.354387e-18
4681.400584 4.544949e-18
4683.329028 4.979517e-18
4685.259356 2.067198e-18
4687.188882 2.981541e-18
4689.120241 5.842701e-18
4691.051420 3.305595e-18
4692.983561 1.883766e-18
4694.916682 3.530673e-18
4696.849691 4.509135e-18
4698.783566 4.067695e-18
4700.717934 2.749367e-18
4702.652986 6.192698e-18
4704.588855 4.646903e-18
4706.525583 4.582188e-18
4708.462388 4.679952e-18
4710.399536 6.199623e-18
4712.337165 4.584738e-18
4714.276495 6.291712e-18
4716.215529 3.178759e-18
4718.155425 5.991863e-18
4720.096149 3.207012e-18
4722.037448 4.809337e-18
4723.978519 3.648364e-18
4725.920932 4.663270e-18
4727.863998 5.162235e-18
4729.807993 4.985219e-18
4731.751442 5.739547e-18
4733.696025 4.556886e-18
4735.642024 2.315565e-18
4737.587827 4.344341e-18
4739.533643 7.603867e-18
4741.480555 5.074525e-18
4743.428185 6.047624e-18
4745.376847 6.966558e-18
4747.325461 5.148056e-18
4749.275073 6.678964e-18
4751.224504 4.369763e-18
4753.175770 7.196411e-18
4755.126617 3.427105e-18
4757.078564 5.947721e-18
4759.030182 5.798515e-18
4760.983400 6.221205e-18
4762.937197 6.395429e-18
4764.890409 7.004547e-18
4766.845910 7.097553e-18
4768.801006 5.323666e-18
4770.757756 4.376182e-18
4772.713493 4.738092e-18
4774.670099 5.662295e-18
4776.628914 4.308533e-18
4778.586395 7.503938e-18
4780.544827 3.791295e-18
4782.504597 6.767255e-18
4784.464370 4.357079e-18
4786.424917 6.434056e-18
4788.386136 5.069011e-18
4790.347473 7.212762e-18
4792.309959 4.886343e-18
4794.272871 5.885049e-18
4796.237177 4.467668e-18
4798.199679 7.313982e-18
4800.164764 5.225053e-18
4802.129914 5.945406e-18
4804.095480 5.803334e-18
4806.062089 5.687852e-18
4808.028044 6.056302e-18
4809.996147 8.693664e-18
4811.965140 4.800918e-18
4813.932791 5.378633e-18
4815.902063 6.277835e-18
4817.871638 6.186723e-18
4819.842341 7.946038e-18
4821.813330 4.110905e-18
4823.783973 4.913600e-18
4825.756286 6.409791e-18
4827.729155 7.029328e-18
4829.702450 5.540839e-18
4831.676022 6.634543e-18
4833.650068 6.835593e-18
4835.625951 7.045649e-18
4837.600879 6.115437e-18
4839.576659 4.266643e-18
4841.553707 7.663750e-18
4843.530441 6.208493e-18
4845.508446 5.585986e-18
4847.486566 5.853530e-18
4849.463917 4.229229e-18
4851.444659 5.204365e-18
4853.424781 3.984293e-18
4855.405044 5.432507e-18
4857.386745 5.046769e-18
4859.368649 3.030808e-18
4861.350438 6.997440e-18
4863.333648 5.993052e-18
4865.316346 4.904339e-18
4867.300986 5.067044e-18
4869.285160 7.284476e-18
4871.270137 3.345543e-18
4873.255842 4.035685e-18
4875.242651 5.305825e-18
4877.227980 4.897510e-18
4879.215820 3.481222e-18
4881.203970 3.607046e-18
4883.192968 4.863587e-18
4885.180860 3.586074e-18
4887.171067 4.313943e-18
4889.161245 4.703906e-18
4891.151492 5.552069e-18
4893.143140 5.123870e-18
4895.134011 5.329369e-18
4897.127264 5.130434e-18
4899.120269 4.119920e-18
4901.112571 2.500099e-18
4903.107407 6.294296e-18
4905.101953 4.882753e-18
4907.097049 3.055267e-18
4909.093072 3.103115e-18
4911.088602 3.899273e-18
4913.085550 3.775578e-18
4915.082583 4.469132e-18
4917.080920 4.506222e-18
4919.079157 4.045952e-18
4921.077494 4.791481e-18
4923.077805 4.576659e-18
4925.077844 4.095634e-18
4927.077752 4.048031e-18
4929.090295 2.667288e-18
4931.091988 4.417848e-18
4933.093842 1.587026e-18
4935.096531 2.220827e-18
4937.093550 2.141153e-18
4939.093098 4.671848e-18
4941.097874 4.375513e-18
4943.102300 2.632292e-18
4945.108198 3.704139e-18
4947.114204 4.287077e-18
4949.121182 3.314003e-18
4951.128515 2.219141e-18
4953.135536 2.770943e-18
4955.143726 1.979056e-18
4957.152632 3.066661e-18
4959.162308 3.453492e-18
4961.171385 3.529365e-18
4963.182539 2.941813e-18
4965.193163 3.480340e-18
4967.204450 3.188561e-18
4969.216548 2.736581e-18
4971.229707 3.733359e-18
4973.241502 3.169004e-18
4975.255627 3.819829e-18
4977.270290 3.362519e-18
4979.284812 2.280379e-18
4981.299947 3.146165e-18
4983.315561 3.641956e-18
4985.332581 2.537090e-18
4987.348587 3.574818e-18
4989.366491 3.378546e-18
4991.384284 3.279951e-18
4993.403230 1.978196e-18
4995.421435 2.851120e-18
4997.441072 1.626000e-18
4999.460757 4.443120e-18
5001.481901 2.400190e-18
5003.503699 4.178841e-18
5005.524661 1.996007e-18
5007.546586 1.823249e-18
5009.569444 2.740387e-18
5011.592423 2.776533e-18
5013.616390 3.557258e-18
5015.640903 3.801887e-18
5017.665169 2.819968e-18
5019.690899 3.893805e-18
5021.716832 1.871053e-18
5023.743385 3.558377e-18
5025.770037 3.737140e-18
5027.797101 1.556518e-18
5029.825194 3.287630e-18
5031.854161 2.232842e-18
5033.883130 3.153904e-18
5035.912647 3.626124e-18
5037.942911 8.460570e-19
5039.973173 4.031941e-18
5042.003902 3.131979e-18
5044.040100 2.463340e-18
5046.068370 3.920618e-18
5048.101769 3.017937e-18
5050.134007 2.889916e-18
5052.167732 1.708068e-18
5054.202007 2.537650e-18
5056.237278 3.473909e-18
5058.272100 2.371797e-18
5060.308267 2.259872e-18
5062.344781 3.450650e-18
5064.381150 3.075268e-18
5066.419003 2.417413e-18
5068.456519 2.688312e-18
5070.495314 2.565169e-18
5072.533871 3.013515e-18
5074.573550 3.295572e-18
5076.613313 3.816562e-18
5078.653944 1.385003e-18
5080.694767 2.340142e-18
5082.736550 3.534164e-18
5084.778055 2.748976e-18
5086.821048 3.170227e-18
5088.864309 3.281322e-18
5090.907526 3.079774e-18
5092.951611 2.538701e-18
5094.996455 2.125888e-18
5097.041614 2.923792e-18
5099.087121 3.215224e-18
5101.132585 3.151407e-18
5103.179541 3.186008e-18
5105.226960 3.853589e-18
5107.274357 3.509532e-18
5109.322813 3.278637e-18
5111.371313 2.689877e-18
5113.420827 2.237251e-18
5115.470358 2.543630e-18
5117.520502 2.414479e-18
5119.571007 3.229257e-18
5121.622524 7.018184e-19
5123.674084 3.833736e-18
5125.722635 1.784107e-18
5127.779418 2.636896e-18
5129.832275 2.311799e-18
5131.885755 2.323346e-18
5133.940035 3.817134e-18
5135.994956 2.515582e-18
5138.050515 2.363416e-18
5140.105911 2.475008e-18
5142.162442 2.263256e-18
5144.219049 2.196062e-18
5146.275821 2.717019e-18
5148.334387 2.423522e-18
5150.391876 2.081524e-18
5152.450360 1.771086e-18
5154.510267 3.311746e-18
5156.571104 2.697425e-18
5158.630916 2.178485e-18
5160.690200 2.461992e-18
5162.752696 2.445111e-18
5164.813756 2.380078e-18
5166.875187 2.603754e-18
5168.938364 2.043611e-18
5171.002178 3.021316e-18
5173.066406 2.293883e-18
5175.129978 2.634039e-18
5177.195389 2.886522e-18
5179.260146 1.207072e-18
5181.326311 1.631880e-18
5183.391997 3.483966e-18
5185.459232 2.642712e-18
5187.525943 2.541994e-18
5189.594033 1.523118e-18
5191.661519 1.820253e-18
5193.731688 2.582346e-18
5195.799921 2.826676e-18
5197.869614 8.813939e-19
5199.939877 2.504367e-18
5202.009811 6.431888e-19
5204.081745 1.976545e-18
5206.153700 2.957019e-18
5208.225678 2.866774e-18
5210.297726 3.473687e-18
5212.370995 2.542172e-18
5214.444447 2.387980e-18
5216.518654 2.161698e-18
5218.593489 2.574581e-18
5220.668726 2.244159e-18
5222.748342 2.652001e-18
5224.819532 2.567051e-18
5226.896680 2.295138e-18
5228.973424 2.975548e-18
5231.050518 3.452194e-18
5233.128618 2.725348e-18
5235.207401 2.204705e-18
5237.286009 1.867670e-18
5239.364530 2.812388e-18
5241.441366 2.646323e-18
5243.521480 1.934055e-18
5245.603205 3.090212e-18
5247.683291 3.108855e-18
5249.769993 2.360588e-18
5251.852144 2.621989e-18
5253.935038 2.472581e-18
5256.017800 2.143042e-18
5258.101985 2.977900e-18
5260.186283 2.731474e-18
5262.270578 3.182177e-18
5264.360337 2.520205e-18
5266.441360 2.874351e-18
5268.527591 1.353104e-18
5270.614558 2.109716e-18
5272.701362 2.800186e-18
5274.789393 2.990809e-18
5276.874659 4.305116e-18
5278.965843 3.580514e-18
5281.055057 3.211301e-18
5283.144074 2.749466e-18
5285.234284 3.597126e-18
5287.323933 3.416874e-18
5289.415553 2.759460e-18
5291.506810 2.395974e-18
5293.598019 4.182200e-18
5295.690799 3.437580e-18
5297.783406 2.886943e-18
5299.877396 3.602890e-18
5301.971067 4.768481e-18
5304.064443 2.928274e-18
5306.159452 4.654699e-18
5308.254450 3.458800e-18
5310.350061 4.715011e-18
5312.446117 4.304435e-18
5314.543092 5.228350e-18
5316.639659 2.986214e-18
5318.736977 4.738722e-18
5320.835203 4.237638e-18
5322.933662 4.241735e-18
5325.032056 4.302834e-18
5327.132090 5.051049e-18
5329.231253 4.326820e-18
5331.331350 5.342207e-18
5333.432697 4.662894e-18
5335.533466 4.588875e-18
5337.635604 4.764246e-18
5339.737548 4.585705e-18
5341.839805 5.339457e-18
5343.943462 4.628456e-18
5346.047230 5.357940e-18
5348.150386 4.698177e-18
5350.254828 5.876539e-18
5352.359853 5.127774e-18
5354.465219 4.547844e-18
5356.571429 4.848981e-18
5358.678152 4.312623e-18
5360.783791 5.514085e-18
5362.891291 4.029603e-18
5364.998953 5.091778e-18
5367.107324 4.496520e-18
5369.215415 4.260024e-18
5371.325234 4.517941e-18
5373.433487 4.898961e-18
5375.545259 4.243659e-18
5377.654881 4.238282e-18
5379.765581 4.422782e-18
5381.876308 5.676367e-18
5383.988684 4.344755e-18
5386.100933 4.351794e-18
5388.213341 4.620612e-18
5390.326730 4.966505e-18
5392.439967 5.223347e-18
5394.554899 4.576680e-18
5396.669039 4.725746e-18
5398.783787 4.032325e-18
5400.899439 4.278193e-18
5403.014794 4.060985e-18
5405.131570 4.275387e-18
5407.248071 4.077517e-18
5409.365276 3.769180e-18
5411.483138 4.775287e-18
5413.601217 5.028041e-18
5415.719930 4.289933e-18
5417.838885 4.165713e-18
5419.958120 3.637648e-18
5422.078967 3.362723e-18
5424.198650 5.078604e-18
5426.318886 5.002344e-18
5428.440137 4.275508e-18
5430.562725 4.223566e-18
5432.684449 4.853438e-18
5434.806935 3.164907e-18
5436.930253 3.583922e-18
5439.053708 3.471348e-18
5441.177528 4.618062e-18
5443.302162 3.719370e-18
5445.426509 3.886675e-18
5447.552695 3.268183e-18
5449.677760 4.008892e-18
5451.803823 3.969921e-18
5453.931241 2.576823e-18
5456.058223 2.809556e-18
5458.185044 3.605014e-18
5460.312448 3.103551e-18
5462.441729 3.271562e-18
5464.570465 4.206570e-18
5466.699269 4.557328e-18
5468.829198 5.404258e-18
5470.959599 3.630324e-18
5473.090552 3.088584e-18
5475.220348 2.951443e-18
5477.353119 3.329009e-18
5479.483854 3.010405e-18
5481.616894 3.524176e-18
5483.749456 4.038934e-18
5485.882828 4.282864e-18
5488.016392 3.373641e-18
5490.149911 3.744816e-18
5492.285231 4.043903e-18
5494.419808 3.574623e-18
5496.554885 2.523427e-18
5498.690496 2.701036e-18
5500.827557 2.125543e-18
5502.964206 3.097020e-18
5505.100883 2.552063e-18
5507.238847 3.146981e-18
5509.376995 1.554087e-18
5511.510316 1.986328e-18
5513.653584 1.296997e-18
5515.793309 3.104901e-18
5517.933462 2.647713e-18
5520.073143 1.514645e-18
5522.213551 1.828758e-18
5524.354744 2.437529e-18
5526.496260 1.430032e-18
5528.638392 2.965417e-18
5530.780704 3.195066e-18
5532.923163 1.862829e-18
5535.066244 1.240708e-18
5537.209602 2.520374e-18
5539.354211 1.769162e-18
5541.498325 3.106876e-18
5543.643289 7.850638e-19
5545.788845 1.741824e-18
5547.933675 2.052747e-18
5550.081554 1.927386e-18
5552.226903 1.853279e-18
5554.374585 2.543464e-18
5556.521613 2.143730e-18
5558.669412 1.503402e-18
5560.817711 1.836783e-18
5562.966148 8.843555e-19
5565.115841 1.892141e-18
5567.264653 1.033819e-18
5569.414769 9.341030e-19
5571.565365 2.602035e-18
5573.716138 4.743827e-18
5575.867669 3.266218e-18
5578.019239 2.475121e-18
5580.171702 2.129074e-18
5582.324093 -8.684146e-19
5584.477058 -4.249036e-19
5586.630805 8.330092e-19
5588.783462 1.536083e-18
5590.938669 1.805972e-18
5593.092634 1.168138e-18
5595.247338 2.283768e-18
5597.403694 2.106252e-18
5599.558906 1.955488e-18
5601.715660 7.849777e-19
5603.871933 1.157299e-19
5606.029466 1.647519e-18
5608.186765 1.655445e-18
5610.344971 1.011932e-18
5612.503022 2.678926e-19
5614.662499 1.973507e-18
5616.820965 1.646711e-18
5618.980628 1.913439e-18
5621.140413 1.214400e-18
5623.301277 8.532034e-19
5625.462516 8.367966e-19
5627.623385 1.248450e-18
5629.785273 4.828595e-19
5631.946884 2.747353e-19
5634.109387 6.831898e-19
5636.272659 1.147339e-18
5638.436194 1.128495e-18
5640.599600 3.563480e-19
5642.763854 4.783791e-19
5644.928498 1.514475e-18
5647.092928 1.632048e-18
5649.259062 9.198237e-19
5651.424724 -8.340847e-19
5653.590881 4.677502e-19
5655.757617 4.634374e-19
5657.923850 1.436148e-18
5660.091760 1.337268e-18
5662.259814 1.362885e-18
5664.427758 1.568953e-18
5666.596140 3.167796e-19
5668.766176 -8.354243e-21
5670.934675 5.288912e-19
5673.105240 7.047156e-19
5675.275130 1.089790e-18
5677.445813 3.098160e-19
5679.617590 9.349242e-19
5681.788481 5.033562e-19
5683.960153 6.652158e-19
5686.132818 1.375870e-18
5688.305441 1.401775e-18
5690.478170 1.047091e-18
5692.651224 1.455620e-18
5694.826249 5.016847e-19
5697.000405 5.337446e-19
5699.175131 4.973561e-19
5701.348036 8.073167e-19
5703.525611 -2.401688e-19
5705.701901 -5.761025e-19
5707.877360 3.136378e-19
5710.054846 1.066838e-18
5712.231679 1.076981e-18
5714.409314 8.273104e-19
5716.584496 -9.446403e-21
5718.765715 1.808994e-18
5720.943843 -7.941051e-19
5723.123327 5.764078e-19
5725.303025 1.638724e-18
5727.482369 1.131709e-18
5729.662611 5.228816e-19
5731.844062 3.376358e-19
5734.024425 5.504301e-19
5736.206017 6.833142e-19
5738.387807 1.206015e-18
5740.570376 5.908741e-19
5742.753063 5.712450e-19
5744.936401 9.669250e-20
5747.117049 -2.626012e-19
5749.303066 -8.884231e-20
5751.487749 6.170935e-19
5753.672528 6.313185e-20
5755.856718 7.056963e-19
5758.042423 -2.177795e-19
5760.228869 3.650583e-19
5762.414483 1.102840e-18
5764.601774 2.964872e-19
5766.788265 -1.086095e-18
5768.975503 5.910185e-19
5771.163823 -4.299203e-19
5773.351580 4.108432e-20
5775.540211 5.320537e-19
5777.729348 1.365147e-18
5779.918678 4.869967e-19
5782.107561 1.231622e-18
5784.298893 -7.032460e-19
5786.488399 1.296481e-18
5788.680155 3.596535e-19
5790.871027 1.861091e-19
5793.062811 5.720335e-19
5795.254182 6.263880e-19
5797.447043 6.162969e-19
5799.640712 1.136108e-18
5801.833088 7.189687e-19
5804.026566 1.113404e-18
5806.220794 -2.759876e-19
5808.411432 1.769919e-18
5810.609743 2.023673e-19
5812.805223 9.088239e-19
5814.999933 6.271713e-19
5817.196530 1.110838e-18
5819.392716 7.775750e-19
5821.588822 -9.661789e-20
5823.786503 1.919102e-18
5825.983843 4.451802e-20
5828.181194 8.724302e-21
5830.379888 1.200054e-18
5832.578547 2.046510e-19
5834.777781 4.685184e-19
5836.977429 4.600941e-20
5839.176195 -2.839312e-19
5841.375633 2.312646e-19
5843.576960 8.840740e-19
5845.778024 1.221062e-19
5847.978243 2.168067e-19
5850.180790 1.613099e-20
5852.382501 8.717624e-19
5854.584799 -1.018824e-18
5856.787738 5.885248e-19
5858.990624 9.129905e-19
5861.194046 -1.612495e-20
5863.401264 -1.005257e-19
5865.602278 -1.149764e-18
5867.806863 -1.129719e-20
5870.011841 3.604064e-20
5872.217424 1.853290e-19
5874.422915 -2.724772e-19
5876.629147 1.969866e-19
5878.835532 1.217172e-18
5881.042504 1.024786e-18
5883.249521 4.807772e-19
5885.457035 8.230727e-19
5887.665474 -2.969113e-20
5889.873280 -4.633536e-19
5892.081823 1.477707e-19
5894.290973 3.286787e-18
5896.500771 1.204890e-18
5898.711066 2.182639e-18
5900.921174 -7.103658e-19
5903.131416 -3.144785e-19
5905.342767 5.254703e-19
5907.553608 2.455580e-19
5909.765332 1.323685e-18
5911.977670 -2.018402e-19
5914.189812 7.949902e-19
5916.402921 -2.460579e-19
5918.615835 -1.490317e-18
5920.829528 -1.611036e-19
5923.043579 2.452444e-19
5925.257349 6.795561e-19
5927.472403 5.339241e-19
5929.687538 -1.321490e-19
5931.902410 1.053372e-18
5934.118377 -4.887089e-19
5936.334575 1.239883e-18
5938.550807 1.274736e-18
5940.767736 1.814699e-18
5942.985140 5.787846e-19
5945.202255 2.071769e-18
5947.420439 1.238627e-18
5949.635000 1.022763e-18
5951.857601 1.286397e-18
5954.076272 -3.377036e-20
5956.295775 -4.548331e-19
5958.515416 2.637041e-19
5960.735835 1.789326e-19
5962.955982 4.609019e-19
5965.176498 1.091599e-18
5967.398479 9.876776e-19
5969.619937 1.507651e-18
5971.841129 7.532104e-19
5974.063672 1.427668e-18
5976.286259 -2.430612e-20
5978.509506 -3.093901e-19
5980.732446 1.174945e-18
5982.956531 4.342776e-19
5985.180346 3.516561e-19
5987.404647 1.261563e-18
5989.629714 4.435675e-19
5991.854372 5.333426e-19
5994.080857 3.328920e-19
5996.306119 1.979625e-19
5998.532215 5.153502e-19
6000.758745 -4.635824e-19
6002.985273 1.422402e-18
6005.213692 1.031698e-18
6007.439396 8.068250e-19
6009.668597 7.584729e-19
6011.896965 1.345960e-18
6014.125712 8.395111e-19
6016.355279 -4.258413e-19
6018.583888 4.044038e-19
6020.813782 2.182246e-19
6023.043335 1.529060e-18
6025.274564 2.572425e-19
6027.505449 6.880047e-19
6029.736603 -7.352200e-19
6031.968229 1.076069e-18
6034.198432 1.939541e-18
6036.432246 7.846923e-19
6038.664546 1.303709e-18
6040.897380 5.039104e-19
6043.130912 8.908552e-19
6045.364427 6.156928e-19
6047.597612 1.104281e-18
6049.832476 2.529418e-19
6052.067481 9.401608e-19
6054.302262 1.011223e-18
6056.537470 4.365234e-19
6058.773598 -9.715978e-19
6061.009202 1.115571e-18
6063.246002 8.544297e-19
6065.482468 9.384458e-19
6067.719723 6.587286e-19
6069.957603 5.624947e-19
6072.194664 -9.704379e-20
6074.433065 9.243039e-19
6076.671934 5.301949e-19
6078.909921 -1.527064e-19
6081.150121 4.134720e-19
6083.388942 -2.649711e-19
6085.629193 1.050330e-18
6087.868871 -3.580445e-20
6090.109697 6.148603e-19
6092.350557 -1.927033e-19
6094.592317 1.344401e-19
6096.833169 1.311887e-18
6099.075318 1.045247e-18
6101.317862 1.391785e-18
6103.560003 1.044737e-18
6105.803237 5.335402e-19
6108.046628 6.638855e-19
6110.289785 -3.398223e-20
6112.534257 1.158902e-18
6114.778694 -9.871642e-20
6117.022728 1.032120e-18
6119.268213 2.191365e-19
6121.513662 1.039927e-18
6123.759262 1.242175e-20
6126.005172 -1.878251e-19
6128.251410 -2.981455e-19
6130.497912 2.612169e-19
6132.745418 -3.190159e-19
6134.992981 6.175744e-19
6137.240340 1.540576e-20
6139.487974 8.415081e-19
6141.737677 4.930848e-19
6143.985899 5.237183e-20
6146.234331 1.237108e-18
6148.483874 4.888773e-19
6150.733618 3.742408e-19
6152.983789 2.087218e-19
6155.234058 1.313211e-18
6157.484996 1.685562e-19
6159.736300 4.695496e-19
6161.986712 -5.693875e-21
6164.238773 7.263460e-19
6166.491200 1.122471e-18
6168.744371 -7.612935e-20
6170.995811 3.290353e-20
6173.249542 4.174801e-19
6175.503528 1.307161e-18
6177.755187 -3.657229e-19
6180.010461 1.198651e-19
6182.265619 5.013091e-19
6184.520077 -4.053344e-19
6186.775015 2.696250e-19
6189.029863 1.305868e-18
6191.286187 -5.454566e-19
6193.542489 2.227356e-19
6195.798813 2.439696e-19
6198.055609 8.111361e-19
6200.311952 1.922455e-19
6202.569554 1.086799e-18
6204.827351 1.025596e-18
6207.085239 1.305106e-18
6209.343788 1.184944e-18
6211.602591 6.500427e-19
6213.861481 2.663236e-19
6216.120058 -9.740894e-20
6218.380473 1.129969e-19
6220.640279 -2.378309e-19
6222.901295 2.412849e-19
6225.161156 8.674820e-19
6227.422668 6.685374e-19
6229.683481 3.627030e-19
6231.945128 2.606513e-19
6234.207414 -1.015653e-19
6236.469459 1.456804e-18
6238.732046 2.334900e-19
6240.995260 3.315063e-20
6243.258483 2.055329e-18
6245.521801 1.508207e-19
6247.785966 8.579439e-19
6250.050219 -6.656244e-19
6252.314568 1.248098e-19
6254.579312 1.355095e-18
6256.844682 1.887940e-19
6259.110724 8.648493e-19
6261.375725 1.423002e-18
6263.642205 9.443763e-19
6265.908661 -3.139742e-19
6268.175665 3.278267e-19
6270.442393 1.308065e-19
6272.710057 4.480328e-19
6274.977816 4.850819e-19
6277.245771 4.609417e-19
6279.513550 3.318721e-19
6281.783020 6.863929e-19
6284.052665 9.976686e-19
6286.321434 1.380432e-18
6288.591218 7.785229e-19
6290.860343 2.988999e-19
6293.130679 -3.690629e-19
6295.402015 -1.482582e-19
6297.671280 9.344434e-19
6299.944124 1.794911e-18
6302.215763 -5.308149e-19
6304.488180 -4.419824e-20
6306.759975 -2.819147e-19
6309.032750 -6.826492e-19
6311.305934 -5.990018e-21
6313.578284 -2.184273e-19
6315.851896 -8.013881e-19
6318.126202 6.199006e-19
6320.398972 -9.785456e-19
6322.674505 1.178055e-20
6324.949233 -3.660264e-19
6327.224223 -3.646642e-19
6329.499235 -1.710823e-19
6331.774815 2.347490e-18
6334.050747 1.366565e-18
6336.327511 -6.125623e-19
6338.604325 2.412281e-19
6340.880473 -1.790266e-19
6343.157912 -5.086681e-19
6345.436310 1.184997e-18
6347.714300 -9.127032e-19
6349.991302 6.301917e-20
6352.269525 7.505034e-19
6354.549273 3.150225e-19
6356.827620 2.854432e-19
6359.107425 -1.962281e-19
6361.387375 -2.485240e-19
6363.666836 2.157198e-18
6365.947695 -9.420293e-19
6368.228594 -4.252195e-19
6370.508935 2.100438e-19
6372.791157 1.038505e-19
6375.071896 1.047485e-18
6377.353746 6.453479e-19
6379.636318 1.280641e-19
6381.918449 3.119070e-19
6384.202087 -1.224427e-19
6386.483958 8.091155e-19
6388.767740 1.692494e-18
6391.051499 5.506152e-19
6393.335861 1.927012e-19
6395.619266 6.101104e-19
6397.904968 5.797672e-19
6400.188945 5.422845e-19
6402.474704 3.248647e-19
6404.760477 7.381001e-19
6407.045470 2.888084e-19
6409.331992 8.345498e-19
6411.618876 2.614139e-19
6413.905575 1.784755e-19
6416.192663 -6.297655e-20
6418.479942 2.949821e-19
6420.767005 7.780299e-19
6423.056070 4.296879e-19
6425.343615 9.544597e-19
6427.631921 5.612970e-19
6429.921403 4.976845e-19
6432.210534 5.297273e-19
6434.499245 8.670310e-19
6436.789340 1.159952e-18
6439.079900 4.798762e-20
6441.370478 4.392401e-19
6443.660753 1.610828e-19
6445.951798 8.261124e-19
6448.242963 9.282146e-21
6450.534791 6.573053e-19
6452.826346 6.099912e-19
6455.118798 1.071052e-18
6457.411169 8.733982e-19
6459.703763 1.016005e-18
6461.997084 4.563439e-19
6464.290041 2.418874e-19
6466.583784 1.361629e-18
6468.878338 1.678711e-18
6471.172188 1.693184e-18
6473.466756 -3.581729e-19
6475.762260 7.072322e-19
6478.057011 3.082699e-19
6480.352230 9.121527e-19
6482.647697 6.572471e-19
6484.943912 9.017885e-19
6487.240688 1.039223e-18
6489.536573 -2.475351e-19
6491.834055 3.193437e-19
6494.131165 4.964110e-19
6496.428651 1.811440e-19
6498.725142 -2.621972e-19
6501.024699 -1.367222e-20
6503.323229 2.032344e-20
6505.621218 3.168082e-19
6507.920746 5.358107e-19
6510.220501 4.632144e-19
6512.519766 2.500636e-19
6514.818544 9.570568e-19
6517.119451 -8.334293e-21
6519.420037 4.414275e-19
6521.720557 1.161025e-19
6524.021180 4.391665e-19
6526.322967 1.175446e-18
6528.624462 9.769666e-19
6530.926161 -9.413821e-20
6533.228237 3.846470e-19
6535.531219 4.122051e-19
6537.834788 8.124941e-21
6540.136830 1.416244e-18
6542.440268 -1.027454e-19
6544.743588 1.204179e-18
6547.048065 8.303674e-19
6549.353363 -7.178251e-19
6551.656391 1.226795e-18
6553.961913 1.825687e-19
6556.265992 -2.650480e-19
6558.570997 -8.612928e-19
6560.877699 5.872431e-19
6563.182761 5.754373e-19
6565.489323 -5.806624e-19
6567.795668 2.744275e-19
6570.102711 8.895193e-19
6572.409488 4.799839e-19
6574.717337 6.935247e-19
6577.024271 1.333851e-18
6579.328802 2.242380e-19
6581.629492 9.083095e-19
6583.937725 5.305854e-19
6586.246205 7.900392e-20
6588.556436 2.221744e-19
6590.875003 2.769148e-19
6593.185587 3.678759e-19
6595.495635 2.351790e-19
6597.806147 6.035928e-19
6600.116617 9.263097e-19
6602.427384 1.329058e-18
6604.738184 1.300611e-18
6607.049868 4.861677e-19
6609.360810 8.570757e-19
6611.673456 1.456867e-18
6613.985462 2.587165e-19
6616.298093 7.289386e-19
6618.610073 4.549780e-19
6620.923742 4.563512e-19
6623.236814 6.890358e-19
6625.550228 1.049966e-18
6627.864086 8.049241e-19
6630.178449 1.186095e-18
6632.492541 1.925802e-19
6634.807703 4.986202e-19
6637.122306 7.098281e-19
6639.437829 6.641580e-19
6641.752618 2.240428e-19
6644.069539 8.650311e-19
6646.384739 2.506285e-19
6648.700983 7.096391e-19
6651.017469 4.253793e-19
6653.335013 2.228517e-19
6655.652276 8.858037e-19
6657.969400 1.599275e-18
6660.286656 8.145218e-19
6662.606056 1.181127e-18
6664.923467 -7.314695e-20
6667.242195 9.896848e-20
6669.560587 3.457690e-19
6671.880235 1.069078e-18
6674.199337 1.320391e-18
6676.518807 1.359065e-19
6678.838541 5.735679e-19
6681.159101 6.218544e-19
6683.480341 7.419003e-19
6685.800779 8.595833e-19
6688.121647 6.026241e-19
6690.441757 1.631344e-20
6692.764223 5.588082e-19
6695.086304 5.111658e-19
6697.408951 4.698743e-19
6699.731134 1.173023e-18
6702.053460 2.054629e-19
6704.375511 5.400634e-19
6706.699779 4.655795e-19
6709.023037 3.199806e-19
6711.347002 2.935635e-19
6713.670944 2.059341e-19
6715.995476 6.179396e-19
6718.319067 5.238401e-19
6720.644548 4.744603e-19
6722.969975 7.460087e-20
6725.294025 4.691158e-19
6727.621724 3.906088e-19
6729.946720 8.934771e-19
6732.273180 5.645380e-19
6734.599581 9.691971e-19
6736.925951 5.767857e-19
6739.252630 4.320164e-19
6741.580239 2.090824e-19
6743.907802 2.783205e-19
6746.235764 -5.100966e-19
6748.563884 8.120785e-19
6750.891672 3.238570e-19
6753.220650 8.877847e-20
6755.548477 2.635653e-19
6757.878323 1.502515e-19
6760.201854 -3.086736e-20
6762.537888 9.869209e-19
6764.867059 1.080824e-18
6767.197719 6.949752e-19
6769.528048 5.068334e-19
6771.858788 5.476779e-19
6774.190081 6.199114e-19
6776.520635 6.892418e-19
6778.852686 5.286756e-19
6781.184780 4.697617e-19
6783.516112 4.671436e-19
6785.848997 8.589542e-19
6788.180956 7.023848e-19
6790.513925 6.524254e-19
6792.847378 3.122945e-19
6795.180641 5.073307e-19
6797.514274 7.488493e-19
6799.848103 4.309402e-19
6802.182086 4.216374e-19
6804.516700 -1.380462e-19
6806.851347 5.660300e-19
6809.186355 -4.479255e-19
6811.521498 4.026698e-19
6813.856699 9.327088e-19
6816.192746 4.347642e-19
6818.528844 5.526881e-20
6820.864622 5.656434e-20
6823.201493 2.610435e-19
6825.537795 9.057641e-19
6827.875412 3.564829e-19
6830.211616 1.098356e-18
6832.549800 8.798034e-19
6834.888034 2.987274e-19
6837.225801 2.306671e-19
6839.564545 2.849800e-22
6841.902436 2.743732e-19
6844.241923 -1.268274e-19
6846.580574 -8.385418e-20
6848.920086 4.679422e-19
6851.259697 6.419658e-19
6853.599152 5.162983e-19
6855.939658 8.655953e-19
6858.279364 6.113525e-19
6860.620149 4.562471e-19
6862.961293 1.039968e-18
6865.302928 1.835383e-19
6867.644082 -1.377872e-19
6869.994414 3.335138e-19
6872.336423 3.490840e-19
6874.679146 7.289109e-19
6877.020780 -7.684396e-20
6879.354416 3.660124e-19
6881.697533 7.332218e-19
6884.041122 1.734583e-19
6886.384141 2.090283e-19
6888.728083 -5.255531e-20
6891.071928 8.825431e-19
6893.416297 3.943585e-19
6895.760796 6.285444e-19
6898.104957 3.932907e-19
6900.450730 6.334499e-19
6902.795403 5.104082e-19
6905.141752 5.063103e-19
6907.484937 7.429426e-19
6909.832901 -1.427067e-20
6912.178649 -1.359237e-19
6914.526311 -2.309469e-19
6916.872447 6.275393e-19
6919.218747 4.559626e-19
6921.565921 2.517222e-19
6923.913401 7.145210e-20
6926.261804 2.210586e-19
6928.609968 1.174722e-18
6930.957950 7.103024e-19
6933.305725 5.141163e-19
6935.655433 8.516052e-19
6938.003842 5.434914e-19
6940.352810 7.313673e-19
6942.703168 1.459489e-19
6945.051982 4.262986e-19
6947.402380 5.934762e-19
6949.752157 1.098826e-18
6952.102998 -1.421260e-19
6954.454046 3.863673e-19
6956.804702 8.521321e-19
6959.155703 -7.059087e-19
6961.507449 9.350998e-19
6963.858764 9.830066e-19
6966.210798 1.295897e-19
6968.563356 6.823610e-19
6970.915367 9.690456e-20
6973.268466 3.213348e-19
6975.621199 1.006796e-18
6977.974401 3.260815e-19
6980.328109 8.706245e-19
6982.681543 7.300631e-19
6985.035670 1.095225e-18
6987.389937 5.634081e-19
6989.743865 5.091159e-20
6992.099396 1.796023e-19
6994.453740 -5.272341e-19
6996.808462 1.352609e-19
6999.165113 3.803392e-19
7001.520191 4.067045e-19
7003.880387 1.105109e-19
7006.243121 1.696516e-19
7008.598789 -5.238890e-19
7010.956215 1.159585e-18
7013.301940 9.500200e-19
7015.659527 4.070579e-19
7018.015796 6.636410e-19
7020.373754 3.980411e-19
7022.732041 3.406786e-19
7025.089315 4.318631e-19
7027.448295 3.689868e-19
7029.806365 -6.045519e-19
7032.165489 6.639852e-19
7034.524465 2.511928e-19
7036.883628 3.623112e-19
7039.242936 5.604170e-19
7041.603369 2.865617e-19
7043.963191 6.595905e-19
7046.322970 6.436376e-19
7048.683420 3.053245e-19
7051.044180 9.723926e-19
7053.405765 -9.731858e-20
7055.766281 7.599641e-19
7058.127527 6.430724e-20
7060.490027 2.672712e-19
7062.851499 3.138666e-19
7065.213597 2.557741e-20
7067.570178 -4.269436e-20
7069.938164 -9.898934e-20
7072.302027 2.948532e-19
7074.664409 -1.781713e-20
7077.028445 3.146874e-19
7079.391999 -1.829220e-19
7081.755398 2.669290e-19
7084.118952 3.059541e-19
7086.484402 1.601355e-20
7088.847624 -3.152697e-19
7091.214256 2.333433e-19
7093.578063 3.936464e-19
7095.943302 2.153737e-19
7098.310590 3.296422e-19
7100.674889 2.941030e-19
7103.040224 1.019597e-18
7105.406660 -9.374333e-20
7107.772217 2.781394e-19
7110.140209 -4.104533e-20
7112.507036 3.074609e-19
7114.874102 5.914846e-19
7117.241031 -9.799024e-20
7119.608052 1.947011e-19
7121.991992 -2.011838e-20
7124.340794 3.281762e-19
7126.709067 -2.159839e-19
7129.077750 3.684912e-19
7131.431560 5.255507e-19
7133.819373 5.246965e-19
7136.187899 4.424966e-19
7138.557865 4.998660e-19
7140.927900 1.882521e-19
7143.297750 4.753852e-19
7145.667723 -1.259776e-19
7148.040093 1.687989e-19
7150.408809 8.535963e-19
7152.779597 4.931612e-19
7155.150020 7.841395e-19
7157.521425 4.260107e-19
7159.893401 -4.480880e-20
7162.265424 -4.231577e-19
7164.637476 3.049286e-19
7167.009195 -2.832668e-19
7169.381103 2.184615e-19
7171.754763 2.221337e-20
7174.126867 6.163034e-19
7176.501279 4.471681e-19
7178.872968 -1.491583e-19
7181.247485 1.138142e-18
7183.621269 1.023721e-19
7185.995587 -1.387826e-19
7188.369770 -2.866277e-19
7190.744959 3.811582e-19
7193.117699 -1.474277e-19
7195.494223 2.924158e-19
7197.869396 5.224627e-19
7200.245303 1.985963e-19
7202.619840 2.560618e-19
7204.996301 2.738384e-20
7207.372543 6.035221e-19
7209.748468 4.462457e-19
7212.125252 1.637775e-19
7214.502023 6.615406e-19
7216.878999 8.394174e-19
7219.256077 9.350956e-19
7221.634364 3.404744e-19
7224.010851 7.022516e-19
7226.390981 9.805706e-19
7228.767719 6.400804e-19
7231.145496 1.204581e-18
7233.524649 3.052311e-19
7235.903040 7.296408e-19
7238.282076 6.260875e-19
7240.661902 8.933048e-19
7243.041346 2.676542e-19
7245.420937 1.526227e-18
7247.801754 1.838674e-18
7250.181148 8.794182e-19
7252.561796 1.642960e-18
7254.942247 1.173002e-18
7257.322856 1.895951e-18
7259.704216 1.794389e-18
7262.085669 1.328247e-18
7264.466785 1.775536e-18
7266.846917 1.791516e-18
7269.230553 1.705661e-18
7271.612701 1.554411e-18
7273.994931 1.121061e-18
7276.377617 1.312188e-18
7278.761198 1.935242e-18
7281.143661 1.953952e-18
7283.527200 2.233585e-18
7285.910816 1.841539e-18
7288.294466 2.540913e-18
7290.678589 1.568979e-18
7293.063645 1.716635e-18
7295.446734 1.187385e-18
7297.831518 1.186492e-18
7300.217145 1.429416e-18
7302.601551 2.171590e-18
7304.986395 1.197580e-18
7307.372815 1.678952e-18
7309.757221 5.302408e-19
7312.144192 1.165197e-18
7314.530379 1.797938e-18
7316.916113 2.175860e-18
7319.303355 1.648756e-18
7321.690202 1.824335e-18
7324.077267 1.471069e-18
7326.461252 1.184069e-18
7328.851732 1.610299e-18
7331.239381 1.084956e-18
7333.627958 6.234871e-19
7336.014797 1.490601e-18
7338.403685 1.987140e-18
7340.792463 1.676769e-18
7343.181602 1.623220e-18
7345.570247 8.104147e-19
7347.960183 1.110598e-18
7350.348797 1.387272e-18
7352.738479 1.471873e-18
7355.128051 8.079467e-19
7357.518545 3.548044e-19
7359.908183 1.017021e-19
7362.298739 1.213730e-18
7364.689562 9.567373e-19
7367.081104 9.575755e-19
7369.472102 1.187260e-18
7371.863996 1.815937e-18
7374.255131 9.838373e-19
7376.647406 6.497454e-19
7379.038136 1.039032e-18
7381.431924 1.277787e-18
7383.824018 9.663454e-19
7386.217226 8.740558e-19
7388.608485 8.895843e-19
7391.001852 1.392082e-18
7393.395470 1.277297e-18
7395.789382 3.877868e-19
7398.182711 1.333406e-18
7400.576399 1.816716e-18
7402.971213 2.240489e-18
7405.365947 1.905252e-18
7407.760262 2.208079e-18
7410.154400 2.148677e-18
7412.549946 2.546397e-18
7414.945183 2.268213e-18
7417.340086 2.248475e-18
7419.735786 2.356506e-18
7422.132355 2.699044e-18
7424.527552 2.361139e-18
7426.923986 1.939179e-18
7429.320407 2.576368e-18
7431.717832 2.792676e-18
7434.113631 2.641896e-18
7436.511279 2.936861e-18
7438.908833 2.502515e-18
7441.306767 2.901789e-18
7443.710382 2.767341e-18
7446.102685 2.446285e-18
7448.500810 2.999951e-18
7450.898529 3.435944e-18
7453.297156 2.762085e-18
7455.696499 3.258340e-18
7458.095322 3.642476e-18
7460.493912 3.256143e-18
7462.894293 2.382700e-18
7465.293462 2.468396e-18
7467.693333 3.004294e-18
7470.093608 2.479365e-18
7472.493911 2.765714e-18
7474.894446 2.961352e-18
7477.294794 2.558940e-18
7479.695826 3.054172e-18
7482.097308 2.482385e-18
7484.498561 2.771390e-18
7486.900345 2.487854e-18
7489.301423 2.513573e-18
7491.703828 2.065174e-18
7494.105508 2.216582e-18
7496.508081 2.460552e-18
7498.911268 1.800989e-18
7501.312976 1.872631e-18
7503.717111 2.093705e-18
7506.118371 1.756737e-18
7508.522222 1.831701e-18
7510.927029 2.269605e-18
7513.331076 1.597388e-18
7515.735455 1.430877e-18
7518.138072 1.481382e-18
7520.542554 1.030362e-18
7522.947243 1.539675e-18
7525.358792 2.462969e-18
7527.758056 4.817118e-19
7530.162743 9.763021e-19
7532.568819 1.611594e-18
7534.973816 1.135402e-18
7537.379777 1.387885e-18
7539.785911 1.299133e-18
7542.191623 8.684542e-19
7544.598746 1.040711e-18
7547.004982 5.490326e-19
7549.412403 4.494081e-19
7551.819462 8.133038e-19
7554.225835 7.879173e-19
7556.633983 8.645578e-19
7559.041819 3.689292e-19
7561.449246 8.319929e-19
7563.857542 1.061765e-18
7566.265375 9.188309e-19
7568.674085 1.173361e-18
7571.083192 -1.213259e-19
7573.493675 2.687615e-18
7575.901438 1.150560e-18
7578.310663 1.109452e-18
7580.719566 5.745386e-19
7583.129537 4.197695e-19
7585.539541 1.146680e-18
7587.949389 1.129152e-18
7590.360140 1.096288e-18
7592.769726 8.292726e-19
7595.181226 6.492378e-20
7597.592056 -1.537723e-19
7600.003161 -2.046186e-19
7602.414448 5.949496e-19
7604.826318 3.125567e-19
7607.237851 -7.510691e-20
7609.649477 1.740369e-19
7612.060449 3.532534e-19
7614.473962 3.569550e-19
7616.886914 4.788624e-19
7619.298807 1.948398e-19
7621.711427 7.142633e-19
7624.125031 4.969802e-19
7626.538441 4.145767e-19
7628.952573 -1.883919e-19
7631.366145 6.858750e-20
7633.779515 2.608559e-19
7636.193726 1.704189e-19
7638.608019 3.630388e-20
7641.022561 2.512144e-19
7643.436728 3.061078e-19
7645.852394 4.899801e-19
7648.266751 -1.592080e-19
7650.682395 6.076141e-20
7653.098321 4.013657e-19
7655.513213 9.987190e-19
7657.929232 4.234468e-19
7660.344942 5.266460e-19
7662.762523 2.003426e-19
7665.177874 7.271225e-19
7667.594579 1.907138e-19
7670.012731 2.879356e-19
7672.420501 8.826817e-19
7674.846966 4.995265e-19
7677.263257 4.732517e-19
7679.678782 8.428202e-19
7682.098622 3.324590e-19
7684.517795 2.106697e-19
7686.935616 6.532711e-19
7689.353430 1.422228e-19
7691.772644 5.963741e-19
7694.191837 5.704774e-20
7696.610383 3.058227e-19
7699.029525 -9.650489e-20
7701.449025 2.089440e-19
7703.868517 -2.071681e-19
7706.289047 -5.759069e-19
7708.707602 2.171230e-19
7711.129150 6.617910e-19
7713.548855 1.743009e-19
7715.969526 4.454260e-19
7718.390321 -2.897183e-20
7720.811888 8.022676e-19
7723.232193 -1.832645e-19
7725.654132 1.444763e-18
7728.075586 1.209709e-18
7730.496586 6.678630e-19
7732.919718 9.655856e-20
7735.340561 -7.189379e-20
7737.763310 5.604956e-19
7740.185666 4.746684e-19
7742.608534 7.431535e-19
7745.030341 -1.255871e-18
7747.454287 6.109354e-19
7749.877679 1.033690e-18
7752.301350 7.064425e-19
7754.725440 -8.300555e-19
7757.148994 9.218059e-19
7759.573047 6.477493e-19
7761.996858 1.496977e-18
7764.418073 1.174887e-18
7766.846274 9.046754e-19
7769.270833 1.829659e-19
7771.696023 3.052414e-19
7774.121385 7.237649e-20
7776.546752 5.000268e-19
7778.972113 -3.798756e-19
7781.397689 6.128575e-19
7783.824183 8.200028e-19
7786.250147 9.631132e-19
7788.675626 1.544461e-19
7791.102584 7.758936e-19
7793.529587 2.698361e-19
7795.956640 1.657347e-18
7798.384067 3.018261e-19
7800.811573 6.160445e-19
7803.220550 2.028625e-18
7805.680832 5.772293e-18
7808.093263 1.190882e-19
