5088.509031 2.636953e-18
5090.502854 3.297295e-18
5092.497728 2.083542e-18
5094.493082 2.741409e-18
5096.489416 2.786266e-18
5098.490161 3.129099e-18
5100.485181 9.653108e-19
5102.484769 4.790873e-18
5104.484615 2.442984e-18
5106.486760 2.610442e-18
5108.488012 3.783845e-18
5110.489690 4.132251e-18
5112.493906 3.165421e-18
5114.501090 2.607360e-18
5116.505441 3.032614e-18
5118.514267 2.941584e-18
5120.520640 2.461637e-18
5122.528386 1.379738e-18
5124.538781 1.011548e-18
5126.549122 2.994643e-18
5128.560582 1.846026e-18
5130.572462 2.676894e-18
5132.588821 2.377034e-18
5134.600209 3.252882e-18
5136.615522 4.022027e-18
5138.631758 2.174475e-18
5140.648792 2.624939e-18
5142.669583 3.709079e-18
5144.684687 1.924248e-18
5146.704698 1.732892e-18
5148.725874 3.064499e-18
5150.747216 2.577118e-18
5152.772642 2.093369e-18
5154.794033 2.586411e-18
5156.817252 2.470890e-18
5158.843783 2.297195e-18
5160.868861 1.581749e-18
5162.895396 2.665867e-18
5164.924243 1.326061e-18
5166.949369 1.742675e-18
5168.981020 2.700205e-18
5171.016150 1.970530e-18
5173.047015 1.716384e-18
5175.078294 3.189291e-18
5177.111937 2.398801e-18
5179.145978 1.640206e-18
5181.181141 1.867708e-18
5183.217843 3.185401e-18
5185.258556 1.502155e-18
5187.292911 1.166991e-18
5189.328954 8.969152e-19
5191.370843 2.457896e-18
5193.411280 1.530311e-18
5195.450890 1.728105e-18
5197.496617 2.944842e-18
5199.539216 6.087747e-19
5201.584481 2.589301e-18
5203.629852 2.955864e-18
5205.676069 1.985437e-18
5207.724799 6.557366e-19
5209.770163 1.899840e-18
5211.819979 1.449744e-18
5213.867904 2.308811e-18
5215.919598 2.223608e-18
5217.971337 3.032287e-18
5220.023514 2.660235e-18
5222.076631 3.899892e-18
5224.131388 1.600436e-18
5226.184212 2.295759e-18
5228.245772 3.241420e-18
5230.299971 2.413889e-18
5232.357382 2.668969e-18
5234.416019 2.485889e-18
5236.475940 2.971516e-18
5238.538874 1.708327e-18
5240.597683 2.635625e-18
5242.662957 1.932966e-18
5244.725897 3.567448e-18
5246.783827 2.315398e-18
5248.851102 2.166209e-18
5250.916846 8.251469e-19
5252.988263 2.519014e-18
5255.051467 2.268805e-18
5257.119854 2.346207e-18
5259.187091 8.816434e-19
5261.258586 1.491625e-18
5263.322607 3.406670e-18
5265.401512 2.040538e-18
5267.481216 2.960127e-18
5269.553922 2.453093e-18
5271.624621 3.032858e-18
5273.701463 4.112424e-18
5275.774713 3.828212e-18
5277.856620 4.228863e-18
5279.933232 1.573654e-18
5282.009473 3.569784e-18
5284.094936 4.213785e-18
5286.170712 2.617952e-18
5288.248721 3.737355e-18
5290.340604 1.748764e-18
5292.421254 2.429045e-18
5294.501332 3.184417e-18
5296.585439 2.892865e-18
5298.676697 1.130705e-18
5300.757690 3.623406e-18
5302.846237 3.616654e-18
5304.939417 3.456042e-18
5307.021355 2.153465e-18
5309.114254 3.853043e-18
5311.205281 2.347336e-18
5313.291135 2.613187e-18
5315.391047 4.095931e-18
5317.484219 2.033144e-18
5319.584752 2.737040e-18
5321.681945 3.629064e-18
5323.774822 3.596196e-18
5325.872068 4.194927e-18
5327.965462 4.138014e-18
5330.067418 1.592547e-18
5332.163845 2.352582e-18
5334.266669 3.893614e-18
5336.365695 4.326407e-18
5338.460115 2.852219e-18
5340.566119 2.678542e-18
5342.674592 4.587164e-18
5344.782251 3.261843e-18
5346.882690 4.545646e-18
5348.985037 4.953873e-18
5351.107734 2.623887e-18
5353.199648 4.802796e-18
5355.316941 2.886459e-18
5357.422860 2.544378e-18
5359.534443 3.158655e-18
5361.648787 2.287118e-18
5363.753312 3.564506e-18
5365.872860 2.750344e-18
5367.980911 2.964785e-18
5370.100129 3.298965e-18
5372.225084 1.919170e-18
5374.329670 3.629766e-18
5376.447361 5.148637e-18
5378.568708 4.860076e-18
5380.691685 2.326359e-18
5382.808615 3.373608e-18
5384.929260 2.415184e-18
5387.051915 3.354357e-18
5389.166237 3.964208e-18
5391.306608 2.304449e-18
5393.415870 3.079697e-18
5395.540197 3.084527e-18
5397.671588 3.413598e-18
5399.797177 3.539229e-18
5401.913441 3.739853e-18
5404.045813 3.192480e-18
5406.178345 3.755829e-18
5408.307558 3.326157e-18
5410.441549 3.487888e-18
5412.572391 2.909699e-18
5414.712717 3.752082e-18
5416.836624 2.340264e-18
5418.973472 3.072104e-18
5421.111635 2.759978e-18
5423.249534 2.350183e-18
5425.380231 3.547250e-18
5427.518544 1.655766e-18
5429.660807 2.926327e-18
5431.794319 3.292011e-18
5433.931408 2.539155e-18
5436.069551 1.266253e-18
5438.215769 3.322371e-18
5440.355160 3.007358e-18
5442.502116 4.587343e-18
5444.645093 4.184536e-18
5446.793697 2.284048e-18
5448.936065 2.148624e-18
5451.081501 2.513582e-18
5453.228454 1.336700e-18
5455.375299 2.742704e-18
5457.525614 1.811459e-18
5459.677387 3.027751e-18
5461.822311 1.465102e-18
5463.971795 2.269237e-18
5466.128757 2.562950e-18
5468.281249 3.151051e-18
5470.439265 1.948537e-18
5472.588675 3.941391e-18
5474.744378 2.706168e-18
5476.900424 3.374908e-18
5479.057706 1.670421e-18
5481.219251 1.902203e-18
5483.369486 1.060173e-18
5485.532602 1.379686e-18
5487.692634 4.172377e-18
5489.852960 3.834164e-18
5492.014367 3.095772e-18
5494.177363 2.396483e-18
5496.340280 3.028563e-18
5498.508037 2.588738e-18
5500.673334 2.911851e-18
5502.833709 2.072990e-18
5505.000931 1.434836e-18
5507.168229 1.050342e-18
5509.337051 1.930374e-18
5511.510630 3.053331e-18
5513.670402 3.647633e-18
5515.844332 2.581573e-18
5518.016352 7.581430e-19
5520.189821 1.649620e-18
5522.357881 1.268155e-18
5524.539162 2.207983e-18
5526.708778 1.847029e-18
5528.883528 1.133531e-18
5531.064541 2.593437e-18
5533.236855 2.612688e-18
5535.413549 1.426426e-18
5537.595359 1.239606e-18
5539.768908 2.284358e-18
5541.950957 9.341989e-19
5544.131873 7.324561e-19
5546.312991 2.028666e-18
5548.493659 1.954690e-19
5550.679245 2.007625e-18
5552.866023 2.317021e-18
5555.046849 2.116529e-18
5557.231898 3.650111e-19
5559.417395 1.001181e-18
5561.604070 3.944881e-18
5563.791884 1.835260e-18
5565.980890 1.965382e-18
5568.170033 1.247285e-18
5570.355332 3.938144e-18
5572.548029 -4.011118e-18
5574.741219 -6.400568e-19
5576.934456 2.403617e-18
5579.127707 -1.077412e-18
5581.322999 7.224779e-18
5583.519970 7.890227e-18
5585.716614 1.135622e-18
5587.906797 1.405605e-18
5590.103377 1.314638e-18
5592.302597 1.664886e-18
5594.500270 7.090054e-19
5596.699496 1.063985e-18
5598.898675 3.494601e-18
5601.098647 7.796560e-19
5603.301379 1.078894e-18
5605.503808 1.062150e-18
5607.707028 1.600119e-18
5609.910185 1.780917e-18
5612.115999 6.070352e-20
5614.319721 1.539761e-18
5616.526661 7.597010e-19
5618.733188 1.627048e-18
5620.939790 1.906366e-18
5623.146371 8.662856e-19
5625.359528 7.887903e-19
5627.568725 1.162079e-18
5629.779932 6.361507e-19
5632.004344 1.928746e-18
5634.219185 -3.967588e-19
5636.429867 1.032738e-19
5638.642510 2.353291e-18
5640.842038 1.254625e-18
5643.058282 1.209983e-18
5645.274583 1.701380e-18
5647.490516 1.383860e-18
5649.707887 1.826760e-18
5651.926789 1.742641e-18
5654.144713 2.154195e-18
5656.366614 4.556877e-19
5658.585395 1.373901e-19
5660.805256 1.510676e-18
5663.027350 9.555561e-19
5665.254482 1.997331e-18
5667.473627 2.813894e-19
5669.697869 5.587177e-19
5671.920991 1.547248e-18
5674.146283 2.808174e-19
5676.375433 1.709719e-18
5678.602872 4.778701e-19
5680.827732 1.668366e-18
5683.058820 7.673813e-19
5685.288286 2.026470e-18
5687.514467 8.569588e-19
5689.749749 1.470545e-18
5691.980670 7.936571e-19
5694.213178 1.318259e-18
5696.445678 1.204586e-18
5698.679431 1.128017e-18
5700.913348 1.148817e-18
5703.149708 2.693975e-18
5705.385282 4.863961e-19
5707.622063 8.292945e-19
5709.859284 1.220302e-18
5712.097050 1.655285e-18
5714.335807 -4.724078e-19
5716.576001 -4.199070e-21
5718.816411 2.501632e-19
5721.063052 2.085442e-18
5723.298880 -1.361445e-19
5725.539150 -6.878742e-21
5727.785142 6.599649e-19
5730.029255 1.137921e-20
5732.271753 9.446652e-19
5734.514683 -7.954596e-19
5736.767532 5.247266e-19
5739.010867 -3.077896e-19
5741.259840 1.142348e-18
5743.507066 6.505644e-19
5745.758520 5.705990e-19
5748.006229 -2.014529e-19
5750.253874 8.432591e-19
5752.506928 3.988890e-19
5754.759598 1.297534e-18
5757.009238 1.230106e-18
5759.266883 -4.318964e-19
5761.521186 4.073575e-19
5763.775031 -8.127780e-19
5766.031248 5.330848e-19
5768.287045 1.497366e-18
5770.543929 1.841367e-18
5772.801850 2.555023e-18
5775.061054 1.656687e-19
5777.319220 -3.190689e-19
5779.580131 -1.307297e-19
5781.835303 -4.503140e-19
5784.098161 5.698820e-19
5786.363304 6.624372e-19
5788.625299 -2.933136e-19
5790.888568 1.159974e-19
5793.152588 3.785401e-19
5795.418605 7.966603e-19
5797.682129 -9.087870e-19
5799.949183 1.463013e-19
5802.217156 7.796007e-19
5804.483122 3.869114e-19
5806.752341 -9.989185e-20
5809.019720 -9.134449e-19
5811.291322 1.506001e-19
5813.561578 1.820050e-18
5815.832435 8.146240e-21
5818.104356 7.818515e-19
5820.378294 1.777056e-18
5822.649832 8.833230e-20
5824.923549 7.208014e-19
5827.198518 -2.390763e-19
5829.475365 1.466417e-18
5831.749058 1.080394e-19
5834.025443 7.212073e-19
5836.303156 4.887932e-19
5838.582620 -9.058064e-20
5840.861221 1.250364e-18
5843.140284 -7.296084e-20
5845.421416 -5.112213e-19
5847.701450 1.414906e-18
5849.978689 -6.515728e-19
5852.265358 1.453883e-18
5854.548259 1.469500e-18
5856.829116 1.221148e-19
5859.121724 -3.051120e-19
5861.405100 2.056518e-19
5863.688316 1.708550e-18
5865.973642 7.058462e-19
5868.260804 9.309765e-19
5870.548379 8.655489e-19
5872.837407 5.140919e-19
5875.126568 1.261203e-18
5877.417551 8.176415e-19
5879.706335 1.075541e-18
5881.996044 6.814917e-19
5884.287650 6.037628e-19
5886.584077 -3.670336e-19
5888.875873 -1.410847e-18
5891.169700 8.233618e-19
5893.464648 -1.321842e-19
5895.760603 1.883678e-18
5898.056879 1.721514e-18
5900.353699 1.867750e-18
5902.651108 1.043140e-18
5904.947587 -4.768031e-19
5907.247354 1.893589e-18
5909.545377 1.561039e-18
5911.849429 -1.048466e-18
5914.147827 -5.614918e-19
5916.448475 1.975431e-18
5918.750479 1.469474e-18
5921.052649 -3.619456e-19
5923.356973 6.592719e-19
5925.660594 5.175365e-19
5927.965518 5.496445e-20
5930.272098 -1.238426e-18
5932.577338 -8.258798e-23
5934.884350 6.027091e-19
5937.192316 1.366968e-18
5939.497054 -1.249168e-19
5941.813508 2.773974e-20
5944.113816 9.566492e-20
5946.427778 1.092944e-18
5948.739541 2.355380e-18
5951.051169 5.365710e-19
5953.363327 -9.008218e-19
5955.681744 8.688020e-19
5957.989390 1.355041e-18
5960.308157 1.892109e-18
5962.618615 1.334028e-18
5964.934201 9.454981e-20
5967.249493 -6.921381e-19
5969.567027 -1.049209e-18
5971.884452 1.460039e-18
5974.202457 1.749241e-18
5976.521305 9.521134e-19
5978.841675 4.244635e-19
5981.162184 1.207947e-18
5983.481428 1.219736e-18
5985.803068 -3.829207e-19
5988.128540 1.195579e-18
5990.448004 3.522223e-19
5992.771874 8.290058e-19
5995.095265 2.525616e-18
5997.420763 1.665979e-18
5999.745418 3.439829e-19
6002.067189 -3.853440e-19
6004.398157 -7.835891e-20
6006.726358 1.923680e-18
6009.054356 5.935758e-19
6011.381980 7.167597e-19
6013.712630 1.568891e-18
6016.041665 1.772331e-18
6018.372350 1.425205e-18
6020.704046 -1.259888e-19
6023.035211 1.060350e-19
6025.367972 -3.697786e-19
6027.704527 4.331856e-19
6030.035957 1.579054e-18
6032.369274 7.216281e-19
6034.711240 8.563299e-19
6037.040960 7.740779e-19
6039.377015 9.762643e-19
6041.716379 9.664671e-19
6044.052182 1.233986e-18
6046.390328 3.992466e-19
6048.729060 1.526041e-18
6051.071205 -1.045320e-18
6053.410068 9.164290e-19
6055.749161 1.921881e-18
6058.092122 1.695512e-19
6060.428338 7.193240e-19
6062.777390 1.088647e-18
6065.120672 1.189365e-18
6067.464626 1.821518e-18
6069.809363 2.586306e-19
6072.154655 1.464711e-18
6074.499942 -8.490231e-19
6076.853209 1.471786e-18
6079.195399 7.798042e-19
6081.543195 1.292396e-18
6083.890662 4.353533e-19
6086.240099 -6.049517e-19
6088.590879 -1.484761e-18
6090.941191 1.160929e-18
6093.290837 1.575306e-19
6095.643510 3.055342e-19
6097.996688 6.896925e-19
6100.351538 -2.608737e-20
6102.702982 1.306552e-19
6105.056739 7.272769e-19
6107.411588 1.359608e-18
6109.767616 -8.081225e-20
6112.124767 1.064529e-18
6114.479456 4.558897e-19
6116.838278 8.131629e-19
6119.198640 8.403645e-19
6121.554834 -1.497313e-19
6123.911731 5.866953e-19
6126.273961 4.319257e-19
6128.634254 1.343494e-19
6130.993116 5.668676e-20
6133.357622 9.797276e-19
6135.714775 1.241935e-19
6138.082349 1.037767e-18
6140.447602 8.209255e-19
6142.810426 -1.977281e-19
6145.178117 -6.060625e-19
6147.541308 8.782666e-19
6149.906901 1.120317e-18
6152.273785 2.082900e-19
6154.642963 9.134136e-19
6157.009530 -1.252531e-19
6159.378414 8.501523e-19
6161.748193 2.816878e-19
6164.112131 8.943206e-20
6166.492803 2.334615e-18
6168.859056 1.967377e-18
6171.225190 1.664860e-18
6173.604262 2.285280e-19
6175.975878 -5.430731e-20
6178.350206 9.127803e-19
6180.728000 5.323099e-19
6183.099070 1.312114e-18
6185.474345 8.383215e-19
6187.850743 1.643316e-19
6190.227048 -1.006403e-19
6192.604889 7.300663e-20
6194.982206 3.739904e-19
6197.365309 1.286184e-18
6199.739401 1.708134e-18
6202.113780 3.716956e-19
6204.490569 -8.343456e-19
6206.880719 9.149721e-19
6209.261873 7.544582e-19
6211.640097 3.098357e-19
6214.032237 -2.157987e-19
6216.409719 6.046499e-20
6218.794115 2.431439e-19
6221.178384 2.142864e-18
6223.564305 3.807066e-19
6225.943192 -1.698699e-18
6228.336922 9.382335e-19
6230.722398 8.318424e-19
6233.113382 6.357365e-19
6235.496953 -3.120062e-19
6237.887672 1.513027e-19
6240.275983 1.170867e-18
6242.673221 2.305817e-18
6245.057168 2.455537e-18
6247.448099 7.110934e-19
6249.839142 1.709873e-19
6252.230596 1.365250e-18
6254.624964 1.209188e-19
6257.018357 -2.019324e-18
6259.411798 1.504910e-18
6261.808038 7.418105e-19
6264.195988 2.635023e-18
6266.598478 -3.333568e-19
6268.995256 -4.103329e-19
6271.391852 2.021476e-18
6273.790166 6.223909e-19
6276.187816 3.631536e-19
6278.586864 -9.224459e-19
6280.985940 -3.732788e-20
6283.386595 4.089682e-19
6285.786349 -6.795645e-19
6288.186713 1.015656e-20
6290.588800 6.283793e-19
6292.989944 -2.098253e-19
6295.393800 -2.030371e-18
6297.791569 -4.477260e-18
6300.202967 1.556670e-18
6302.608915 1.420605e-18
6305.014846 4.107839e-18
6307.421842 2.588897e-18
6309.829322 1.793238e-18
6312.231982 1.004218e-18
6314.635786 -3.125479e-19
6317.047670 1.773607e-19
6319.457158 -2.905150e-19
6321.867637 1.081560e-18
6324.276432 -4.421772e-19
6326.687554 -9.179079e-19
6329.098840 7.689702e-19
6331.505612 2.028124e-19
6333.922978 1.255143e-18
6336.336105 1.100565e-19
6338.750099 -7.329715e-19
6341.163770 1.586874e-18
6343.577321 3.719112e-19
6345.991932 6.927377e-19
6348.409249 4.858267e-19
6350.825890 7.538100e-19
6353.241797 7.571350e-19
6355.659012 6.123335e-19
6358.077043 1.095754e-18
6360.496152 3.566160e-19
6362.915973 -3.385117e-18
6365.342045 1.393221e-18
6367.757796 2.954290e-18
6370.179013 1.592868e-18
6372.603107 2.833052e-18
6375.021536 1.888680e-18
6377.444013 3.835079e-19
6379.866603 5.997648e-19
6382.292070 4.580891e-19
6384.716139 5.656363e-19
6387.140493 -2.917109e-19
6389.560914 5.748546e-19
6391.992320 4.061231e-19
6394.419451 3.139074e-19
6396.846567 1.017559e-18
6399.274440 1.234640e-18
6401.701204 1.796036e-18
6404.131357 -4.397676e-19
6406.560980 9.839999e-19
6408.990298 9.968110e-19
6411.422346 3.802938e-19
6413.853088 1.831921e-18
6416.285388 1.256854e-18
6418.717684 1.951385e-19
6421.146139 9.920367e-19
6423.584946 -7.170449e-20
6426.017320 7.388913e-19
6428.453012 8.571774e-19
6430.882224 1.586435e-18
6433.324127 1.617647e-18
6435.760486 1.370948e-18
6438.196579 7.394107e-19
6440.634094 3.754442e-19
6443.072737 2.003147e-19
6445.510891 5.583730e-19
6447.949848 1.249071e-18
6450.389160 -3.174200e-20
6452.830154 7.209119e-19
6455.272622 1.413975e-18
6457.711933 -2.307002e-19
6460.154258 1.186532e-18
6462.601689 -3.190019e-19
6465.039535 -3.473718e-19
6467.482312 1.842284e-18
6469.927787 7.189777e-19
6472.372653 -2.594537e-19
6474.817740 2.514042e-19
6477.263786 1.975848e-19
6479.709680 1.028479e-18
6482.156649 7.394800e-19
6484.604861 -2.116400e-20
6487.053416 7.867584e-19
6489.503699 5.814058e-19
6491.949836 1.413029e-18
6494.399636 -4.196760e-19
6496.849424 -7.863129e-19
6499.300062 1.887336e-19
6501.752780 4.112754e-19
6504.203915 1.190748e-18
6506.656585 -3.896765e-19
6509.109636 5.047288e-19
6511.562708 9.125921e-19
6514.017312 -3.003606e-19
6516.467906 5.130812e-19
6518.926881 2.255838e-18
6521.381370 7.505154e-19
6523.838968 7.568737e-19
6526.295013 1.159079e-18
6528.752190 1.098908e-18
6531.211223 8.129902e-19
6533.671098 4.416518e-19
6536.129510 1.110142e-18
6538.593493 9.646901e-19
6541.047624 5.850790e-19
6543.508975 1.663878e-18
6545.969844 6.625512e-19
6548.430417 1.532482e-18
6550.894199 3.236431e-19
6553.356065 1.154208e-19
6555.819401 1.114207e-18
6558.283702 1.193485e-18
6560.747324 -1.260288e-19
6563.213277 -2.875330e-19
6565.678792 9.020338e-19
6568.144494 3.910338e-20
6570.611235 8.238010e-19
6573.076326 1.640106e-18
6575.545907 1.174123e-18
6578.014309 7.093446e-19
6580.481964 4.293956e-19
6582.952297 2.747131e-19
6585.422964 1.686824e-18
6587.890978 1.655833e-18
6590.362696 6.233486e-19
6592.834611 4.456620e-19
6595.305795 9.787646e-19
6597.778111 4.953627e-19
6600.248677 -6.662457e-20
6602.725623 5.769636e-19
6605.199094 4.883359e-19
6607.670285 -4.829456e-20
6610.148333 -4.144323e-19
6612.620483 1.709433e-18
6615.100970 3.578075e-20
6617.577262 1.072373e-18
6620.060461 1.570150e-18
6622.532603 8.933602e-19
6625.009555 1.204443e-18
6627.490203 1.157774e-18
6629.968586 1.021450e-18
6632.448469 8.580047e-19
6634.929739 -1.490193e-19
6637.409125 5.836885e-20
6639.891369 1.479221e-18
6642.373376 1.227801e-18
6644.857558 1.438333e-18
6647.338461 5.000739e-19
6649.823606 4.610145e-19
6652.299609 1.056298e-18
6654.791834 1.198643e-18
6657.278069 1.160934e-18
6659.761601 4.301762e-19
6662.248242 1.694311e-18
6664.733837 4.140577e-19
6667.222298 1.018900e-18
6669.709907 6.042850e-19
6672.199382 6.358451e-19
6674.686581 1.283728e-18
6677.177697 -7.200260e-19
6679.664370 8.843728e-19
6682.157936 7.239200e-19
6684.646783 6.709294e-19
6687.138485 1.355163e-18
6689.626746 1.269003e-18
6692.123101 9.066080e-19
6694.616393 1.271604e-18
6697.109526 3.725751e-19
6699.603104 1.045354e-18
6702.098222 5.198289e-19
6704.592254 8.297362e-19
6707.089176 1.440756e-18
6709.585492 8.652129e-19
6712.081659 -4.973403e-19
6714.577841 1.767965e-18
6717.080139 1.197225e-18
6719.573568 6.586863e-19
6722.073925 -2.219527e-20
6724.571375 6.396320e-19
6727.068575 6.677721e-20
6729.570843 1.252203e-18
6732.072793 3.435854e-19
6734.573415 3.165391e-19
6737.080941 -6.807004e-19
6739.576647 -2.200652e-19
6742.079758 1.046856e-18
6744.583868 8.964498e-19
6747.086442 4.542258e-19
6749.590484 5.803982e-19
6752.097123 1.840424e-18
6754.598563 -5.561722e-19
6757.107554 8.078522e-19
6759.617342 5.281451e-19
6762.120092 1.364578e-18
6764.626891 5.721003e-19
6767.135913 4.936368e-19
6769.643066 4.032083e-19
6772.151763 1.331405e-20
6774.661883 7.173991e-19
6777.172103 6.461372e-19
6779.681007 3.472423e-19
6782.192060 1.148611e-18
6784.704571 5.630524e-19
6787.216085 2.910791e-19
6789.728015 6.494131e-19
6792.241688 -6.062729e-20
6794.755412 4.878484e-19
6797.267757 1.443624e-18
6799.781165 -3.699663e-19
6802.297766 8.535372e-19
6804.813038 -1.849858e-19
6807.329419 3.913038e-19
6809.845287 9.570586e-19
6812.358649 6.762593e-20
6814.875267 -1.947428e-20
6817.397451 -1.148113e-19
6819.914854 -2.341533e-19
6822.434834 7.368436e-19
6824.959311 2.606483e-19
6827.473215 -1.799665e-18
6829.993695 4.191809e-20
6832.515147 -1.292662e-20
6835.037127 1.935653e-19
6837.553413 8.485745e-19
6840.081676 3.793649e-19
6842.603641 1.029174e-18
6845.128189 -8.373383e-19
6847.650875 7.890061e-19
6850.179550 4.733656e-19
6852.700263 6.067430e-19
6855.228357 6.549304e-19
6857.756229 1.620384e-19
6860.273131 -4.233004e-20
6862.803362 6.148319e-19
6865.332216 2.113555e-18
6867.860137 1.262379e-18
6870.388175 5.025901e-19
6872.920595 6.386945e-19
6875.444953 1.855760e-19
6877.975519 4.586407e-19
6880.505540 4.428552e-19
6883.037176 -2.101669e-19
6885.567937 -2.648703e-19
6888.099204 2.734440e-19
6890.632447 9.625423e-19
6893.164300 5.831181e-19
6895.697226 9.661044e-19
6898.231086 8.279333e-19
6900.765206 4.569107e-19
6903.300712 1.079598e-18
6905.834769 -6.551477e-19
6908.370507 1.331761e-18
6910.907668 1.318303e-18
6913.442850 1.063950e-18
6915.980914 1.131381e-18
6918.518355 6.582387e-19
6921.056299 6.685824e-19
6923.595855 4.464131e-19
6926.130820 1.714095e-18
6928.672766 1.811330e-18
6931.211431 4.931201e-19
6933.753569 1.561748e-18
6936.299297 1.509420e-18
6938.837213 1.830356e-19
6941.377970 1.522476e-18
6943.920424 1.461510e-18
6946.463726 1.202574e-18
6949.007259 8.851083e-19
6951.552448 1.209371e-18
6954.096462 4.165230e-19
6956.646842 7.170433e-19
6959.186355 8.308195e-19
6961.732188 1.127659e-18
6964.278095 8.430526e-19
6966.823859 9.332547e-19
6969.371860 -7.768342e-19
6971.919958 2.751242e-19
6974.467953 1.509255e-19
6977.016765 1.318646e-18
6979.565932 1.510808e-18
6982.116775 1.444565e-18
6984.664999 8.062633e-20
6987.217281 -5.167014e-19
6989.767988 9.491922e-19
6992.318912 2.412996e-19
6994.871388 4.074936e-19
6997.422230 -5.250154e-19
6999.975097 5.030703e-19
7002.530238 5.039027e-19
7005.084061 -6.832196e-19
7007.641170 7.712616e-19
7010.193167 1.267863e-19
7012.751093 7.327398e-20
7015.304796 1.240515e-18
7017.862638 1.639791e-18
7020.417211 5.069631e-19
7022.972445 -7.876418e-20
7025.537049 1.231500e-18
7028.089803 -5.603802e-19
7030.648443 3.664807e-19
7033.208742 2.764718e-19
7035.765651 1.271632e-19
7038.328469 1.118663e-18
7040.888253 2.081444e-18
7043.449343 1.742842e-18
7046.010108 1.080461e-18
7048.572794 5.693289e-19
7051.136610 4.960647e-19
7053.698032 5.334521e-19
7056.262643 -1.246354e-20
7058.825699 6.057409e-19
7061.389571 4.043343e-19
7063.954741 -6.314123e-19
7066.520571 9.843996e-19
7069.081630 4.039779e-19
7071.651411 2.288971e-19
7074.218352 1.771139e-18
7076.786335 3.207180e-19
7079.353209 4.839742e-19
7081.921051 -1.601712e-19
7084.490331 4.188088e-19
7087.059110 5.611365e-19
7089.627608 8.438137e-19
7092.198070 1.105390e-18
7094.769154 1.486436e-18
7097.339916 3.958167e-19
7099.911984 6.377766e-19
7102.481794 1.093059e-18
7105.055481 9.732515e-19
7107.627740 6.821690e-19
7110.200639 1.395843e-18
7112.771520 6.731014e-19
7115.350325 1.016474e-18
7117.923444 5.064949e-19
7120.498708 7.159906e-19
7123.074531 1.270345e-20
7125.648567 1.081865e-18
7128.224639 1.221999e-18
7130.802512 -2.330508e-19
7133.379464 7.931418e-19
7135.958866 8.323874e-19
7138.537081 8.339657e-19
7141.113694 3.508995e-19
7143.694118 7.276415e-19
7146.270547 -3.134871e-19
7148.854221 2.303328e-19
7151.438492 9.860669e-19
7154.019096 6.409296e-19
7156.598024 9.895562e-19
7159.178241 -1.432684e-19
7161.761355 8.073296e-19
7164.343049 -7.333838e-19
7166.920858 8.300566e-19
7169.510106 1.643622e-18
7172.094884 8.221328e-19
7174.678686 1.235927e-18
7177.265715 8.605485e-19
7179.849377 1.040979e-18
7182.435086 1.170620e-18
7185.022231 1.394743e-20
7187.609476 2.680273e-19
7190.196333 4.725833e-19
7192.785170 1.006009e-18
7195.371806 4.802020e-19
7197.967293 1.324779e-18
7200.550182 2.540935e-19
7203.145739 -2.729539e-19
7205.730205 1.877323e-18
7208.321392 2.407985e-20
7210.911750 9.580009e-19
7213.500458 9.335243e-19
7216.096022 1.292859e-18
7218.686637 1.550468e-18
7221.280207 5.662090e-19
7223.873675 1.409152e-18
7226.468225 2.087461e-18
7229.054860 9.478326e-19
7231.655525 9.189506e-19
7234.249815 2.713153e-18
7236.850352 5.253549e-19
7239.442856 7.875039e-19
7242.038740 -1.591197e-18
7244.636501 1.611138e-18
7247.233294 1.142750e-18
7249.831715 1.827973e-18
7252.429747 2.041838e-18
7255.028071 2.396321e-18
7257.626666 1.718861e-18
7260.225718 2.022428e-18
7262.826225 2.381481e-18
7265.426239 3.149352e-18
7268.025056 1.836009e-18
7270.627673 2.210640e-18
7273.233840 1.933435e-18
7275.831201 2.016947e-18
7278.435570 2.703074e-18
7281.038348 2.154365e-18
7283.642301 2.158661e-18
7286.249406 3.185550e-18
7288.850842 2.467539e-18
7291.457568 1.575277e-18
7294.060002 7.940086e-19
7296.671508 3.580286e-18
7299.272194 2.578762e-18
7301.874495 2.660062e-18
7304.487932 2.981441e-18
7307.092027 2.221820e-18
7309.693849 3.184122e-18
7312.308964 2.512571e-19
7314.928751 2.067532e-18
7317.527766 2.666899e-18
7320.135389 2.674056e-18
7322.727855 2.432199e-18
7325.319693 1.382179e-18
7327.918666 2.234340e-18
7330.563593 3.140855e-18
7333.214002 3.170744e-18
7335.840519 2.309676e-18
7338.450733 -1.164132e-18
7341.058426 1.433345e-18
7343.644884 1.729977e-18
7346.262896 3.544221e-18
7348.874392 3.469348e-18
7351.491768 2.434467e-18
7354.103460 7.566896e-19
7356.719070 1.892204e-18
7359.335166 2.826628e-18
7361.951367 1.050081e-18
7364.568717 2.398377e-18
7367.186687 1.728097e-18
7369.803942 5.050153e-19
7372.424266 1.469896e-18
7375.043165 1.518687e-18
7377.660033 2.589650e-18
7380.283158 2.301141e-18
7382.901565 1.742065e-18
7385.520421 2.105795e-18
7388.141916 1.258421e-18
7390.764520 1.572782e-18
7393.385999 -9.578707e-20
7396.009271 1.942356e-18
7398.630651 3.604334e-18
7401.251496 3.118628e-18
7403.879076 3.248667e-18
7406.508072 2.393457e-18
7409.128906 3.545542e-18
7411.755813 2.692667e-18
7414.374595 3.054567e-18
7417.013547 1.866698e-18
7419.639597 3.558477e-18
7422.259305 3.272279e-18
7424.886225 2.206663e-18
7427.523274 2.308186e-18
7430.142593 2.164857e-18
7432.763786 2.337967e-18
7435.408670 3.169221e-18
7438.032280 2.761048e-18
7440.650534 2.929110e-18
7443.287524 3.882187e-18
7445.926089 4.283155e-18
7448.554951 3.760220e-18
7451.189262 2.885989e-18
7453.796140 3.183871e-18
7456.454072 3.831795e-18
7459.114540 3.152021e-18
7461.719960 3.556628e-18
7464.354882 3.206605e-18
7466.980492 3.520370e-18
7469.615998 3.900565e-18
7472.262988 3.048185e-18
7474.873890 3.420431e-18
7477.512139 4.579300e-18
7480.157688 3.868763e-18
7482.794148 4.380127e-18
7485.433815 3.558458e-18
7488.079310 5.152634e-18
7490.699723 3.346369e-18
7493.347574 2.724351e-18
7495.986067 2.631861e-18
7498.616307 1.870549e-18
7501.268400 2.927752e-18
7503.900759 1.496335e-18
7506.535607 1.648299e-18
7509.176862 3.134487e-18
7511.832257 2.423021e-18
7514.483692 3.042231e-18
7517.101199 2.711908e-18
7519.741497 2.410552e-18
7522.385679 2.313674e-18
7525.028014 1.643153e-18
7527.673023 2.871648e-18
7530.317229 3.071082e-18
7532.961808 2.646964e-18
7535.607509 2.960800e-18
7538.252882 3.439212e-18
7540.900148 2.420482e-18
7543.549319 1.963623e-18
7546.188418 1.825577e-18
7548.849832 2.470435e-18
7551.487609 1.648426e-18
7554.126614 3.579836e-18
7556.795391 2.720371e-18
7559.429306 2.209037e-18
7562.077013 1.759164e-18
7564.725883 1.582063e-18
7567.377262 1.130477e-18
7570.027748 2.330904e-18
7572.678671 1.917637e-18
7575.326864 2.605143e-18
7577.984742 2.065714e-18
7580.634306 2.478400e-18
7583.286791 2.374507e-18
7585.938689 1.124041e-18
7588.587418 3.522861e-18
7591.239885 1.260974e-18
7593.901079 1.526547e-19
7596.554575 4.551576e-19
7599.208702 3.775193e-19
7601.866281 4.322271e-19
7604.520663 8.496316e-19
7607.175836 7.124285e-19
7609.833650 7.411308e-19
7612.488880 7.148276e-19
7615.147691 8.813709e-19
7617.804225 1.709953e-18
7620.463328 9.573957e-19
7623.118256 1.058612e-18
7625.782309 5.979357e-19
7628.439845 2.151220e-19
7631.101705 -8.322336e-20
7633.761215 9.219480e-19
7636.422377 2.327498e-19
7639.082880 9.018408e-19
7641.744205 8.213474e-19
7644.405361 6.935410e-19
7647.067682 9.857433e-19
7649.731804 1.316783e-18
7652.393370 7.740149e-19
7655.059618 1.494540e-18
7657.721826 1.468345e-18
7660.386038 1.601978e-19
7663.051252 1.747931e-18
7665.716725 1.492168e-18
7668.382250 1.861150e-18
7671.047490 1.061610e-18
7673.722225 -5.430008e-19
7676.379922 5.828085e-20
7679.049076 9.266819e-19
7681.714875 6.934177e-19
7684.383827 1.069573e-18
7687.052576 1.459166e-18
7689.721161 1.664971e-18
7692.390520 1.019117e-18
7695.061968 9.175296e-19
7697.731208 8.083198e-19
7700.402702 1.186714e-18
7703.070144 3.085433e-19
7705.742556 2.132926e-18
7708.413637 1.313427e-18
7711.085720 -1.852783e-18
7713.759504 -5.995934e-19
7716.432546 3.226818e-18
7719.106943 5.671540e-19
7721.780858 2.784619e-18
7724.455153 3.265100e-18
7727.129582 4.060895e-18
7729.804559 1.525965e-18
7732.478667 3.816887e-19
7735.147671 1.717930e-18
7737.823840 -3.542794e-19
7740.506949 1.037439e-18
7743.182532 1.318901e-18
7745.854851 8.671799e-19
7748.538664 6.693266e-19
7751.217144 -2.291342e-18
7753.896556 -1.592100e-18
7756.575091 1.762661e-18
7759.259491 1.231936e-18
7761.935240 1.718803e-18
7764.614485 2.475825e-19
7767.296061 1.698751e-18
7769.975507 1.089364e-18
7772.655967 1.702182e-18
7775.337107 -2.484156e-19
7778.020036 -1.635788e-18
7780.703470 -3.627492e-19
7783.386925 1.393337e-18
7786.067843 7.120612e-19
7788.752480 -8.035319e-19
7791.437293 6.441865e-19
7794.121444 3.560150e-19
7796.807191 -6.810899e-19
7799.492747 7.854966e-19
7802.181285 4.891954e-19
7804.864278 5.081209e-19
7807.549884 2.234070e-18
7810.237244 9.864902e-20
7812.923263 2.895370e-19
7815.611671 7.849720e-19
7818.305994 2.662467e-18
7820.987624 1.552855e-18
7823.677618 9.814288e-19
7826.367947 3.932074e-19
7829.057755 7.775350e-19
7831.748403 1.855845e-18
7834.436378 1.333841e-18
7837.127859 8.684375e-19
7839.817725 -2.865791e-19
7842.510328 3.439031e-19
7845.201692 1.709801e-18
7847.894271 -8.158953e-19
7850.587476 8.874936e-19
7853.280525 -6.924248e-19
7855.975217 -7.719241e-19
7858.667114 4.303518e-19
7861.363453 1.816624e-19
7864.057693 2.416945e-18
7866.754018 6.200737e-19
7869.448707 -1.085471e-19
7872.144301 5.260876e-19
7874.841432 -5.741337e-20
7877.538086 5.890951e-19
7880.235381 1.955777e-18
7882.932131 1.595987e-19
7885.629977 1.394529e-18
7888.327916 1.989999e-19
7891.027741 -1.441255e-18
7893.727211 3.346139e-19
7896.427930 1.139339e-18
7899.126453 1.080629e-18
7901.828142 9.997558e-19
7904.522893 1.739575e-18
7907.226005 -2.326522e-19
7909.927250 -1.859796e-18
7912.629463 -2.829683e-18
7915.332659 2.538268e-18
7918.036356 -1.274962e-18
7920.739175 4.266794e-19
7923.442797 2.687662e-18
7926.146806 1.403736e-18
7928.849675 1.260170e-18
7931.554729 4.148924e-19
7934.258945 6.810688e-19
7936.964820 6.129895e-19
7939.671002 3.649435e-21
7942.373579 2.723721e-19
7945.080671 1.949775e-18
7947.788708 1.646025e-18
7950.496310 1.014988e-18
7953.204237 1.765878e-18
7955.910133 1.992017e-18
7958.619263 7.396159e-19
7961.328167 7.367523e-19
7964.036973 1.790723e-18
7966.752732 1.374599e-18
7969.458123 1.620676e-18
7972.167775 1.335280e-18
7974.879356 1.928026e-18
7977.589342 2.194667e-18
7980.300241 -7.830598e-19
7983.012633 1.978444e-18
7985.723392 2.154763e-19
7988.436206 5.463363e-19
7991.149769 7.360611e-19
7993.862945 -4.092397e-19
7996.576133 2.617500e-18
7999.291767 2.765637e-18
8002.007383 8.119102e-19
8004.721747 1.419340e-18
8007.434809 8.007539e-19
8010.150422 3.357318e-19
8012.865885 -5.092495e-20
8015.583814 -2.713838e-19
8018.299071 1.453082e-18
8021.016638 5.985490e-19
8023.734598 5.273074e-19
8026.452495 -1.160003e-18
8029.172010 8.944997e-19
8031.890697 2.537733e-19
8034.609451 2.327757e-18
8037.329880 2.011086e-18
8040.046524 1.797469e-18
8042.744113 9.627897e-19
8045.446180 1.197867e-18
8048.179472 9.413938e-20
8050.900940 1.226066e-18
8053.632213 1.952563e-18
8056.372362 1.010183e-19
8059.095328 1.606573e-18
8061.816085 2.627053e-19
8064.542615 9.075155e-19
8067.271008 2.368076e-18
8069.990627 -1.272793e-20
8072.714749 2.887072e-19
8075.438497 1.677613e-18
8078.168318 1.141560e-18
8080.889610 6.045913e-19
8083.613349 1.051415e-18
8086.339885 1.027339e-18
8089.074918 1.330831e-18
8091.795443 -8.891706e-20
8094.520512 1.876690e-19
8097.249090 1.012872e-18
8099.977080 8.760575e-19
8102.706559 1.186244e-18
8105.441688 3.848952e-19
8108.165042 1.206601e-18
8110.893853 8.651765e-19
8113.621271 6.387912e-19
8116.352097 1.778288e-18
8119.083681 1.617716e-18
8121.814409 5.777060e-19
8124.545487 9.216511e-19
8127.278786 2.070392e-18
8130.008907 1.102920e-18
8132.748588 1.292406e-18
8135.475085 1.002451e-18
8138.207886 2.325888e-19
8140.942085 2.635778e-19
8143.675554 7.385240e-19
8146.409214 1.000740e-18
8149.145951 8.908317e-19
8151.879772 1.785833e-18
8154.616074 1.437873e-18
8157.350634 4.726179e-19
8160.094079 1.081106e-18
8162.823278 7.510782e-19
8165.560611 1.536179e-18
8168.297225 1.164257e-18
8171.034318 2.564764e-19
8173.774044 1.160432e-18
8176.511196 1.260060e-18
8179.249224 8.095418e-19
8181.989255 1.918685e-18
8184.728621 2.781211e-19
8187.468539 -4.083208e-19
8190.208770 1.944315e-19
8192.955875 1.267827e-18
8195.686039 7.836535e-19
8198.430453 9.063382e-19
8201.173651 4.405191e-19
8203.912670 6.334949e-19
8206.664576 8.401813e-19
8209.399744 1.351139e-19
8212.142400 1.986801e-18
8214.900900 1.207781e-18
8217.631248 9.069540e-19
8220.373589 6.148720e-19
8223.119457 1.044210e-18
8225.864120 1.246303e-18
8228.609173 7.640769e-19
8231.352974 1.160022e-18
8234.101305 6.442058e-19
8236.847393 7.342939e-19
8239.594665 2.774032e-19
8242.339760 7.670437e-19
8245.088475 1.422442e-18
8247.837537 1.632959e-18
8250.583613 1.530455e-18
8253.333216 1.934775e-18
8256.082195 9.112855e-19
8258.823844 6.236319e-19
8261.581681 2.094310e-19
8264.331933 6.657431e-19
8267.073750 7.218384e-19
8269.831257 1.146151e-18
8272.580491 2.942077e-19
8275.332812 3.448320e-19
8278.085855 1.547646e-18
8280.837031 -9.647189e-19
8283.591038 2.113125e-18
8286.343454 1.613781e-18
8289.096545 4.172766e-19
8291.851003 2.685189e-19
8294.604936 -3.199406e-19
8297.359094 8.530339e-19
8300.113960 -1.151722e-18
8302.869715 8.535167e-19
8305.624546 4.765436e-19
8308.380639 1.689367e-18
8311.135391 3.350524e-19
8313.892190 -7.985892e-19
8316.648779 2.144757e-18
8319.405865 6.059518e-19
8322.163556 1.566837e-18
8324.920145 1.430063e-18
8327.677510 8.288011e-19
8330.436805 9.747507e-19
8333.194994 1.354742e-19
8335.949536 4.494465e-19
8338.707281 -3.180932e-18
8341.473683 -2.749106e-18
8344.235006 -2.513388e-18
8346.996825 -1.957039e-19
8349.757831 4.149894e-18
8352.519279 -1.583685e-18
8355.282576 1.855747e-18
8358.043134 -2.136784e-18
8360.804650 1.528704e-18
8363.568040 6.493796e-19
8366.330339 -5.141482e-19
8369.094308 8.175848e-19
8371.857893 1.852422e-18
8374.620302 1.316421e-18
8377.384296 -9.635391e-20
8380.149304 -3.399956e-19
8382.915824 1.285149e-18
8385.682066 3.459871e-18
8388.447285 1.224926e-18
8391.211593 1.134398e-18
8393.978887 1.628065e-19
8396.746075 1.258996e-18
8399.513776 -5.742895e-19
8402.284856 2.923937e-18
8405.051745 1.919390e-18
8407.819105 1.475297e-18
8410.588086 4.395378e-19
8413.354779 1.152699e-19
8416.124919 -1.215501e-18
8418.896173 2.456151e-19
8421.663435 1.290116e-19
8424.438143 -1.555979e-19
8427.208779 -1.173553e-18
8429.975747 -1.432856e-18
8432.750115 3.404685e-18
8435.522623 -7.302431e-19
8438.294011 -5.055909e-19
8441.068649 4.557376e-20
8443.835819 3.845228e-19
8446.609429 -1.269979e-18
8449.383057 -2.993144e-19
8452.158003 3.681533e-19
8454.934196 -3.954949e-19
8457.705415 7.742855e-20
8460.480685 5.460257e-19
8463.256629 -1.555130e-18
8466.032185 -6.011197e-20
8468.810538 1.223471e-19
8471.586076 1.038581e-18
8474.364040 1.407699e-18
8477.139433 2.394512e-18
8479.915374 9.241948e-19
8482.692129 1.521623e-19
8485.468390 1.185279e-18
8488.246802 2.617533e-19
8491.027385 -3.035117e-19
8493.806278 2.683687e-19
8496.587001 9.116894e-19
8499.364638 2.598540e-19
8502.144730 -8.695382e-20
8504.925188 5.147769e-19
8507.708267 1.017246e-18
8510.488136 1.367908e-18
8513.269956 5.680349e-19
8516.046380 5.089568e-19
8518.827220 7.150921e-19
8521.613669 9.094673e-19
8524.397957 5.352445e-19
8527.180072 1.416923e-18
8529.962615 7.874071e-19
8532.747085 7.097743e-19
8535.531551 1.650573e-19
8538.315157 5.789008e-19
8541.104355 1.412462e-18
8543.885937 9.335215e-19
8546.664145 1.849696e-18
8549.457363 -2.550105e-19
8552.251680 6.168055e-19
8555.030503 7.594676e-19
8557.816866 4.782287e-19
8560.609283 1.984059e-18
8563.390643 -6.722214e-20
8566.177711 9.644112e-19
8568.969044 9.866802e-19
8571.755035 9.641542e-19
8574.541995 1.958202e-19
8577.333018 7.159276e-20
8580.120473 8.998246e-19
8582.911982 3.736186e-19
8585.700646 1.314560e-18
8588.490891 4.856729e-19
8591.282412 2.082229e-19
8594.073395 1.896756e-18
8596.860669 4.165665e-19
8599.656271 7.926154e-20
8602.448715 -1.630098e-19
8605.241157 1.748727e-18
8608.039819 7.568591e-19
8610.825352 -3.490436e-19
8613.619564 -8.405263e-20
8616.416081 1.043756e-18
8619.206483 7.797381e-19
8622.001433 1.073480e-19
8624.796541 3.585148e-19
8627.591771 2.081128e-18
8630.387170 5.233748e-19
8633.183336 -1.323840e-18
8635.977861 8.099947e-19
8638.775980 4.976498e-19
8641.572136 -2.393230e-19
8644.369370 7.723719e-19
8647.165514 1.751389e-18
8649.965568 1.832326e-18
8652.760898 2.779314e-18
8655.560201 1.614176e-19
8658.357699 -2.299347e-18
8661.158037 -2.552256e-20
8663.957063 1.297151e-18
8666.755936 1.099665e-18
8669.557121 3.105731e-18
8672.357101 1.808376e-18
8675.158841 -6.029416e-19
8677.957280 -1.752124e-20
8680.759809 2.138823e-18
8683.559561 8.838969e-19
8686.361362 2.175933e-18
8689.165104 1.126564e-18
8691.960806 1.900641e-18
8694.776351 1.065182e-18
8697.571880 1.315410e-18
8700.375165 2.252343e-18
8703.178248 1.898276e-19
8705.981366 1.459417e-19
8708.787568 6.604179e-19
8711.592727 2.149397e-18
8714.397411 1.423933e-18
8717.201221 1.057371e-18
8720.006716 2.318202e-18
8722.812406 1.309368e-18
8725.619334 1.185559e-18
8728.431418 9.457470e-19
8731.232910 1.942220e-18
8734.047938 2.006605e-18
8736.848397 9.973121e-19
8739.654593 5.209601e-20
8742.459088 1.477795e-18
8745.279339 1.007609e-18
8748.081765 1.896567e-18
8750.888840 1.975962e-18
8753.697212 1.412139e-18
8756.508400 9.914811e-19
8759.318566 4.616702e-20
8762.129988 2.183454e-18
8764.941800 -6.631295e-19
8767.753048 3.009392e-18
8770.564560 4.397453e-18
8773.376353 1.394791e-18
8776.187951 9.289700e-19
8778.999605 3.976426e-18
8781.814234 3.419085e-18
8784.626828 2.708200e-18
8787.439774 -1.145114e-19
8790.254076 1.155440e-18
8793.065352 1.556758e-18
8795.880728 1.591547e-18
8798.695687 1.259903e-18
8801.511138 1.321196e-18
8804.317595 1.624864e-18
8807.139193 2.528057e-18
8809.955858 1.326230e-18
8812.786005 1.832928e-18
8815.588892 8.188845e-19
8818.405388 8.472744e-19
8821.216762 2.902200e-18
8824.036827 -4.208368e-18
8826.854966 4.023857e-19
8829.674580 -1.349027e-18
8832.493440 1.579672e-18
8835.312441 1.471914e-18
8838.129259 3.064455e-18
8840.950796 3.801512e-20
8843.768366 4.829540e-19
8846.589257 1.411614e-18
8849.406911 1.072856e-18
8852.225229 1.791338e-18
8855.050760 3.627684e-18
8857.871133 3.023491e-18
8860.687896 -3.235634e-19
8863.510312 9.390626e-19
8866.333798 2.843175e-21
8869.155638 7.197285e-19
8871.980991 8.171844e-19
8874.810018 1.227094e-18
8877.621689 1.404784e-18
8880.451980 -1.421147e-19
8883.269421 -3.062372e-18
8886.100834 -3.078199e-18
8888.921402 4.262827e-18
8891.738716 1.749940e-18
8894.571551 4.369045e-18
8897.397308 4.443448e-18
8900.218295 9.040436e-21
8903.044086 1.408611e-18
8905.873497 2.292248e-18
8908.698133 -1.661949e-18
8911.523108 -4.691144e-19
8914.349039 1.496328e-18
8917.176211 1.774793e-18
8920.005134 1.436852e-18
8922.851604 7.244828e-18
8925.674888 5.654083e-18
8928.503223 1.696213e-18
8931.328208 4.240965e-18
8934.151694 2.170666e-20
8936.978496 -1.315090e-18
8939.803663 1.533560e-18
8942.637491 6.902098e-19
8945.468114 -6.162148e-19
8948.295878 3.337060e-18
8951.126205 -4.006925e-19
8953.958185 -1.569094e-18
8956.789988 -9.302538e-19
8959.623100 -1.314893e-18
8962.457293 3.196035e-18
8965.288964 5.556522e-18
8968.126862 6.167678e-18
8970.952478 2.503747e-19
8973.785576 -4.211716e-19
8976.616411 1.538414e-18
8979.452070 -4.055715e-19
8982.284996 -6.120533e-19
8985.128115 1.152762e-18
8987.955077 9.521538e-19
8990.792683 2.563131e-18
8993.625436 2.994061e-18
8996.460277 -1.458702e-18
8999.296855 8.039402e-19
9002.132763 -3.920567e-18
9004.964302 1.537352e-18
9007.790834 2.044699e-18
9010.646391 2.924207e-18
9013.482596 1.492029e-18
9016.316578 2.152581e-18
9019.147153 1.898047e-19
9021.991966 1.615441e-18
9024.833133 1.453713e-18
9027.670836 1.276186e-18
9030.507580 2.009207e-18
9033.347870 8.306261e-19
9036.186653 1.948694e-18
9039.028206 1.024802e-18
9041.868507 6.966053e-19
9044.705942 6.175294e-19
9047.548752 -7.393523e-19
9050.391316 1.729103e-18
9053.233633 2.000090e-18
9056.073847 8.778712e-19
9058.915654 9.830238e-19
9061.758460 1.516285e-19
9064.590929 1.220106e-18
9067.450608 1.262180e-18
9070.285283 1.671360e-18
9073.134334 2.006555e-18
9075.971925 1.258367e-18
9078.812866 9.150801e-19
9081.654608 -2.182408e-19
9084.503599 3.260463e-19
9087.346274 5.107951e-19
9090.192273 1.239181e-18
9093.037517 3.475671e-19
9095.882759 5.640829e-19
9098.729292 1.144974e-19
9101.575186 1.134486e-18
9104.420931 -3.697284e-19
9107.272912 1.481643e-18
9110.117051 2.285829e-18
9112.961809 1.097575e-18
9115.814300 6.713592e-19
9118.658943 1.926584e-18
9121.502055 4.591788e-19
9124.352415 1.372044e-18
9127.202406 4.761966e-19
9130.050414 8.335549e-19
9132.899090 1.509519e-18
9135.747107 1.045968e-18
9138.595751 1.843684e-19
9141.446052 9.111308e-19
9144.304668 3.064644e-19
9147.148609 6.376318e-19
9149.997645 9.800452e-19
9152.852818 1.014142e-19
9155.700798 9.160906e-19
9158.559032 4.845451e-19
9161.404087 2.104123e-18
9164.256911 1.473212e-18
9167.109113 7.260465e-20
9169.961046 7.102123e-19
9172.813442 4.862349e-19
9175.667856 5.707208e-19
9178.518150 1.399733e-18
9181.370040 6.163160e-19
9184.220114 1.208049e-18
9187.081011 8.376850e-19
9189.934636 8.163268e-20
9192.791622 2.063851e-19
9195.643853 7.952586e-21
9198.501740 3.940704e-19
9201.364312 2.812210e-18
9204.210202 1.282224e-18
9207.065749 1.341569e-19
9209.928310 1.529465e-18
9212.772007 2.827002e-19
9215.636701 1.618922e-19
9218.495512 7.280943e-19
9221.348770 1.362518e-18
9224.209174 6.985661e-19
9227.074785 -2.163328e-19
9229.925495 6.556590e-19
9232.784717 1.461674e-18
9235.641736 2.555641e-19
9238.508031 -2.551399e-19
9241.360596 1.170015e-18
9244.218166 1.464287e-18
9247.078657 1.784310e-18
9249.946742 9.931507e-19
9252.798206 7.791128e-19
9255.662430 7.298226e-19
9258.515722 1.034426e-18
9261.381054 1.244547e-18
9264.242354 5.217664e-19
9267.095603 1.921290e-18
9269.967070 1.387450e-18
9272.826574 5.536267e-19
9275.693833 1.403476e-18
9278.559772 5.507079e-20
9281.413395 1.302511e-18
9284.277563 1.326865e-18
9287.139502 1.147460e-18
9290.005393 7.842244e-19
9292.861422 1.111991e-18
9295.732830 1.304244e-18
9298.594840 2.738210e-19
9301.457921 1.494891e-19
9304.324447 -4.965315e-20
9307.188629 -4.876103e-18
9310.056874 -5.263482e-19
9312.922571 -1.531388e-18
9315.788956 2.722412e-18
9318.654581 -4.001206e-18
9321.520180 1.025016e-18
9324.387240 5.708469e-18
9327.254972 3.210513e-18
9330.122548 -1.072223e-18
9332.988764 -1.755182e-18
9335.855386 1.607790e-18
9338.723309 -3.375016e-19
9341.591483 2.311575e-19
9344.459024 6.717248e-19
9347.336503 2.669358e-18
9350.188913 3.810502e-19
9353.064648 -6.228001e-20
9355.935053 2.086822e-19
9358.803438 1.223420e-18
9361.671881 2.581172e-19
9364.541302 6.763421e-19
9367.410642 1.243540e-18
9370.277602 -2.448645e-18
9373.151992 -6.743033e-18
9376.025661 -1.330563e-17
9378.897951 -2.790107e-18
9381.773288 -3.285374e-18
9384.641721 2.940201e-20
9387.511258 3.900680e-18
9390.384127 -1.372983e-18
9393.255638 6.618340e-20
9396.126955 7.278084e-19
9399.000327 2.258079e-19
9401.880477 -1.361927e-18
9404.748816 5.489495e-19
9407.622702 2.715087e-18
9410.496664 1.750889e-18
9413.369016 1.556162e-18
9416.239096 -2.208751e-20
9419.122044 1.883950e-18
9421.988086 3.491047e-18
9424.870081 1.580131e-18
9427.743085 1.631903e-18
9430.619858 9.277152e-19
9433.491635 5.330424e-19
9436.364661 -2.537537e-19
9439.244168 -4.726259e-18
9442.123023 -1.450107e-18
9444.993012 -3.160406e-18
9447.882658 1.094953e-20
9450.754411 1.150149e-18
9453.625766 8.622467e-20
9456.506228 1.137847e-18
9459.382834 1.242426e-18
9462.263779 2.712385e-18
9465.136366 3.591941e-18
9468.021602 2.363239e-18
9470.890600 -4.035180e-20
9473.773851 -2.292919e-18
9476.653957 -3.445310e-18
9479.535269 -1.908737e-18
9482.416425 -3.794754e-18
9485.296941 3.323319e-19
9488.170115 2.653792e-18
9491.055950 4.441805e-19
9493.938127 5.769475e-19
9496.811489 8.216488e-19
9499.693205 3.157944e-19
9502.575711 -1.227752e-18
9505.458641 -6.738919e-19
9508.341616 -1.326011e-18
9511.222812 7.674944e-19
9514.100217 1.143609e-18
9516.983338 1.648055e-18
9519.866202 7.313151e-19
9522.751732 2.501254e-18
9525.638881 2.670401e-18
9528.519068 1.099637e-18
9531.400556 1.706368e-19
9534.286824 1.188354e-18
9537.167148 5.989880e-20
9540.050739 7.567631e-19
9542.941757 1.133915e-19
9545.818479 5.813946e-19
9548.701350 9.660180e-20
9551.586751 1.717576e-19
9554.473210 2.163445e-19
9557.358529 1.414015e-18
9560.241198 2.058588e-20
9563.125622 -7.546117e-19
9566.011960 6.190786e-19
9568.901174 3.400326e-19
9571.788680 2.775277e-20
9574.683090 -2.417327e-20
9577.563229 1.993913e-19
9580.447123 9.381546e-19
9583.334200 7.330148e-19
9586.224233 7.577389e-20
9589.108275 4.901132e-19
9591.996851 8.142212e-21
9594.884953 5.702451e-19
9597.774425 2.121863e-19
9600.660073 6.482223e-19
9603.548429 3.618786e-19
9606.437762 -1.265640e-18
9609.327754 -2.520862e-19
9612.210804 8.994276e-19
9615.105231 -5.836506e-20
9617.995147 7.584339e-19
9620.885751 5.027112e-19
9623.769285 -7.246736e-20
9626.667202 4.876537e-19
9629.564988 7.099549e-19
9632.447676 8.475360e-19
9635.338579 5.284501e-19
9638.227466 2.954389e-19
9641.116787 3.450772e-19
9644.007571 3.993109e-20
9646.902357 3.975857e-19
9649.785687 1.812596e-19
9652.692018 5.464957e-19
9655.577585 7.188507e-19
9658.471335 4.000115e-19
9661.362993 1.798926e-20
9664.254547 6.026848e-19
9667.147958 -2.555834e-19
9670.041100 8.043439e-19
9672.936997 -2.026003e-19
9675.828337 1.809245e-19
9678.722236 -2.167905e-19
9681.616541 5.467908e-19
9684.512000 3.692062e-19
9687.406016 6.329313e-19
9690.301933 7.830334e-19
9693.190776 -3.623953e-19
9696.088729 3.059083e-19
9698.983516 6.289729e-19
9701.873532 1.198423e-18
9704.776625 1.396974e-18
9707.672072 5.043839e-19
9710.574334 7.831949e-19
9713.459899 -4.607108e-20
9716.352677 -1.744046e-18
9719.253720 7.687946e-19
9722.152392 6.215312e-19
9725.050555 1.369531e-18
9727.944019 -3.840593e-19
9730.843934 -8.925895e-20
9733.737752 5.805310e-19
9736.633817 -3.815318e-19
9739.533787 -4.679712e-20
9742.427090 2.356977e-19
9745.333147 -1.712044e-19
9748.229143 9.348171e-19
9751.126910 9.382954e-19
9754.028114 -1.235979e-21
9756.921969 -8.716601e-20
9759.834370 -3.822401e-19
9762.722386 1.424659e-19
9765.620147 1.378424e-19
9768.521136 6.244866e-19
9771.421202 4.875129e-19
9774.321256 5.334237e-19
9777.218490 4.287184e-19
9780.126728 9.472687e-20
9783.017509 1.574113e-21
9785.915357 -1.263776e-18
9788.814475 -2.679884e-18
9791.722003 -2.360310e-18
9794.620590 -2.596941e-18
9797.526287 -2.174611e-18
9800.429192 -1.901101e-19
9803.327360 5.063002e-19
9806.227041 3.137843e-19
9809.133215 7.212908e-19
9812.033659 -8.509188e-20
9814.928023 -2.515166e-19
9817.837224 -1.012157e-18
9820.740739 3.996803e-19
9823.650642 3.574847e-19
9826.543550 9.680000e-20
9829.448007 1.759360e-19
9832.355655 2.138414e-20
9835.255192 2.819219e-19
9838.158360 2.044697e-19
9841.061709 2.603020e-19
9843.962030 2.445243e-19
9846.867383 1.004925e-18
9849.777501 8.129256e-19
9852.679914 6.013243e-19
9855.584300 3.634540e-19
9858.492175 4.296645e-19
9861.392087 -2.862248e-19
9864.294568 3.482034e-19
9867.195718 -1.266205e-19
9870.113422 1.098605e-18
9873.013471 1.176019e-18
9875.921318 2.054447e-18
9878.828457 2.266176e-18
9881.730413 1.240149e-18
9884.634494 6.745390e-19
9887.540712 4.081265e-19
9890.446968 -1.928949e-19
9893.352862 5.994766e-19
9896.262053 6.497342e-19
9899.171025 1.024396e-18
9902.077349 1.139206e-18
9904.985660 1.882142e-18
9907.884336 -1.666706e-19
9910.792808 -7.404488e-19
9913.703845 2.048234e-18
9916.612712 -1.636303e-18
9919.523907 -3.958660e-19
9922.441585 -7.945558e-19
9925.331271 6.137413e-20
9928.244704 -1.101379e-19
9931.151027 -4.611956e-19
9934.060197 7.496535e-19
9936.967389 -4.536090e-19
9939.875617 -8.285384e-19
9942.785538 -1.081004e-18
9945.696963 1.571309e-18
9948.607607 2.457645e-18
9951.517134 2.314299e-18
9954.425561 9.403479e-19
9957.334295 -3.396221e-19
9960.244238 4.751191e-20
9963.156689 -9.554080e-19
9966.067241 2.267989e-19
9968.982713 -1.518507e-18
9971.884970 -2.313583e-20
9974.796871 2.051996e-19
9977.708635 8.444017e-19
9980.616764 2.868036e-19
9983.529371 1.137214e-19
9986.441759 4.209991e-19
9989.348845 2.709664e-19
9992.262340 1.558169e-19
9995.171751 -5.702612e-19
9998.083447 -9.865976e-20
10001.001531 8.093248e-19
10003.910833 5.282714e-19
10006.824099 -1.838302e-19
10009.729464 -1.020997e-18
10012.642841 1.945747e-18
10015.563922 4.345951e-19
10018.472020 1.901509e-18
10021.383056 -6.579543e-19
10024.293794 -5.013779e-19
10027.208064 1.297446e-18
10030.122724 1.439612e-18
10033.041403 9.913200e-19
10035.946901 9.619506e-19
10038.851380 6.558136e-19
10041.775720 -2.876744e-20
10044.685295 -4.345747e-19
10047.597296 1.371151e-18
10050.521589 5.429160e-19
10053.427336 3.045703e-19
10056.339743 -1.595701e-19
10059.254076 -4.262081e-20
10062.170782 -5.359401e-19
10065.086166 2.439970e-19
10067.999830 2.850452e-19
10070.918799 4.337067e-19
10073.828219 5.318028e-20
10076.739861 -6.419131e-19
10079.657547 -5.960463e-19
10082.572899 -4.804408e-19
10085.490378 -1.086195e-18
10088.411407 -1.014335e-18
10091.322610 -6.480780e-19
10094.235740 6.685153e-19
10097.152041 3.683909e-19
10100.065284 -5.684730e-19
10102.986584 -9.133372e-19
10105.899452 -2.257018e-19
10108.814545 -1.740385e-19
10111.733604 -2.123834e-19
10114.646938 3.477243e-19
10117.555946 2.174010e-19
10120.476814 -1.247481e-18
10123.395234 -2.345150e-18
10126.313000 -7.571417e-19
10129.218754 6.240666e-19
10132.150180 1.411435e-18
10135.065569 4.246433e-19
10137.985775 4.790732e-19
10140.896338 2.970539e-19
10143.815450 1.712141e-19
10146.730095 -2.854858e-19
10149.647972 -2.284824e-20
10152.567190 -1.093211e-18
10155.482975 2.114911e-19
10158.404029 4.224409e-19
10161.317344 4.201525e-19
10164.234502 -2.360542e-19
10167.154129 -7.089838e-19
10170.073794 -5.884588e-19
10172.992133 1.088568e-18
10175.911369 2.383733e-18
10178.822489 1.172184e-18
10181.746867 1.908870e-20
10184.664107 -7.566745e-19
10187.585087 1.464856e-18
10190.509636 -1.448602e-18
10193.422722 7.029152e-19
10196.340440 9.663796e-20
10199.259220 8.618987e-19
10202.178554 -5.526206e-19
10205.095173 -5.990403e-19
10208.016725 4.595551e-20
10210.935086 -7.644284e-19
10213.863040 -6.754897e-19
10216.768572 -1.244386e-18
10219.694385 -4.058586e-19
10222.612285 4.159023e-19
10225.532400 1.250189e-18
10228.454614 -3.230285e-20
10231.369685 1.053892e-18
10234.278938 1.065546e-18
10237.181339 -3.265065e-19
10240.104307 7.353500e-19
10243.019471 9.975945e-19
10245.968003 2.108512e-19
10248.872135 -1.952567e-19
10251.814431 8.828146e-19
10254.730671 6.809036e-19
10257.654775 1.039915e-20
10260.580910 4.851888e-19
10263.498594 2.572594e-20
10266.417028 3.112625e-20
10269.329278 -5.816790e-19
10272.249628 2.364448e-19
10275.181247 5.686885e-19
10278.104436 -6.181554e-19
10281.016707 4.127963e-19
10283.941061 -1.221870e-18
10286.853575 1.895212e-18
10289.784495 -5.245331e-21
10292.708263 1.309882e-18
10295.637443 5.311233e-20
10298.549330 7.647594e-19
10301.472513 4.851697e-19
10304.391254 -2.568034e-19
10307.314566 7.691482e-19
10310.218975 1.397030e-18
10313.156234 8.897080e-19
