5107.397206 6.307962e-17
5109.373522 2.190825e-16
5111.364000 1.948459e-16
5113.342566 1.637272e-16
5115.328116 1.511657e-16
5117.315625 1.516019e-16
5119.301796 1.461955e-16
5121.290649 1.421555e-16
5123.278822 1.501213e-16
5125.269688 1.479232e-16
5127.261294 1.446337e-16
5129.252027 1.486789e-16
5131.244602 1.580084e-16
5133.239114 1.545056e-16
5135.232478 1.587666e-16
5137.228879 1.597082e-16
5139.225496 1.590337e-16
5141.220858 1.594428e-16
5143.220948 1.565626e-16
5145.218209 1.584925e-16
5147.218635 1.496529e-16
5149.219913 1.636559e-16
5151.220791 1.563399e-16
5153.222798 1.609602e-16
5155.225487 1.545985e-16
5157.230721 1.584963e-16
5159.234965 1.567324e-16
5161.242484 1.541179e-16
5163.247992 1.485638e-16
5165.256406 1.496223e-16
5167.264043 1.516408e-16
5169.273659 1.532977e-16
5171.284616 1.480448e-16
5173.296329 1.398124e-16
5175.307759 1.458148e-16
5177.321327 1.428765e-16
5179.334560 1.420665e-16
5181.349770 1.437194e-16
5183.364788 1.395302e-16
5185.381776 1.394627e-16
5187.406217 1.379324e-16
5189.416588 1.377981e-16
5191.436451 1.377782e-16
5193.455582 1.351349e-16
5195.477444 1.406225e-16
5197.498351 1.384351e-16
5199.521855 1.390440e-16
5201.544712 1.435257e-16
5203.568727 1.478422e-16
5205.594295 1.443433e-16
5207.620657 1.451876e-16
5209.647927 1.472024e-16
5211.675208 1.434737e-16
5213.704741 1.409664e-16
5215.733740 1.450146e-16
5217.764406 1.418362e-16
5219.793401 1.431610e-16
5221.827932 1.416801e-16
5223.861972 1.436438e-16
5225.893690 1.387515e-16
5227.930499 1.406367e-16
5229.965671 1.380953e-16
5232.001365 1.385581e-16
5234.038660 1.376529e-16
5236.076922 1.411245e-16
5238.116146 1.388994e-16
5240.156202 1.358746e-16
5242.197217 1.385140e-16
5244.238570 1.423311e-16
5246.282748 1.387798e-16
5248.324393 1.375578e-16
5250.369200 1.358447e-16
5252.414681 1.351261e-16
5254.459898 1.351740e-16
5256.506206 1.360403e-16
5258.554667 1.318429e-16
5260.603272 1.326045e-16
5262.651855 1.362385e-16
5264.702234 1.337593e-16
5266.755065 1.344033e-16
5268.806667 1.370565e-16
5270.860756 1.346320e-16
5272.915234 1.321318e-16
5274.970067 1.382400e-16
5277.023080 1.323411e-16
5279.077921 1.325997e-16
5281.136909 1.306619e-16
5283.193533 1.304692e-16
5285.253285 1.339322e-16
5287.312243 1.307944e-16
5289.372479 1.291618e-16
5291.441606 1.382516e-16
5293.498200 1.285561e-16
5295.559728 1.331486e-16
5297.624021 1.320204e-16
5299.689554 1.327274e-16
5301.754658 1.330326e-16
5303.820216 1.308751e-16
5305.887219 1.257837e-16
5307.956909 1.282886e-16
5310.025428 1.298690e-16
5312.096701 1.322199e-16
5314.165722 1.278620e-16
5316.238195 1.301488e-16
5318.309446 1.302891e-16
5320.384169 1.330502e-16
5322.457693 1.297621e-16
5324.533503 1.307576e-16
5326.607957 1.348079e-16
5328.684541 1.344020e-16
5330.761746 1.304775e-16
5332.850823 1.335282e-16
5334.920004 1.335904e-16
5336.999679 1.359185e-16
5339.080187 1.357915e-16
5341.162624 1.357619e-16
5343.245686 1.385412e-16
5345.328971 1.337174e-16
5347.412482 1.350194e-16
5349.497705 1.344470e-16
5351.582483 1.327010e-16
5353.670092 1.358331e-16
5355.757627 1.357518e-16
5357.845612 1.370180e-16
5359.935753 1.365761e-16
5362.024941 1.320770e-16
5364.116341 1.349596e-16
5366.208307 1.338749e-16
5368.300383 1.345217e-16
5370.392956 1.329527e-16
5372.488247 1.324888e-16
5374.583678 1.357753e-16
5376.678847 1.356204e-16
5378.776032 1.363418e-16
5380.873226 1.374861e-16
5382.971843 1.328931e-16
5385.070095 1.361679e-16
5387.170414 1.357130e-16
5389.270833 1.338477e-16
5391.373270 1.337726e-16
5393.476277 1.341168e-16
5395.579934 1.307516e-16
5397.684597 1.360299e-16
5399.788997 1.296398e-16
5401.892270 1.274216e-16
5404.002067 1.317819e-16
5406.107733 1.300890e-16
5408.215686 1.322089e-16
5410.325694 1.318939e-16
5412.436469 1.330548e-16
5414.546552 1.354310e-16
5416.657956 1.346008e-16
5418.769800 1.321257e-16
5420.883236 1.340508e-16
5422.997765 1.367553e-16
5425.112758 1.416387e-16
5427.229237 1.387335e-16
5429.346504 1.454000e-16
5431.463668 1.424353e-16
5433.580400 1.435652e-16
5435.698930 1.422164e-16
5437.818776 1.381390e-16
5439.939675 1.390144e-16
5442.058585 1.366494e-16
5444.182218 1.378577e-16
5446.306644 1.421515e-16
5448.429254 1.394286e-16
5450.554435 1.365600e-16
5452.681106 1.426003e-16
5454.805463 1.372625e-16
5456.932997 1.398882e-16
5459.061553 1.395683e-16
5461.189399 1.375920e-16
5463.319667 1.384966e-16
5465.450223 1.409356e-16
5467.580808 1.376845e-16
5469.712697 1.363327e-16
5471.846438 1.421355e-16
5473.979286 1.380185e-16
5476.114186 1.393413e-16
5478.250329 1.428892e-16
5480.385571 1.365515e-16
5482.522538 1.387039e-16
5484.659921 1.414266e-16
5486.796489 1.403963e-16
5488.937487 1.361755e-16
5491.077366 1.431145e-16
5493.218420 1.385872e-16
5495.359697 1.387867e-16
5497.502608 1.409953e-16
5499.644604 1.359053e-16
5501.790641 1.441898e-16
5503.935256 1.385456e-16
5506.079738 1.373278e-16
5508.225816 1.348805e-16
5510.374395 1.410727e-16
5512.522523 1.375633e-16
5514.670749 1.380737e-16
5516.819896 1.407901e-16
5518.969524 1.374646e-16
5521.122209 1.375466e-16
5523.274083 1.369405e-16
5525.426467 1.389302e-16
5527.579492 1.364910e-16
5529.735989 1.321642e-16
5531.894998 1.345204e-16
5534.045418 1.348150e-16
5536.204219 1.338427e-16
5538.358923 1.349139e-16
5540.519626 1.321266e-16
5542.678218 1.325127e-16
5544.838210 1.337402e-16
5546.997795 1.303343e-16
5549.161778 1.325071e-16
5551.323299 1.306456e-16
5553.484921 1.328490e-16
5555.651038 1.303474e-16
5557.814449 1.360767e-16
5559.980057 1.358598e-16
5562.145293 1.335039e-16
5564.312736 1.373433e-16
5566.481844 1.388471e-16
5568.649399 1.357317e-16
5570.818347 1.391645e-16
5572.987537 1.411969e-16
5575.158049 1.326246e-16
5577.332355 1.382263e-16
5579.504621 1.386688e-16
5581.679731 1.373603e-16
5583.854366 1.293444e-16
5586.029842 1.376240e-16
5588.203623 1.351550e-16
5590.379987 1.382568e-16
5592.556053 1.361652e-16
5594.734403 1.392036e-16
5596.914386 1.361050e-16
5599.093155 1.376195e-16
5601.272845 1.344336e-16
5603.454850 1.332599e-16
5605.636455 1.324074e-16
5607.820541 1.385017e-16
5610.002699 1.320315e-16
5612.187072 1.355017e-16
5614.371678 1.327739e-16
5616.558199 1.346777e-16
5618.745074 1.341658e-16
5620.932443 1.354405e-16
5623.120583 1.348921e-16
5625.309075 1.327675e-16
5627.497920 1.372152e-16
5629.689647 1.349489e-16
5631.881268 1.335555e-16
5634.072388 1.337560e-16
5636.265222 1.338422e-16
5638.458968 1.352398e-16
5640.653100 1.347622e-16
5642.846998 1.316032e-16
5645.044728 1.315051e-16
5647.240431 1.340603e-16
5649.438066 1.338644e-16
5651.636841 1.332596e-16
5653.836492 1.298333e-16
5656.035126 1.296701e-16
5658.234661 1.301393e-16
5660.436465 1.305329e-16
5662.638432 1.331864e-16
5664.841284 1.309939e-16
5667.045268 1.283492e-16
5669.248990 1.295995e-16
5671.452660 1.336892e-16
5673.664609 1.286478e-16
5675.866111 1.315937e-16
5678.074526 1.308912e-16
5680.282281 1.302648e-16
5682.490756 1.319686e-16
5684.699783 1.308037e-16
5686.910956 1.305152e-16
5689.121525 1.288253e-16
5691.334473 1.300114e-16
5693.545674 1.283362e-16
5695.760429 1.278015e-16
5697.974270 1.276634e-16
5700.189646 1.288678e-16
5702.404616 1.295011e-16
5704.620546 1.261153e-16
5706.838038 1.287522e-16
5709.055956 1.263956e-16
5711.274020 1.225659e-16
5713.492531 1.248783e-16
5715.714047 1.274740e-16
5717.934617 1.260706e-16
5720.155825 1.255479e-16
5722.378472 1.271787e-16
5724.601956 1.265550e-16
5726.826204 1.231534e-16
5729.051220 1.260538e-16
5731.274731 1.240745e-16
5733.503332 1.238037e-16
5735.729689 1.230646e-16
5737.956279 1.253071e-16
5740.184512 1.248969e-16
5742.414582 1.225341e-16
5744.645362 1.235058e-16
5746.874691 1.205127e-16
5749.105915 1.223318e-16
5751.338959 1.224509e-16
5753.571828 1.239942e-16
5755.805357 1.233157e-16
5758.038861 1.246413e-16
5760.275006 1.241703e-16
5762.510490 1.217208e-16
5764.746469 1.230727e-16
5766.984112 1.249446e-16
5769.221786 1.231391e-16
5771.459067 1.217339e-16
5773.700418 1.203529e-16
5775.940097 1.221244e-16
5778.182415 1.240850e-16
5780.424574 1.208899e-16
5782.666126 1.228305e-16
5784.909235 1.209417e-16
5787.152160 1.196958e-16
5789.398112 1.230360e-16
5791.645382 1.229612e-16
5793.890499 1.226470e-16
5796.137352 1.182134e-16
5798.384295 1.190215e-16
5800.632596 1.234532e-16
5802.887658 1.206528e-16
5805.132697 1.209805e-16
5807.382396 1.218446e-16
5809.631766 1.220356e-16
5811.885209 1.230850e-16
5814.137015 1.202004e-16
5816.391213 1.199608e-16
5818.645319 1.181610e-16
5820.902365 1.186469e-16
5823.156574 1.207336e-16
5825.414052 1.182942e-16
5827.668671 1.218601e-16
5829.928423 1.210652e-16
5832.187161 1.181189e-16
5834.446892 1.211817e-16
5836.705407 1.182702e-16
5838.966917 1.187169e-16
5841.227147 1.194316e-16
5843.489364 1.155400e-16
5845.750457 1.174934e-16
5848.015839 1.164904e-16
5850.281439 1.205474e-16
5852.545495 1.160061e-16
5854.810999 1.182005e-16
5857.076977 1.158564e-16
5859.346019 1.176512e-16
5861.612515 1.177848e-16
5863.881052 1.163265e-16
5866.150381 1.173478e-16
5868.420498 1.182214e-16
5870.691178 1.186164e-16
5872.964306 1.153007e-16
5875.236396 1.171136e-16
5877.507571 1.154231e-16
5879.781075 1.153208e-16
5882.055722 1.146051e-16
5884.331053 1.153514e-16
5886.606310 1.138094e-16
5888.883210 1.038149e-16
5891.160522 1.115866e-16
5893.439152 1.103146e-16
5895.718525 1.077237e-16
5897.996599 1.129385e-16
5900.277982 1.111275e-16
5902.559942 1.120202e-16
5904.837762 1.159433e-16
5907.120182 1.125139e-16
5909.404671 1.141618e-16
5911.688192 1.119147e-16
5913.972940 1.147033e-16
5916.256282 1.127633e-16
5918.543145 1.099923e-16
5920.829506 1.131125e-16
5923.115519 1.124108e-16
5925.405813 1.100923e-16
5927.692955 1.119232e-16
5929.982733 1.103396e-16
5932.271456 1.091497e-16
5934.562620 1.083333e-16
5936.855438 1.126199e-16
5939.145833 1.111478e-16
5941.438972 1.114717e-16
5943.732345 1.090736e-16
5946.025828 1.093920e-16
5948.322224 1.097025e-16
5950.617388 1.113487e-16
5952.913700 1.060320e-16
5955.210526 1.107779e-16
5957.508319 1.075914e-16
5959.808500 1.081222e-16
5962.105553 1.087876e-16
5964.404961 1.066401e-16
5966.705660 1.101274e-16
5969.006375 1.081132e-16
5971.308037 1.054510e-16
5973.611460 1.065240e-16
5975.914158 1.104995e-16
5978.218367 1.070052e-16
5980.523117 1.090626e-16
5982.827094 1.057286e-16
5985.134332 1.066042e-16
5987.440201 1.065474e-16
5989.747582 1.087820e-16
5992.056553 1.049965e-16
5994.363778 1.058760e-16
5996.675653 1.052866e-16
5998.985298 1.084962e-16
6001.294663 1.043359e-16
6003.607898 1.072376e-16
6005.918997 1.072904e-16
6008.230985 1.056060e-16
6010.544487 1.050790e-16
6012.859256 1.066804e-16
6015.174489 1.045923e-16
6017.491538 1.053378e-16
6019.807789 1.033613e-16
6022.125394 1.045495e-16
6024.442203 1.023157e-16
6026.758078 1.044468e-16
6029.077587 1.017330e-16
6031.396791 1.054773e-16
6033.718536 1.050116e-16
6036.039725 1.011812e-16
6038.361017 1.023209e-16
6040.683735 1.057710e-16
6043.006342 1.042033e-16
6045.330831 1.014808e-16
6047.654741 1.041055e-16
6049.979853 1.033021e-16
6052.305577 1.046165e-16
6054.631409 1.034869e-16
6056.959246 1.047865e-16
6059.288096 1.030651e-16
6061.615828 1.041476e-16
6063.944688 1.037233e-16
6066.273987 1.008814e-16
6068.604064 1.025953e-16
6070.935972 1.021417e-16
6073.269615 1.039244e-16
6075.600192 1.011730e-16
6077.934129 1.030658e-16
6080.268583 1.024284e-16
6082.600411 1.005263e-16
6084.937176 1.014645e-16
6087.272496 1.006803e-16
6089.609270 1.001216e-16
6091.947553 9.985760e-17
6094.284410 9.753154e-17
6096.622975 1.004578e-16
6098.962877 1.011944e-16
6101.302162 9.823281e-17
6103.640868 1.006777e-16
6105.983404 1.016075e-16
6108.326468 9.959380e-17
6110.668528 1.010763e-16
6113.010838 1.020242e-16
6115.356400 1.013147e-16
6117.699766 1.010877e-16
6120.044663 1.030192e-16
6122.390109 9.958170e-17
6124.737004 9.959416e-17
6127.086049 1.031392e-16
6129.431618 1.000078e-16
6131.780034 1.004888e-16
6134.129367 1.016818e-16
6136.480064 9.992991e-17
6138.827485 1.007376e-16
6141.181242 1.027008e-16
6143.533511 1.018385e-16
6145.885811 1.011912e-16
6148.238722 9.994908e-17
6150.596559 1.005351e-16
6152.946711 1.010535e-16
6155.301715 9.845734e-17
6157.656665 1.006496e-16
6160.014850 9.853416e-17
6162.370646 1.013330e-16
6164.728348 9.661425e-17
6167.086629 9.940315e-17
6169.444896 9.963615e-17
6171.807033 1.025850e-16
6174.166503 9.989215e-17
6176.525504 9.829213e-17
6178.886432 9.984402e-17
6181.250770 1.007363e-16
6183.612026 9.936908e-17
6185.976717 9.989039e-17
6188.338834 9.781302e-17
6190.704527 9.959913e-17
6193.071261 9.989107e-17
6195.436821 9.809068e-17
6197.802878 9.639121e-17
6200.169029 9.918327e-17
6202.539875 9.920705e-17
6204.908715 9.829300e-17
6207.278656 9.781961e-17
6209.646287 9.857502e-17
6212.015973 9.661946e-17
6214.387681 9.761064e-17
6216.759535 9.757991e-17
6219.135104 9.766447e-17
6221.505305 9.727489e-17
6223.879194 9.786150e-17
6226.253356 9.809370e-17
6228.628825 9.914154e-17
6231.004125 9.790774e-17
6233.380252 9.689979e-17
6235.757919 9.754248e-17
6238.134034 9.827207e-17
6240.513884 9.801334e-17
6242.891835 1.007091e-16
6245.272400 9.563354e-17
6247.652619 9.888057e-17
6250.031378 9.629051e-17
6252.416615 9.938131e-17
6254.796361 9.656787e-17
6257.178904 9.583887e-17
6259.561355 9.816091e-17
6261.945022 9.880693e-17
6264.330250 9.664488e-17
6266.715863 9.572253e-17
6269.101316 9.566682e-17
6271.487077 9.503687e-17
6273.877977 9.398262e-17
6276.262923 9.181618e-17
6278.652256 9.396752e-17
6281.039864 9.369969e-17
6283.429856 9.190479e-17
6285.819020 9.519072e-17
6288.211628 9.688494e-17
6290.602301 9.401964e-17
6292.995406 9.488925e-17
6295.385119 9.713942e-17
6297.779588 9.311848e-17
6300.174480 9.119774e-17
6302.568545 9.411320e-17
6304.963838 9.661446e-17
6307.359178 9.237391e-17
6309.757391 9.290336e-17
6312.153108 9.374095e-17
6314.551796 8.997239e-17
6316.948930 9.518476e-17
6319.348263 9.086226e-17
6321.748934 8.809776e-17
6324.150137 8.818825e-17
6326.549996 8.517009e-17
6328.951134 8.077165e-17
6331.353112 8.315842e-17
6333.754899 7.977303e-17
6336.159350 7.938878e-17
6338.562483 8.234222e-17
6340.969448 8.447672e-17
6343.373142 8.704716e-17
6345.778052 9.102978e-17
6348.183646 9.550564e-17
6350.591411 9.505763e-17
6352.995665 9.726216e-17
6355.406362 9.993942e-17
6357.816500 9.977640e-17
6360.222271 1.045321e-16
6362.634520 1.098445e-16
6365.045157 1.072854e-16
6367.455938 1.083783e-16
6369.868484 1.108752e-16
6372.281675 1.082259e-16
6374.694893 1.059389e-16
6377.107462 1.060312e-16
6379.520944 1.034362e-16
6381.935069 1.037851e-16
6384.351422 1.014052e-16
6386.767135 1.015385e-16
6389.184885 9.916076e-17
6391.602400 1.016326e-16
6394.019154 9.814894e-17
6396.437463 9.589083e-17
6398.858094 9.947958e-17
6401.277934 9.482209e-17
6403.698096 9.440130e-17
6406.119383 9.586778e-17
6408.540391 9.411012e-17
6410.962801 9.495001e-17
6413.383580 9.430135e-17
6415.808249 9.234109e-17
6418.231017 9.029912e-17
6420.657849 9.192519e-17
6423.081797 9.296430e-17
6425.506961 9.190597e-17
6427.933860 9.384300e-17
6430.361458 9.193114e-17
6432.788384 9.114250e-17
6435.214795 8.781247e-17
6437.645244 9.269993e-17
6440.073706 8.954570e-17
6442.504028 9.242810e-17
6444.935408 9.096918e-17
6447.368639 9.007434e-17
6449.798190 9.098859e-17
6452.229474 9.201079e-17
6454.661988 8.953299e-17
6457.095300 8.915330e-17
6459.529710 9.187808e-17
6461.962464 8.677623e-17
6464.398150 9.202767e-17
6466.834684 8.995082e-17
6469.272648 8.846891e-17
6471.707512 8.664216e-17
6474.145126 8.950807e-17
6476.583373 8.896705e-17
6479.021699 8.792754e-17
6481.461482 8.985961e-17
6483.902417 8.949809e-17
6486.342813 8.862324e-17
6488.784364 8.802148e-17
6491.225947 8.989741e-17
6493.667423 8.633889e-17
6496.108426 8.781460e-17
6498.553351 8.989872e-17
6500.998448 8.677303e-17
6503.442224 8.789240e-17
6505.886437 8.742300e-17
6508.333844 8.708681e-17
6510.778629 8.962583e-17
6513.227139 8.828936e-17
6515.671713 8.660540e-17
6518.122736 8.856499e-17
6520.569975 8.626611e-17
6523.020340 8.440631e-17
6525.468424 8.791477e-17
6527.920551 8.725777e-17
6530.370317 8.326127e-17
6532.822261 8.562072e-17
6535.274190 8.909272e-17
6537.727012 8.482692e-17
6540.180357 8.796800e-17
6542.633676 8.628060e-17
6545.088658 8.525284e-17
6547.542956 8.421460e-17
6549.997490 8.809970e-17
6552.454735 8.296578e-17
6554.911440 8.544725e-17
6557.369440 8.675876e-17
6559.826071 8.521745e-17
6562.284148 8.363493e-17
6564.743658 8.450732e-17
6567.204396 8.201268e-17
6569.664353 8.340527e-17
6572.124802 8.467173e-17
6574.584976 8.303994e-17
6577.046904 8.357837e-17
6579.508414 8.410364e-17
6581.972723 8.444930e-17
6584.436066 8.354369e-17
6586.901459 8.410233e-17
6589.364390 8.391994e-17
6591.830490 8.172843e-17
6594.297082 8.236648e-17
6596.761183 8.369829e-17
6599.228944 8.283563e-17
6601.697112 8.243362e-17
6604.164283 8.195890e-17
6606.632394 8.056158e-17
6609.102995 8.465476e-17
6611.572095 8.137108e-17
6614.042902 7.927358e-17
6616.513752 8.160917e-17
6618.984147 8.235737e-17
6621.457254 8.025887e-17
6623.928206 8.102468e-17
6626.400737 8.339491e-17
6628.875938 7.997985e-17
6631.348930 8.042568e-17
6633.826826 8.249974e-17
6636.300322 7.895247e-17
6638.775891 8.103791e-17
6641.254022 8.143725e-17
6643.729236 8.048902e-17
6646.206514 8.003957e-17
6648.685645 8.126605e-17
6651.162838 8.091752e-17
6653.642640 8.135718e-17
6656.120503 8.111828e-17
6658.603245 8.012775e-17
6661.082873 7.975510e-17
6663.563779 8.124982e-17
6666.048636 8.070482e-17
6668.529828 7.977859e-17
6671.010989 8.023817e-17
6673.495109 8.039857e-17
6675.978670 7.891953e-17
6678.466254 7.889660e-17
6680.949179 8.074240e-17
6683.435440 7.968091e-17
6685.921582 8.216191e-17
6688.407435 8.174403e-17
6690.895869 8.030344e-17
6693.382632 7.925221e-17
6695.871798 7.889872e-17
6698.360665 7.842084e-17
6700.850173 7.872964e-17
6703.342815 7.943265e-17
6705.831920 7.780812e-17
6708.322065 8.098293e-17
6710.815358 7.999125e-17
6713.306281 7.938437e-17
6715.798907 8.078584e-17
6718.293528 7.890517e-17
6720.786568 7.958147e-17
6723.280574 7.971278e-17
6725.776680 8.136302e-17
6728.272283 7.791133e-17
6730.769674 8.077781e-17
6733.264858 7.915806e-17
6735.762021 7.939295e-17
6738.258795 7.999109e-17
6740.756708 7.852533e-17
6743.257436 7.716805e-17
6745.755781 7.672268e-17
6748.254991 7.968029e-17
6750.756778 7.775036e-17
6753.256519 8.033102e-17
6755.758772 7.740063e-17
6758.260902 7.868769e-17
6760.763377 7.868734e-17
6763.265460 7.820075e-17
6765.768614 7.735390e-17
6768.273582 7.740423e-17
6770.777870 7.945182e-17
6773.284499 7.604273e-17
6775.788339 7.770937e-17
6778.296195 7.934887e-17
6780.801858 7.764771e-17
6783.309450 7.677636e-17
6785.817075 7.626482e-17
6788.325925 7.988851e-17
6790.835948 7.622652e-17
6793.344577 7.785556e-17
6795.853163 7.830144e-17
6798.365348 7.690758e-17
6800.874215 7.835649e-17
6803.386809 7.827705e-17
6805.900272 7.543799e-17
6808.410532 7.638232e-17
6810.925070 7.619246e-17
6813.439835 7.519078e-17
6815.952256 7.763342e-17
6818.467065 7.866537e-17
6820.982152 7.624231e-17
6823.498709 7.791956e-17
6826.012977 7.658266e-17
6828.530197 7.642692e-17
6831.048261 7.773309e-17
6833.564931 7.602640e-17
6836.083889 7.633888e-17
6838.602943 7.372651e-17
6841.120283 7.549538e-17
6843.635936 7.701197e-17
6846.161964 7.569454e-17
6848.682118 7.369294e-17
6851.206763 7.621428e-17
6853.727714 7.660851e-17
6856.248650 7.702895e-17
6858.771592 7.808545e-17
6861.295125 7.258669e-17
6863.818710 7.493041e-17
6866.342727 6.710537e-17
6868.869860 6.193742e-17
6871.393682 5.500339e-17
6873.919614 5.573884e-17
6876.446924 5.935426e-17
6878.973284 6.393937e-17
6881.501972 6.669516e-17
6884.029495 6.939521e-17
6886.558264 6.729366e-17
6889.087674 6.569560e-17
6891.617593 6.567842e-17
6894.146769 6.637078e-17
6896.677670 6.700907e-17
6899.210555 6.561015e-17
6901.740594 6.719783e-17
6904.275347 6.701995e-17
6906.806331 6.790998e-17
6909.338980 6.967464e-17
6911.871502 7.049947e-17
6914.405491 7.197514e-17
6916.940406 7.068288e-17
6919.475748 7.058215e-17
6922.012032 7.237942e-17
6924.548640 7.121762e-17
6927.083831 7.171367e-17
6929.623498 7.242875e-17
6932.160620 7.161490e-17
6934.698069 7.338264e-17
6937.237288 7.290716e-17
6939.776603 7.103264e-17
6942.315702 7.417036e-17
6944.854968 7.383820e-17
6947.395813 7.509955e-17
6949.937719 7.364095e-17
6952.478480 7.544581e-17
6955.022835 7.272337e-17
6957.559157 7.573086e-17
6960.108837 7.472322e-17
6962.652322 7.367189e-17
6965.196758 7.416531e-17
6967.740359 7.517449e-17
6970.284728 7.503884e-17
6972.832034 7.765430e-17
6975.382589 7.712249e-17
6977.925039 7.888845e-17
6980.472767 7.640164e-17
6983.017938 7.577201e-17
6985.568342 7.690344e-17
6988.116233 7.442597e-17
6990.664624 7.439951e-17
6993.215211 7.422384e-17
6995.766498 7.450908e-17
6998.316830 7.654291e-17
7000.867663 7.670334e-17
7003.419328 7.524208e-17
7005.969563 7.613851e-17
7008.522529 7.519696e-17
7011.076952 7.537188e-17
7013.629689 7.491736e-17
7016.183652 7.512693e-17
7018.738991 7.447132e-17
7021.295529 7.656793e-17
7023.848945 7.607993e-17
7026.405626 7.531513e-17
7028.961589 7.605204e-17
7031.519453 7.690959e-17
7034.075930 7.674235e-17
7036.634001 7.582885e-17
7039.192885 7.569518e-17
7041.751812 7.603025e-17
7044.310745 7.447988e-17
7046.870903 7.458449e-17
7049.431496 7.529658e-17
7051.992919 7.529707e-17
7054.554218 7.496869e-17
7057.116511 7.227530e-17
7059.678115 7.449101e-17
7062.241736 7.437468e-17
7064.803859 7.295461e-17
7067.366906 7.303264e-17
7069.932079 7.245949e-17
7072.497695 7.055571e-17
7075.061826 6.986658e-17
7077.627378 6.676508e-17
7080.194745 6.568023e-17
7082.760747 6.229485e-17
7085.327208 5.983252e-17
7087.894924 5.729158e-17
7090.464459 5.483652e-17
7093.035392 5.192238e-17
7095.603768 5.321979e-17
7098.172805 5.392886e-17
7100.744405 5.743171e-17
7103.310896 6.064535e-17
7105.883928 6.422900e-17
7108.465417 7.255463e-17
7111.038365 7.475085e-17
7113.610800 8.152399e-17
7116.183649 8.297327e-17
7118.745374 7.859557e-17
7121.316843 8.040221e-17
7123.891489 8.178209e-17
7126.465689 8.396539e-17
7129.041934 8.673951e-17
7131.617073 8.759406e-17
7134.194524 8.752335e-17
7136.772121 8.927443e-17
7139.349018 8.665418e-17
7141.923787 8.344906e-17
7144.501644 8.031099e-17
7147.079619 7.877261e-17
7149.659467 7.935960e-17
7152.237856 7.952456e-17
7154.818813 7.812122e-17
7157.399472 7.607913e-17
7159.979302 7.580850e-17
7162.561126 7.528273e-17
7165.142033 7.219653e-17
7167.724570 7.341270e-17
7170.307781 7.116448e-17
7172.892191 7.006910e-17
7175.481899 6.789640e-17
7178.069037 6.680979e-17
7180.642975 6.837638e-17
7183.227790 6.548892e-17
7185.813444 6.446466e-17
7188.398782 6.244369e-17
7190.985772 6.307439e-17
7193.572721 6.051298e-17
7196.159403 6.104289e-17
7198.746974 5.942619e-17
7201.335661 5.947595e-17
7203.923304 5.853131e-17
7206.513797 5.977777e-17
7209.104568 6.341175e-17
7211.692228 6.546089e-17
7214.282935 6.709703e-17
7216.874228 6.917735e-17
7219.465627 6.868306e-17
7222.056550 6.757961e-17
7224.648501 7.029988e-17
7227.242554 6.975972e-17
7229.835563 7.193310e-17
7232.428534 6.874736e-17
7235.022303 6.755594e-17
7237.616698 6.880070e-17
7240.212683 6.590935e-17
7242.807187 6.828771e-17
7245.403711 6.759590e-17
7248.000535 6.509914e-17
7250.596758 6.502703e-17
7253.194184 6.515036e-17
7255.791847 6.486037e-17
7258.389444 6.500014e-17
7260.989601 6.742275e-17
7263.587555 6.623741e-17
7266.186139 6.570679e-17
7268.787116 6.587677e-17
7271.388580 6.611605e-17
7273.988261 6.538179e-17
7276.591251 6.535292e-17
7279.192205 6.521303e-17
7281.794505 6.644258e-17
7284.396605 6.437657e-17
7286.999503 6.504111e-17
7289.603003 6.486526e-17
7292.209396 6.388014e-17
7294.812942 6.603862e-17
7297.417178 6.412170e-17
7300.021199 6.340133e-17
7302.627445 6.316977e-17
7305.233743 6.072488e-17
7307.840650 6.053574e-17
7310.447571 6.055499e-17
7313.055866 5.956356e-17
7315.662506 5.671018e-17
7318.271206 5.908789e-17
7320.880330 5.628330e-17
7323.489748 6.030823e-17
7326.099714 5.973680e-17
7328.709884 6.075528e-17
7331.319697 5.886938e-17
7333.931700 6.106977e-17
7336.542819 6.021460e-17
7339.154049 6.182907e-17
7341.765785 6.363677e-17
7344.379388 6.361767e-17
7346.992851 6.068961e-17
7349.607573 6.628418e-17
7352.220523 6.504759e-17
7354.834950 6.294289e-17
7357.450699 6.521654e-17
7360.066461 6.402642e-17
7362.681374 6.331961e-17
7365.297567 6.421144e-17
7367.915309 6.267871e-17
7370.532232 6.167401e-17
7373.149429 6.301279e-17
7375.767331 6.289301e-17
7378.386291 6.018049e-17
7381.005778 6.329773e-17
7383.624525 6.301959e-17
7386.244218 6.147985e-17
7388.864609 6.261726e-17
7391.485035 6.125721e-17
7394.105306 6.076243e-17
7396.726978 5.934382e-17
7399.349437 5.981199e-17
7401.971756 5.792644e-17
7404.594385 5.987530e-17
7407.217148 5.901702e-17
7409.840615 5.711789e-17
7412.465534 5.900497e-17
7415.089624 5.996841e-17
7417.714229 5.693278e-17
7420.339933 5.858798e-17
7422.966076 6.122489e-17
7425.591404 5.922785e-17
7428.218768 5.865045e-17
7430.845498 5.967558e-17
7433.472733 5.911710e-17
7436.100897 5.943944e-17
7438.729055 5.880645e-17
7441.356732 5.825531e-17
7443.987322 5.499125e-17
7446.616791 5.963539e-17
7449.246578 5.785986e-17
7451.877349 5.761804e-17
7454.509181 5.888485e-17
7457.138748 5.708085e-17
7459.770898 5.829275e-17
7462.403196 5.979135e-17
7465.035771 5.831905e-17
7467.668417 5.353967e-17
7470.301618 5.746627e-17
7472.935766 5.625876e-17
7475.569828 5.501417e-17
7478.204484 5.908875e-17
7480.839393 5.562252e-17
7483.475203 5.537459e-17
7486.111080 5.699301e-17
7488.746789 5.549682e-17
7491.384087 5.532013e-17
7494.021404 5.861423e-17
7496.658315 5.704083e-17
7499.295951 5.740864e-17
7501.935140 5.701792e-17
7504.573498 5.680086e-17
7507.213080 5.754208e-17
7509.854032 5.703190e-17
7512.493251 5.718814e-17
7515.132637 5.557717e-17
7517.773471 5.592679e-17
7520.415068 5.776765e-17
7523.056428 5.433389e-17
7525.698623 5.458062e-17
7528.341592 5.558111e-17
7530.983939 5.389468e-17
7533.627172 5.418088e-17
7536.271915 5.461775e-17
7538.916567 5.535441e-17
7541.560357 5.616525e-17
7544.204916 5.780645e-17
7546.850427 5.557637e-17
7549.497280 5.597867e-17
7552.143147 5.546541e-17
7554.789295 5.596241e-17
7557.435674 5.387443e-17
7560.084269 5.566177e-17
7562.731015 5.453585e-17
7565.379678 5.397076e-17
7568.028493 5.480600e-17
7570.677211 5.294765e-17
7573.326603 5.141999e-17
7575.976662 5.379399e-17
7578.626665 5.381514e-17
7581.277667 5.231733e-17
7583.928373 5.293855e-17
7586.580485 5.274999e-17
7589.231582 5.177155e-17
7591.884308 5.249240e-17
7594.537096 4.555781e-17
7597.189882 3.432436e-17
7599.843874 2.582997e-17
7602.497069 1.905301e-17
7605.151629 1.405308e-17
7607.807214 1.389512e-17
7610.460804 1.489248e-17
7613.116231 1.826269e-17
7615.772941 2.495697e-17
7618.429041 3.282795e-17
7621.085118 3.689129e-17
7623.743595 3.598606e-17
7626.400237 3.030253e-17
7629.057725 2.919136e-17
7631.716927 2.811466e-17
7634.375365 2.939547e-17
7637.033991 2.964037e-17
7639.693761 3.148805e-17
7642.354025 3.464477e-17
7645.013498 3.573553e-17
7647.674634 3.735214e-17
7650.335974 4.096226e-17
7652.996492 4.243189e-17
7655.659072 4.443033e-17
7658.321446 4.664544e-17
7660.983761 4.833351e-17
7663.647133 4.755230e-17
7666.310354 5.053957e-17
7668.974547 5.031483e-17
7671.638566 5.016961e-17
7674.303132 5.229305e-17
7676.968200 5.151792e-17
7679.634062 5.336073e-17
7682.299768 5.391372e-17
7684.965157 5.406510e-17
7687.632273 5.506916e-17
7690.299882 5.518342e-17
7692.966661 5.519409e-17
7695.634435 5.364001e-17
7698.302323 5.545451e-17
7700.970820 5.707481e-17
7703.640436 5.413522e-17
7706.308914 5.539109e-17
7708.978758 5.599530e-17
7711.648335 5.527432e-17
7714.319260 5.183501e-17
7716.990543 5.383740e-17
7719.661515 5.480871e-17
7722.333470 5.291858e-17
7725.005249 5.460747e-17
7727.677623 5.543241e-17
7730.350333 5.604089e-17
7733.023821 5.599968e-17
7735.697507 5.538177e-17
7738.370943 5.560850e-17
7741.045281 5.491858e-17
7743.720468 5.631573e-17
7746.395652 5.535591e-17
7749.070123 5.376349e-17
7751.746540 5.313664e-17
7754.423055 5.060516e-17
7757.099452 5.117668e-17
7759.776399 5.320834e-17
7762.453933 5.500141e-17
7765.131536 5.494874e-17
7767.810754 5.357990e-17
7770.488529 5.392113e-17
7773.167182 5.521364e-17
7775.845908 5.487963e-17
7778.526002 5.291341e-17
7781.206622 5.591178e-17
7783.886431 5.390230e-17
7786.567608 5.376531e-17
7789.248682 5.571577e-17
7791.930459 5.362393e-17
7794.612058 5.193031e-17
7797.294872 5.273986e-17
7799.977432 5.027968e-17
7802.659611 5.446660e-17
7805.343989 5.622101e-17
7808.027785 5.490176e-17
7810.711917 5.646659e-17
7813.396702 5.829328e-17
7816.081149 5.948962e-17
7818.766692 6.019164e-17
7821.452620 5.906509e-17
7824.138659 6.092113e-17
7826.825254 6.093024e-17
7829.512608 6.210359e-17
7832.198375 6.536360e-17
7834.886527 6.691294e-17
7837.575040 6.666551e-17
7840.262915 6.816657e-17
7842.951232 6.546172e-17
7845.641440 6.533172e-17
7848.330284 6.305231e-17
7851.019891 6.124509e-17
7853.710673 6.083209e-17
7856.400609 5.822440e-17
7859.092178 5.713439e-17
7861.783640 5.606208e-17
7864.474781 5.629131e-17
7867.166703 5.487369e-17
7869.859329 5.593504e-17
7872.552630 5.373250e-17
7875.245360 5.420498e-17
7877.939036 5.481705e-17
7880.632960 5.439115e-17
7883.326683 5.316191e-17
7886.021105 5.415020e-17
7888.716879 5.262107e-17
7891.411965 5.082204e-17
7894.107779 5.156043e-17
7896.804360 5.077044e-17
7899.500397 5.049331e-17
7902.197570 5.140250e-17
7904.894680 5.317231e-17
7907.591636 5.210773e-17
7910.289833 5.053102e-17
7912.988133 5.090854e-17
7915.687056 4.780282e-17
7918.385909 4.662036e-17
7921.085621 4.835920e-17
7923.785141 4.764629e-17
7926.485168 4.858431e-17
7929.186127 4.982020e-17
7931.886292 4.845242e-17
7934.587875 4.866588e-17
7937.289373 4.967323e-17
7939.991244 4.876938e-17
7942.693894 4.826468e-17
7945.396496 4.905465e-17
7948.099222 4.809467e-17
7950.802893 4.782230e-17
7953.506406 4.838659e-17
7956.210158 4.736512e-17
7958.914740 4.802519e-17
7961.619734 4.845616e-17
7964.325051 4.933635e-17
7967.030278 4.550581e-17
7969.736535 4.508347e-17
7972.442874 4.733594e-17
7975.149397 4.899435e-17
7977.855994 4.769549e-17
7980.563731 4.750538e-17
7983.271249 4.646947e-17
7985.979225 4.669522e-17
7988.687723 4.690250e-17
7991.396236 4.501960e-17
7994.105223 4.264566e-17
7996.815326 4.815180e-17
7999.524836 4.435946e-17
8002.235229 4.544833e-17
8004.945824 4.494193e-17
8007.656104 4.555352e-17
8010.368362 4.584538e-17
8013.079194 4.573360e-17
8015.791076 4.403872e-17
8018.503604 4.646701e-17
8021.216019 4.488820e-17
8023.928703 4.416672e-17
8026.642555 4.344835e-17
8029.356499 4.251791e-17
8032.070567 4.553993e-17
8034.784983 4.520365e-17
8037.499453 4.573782e-17
8040.214681 4.611407e-17
8042.930292 4.549457e-17
8045.645858 4.508164e-17
8048.361927 4.422682e-17
8051.078761 4.399256e-17
8053.795527 4.536095e-17
8056.512741 4.458810e-17
8059.230473 4.358196e-17
8061.948352 4.448399e-17
8064.666373 4.421056e-17
8067.385225 4.315455e-17
8070.104423 4.323501e-17
8072.823681 4.344911e-17
8075.543591 4.383584e-17
8078.263629 4.471362e-17
8080.983027 4.267429e-17
8083.704633 4.274944e-17
8086.425389 4.371032e-17
8089.146805 4.417298e-17
8091.868257 4.394270e-17
8094.591302 4.260039e-17
8097.313406 4.399408e-17
8100.035975 4.289998e-17
8102.758903 4.438798e-17
8105.482866 4.452414e-17
8108.206548 4.363614e-17
8110.930454 4.428224e-17
8113.655103 4.386333e-17
8116.379767 4.460486e-17
8119.105400 4.400916e-17
8121.830769 4.307963e-17
8124.556838 4.295407e-17
8127.282740 4.398385e-17
8130.009749 4.356488e-17
8132.736216 4.235086e-17
8135.463521 4.211299e-17
8138.191614 4.133080e-17
8140.918712 4.071446e-17
8143.647506 4.184506e-17
8146.375932 4.221694e-17
8149.105522 3.929020e-17
8151.834718 4.044647e-17
8154.563973 4.111858e-17
8157.293905 4.107789e-17
8160.024258 4.093107e-17
8162.755484 4.067392e-17
8165.485916 3.934823e-17
8168.217450 3.877376e-17
8170.949003 4.082899e-17
8173.680917 4.116501e-17
8176.414229 3.987565e-17
8179.146101 4.020428e-17
8181.880166 4.073421e-17
8184.612077 4.023637e-17
8187.345957 4.053413e-17
8190.080516 4.047121e-17
8192.815189 3.917105e-17
8195.549064 3.980182e-17
8198.284501 4.032855e-17
8201.020266 3.838053e-17
8203.755674 4.035966e-17
8206.491734 4.254497e-17
8209.228447 4.188747e-17
8211.965256 4.168039e-17
8214.702349 4.194531e-17
8217.439468 4.258132e-17
8220.177712 4.182730e-17
8222.915361 4.137054e-17
8225.653903 4.177067e-17
8228.392404 3.967381e-17
8231.131637 3.808075e-17
8233.871213 3.683013e-17
8236.610529 3.821911e-17
8239.350172 4.222096e-17
8242.091573 3.983807e-17
8244.831853 4.127781e-17
8247.572904 4.035927e-17
8250.314133 4.241770e-17
8253.056701 4.419280e-17
8255.798060 4.251468e-17
8258.541115 4.161569e-17
8261.283393 4.032687e-17
8264.026583 4.037499e-17
8266.769920 4.147685e-17
8269.513852 4.247324e-17
8272.257476 4.206450e-17
8275.001642 4.125269e-17
8277.746828 3.806750e-17
8280.492013 3.869148e-17
8283.236987 3.819449e-17
8285.983037 3.890038e-17
8288.728988 3.924595e-17
8291.475341 3.966420e-17
8294.222077 3.886672e-17
8296.969394 3.942311e-17
8299.716598 3.797443e-17
8302.463926 4.100088e-17
8305.212383 3.888100e-17
8307.960306 3.756246e-17
8310.709276 4.158869e-17
8313.457842 4.084896e-17
8316.207142 4.078994e-17
8318.957419 4.186965e-17
8321.707147 4.071696e-17
8324.457061 4.082590e-17
8327.208360 4.141871e-17
8329.959035 4.291405e-17
8332.709661 4.187721e-17
8335.462216 4.277165e-17
8338.213896 4.150009e-17
8340.965777 3.876953e-17
8343.718182 3.916599e-17
8346.471550 3.904787e-17
8349.224650 3.900530e-17
8351.978276 3.946747e-17
8354.732099 3.991613e-17
8357.486063 3.782757e-17
8360.240790 4.005200e-17
8362.995613 4.063905e-17
8365.750765 3.830566e-17
8368.505885 3.948014e-17
8371.262503 3.857141e-17
8374.018344 3.802512e-17
8376.774263 3.632006e-17
8379.530911 3.640116e-17
8382.287880 3.629807e-17
8385.045803 3.712013e-17
8387.803678 3.645047e-17
8390.561969 3.903580e-17
8393.320407 3.994889e-17
8396.078369 4.103068e-17
8398.837752 4.026984e-17
8401.596926 3.838409e-17
8404.356259 3.803741e-17
8407.116638 3.837365e-17
8409.876663 4.112525e-17
8412.637601 4.136887e-17
8415.398457 4.199302e-17
8418.159606 4.108849e-17
8420.920698 4.139406e-17
8423.683047 4.198340e-17
8426.444835 4.095051e-17
8429.207566 4.162469e-17
8431.970525 4.005635e-17
8434.733620 4.002368e-17
8437.497445 4.198244e-17
8440.260807 4.277626e-17
8443.025004 4.298141e-17
8445.789635 4.247302e-17
8448.553868 4.131627e-17
8451.319143 4.189398e-17
8454.084299 4.205592e-17
8456.849943 4.171199e-17
8459.616262 3.909704e-17
8462.382222 4.067669e-17
8465.149134 3.945458e-17
8467.915983 3.603623e-17
8470.683249 4.137333e-17
8473.451284 3.797203e-17
8476.218303 4.038953e-17
8478.987017 4.200149e-17
8481.755903 4.135067e-17
8484.523964 4.048060e-17
8487.293288 4.236426e-17
8490.062716 4.092732e-17
8492.832830 4.075751e-17
8495.602044 4.312921e-17
8498.373056 4.196712e-17
8501.143488 3.875006e-17
8503.914652 3.864070e-17
8506.686151 4.141521e-17
8509.457800 4.017346e-17
8512.229415 3.768104e-17
8515.002298 4.009743e-17
8517.774172 4.191978e-17
8520.547764 4.053487e-17
8523.320509 4.155891e-17
8526.094146 4.023263e-17
8528.867523 3.899714e-17
8531.641837 4.092281e-17
8534.416041 4.128288e-17
8537.190933 4.071432e-17
8539.966074 4.009875e-17
8542.741529 3.856789e-17
8545.516952 4.039317e-17
8548.293236 3.891149e-17
8551.071596 3.785050e-17
8553.851617 4.096910e-17
8556.636336 3.815026e-17
8559.425680 4.038431e-17
8562.203482 4.085810e-17
8564.972409 4.189476e-17
8567.733629 4.114854e-17
8570.511798 3.981171e-17
8573.290542 4.099591e-17
8576.069890 4.044288e-17
8578.849536 3.952320e-17
8581.628898 3.863714e-17
8584.408548 4.011358e-17
8587.188850 4.026682e-17
8589.970055 3.996399e-17
8592.750630 3.851946e-17
8595.531734 4.037259e-17
8598.313216 4.056743e-17
8601.095253 4.115962e-17
8603.877035 3.972071e-17
8606.659486 3.979060e-17
8609.442848 3.894875e-17
8612.225218 3.889254e-17
8615.008640 3.979926e-17
8617.792476 3.954050e-17
8620.576206 3.764448e-17
8623.360478 3.783693e-17
8626.145147 3.644598e-17
8628.929892 3.555338e-17
8631.715517 3.807898e-17
8634.500726 3.851556e-17
8637.286343 3.876316e-17
8640.072629 3.789233e-17
8642.858880 3.793191e-17
8645.645533 3.792049e-17
8648.432697 3.975855e-17
8651.220094 3.739019e-17
8654.007135 3.705143e-17
8656.795447 3.861471e-17
8659.583813 3.592539e-17
8662.371914 3.611929e-17
8665.160849 3.863116e-17
8667.949977 3.812885e-17
8670.739382 3.750457e-17
8673.528952 3.794288e-17
8676.318765 3.792975e-17
8679.109427 3.797958e-17
8681.900206 3.780936e-17
8684.690991 3.654721e-17
8687.482136 3.966876e-17
8690.273221 4.029444e-17
8693.065186 3.881760e-17
8695.857446 3.776436e-17
8698.650104 3.811202e-17
8701.442619 3.826990e-17
8704.235375 3.836479e-17
8707.029062 3.920088e-17
8709.822570 3.973386e-17
8712.615755 3.847275e-17
8715.411318 3.987051e-17
8718.205489 3.817724e-17
8720.999571 3.742557e-17
8723.795228 3.864564e-17
8726.590850 3.746363e-17
8729.386103 3.796453e-17
8732.181907 3.907978e-17
8734.978770 3.863854e-17
8737.775298 3.858096e-17
8740.571584 3.857914e-17
8743.369301 3.863115e-17
8746.166178 3.737671e-17
8748.964452 3.798857e-17
8751.762466 3.813631e-17
8754.560719 3.819122e-17
8757.359264 3.907810e-17
8760.158291 3.708717e-17
8762.957418 3.495460e-17
8765.757186 3.727739e-17
8768.557233 3.631726e-17
8771.357071 3.639775e-17
8774.157638 3.733889e-17
8776.958648 3.432986e-17
8779.759383 3.683687e-17
8782.560551 3.667808e-17
8785.362510 3.633568e-17
8788.164077 3.567680e-17
8790.966432 3.829849e-17
8793.769234 3.763457e-17
8796.571731 3.884371e-17
8799.374588 3.705084e-17
8802.178291 3.805920e-17
8804.981505 3.920846e-17
8807.785924 3.768112e-17
8810.590393 4.088198e-17
8813.389493 4.075846e-17
8816.200254 3.877408e-17
8819.005615 3.629313e-17
8821.810194 3.976402e-17
8824.615672 4.048864e-17
8827.422104 3.563062e-17
8830.228366 3.329049e-17
8833.034969 3.745927e-17
8835.841726 3.768137e-17
8838.649303 3.459957e-17
8841.456362 3.633763e-17
8844.265040 3.680796e-17
8847.072436 3.662104e-17
8849.880497 3.758312e-17
8852.689490 3.827704e-17
8855.497925 3.774765e-17
8858.308252 3.817334e-17
8861.117700 3.689402e-17
8863.927303 3.657281e-17
8866.736774 3.734948e-17
8869.547474 3.726188e-17
8872.358316 3.975211e-17
8875.169209 3.710012e-17
8877.981359 3.812844e-17
8880.791804 3.647557e-17
8883.603845 3.493193e-17
8886.416140 3.746858e-17
8889.228499 3.569145e-17
8892.041577 3.631474e-17
8894.854737 3.802334e-17
8897.668094 3.813973e-17
8900.472147 4.076059e-17
8903.295205 3.843668e-17
8906.109338 3.550029e-17
8908.923910 3.769449e-17
8911.739109 3.873561e-17
8914.553865 3.733038e-17
8917.368654 3.845623e-17
8920.184458 3.329607e-17
8923.000381 3.210102e-17
8925.816900 3.625347e-17
8928.633917 3.662480e-17
8931.450162 3.756135e-17
8934.266538 3.748120e-17
8937.085078 3.578107e-17
8939.902289 3.590701e-17
8942.717177 3.938661e-17
8945.538354 3.688673e-17
8948.356680 3.621035e-17
8951.175606 3.429868e-17
8953.995077 3.678930e-17
8956.814073 3.668855e-17
8959.633495 3.605549e-17
8962.454014 3.455694e-17
8965.274104 3.260793e-17
8968.094333 3.617189e-17
8970.915518 3.621160e-17
8973.736438 3.398877e-17
8976.557205 3.655716e-17
8979.380112 3.640065e-17
8982.202229 3.665045e-17
8985.026805 3.428672e-17
8987.846204 3.366312e-17
8990.668831 3.223019e-17
8993.491671 3.350411e-17
8996.315763 3.649326e-17
8999.139329 3.614835e-17
9001.962880 3.212401e-17
9004.787262 3.396665e-17
9007.611930 3.529309e-17
9010.436026 3.323394e-17
9013.262461 3.387882e-17
9016.087542 3.517213e-17
9018.914312 3.511892e-17
9021.738762 3.608681e-17
9024.565554 3.449544e-17
9027.390912 3.451732e-17
9030.218443 3.569324e-17
9033.045769 3.576630e-17
9035.872310 3.824066e-17
9038.700214 3.781626e-17
9041.528650 3.556085e-17
9044.356052 3.532198e-17
9047.185362 3.637865e-17
9050.013989 3.587531e-17
9052.842191 3.554109e-17
9055.672934 3.558125e-17
9058.502436 3.606428e-17
9061.322198 4.029854e-17
9064.162748 3.462797e-17
9066.992635 3.533665e-17
9069.825786 3.302983e-17
9072.654674 3.495040e-17
9075.486225 3.463185e-17
9078.317125 3.387719e-17
9081.149039 3.416360e-17
9083.981727 3.469698e-17
9086.813245 3.347346e-17
9089.646373 3.297698e-17
9092.480095 3.290272e-17
9095.312717 3.436772e-17
9098.146434 3.261808e-17
9100.981263 3.339619e-17
9103.814378 3.189748e-17
9106.648695 3.315970e-17
9109.483920 3.401775e-17
9112.318970 3.413957e-17
9115.154181 3.521038e-17
9117.990151 3.262319e-17
9120.816731 3.585765e-17
9123.661515 3.205111e-17
9126.498803 3.517175e-17
9129.334361 3.464930e-17
9132.171856 3.148991e-17
9135.010007 3.188660e-17
9137.846149 3.245661e-17
9140.684102 3.371574e-17
9143.523303 3.476616e-17
9146.358440 3.423969e-17
9149.200406 3.424587e-17
9152.039131 3.223368e-17
9154.871628 3.168656e-17
9157.717200 2.992148e-17
9160.557611 3.132314e-17
9163.397341 3.428520e-17
9166.245702 3.047092e-17
9169.078696 3.310393e-17
9171.919322 3.327715e-17
9174.749864 3.313163e-17
9177.602431 3.214223e-17
9180.443506 3.270744e-17
9183.281667 3.459397e-17
9186.128529 3.321928e-17
9188.969993 3.176275e-17
9191.812700 3.305019e-17
9194.656939 3.216836e-17
9197.495490 3.426076e-17
9200.343379 3.257801e-17
9203.188146 3.356421e-17
9206.027389 3.481634e-17
9208.872746 3.393853e-17
9211.721769 2.979979e-17
9214.566188 3.277876e-17
9217.414453 3.107568e-17
9220.257579 3.464212e-17
9223.103874 3.225081e-17
9225.943983 3.513230e-17
9228.795479 3.330115e-17
9231.642355 3.136531e-17
9234.489067 3.362590e-17
9237.337706 3.151103e-17
9240.184660 3.350630e-17
9243.032081 3.114640e-17
9245.881146 3.216815e-17
9248.728389 3.217142e-17
9251.577441 3.079253e-17
9254.426858 3.187759e-17
9257.276312 3.121190e-17
9260.125226 3.122196e-17
9262.975492 3.126477e-17
9265.825233 3.100811e-17
9268.678652 3.035630e-17
9271.527236 3.113331e-17
9274.377269 2.959639e-17
9277.228301 3.084746e-17
9280.080643 2.974318e-17
9282.931922 2.812892e-17
9285.783545 2.818454e-17
9288.635979 2.866643e-17
9291.488927 2.753087e-17
9294.347004 2.737489e-17
9297.195755 2.803231e-17
9300.048507 2.544172e-17
9302.901831 2.649449e-17
9305.755739 2.527863e-17
9308.610201 2.365044e-17
9311.464566 2.488621e-17
9314.319822 2.411618e-17
9317.174966 2.057992e-17
9320.030094 1.993876e-17
9322.885720 2.188971e-17
9325.741252 2.028962e-17
9328.597920 2.054756e-17
9331.454253 2.202300e-17
9334.311619 1.930855e-17
9337.167913 2.036488e-17
9340.025551 1.974419e-17
9342.883056 2.020339e-17
9345.740892 1.734340e-17
9348.598619 2.078810e-17
9351.456864 2.142520e-17
9354.316093 2.052074e-17
9357.175328 1.976894e-17
9360.033939 1.923888e-17
9362.894126 2.093674e-17
9365.753201 2.211205e-17
9368.613581 1.934562e-17
9371.473863 2.207676e-17
9374.334556 1.985524e-17
9377.195545 2.044069e-17
9380.056901 2.152871e-17
9382.918057 2.038512e-17
9385.779551 2.065550e-17
9388.641675 2.125241e-17
9391.504167 2.185009e-17
9394.366968 2.579822e-17
9397.229378 2.462747e-17
9400.092681 2.419174e-17
9402.955816 2.250950e-17
9405.819338 2.301759e-17
9408.683584 2.067699e-17
9411.547788 2.221340e-17
9414.412257 2.277851e-17
9417.276945 2.199862e-17
9420.142296 2.273197e-17
9423.007968 2.018256e-17
9425.872686 1.840738e-17
9428.737807 1.960559e-17
9431.604820 1.898673e-17
9434.471308 2.040683e-17
9437.337994 2.130556e-17
9440.205057 1.841237e-17
9443.072093 1.688857e-17
9445.939605 1.727988e-17
9448.807294 1.884558e-17
9451.675508 1.890673e-17
9454.543537 1.948003e-17
9457.412534 1.906873e-17
9460.281274 1.904987e-17
9463.150258 1.844482e-17
9466.019703 1.817535e-17
9468.889255 2.066821e-17
9471.759307 2.104629e-17
9474.629482 1.946241e-17
9477.500452 1.946268e-17
9480.371012 2.119691e-17
9483.242406 1.862276e-17
9486.113393 1.944372e-17
9488.984652 1.914807e-17
9491.856389 1.913929e-17
9494.728352 1.841668e-17
9497.601373 1.654253e-17
9500.474259 1.747186e-17
9503.347525 1.830594e-17
9506.220523 1.862579e-17
9509.094043 1.856432e-17
9511.967935 1.890968e-17
9514.841710 1.939079e-17
9517.716058 1.700562e-17
9520.591003 1.785041e-17
9523.466310 1.622755e-17
9526.341269 1.732978e-17
9529.216740 1.835999e-17
9532.092223 1.864424e-17
9534.967842 1.809543e-17
9537.844763 1.780976e-17
9540.720929 1.690145e-17
9543.598036 1.637030e-17
9546.475066 1.786494e-17
9549.352520 1.704081e-17
9552.230067 1.656691e-17
9555.108363 1.630635e-17
9557.986277 1.608878e-17
9560.864429 1.616464e-17
9563.743221 1.627112e-17
9566.620790 1.610153e-17
9569.502044 1.500785e-17
9572.381429 1.667855e-17
9575.261115 1.651942e-17
9578.141458 1.725117e-17
9581.021925 1.673018e-17
9583.900274 1.606007e-17
9586.782281 1.695804e-17
9589.663728 1.591338e-17
9592.545718 1.575443e-17
9595.427484 1.652849e-17
9598.310019 1.665634e-17
9601.192169 1.735764e-17
9604.072508 1.615067e-17
9606.957804 1.696198e-17
9609.840750 1.735045e-17
9612.723866 1.622243e-17
9615.607838 1.714260e-17
9618.491862 1.537884e-17
9621.374892 1.508725e-17
9624.260491 1.596057e-17
9627.145580 1.617923e-17
9630.030109 1.723977e-17
9632.915856 1.718987e-17
9635.801385 1.640649e-17
9638.686582 1.542762e-17
9641.573120 1.629963e-17
9644.456736 1.543508e-17
9647.346334 1.534672e-17
9650.233394 1.563235e-17
9653.120867 1.606494e-17
9656.007861 1.492682e-17
9658.895626 1.596064e-17
9661.784256 1.591374e-17
9664.672372 1.520695e-17
9667.561051 1.538704e-17
9670.450153 1.588819e-17
9673.338660 1.498879e-17
9676.228461 1.515373e-17
9679.118397 1.494252e-17
9682.008051 1.479030e-17
9684.898453 1.504140e-17
9687.789130 1.558717e-17
9690.679489 1.497100e-17
9693.570428 1.582857e-17
9696.462493 1.599439e-17
9699.354222 1.537089e-17
9702.245960 1.481889e-17
9705.138579 1.499082e-17
9708.030274 1.498457e-17
9710.922928 1.596694e-17
9713.816163 1.635746e-17
9716.709296 1.677629e-17
9719.602911 1.544348e-17
9722.497059 1.554680e-17
9725.390813 1.566705e-17
9728.283693 1.435138e-17
9731.179801 1.571492e-17
9734.074959 1.530098e-17
9736.969799 1.532427e-17
9739.865342 1.611212e-17
9742.761002 1.445279e-17
9745.657064 1.541957e-17
9748.550173 1.590206e-17
9751.450080 1.502488e-17
9754.346980 1.597868e-17
9757.243300 1.657662e-17
9760.140477 1.441822e-17
9763.038375 1.501282e-17
9765.936778 1.530458e-17
9768.835375 1.621224e-17
9771.733325 1.555352e-17
9774.632568 1.535282e-17
9777.532153 1.521677e-17
9780.430442 1.558157e-17
9783.330125 1.676939e-17
9786.230470 1.545654e-17
9789.130321 1.443609e-17
9792.030971 1.493832e-17
9794.931484 1.345237e-17
9797.832618 1.461772e-17
9800.733819 1.305574e-17
9803.635356 1.382988e-17
9806.537041 1.308388e-17
9809.439166 1.450162e-17
9812.341180 1.533113e-17
9815.243805 1.378379e-17
9818.146925 1.439836e-17
9821.050194 1.484775e-17
9823.953655 1.414225e-17
9826.857582 1.390647e-17
9829.761205 1.417930e-17
9832.665481 1.495022e-17
9835.569723 1.450301e-17
9838.474601 1.412123e-17
9841.379944 1.467851e-17
9844.285275 1.408781e-17
9847.191165 1.369054e-17
9850.096843 1.410219e-17
9853.003105 1.338356e-17
9855.909023 1.410099e-17
9858.815912 1.401000e-17
9861.722953 1.459554e-17
9864.630567 1.497666e-17
9867.538064 1.491746e-17
9870.445880 1.316786e-17
9873.354222 1.194582e-17
9876.262462 1.280138e-17
9879.170922 1.274187e-17
9882.079907 1.391794e-17
9884.989230 1.337422e-17
9887.898574 1.384534e-17
9890.808617 1.428473e-17
9893.718800 1.298022e-17
9896.628840 1.355717e-17
9899.539669 1.328553e-17
9902.450966 1.336342e-17
9905.361209 1.358346e-17
9908.272711 1.375675e-17
9911.184608 1.325043e-17
9914.096539 1.224444e-17
9917.009067 1.211942e-17
9919.921503 1.367104e-17
9922.834570 1.272425e-17
9925.747458 1.296078e-17
9928.660835 1.357682e-17
9931.574047 1.221863e-17
9934.488101 1.270532e-17
9937.402384 1.229089e-17
9940.317050 1.271103e-17
9943.231724 1.125595e-17
9946.146844 1.247380e-17
9949.062092 1.256617e-17
9951.977617 1.325926e-17
9954.893341 1.236760e-17
9957.809550 1.255660e-17
9960.725992 1.243317e-17
9963.642670 1.325572e-17
9966.559874 1.164809e-17
9969.476887 1.176991e-17
9972.394397 1.287295e-17
9975.312166 1.381356e-17
9978.230223 1.207010e-17
9981.148542 1.302299e-17
9984.067371 1.281259e-17
9986.986281 1.191932e-17
9989.905427 1.247204e-17
9992.824950 1.206614e-17
9995.744314 1.220599e-17
9998.664284 1.299967e-17
10001.584978 1.285564e-17
10004.505357 1.253382e-17
10007.426250 1.203751e-17
10010.347568 1.326379e-17
10013.268807 1.187660e-17
10016.190467 1.303222e-17
10019.112463 1.305680e-17
10022.034585 1.167315e-17
10024.957296 1.192736e-17
10027.880096 1.153680e-17
10030.803172 1.102454e-17
10033.726448 1.177731e-17
10036.650076 1.212726e-17
10039.573987 1.188349e-17
10042.498106 1.124755e-17
10045.422758 1.201374e-17
10048.347554 1.202516e-17
10051.272497 1.074307e-17
10054.197827 1.215087e-17
10057.123368 1.142626e-17
10060.049091 1.194996e-17
10062.975391 1.222190e-17
10065.901858 1.155010e-17
10068.828574 1.206347e-17
10071.755594 1.115343e-17
10074.682787 1.176659e-17
10077.610309 1.098686e-17
10080.538117 1.195164e-17
10083.466221 1.235182e-17
10086.394627 1.028014e-17
10089.323338 1.112977e-17
10092.252312 1.149246e-17
10095.181434 1.071308e-17
10098.110976 1.131827e-17
10101.040734 1.146605e-17
10103.970830 1.038945e-17
10106.901187 1.090116e-17
10109.831826 1.080668e-17
10112.762723 1.101420e-17
10115.693934 1.066316e-17
10118.625341 1.105426e-17
10121.557097 1.098453e-17
10124.489132 1.154733e-17
10127.421435 1.071966e-17
10130.354039 1.007418e-17
10133.286914 1.064702e-17
10136.220067 1.027896e-17
10139.153506 1.022480e-17
10142.087226 1.020907e-17
10145.021223 1.093366e-17
10147.955507 1.121469e-17
10150.890043 1.064870e-17
10153.824892 1.052453e-17
10156.760025 1.079815e-17
10159.695444 1.034297e-17
10162.631145 1.072085e-17
10165.567112 1.066983e-17
10168.503279 9.906606e-18
10171.439876 9.954502e-18
10174.376645 1.072058e-17
10177.313826 1.044092e-17
10180.251185 1.165639e-17
10183.188856 1.037454e-17
10186.126777 1.001509e-17
10189.064991 1.063559e-17
10192.003476 1.064507e-17
10194.942341 1.119778e-17
10197.881364 1.041002e-17
10200.820869 1.097703e-17
10203.760440 1.073939e-17
10206.700260 9.846548e-18
10209.640466 9.863257e-18
10212.581006 9.963139e-18
10215.521815 9.914801e-18
10218.462969 1.006104e-17
10221.404162 1.085238e-17
10224.345901 1.031131e-17
10227.287802 9.572020e-18
10230.230055 1.097372e-17
10233.172339 9.827636e-18
10236.115310 1.086274e-17
10239.058029 1.073754e-17
10242.001544 1.080890e-17
10244.945355 1.016796e-17
10247.889170 1.009732e-17
10250.833397 1.119715e-17
10253.777810 1.051839e-17
10256.722657 1.050649e-17
10259.667341 1.045551e-17
10262.612917 1.064651e-17
10265.557893 1.082107e-17
10268.504569 1.000247e-17
10271.450859 9.524671e-18
10274.397275 9.609222e-18
10277.343722 9.718059e-18
10280.290885 1.058802e-17
10283.238132 1.025201e-17
10286.185777 1.053952e-17
10289.133707 1.051242e-17
10292.082023 1.058014e-17
10295.030307 9.183263e-18
10297.979298 1.001526e-17
10300.928419 9.537216e-18
10303.877547 1.015511e-17
10306.827145 8.627310e-18
10309.777096 9.552498e-18
10312.727302 9.751138e-18
10315.677452 9.628545e-18
10318.628391 9.344244e-18
10321.579534 9.441728e-18
10324.531067 1.026562e-17
10327.482499 1.011326e-17
10330.434753 1.050718e-17
10333.386565 9.447953e-18
10336.338705 9.808162e-18
10339.291857 9.901882e-18
10342.245036 1.038684e-17
10345.198320 1.035989e-17
10348.151951 9.307632e-18
10351.105866 1.099631e-17
10354.060021 9.101024e-18
10357.014928 9.589787e-18
10359.969356 9.962390e-18
10362.924481 9.639377e-18
10365.880018 9.821107e-18
10368.835299 9.430424e-18
10371.791541 1.029968e-17
10374.747691 9.673913e-18
10377.704399 1.010282e-17
10380.660930 9.407546e-18
10383.618375 1.007515e-17
10386.575756 1.071697e-17
10389.532952 9.495895e-18
10392.490615 9.451807e-18
10395.449234 9.984204e-18
10398.407828 9.223690e-18
10401.366923 7.614544e-18
