3633.172194 1.390524e-17
3634.616621 1.098675e-17
3636.062846 1.101583e-16
3637.510501 6.545562e-17
3638.957989 8.046447e-17
3640.410900 4.307578e-17
3641.856664 3.486073e-17
3643.312016 9.542201e-17
3644.761090 1.262584e-16
3646.216961 4.176410e-17
3647.669748 8.658345e-17
3649.124760 9.976804e-17
3650.579912 9.612379e-17
3652.037263 1.134863e-16
3653.494828 2.284267e-16
3654.954290 1.416749e-16
3656.418274 7.897602e-18
3657.875849 1.202828e-16
3659.336426 1.298516e-16
3660.797162 8.918299e-17
3662.261852 1.930652e-17
3663.726843 4.075183e-17
3665.192952 6.466995e-17
3666.660399 1.228092e-16
3668.125277 7.800495e-17
3669.594898 1.383443e-16
3671.063775 2.908845e-17
3672.533280 8.376174e-17
3674.006254 3.633644e-17
3675.477887 2.265859e-17
3676.949943 1.422404e-16
3678.425763 3.883615e-17
3679.898299 1.265841e-16
3681.366653 1.110164e-16
3682.852570 1.515673e-16
3684.328873 7.264592e-17
3685.809448 1.775023e-16
3687.287614 9.984602e-17
3688.769866 7.376690e-17
3690.251514 1.630999e-16
3691.733417 1.879741e-16
3693.218532 7.623202e-17
3694.702071 1.383897e-16
3696.188706 1.754296e-16
3697.669043 3.262632e-17
3699.160129 1.375104e-16
3700.648830 1.173741e-16
3702.136989 8.966065e-17
3703.629901 4.695565e-17
3705.118202 1.888156e-16
3706.612174 9.392940e-17
3708.103713 1.316398e-16
3709.598278 1.680070e-16
3711.092988 7.514857e-17
3712.590394 2.322399e-16
3714.087919 1.226192e-16
3715.583845 1.081078e-16
3717.082332 1.495765e-16
3718.581790 2.207074e-16
3720.082557 1.715135e-16
3721.583135 1.064497e-16
3723.084907 1.415534e-16
3724.589672 1.394868e-16
3726.092881 9.944686e-17
3727.595679 1.904500e-16
3729.102780 1.920681e-16
3730.611258 1.593588e-16
3732.119592 1.880264e-16
3733.630282 1.709104e-16
3735.138286 1.719970e-16
3736.648918 1.842585e-16
3738.160026 2.328831e-16
3739.672583 1.483893e-16
3741.186404 2.013252e-16
3742.701082 1.564280e-16
3744.213381 2.067308e-16
3745.732934 2.100147e-16
3747.247707 1.329193e-16
3748.764927 1.503375e-16
3750.283781 2.461105e-16
3751.802913 1.509651e-16
3753.324293 1.206085e-16
3754.847782 1.875557e-16
3756.371635 1.898948e-16
3757.893093 1.391263e-16
3759.417061 2.558522e-16
3760.942394 2.318525e-16
3762.469127 1.826978e-16
3763.996885 1.805839e-16
3765.525354 1.949075e-16
3767.053429 2.733816e-16
3768.581103 1.645981e-16
3770.114479 2.230668e-16
3771.645365 2.726730e-16
3773.179402 2.271620e-16
3774.712352 2.537891e-16
3776.246679 1.769208e-16
3777.781993 1.873182e-16
3779.319894 2.224533e-16
3780.854679 2.213251e-16
3782.392500 2.519369e-16
3783.932653 2.230474e-16
3785.471641 1.760830e-16
3787.012798 3.066723e-16
3788.554865 2.511437e-16
3790.097257 2.400427e-16
3791.640288 2.018644e-16
3793.187016 2.194457e-16
3794.730743 2.345161e-16
3796.268639 2.984553e-16
3797.823310 2.547708e-16
3799.370798 1.915819e-16
3800.920375 2.214769e-16
3802.469884 2.442253e-16
3804.021560 2.179150e-16
3805.573211 2.201191e-16
3807.124598 2.563306e-16
3808.678459 2.564868e-16
3810.233265 2.402186e-16
3811.787885 2.249443e-16
3813.343936 2.451277e-16
3814.894349 3.000822e-16
3816.459113 2.934990e-16
3818.017366 1.989108e-16
3819.577317 2.400851e-16
3821.137275 2.483142e-16
3822.699192 2.416634e-16
3824.262029 2.383557e-16
3825.825811 2.340628e-16
3827.392920 2.359569e-16
3828.956097 2.628474e-16
3830.520596 2.321171e-16
3832.085387 2.350795e-16
3833.652422 2.361228e-16
3835.221883 2.604501e-16
3836.789494 2.369369e-16
3838.361355 2.507785e-16
3839.935021 2.410765e-16
3841.504980 2.083170e-16
3843.075979 2.451093e-16
3844.650687 2.492805e-16
3846.224360 2.654339e-16
3847.802054 2.884639e-16
3849.378081 2.253192e-16
3850.953636 2.311686e-16
3852.534062 2.439115e-16
3854.111598 2.235812e-16
3855.691938 2.417034e-16
3857.284571 2.674171e-16
3858.854218 2.503662e-16
3860.435684 2.681527e-16
3862.019067 2.411504e-16
3863.603690 1.962629e-16
3865.189309 2.707923e-16
3866.774872 2.394015e-16
3868.362693 2.236077e-16
3869.949166 1.971180e-16
3871.539455 2.241743e-16
3873.126569 1.890576e-16
3874.719061 2.407366e-16
3876.311125 2.065827e-16
3877.900385 2.567830e-16
3879.502853 2.750820e-16
3881.088387 2.538563e-16
3882.681767 2.832841e-16
3884.278087 2.819804e-16
3885.867809 2.259597e-16
3887.470539 2.857547e-16
3889.058769 2.363022e-16
3890.667637 2.675252e-16
3892.268183 2.316414e-16
3893.869952 2.738129e-16
3895.470744 2.534569e-16
3897.074134 2.427136e-16
3898.676134 2.505110e-16
3900.281385 2.120718e-16
3901.884163 2.590683e-16
3903.492938 2.253813e-16
3905.098384 2.628733e-16
3906.706356 2.509026e-16
3908.313158 2.358412e-16
3909.922035 2.243932e-16
3911.534195 2.307643e-16
3913.144438 2.426131e-16
3914.758277 2.554715e-16
3916.368980 2.052740e-16
3917.982844 2.148576e-16
3919.597023 2.498402e-16
3921.210898 2.405399e-16
3922.827228 2.562299e-16
3924.446019 2.090276e-16
3926.063262 2.393251e-16
3927.681793 2.389955e-16
3929.311260 2.076482e-16
3930.920612 2.725290e-16
3932.542029 2.270879e-16
3934.160964 2.110422e-16
3935.784889 2.394699e-16
3937.411564 2.607525e-16
3939.034511 2.634815e-16
3940.663146 2.573895e-16
3942.287113 2.573589e-16
3943.913929 2.345367e-16
3945.541680 2.728448e-16
3947.170235 2.582305e-16
3948.799727 2.274905e-16
3950.430227 2.671464e-16
3952.060340 2.619453e-16
3953.689830 2.832134e-16
3955.327208 2.307406e-16
3956.959446 2.317038e-16
3958.595575 2.759615e-16
3960.229605 2.291263e-16
3961.866466 2.519572e-16
3963.500820 2.250455e-16
3965.140468 2.911448e-16
3966.778313 2.553909e-16
3968.419034 2.823339e-16
3970.059024 2.395007e-16
3971.699363 3.092287e-16
3973.342389 2.436287e-16
3974.984549 2.587110e-16
3976.617922 3.371434e-16
3978.274045 2.807538e-16
3979.922505 2.369457e-16
3981.565241 2.727874e-16
3983.210993 2.395511e-16
3984.860268 2.699930e-16
3986.511749 2.813935e-16
3988.158582 2.890779e-16
3989.809472 2.824994e-16
3991.458936 2.750551e-16
3993.116776 2.690220e-16
3994.764082 2.556999e-16
3996.417551 2.858342e-16
3998.072049 3.010496e-16
3999.727214 2.574473e-16
4001.375365 3.070156e-16
4003.039725 2.721872e-16
4004.697661 2.662447e-16
4006.365127 2.938479e-16
4008.012762 2.698749e-16
4009.676798 2.710388e-16
4011.337039 3.027093e-16
4012.984014 3.248496e-16
4014.661377 3.039861e-16
4016.324066 2.510012e-16
4017.988592 2.985106e-16
4019.652786 3.110864e-16
4021.318829 2.976579e-16
4022.985966 3.078811e-16
4024.660335 2.402301e-16
4026.322046 3.088931e-16
4027.989926 2.561238e-16
4029.660931 2.690130e-16
4031.330560 2.881152e-16
4033.002184 2.796155e-16
4034.673677 2.578290e-16
4036.346703 2.790818e-16
4038.021222 2.647611e-16
4039.696895 2.163966e-16
4041.371650 2.421418e-16
4043.046819 2.761679e-16
4044.724383 2.764336e-16
4046.399141 2.853055e-16
4048.082194 2.970603e-16
4049.761235 2.590819e-16
4051.442023 2.809954e-16
4053.123204 2.803851e-16
4054.804950 3.098746e-16
4056.487462 2.796034e-16
4058.170677 2.955312e-16
4059.864149 2.820056e-16
4061.540607 2.987761e-16
4063.226924 2.927210e-16
4064.912938 3.112694e-16
4066.599809 2.766224e-16
4068.287480 3.280764e-16
4069.978015 3.111145e-16
4071.664193 2.869353e-16
4073.358498 3.099569e-16
4075.049426 2.692303e-16
4076.742038 2.843870e-16
4078.435367 2.915134e-16
4080.127345 2.517357e-16
4081.823237 2.857794e-16
4083.518056 2.716202e-16
4085.215767 2.916275e-16
4086.912121 2.712920e-16
4088.622602 2.479289e-16
4090.308364 2.872492e-16
4092.016423 3.148695e-16
4093.697416 3.148151e-16
4095.407805 3.001523e-16
4097.109867 2.718675e-16
4098.814284 2.611249e-16
4100.507119 2.936593e-16
4102.220113 2.723908e-16
4103.924071 2.488931e-16
4105.629785 2.579607e-16
4107.335948 2.342712e-16
4109.038362 2.807339e-16
4110.751590 2.695886e-16
4112.460990 2.477258e-16
4114.170221 2.351518e-16
4115.887901 2.741554e-16
4117.591641 2.579006e-16
4119.303336 2.485251e-16
4121.018513 2.428134e-16
4122.729654 2.446125e-16
4124.443955 2.336951e-16
4126.158462 2.986920e-16
4127.873692 2.417949e-16
4129.590419 2.604447e-16
4131.307650 2.303779e-16
4133.025860 2.378945e-16
4134.744542 2.072866e-16
4136.464137 2.334568e-16
4138.184863 2.458215e-16
4139.905586 2.153806e-16
4141.627357 2.191632e-16
4143.359429 2.134471e-16
4145.073712 2.380737e-16
4146.797745 2.179834e-16
4148.522431 2.380193e-16
4150.247647 2.150606e-16
4151.975867 2.495387e-16
4153.701903 2.344168e-16
4155.430855 2.199600e-16
4157.159158 2.055803e-16
4158.888220 1.962446e-16
4160.616512 1.901231e-16
4162.349561 2.234509e-16
4164.081563 2.069865e-16
4165.815905 1.937646e-16
4167.548422 1.665202e-16
4169.276743 1.980643e-16
4171.017377 2.059784e-16
4172.753107 2.148379e-16
4174.489559 1.865351e-16
4176.225648 1.788794e-16
4177.964385 1.874258e-16
4179.701950 2.017558e-16
4181.442346 1.936721e-16
4183.181475 1.812013e-16
4184.922570 1.818773e-16
4186.670158 1.508416e-16
4188.407442 1.987261e-16
4190.149953 2.120445e-16
4191.901889 1.737802e-16
4193.630086 1.560544e-16
4195.383932 1.705347e-16
4197.130939 1.919495e-16
4198.876977 1.693766e-16
4200.625398 1.649198e-16
4202.372923 1.785452e-16
4204.117145 1.806451e-16
4205.872624 1.671494e-16
4207.630951 1.804270e-16
4209.373747 1.548585e-16
4211.131040 1.691125e-16
4212.880159 1.851831e-16
4214.633407 1.899342e-16
4216.387154 1.670421e-16
4218.142720 1.778741e-16
4219.897274 1.831334e-16
4221.655517 1.913079e-16
4223.413381 1.812161e-16
4225.170624 1.737045e-16
4226.925709 1.705114e-16
4228.689211 1.702334e-16
4230.449697 1.808570e-16
4232.211016 1.984223e-16
4233.972335 1.997199e-16
4235.725987 1.710939e-16
4237.498514 1.664698e-16
4239.262094 1.471394e-16
4241.026444 1.887333e-16
4242.792962 1.682705e-16
4244.559435 1.716497e-16
4246.325982 1.948675e-16
4248.093221 1.799777e-16
4249.861451 1.853745e-16
4251.639648 2.013695e-16
4253.400696 1.989388e-16
4255.169121 1.717685e-16
4256.942931 1.526930e-16
4258.714943 1.654196e-16
4260.487430 1.877600e-16
4262.261484 1.783915e-16
4264.035590 1.948989e-16
4265.810482 1.754390e-16
4267.587217 1.804162e-16
4269.362113 2.066088e-16
4271.140577 1.857927e-16
4272.925833 1.854973e-16
4274.695983 2.034696e-16
4276.484058 1.819311e-16
4278.252532 1.801788e-16
4280.036719 1.664474e-16
4281.818299 1.924133e-16
4283.599845 1.888866e-16
4285.384105 1.921926e-16
4287.166908 2.109658e-16
4288.951570 2.138436e-16
4290.736931 1.975401e-16
4292.522468 1.956608e-16
4294.309186 2.121384e-16
4296.097232 2.092131e-16
4297.884241 2.129059e-16
4299.673098 1.830016e-16
4301.462505 1.915529e-16
4303.257334 2.184670e-16
4305.043446 2.110496e-16
4306.835856 2.157339e-16
4308.618506 2.074862e-16
4310.420855 2.163289e-16
4312.213498 2.117714e-16
4314.009180 2.207931e-16
4315.803650 2.140090e-16
4317.600339 2.397115e-16
4319.396607 2.198886e-16
4321.194353 2.313386e-16
4322.991417 2.219482e-16
4324.790483 2.458881e-16
4326.589606 2.413379e-16
4328.389906 2.311142e-16
4330.190425 2.119975e-16
4331.993334 2.234940e-16
4333.795385 2.691309e-16
4335.597884 2.588872e-16
4337.405919 2.436036e-16
4339.206707 2.662848e-16
4341.010762 2.507692e-16
4342.816054 2.529921e-16
4344.623137 2.863055e-16
4346.430926 2.539987e-16
4348.238710 2.616260e-16
4350.047625 2.637534e-16
4351.856052 2.615385e-16
4353.664776 2.720007e-16
4355.476361 2.863032e-16
4357.286863 2.784391e-16
4359.103036 2.691133e-16
4360.912838 2.797244e-16
4362.726622 3.011070e-16
4364.532645 3.186761e-16
4366.355772 2.943940e-16
4368.171604 3.186121e-16
4369.987967 3.031215e-16
4371.800394 3.034562e-16
4373.622111 3.376418e-16
4375.440638 3.323872e-16
4377.260009 3.294747e-16
4379.079648 3.204475e-16
4380.899771 3.328377e-16
4382.720602 3.165651e-16
4384.543037 3.411917e-16
4386.366018 3.287276e-16
4388.188820 3.423913e-16
4390.013173 3.361683e-16
4391.836727 3.350757e-16
4393.662799 3.515123e-16
4395.491264 3.634991e-16
4397.315081 3.185200e-16
4399.142398 3.283291e-16
4400.970365 3.304547e-16
4402.799098 3.690486e-16
4404.637106 3.445041e-16
4406.458558 3.571480e-16
4408.294921 3.501972e-16
4410.120815 3.552510e-16
4411.952985 3.672753e-16
4413.786024 3.528384e-16
4415.619761 3.708453e-16
4417.453684 3.759050e-16
4419.288351 3.435839e-16
4421.124443 3.439147e-16
4422.960245 3.389870e-16
4424.797045 3.455588e-16
4426.635519 3.387618e-16
4428.472991 3.359160e-16
4430.312235 3.492909e-16
4432.151945 3.166133e-16
4433.991414 3.550545e-16
4435.832980 3.478747e-16
4437.674459 3.425709e-16
4439.522905 3.739954e-16
4441.359975 3.403365e-16
4443.203735 3.447851e-16
4445.048188 3.478534e-16
4446.893010 3.600468e-16
4448.738936 3.479616e-16
4450.585391 3.431399e-16
4452.432033 3.189464e-16
4454.280060 3.441592e-16
4456.128423 3.247629e-16
4457.977390 3.235298e-16
4459.827292 3.355769e-16
4461.677360 3.299415e-16
4463.524692 3.137256e-16
4465.380037 3.164164e-16
4467.232742 3.211024e-16
4469.086432 3.318250e-16
4470.947659 3.005646e-16
4472.793985 3.166409e-16
4474.648968 3.068910e-16
4476.504899 3.152325e-16
4478.361354 3.051652e-16
4480.218607 2.706669e-16
4482.075885 3.056799e-16
4483.934355 2.980901e-16
4485.795916 2.887118e-16
4487.652994 2.972909e-16
4489.513616 3.171307e-16
4491.374405 2.826117e-16
4493.236229 2.896353e-16
4495.098730 2.698002e-16
4496.952813 2.577123e-16
4498.825138 2.606261e-16
4500.689898 2.663943e-16
4502.554698 2.624267e-16
4504.420477 2.579132e-16
4506.286630 2.627131e-16
4508.153519 2.299516e-16
4510.021784 2.583444e-16
4511.889220 2.547059e-16
4513.757946 2.471399e-16
4515.627135 2.383223e-16
4517.498369 2.480624e-16
4519.372298 2.245902e-16
4521.240647 2.425798e-16
4523.113276 2.375553e-16
4524.985981 2.298133e-16
4526.859432 2.299632e-16
4528.733251 2.277926e-16
4530.608377 2.203485e-16
4532.483513 2.114181e-16
4534.359530 2.085091e-16
4536.236692 2.305171e-16
4538.113419 2.222363e-16
4539.990999 2.250615e-16
4541.870591 2.131169e-16
4543.749863 2.093809e-16
4545.629777 2.183307e-16
4547.509948 2.116200e-16
4549.391655 2.055926e-16
4551.273216 2.055574e-16
4553.156207 2.205891e-16
4555.039040 1.993169e-16
4556.922993 1.864744e-16
4558.807245 2.000347e-16
4560.693515 1.983591e-16
4562.578375 2.031379e-16
4564.464996 2.132456e-16
4566.351788 1.826209e-16
4568.239876 1.956581e-16
4570.128034 1.941256e-16
4572.017154 1.982220e-16
4573.911718 2.004166e-16
4575.797366 1.992359e-16
4577.687495 2.077754e-16
4579.579107 1.881379e-16
4581.471028 1.802926e-16
4583.364046 1.906512e-16
4585.257213 1.798007e-16
4587.151377 1.900490e-16
4589.046479 1.851967e-16
4590.941293 2.009951e-16
4592.837213 1.896006e-16
4594.733854 1.859952e-16
4596.631150 1.911757e-16
4598.528815 1.768770e-16
4600.427540 1.849127e-16
4602.326153 1.814929e-16
4604.226382 1.693272e-16
4606.126783 1.800216e-16
4608.026261 1.526637e-16
4609.929533 1.742472e-16
4611.831491 1.676097e-16
4613.734159 1.772365e-16
4615.638056 1.693625e-16
4617.541831 1.638282e-16
4619.447290 1.853862e-16
4621.352404 1.627387e-16
4623.258030 1.871904e-16
4625.164612 1.793128e-16
4627.071724 1.869643e-16
4628.980063 1.731114e-16
4630.888458 1.582945e-16
4632.797631 1.600030e-16
4634.707022 1.775678e-16
4636.617592 1.672298e-16
4638.528484 1.635829e-16
4640.440464 1.685552e-16
4642.351704 1.729348e-16
4644.264961 1.757392e-16
4646.178493 1.660612e-16
4648.092697 1.785908e-16
4650.006866 1.724892e-16
4651.922656 1.702336e-16
4653.838515 1.669717e-16
4655.754649 1.672523e-16
4657.672344 1.745000e-16
4659.590095 1.578127e-16
4661.508409 1.669372e-16
4663.427240 1.778208e-16
4665.346918 1.597498e-16
4667.267038 1.672879e-16
4669.188242 1.799324e-16
4671.109964 1.585212e-16
4673.031611 1.693462e-16
4674.954177 1.713158e-16
4676.877776 1.679641e-16
4678.801154 1.664664e-16
4680.725791 1.711075e-16
4682.650909 1.671835e-16
4684.576602 1.703650e-16
4686.503103 1.758214e-16
4688.430032 1.728848e-16
4690.357529 1.809040e-16
4692.285506 1.705749e-16
4694.214601 1.742376e-16
4696.143694 1.626688e-16
4698.073682 1.572059e-16
4700.004152 1.728599e-16
4701.935338 1.536687e-16
4703.867541 1.773141e-16
4705.799467 1.643920e-16
4707.732837 1.721996e-16
4709.666174 1.510276e-16
4711.600357 1.647340e-16
4713.534813 1.680808e-16
4715.470722 1.616220e-16
4717.406415 1.623024e-16
4719.343212 1.598129e-16
4721.280078 1.551728e-16
4723.217998 1.594389e-16
4725.163575 1.507094e-16
4727.095453 1.577106e-16
4729.034830 1.582172e-16
4730.974962 1.628428e-16
4732.915789 1.593384e-16
4734.856843 1.453943e-16
4736.799022 1.552733e-16
4738.742002 1.510748e-16
4740.684591 1.437682e-16
4742.628763 1.565458e-16
4744.572864 1.397003e-16
4746.517867 1.551752e-16
4748.463326 1.570818e-16
4750.409705 1.550576e-16
4752.356172 1.465690e-16
4754.303123 1.528377e-16
4756.251100 1.565329e-16
4758.199328 1.462797e-16
4760.149222 1.444466e-16
4762.098627 1.466775e-16
4764.048784 1.463712e-16
4765.999550 1.553892e-16
4767.950854 1.403021e-16
4769.903228 1.306847e-16
4771.855638 1.429415e-16
4773.808862 1.452540e-16
4775.762423 1.527811e-16
4777.716615 1.508765e-16
4779.671818 1.486101e-16
4781.627250 1.407014e-16
4783.583214 1.492477e-16
4785.540217 1.537391e-16
4787.499677 1.585802e-16
4789.455127 1.510211e-16
4791.413600 1.497273e-16
4793.372434 1.437002e-16
4795.332171 1.477090e-16
4797.292594 1.613926e-16
4799.253310 1.537706e-16
4801.214667 1.535703e-16
4803.176197 1.496870e-16
4805.138109 1.513128e-16
4807.102131 1.439231e-16
4809.065534 1.660401e-16
4811.029860 1.766399e-16
4812.994484 1.560028e-16
4814.960183 1.592598e-16
4816.925956 1.520690e-16
4818.891982 1.690586e-16
4820.858728 1.620806e-16
4822.827269 1.616758e-16
4824.795696 1.653722e-16
4826.763737 1.619292e-16
4828.733419 1.664463e-16
4830.703221 1.570326e-16
4832.674324 1.678884e-16
4834.647476 1.612813e-16
4836.617110 1.707300e-16
4838.589026 1.765115e-16
4840.561988 1.532602e-16
4842.534897 1.671271e-16
4844.509330 1.578754e-16
4846.483621 1.668117e-16
4848.458763 1.662374e-16
4850.434656 1.660819e-16
4852.410694 1.707101e-16
4854.387227 1.732687e-16
4856.364956 1.780540e-16
4858.342909 1.675208e-16
4860.321045 1.700617e-16
4862.300362 1.825625e-16
4864.279770 1.704282e-16
4866.259900 1.755082e-16
4868.240826 1.799807e-16
4870.222071 1.803485e-16
4872.204066 1.737244e-16
4874.186408 1.717919e-16
4876.168995 1.765984e-16
4878.152851 1.656216e-16
4880.136882 1.706076e-16
4882.122000 1.766564e-16
4884.106612 1.743547e-16
4886.092798 1.946765e-16
4888.079010 1.752453e-16
4890.065944 1.731952e-16
4892.053467 1.768658e-16
4894.041627 1.850198e-16
4896.030024 1.790352e-16
4898.018938 1.890971e-16
4900.008645 1.799856e-16
4901.998749 1.828752e-16
4903.989516 1.913393e-16
4905.981047 1.837616e-16
4907.972948 1.875927e-16
4909.965699 1.846024e-16
4911.958306 1.911772e-16
4913.952047 1.881905e-16
4915.948274 1.909780e-16
4917.940974 1.892907e-16
4919.935737 1.861784e-16
4921.930526 1.951389e-16
4923.927848 1.900004e-16
4925.924941 1.967234e-16
4927.922251 1.937306e-16
4929.919268 1.992936e-16
4931.918913 1.974213e-16
4933.917853 2.031867e-16
4935.917552 2.070757e-16
4937.917638 2.018642e-16
4939.918284 2.092715e-16
4941.919556 2.032747e-16
4943.921454 2.201427e-16
4945.923853 2.061222e-16
4947.926339 2.153346e-16
4949.930146 2.088728e-16
4951.933911 2.175512e-16
4953.938475 2.226583e-16
4955.943280 2.111286e-16
4957.949113 2.150001e-16
4959.955181 2.153322e-16
4961.961602 2.242553e-16
4963.969195 2.222725e-16
4965.977262 2.333862e-16
4967.984882 2.255715e-16
4969.990917 2.296807e-16
4972.001534 2.369704e-16
4974.013355 2.428802e-16
4976.026018 2.388252e-16
4978.035001 2.440453e-16
4980.046225 2.527871e-16
4982.058429 2.419206e-16
4984.070981 2.452701e-16
4986.084038 2.561069e-16
4988.097820 2.359634e-16
4990.111689 2.469004e-16
4992.126786 2.560351e-16
4994.142229 2.595373e-16
4996.157559 2.710425e-16
4998.174357 2.693807e-16
5000.191237 2.558363e-16
5002.208429 2.715952e-16
5004.226369 2.679346e-16
5006.244708 2.822443e-16
5008.263983 2.653173e-16
5010.283217 2.714993e-16
5012.303325 2.755636e-16
5014.323970 2.743855e-16
5016.336288 2.843784e-16
5018.347531 2.757859e-16
5020.388943 2.769695e-16
5022.411867 2.772441e-16
5024.434800 2.817801e-16
5026.458748 2.771264e-16
5028.482891 2.849505e-16
5030.507920 2.879800e-16
5032.533193 2.863865e-16
5034.559085 2.874633e-16
5036.585201 2.854982e-16
5038.612328 3.001534e-16
5040.639636 2.883561e-16
5042.667571 3.008988e-16
5044.696044 2.917771e-16
5046.725264 2.918110e-16
5048.754895 2.944389e-16
5050.784662 3.029358e-16
5052.815340 3.119761e-16
5054.846462 3.045757e-16
5056.878152 3.028130e-16
5058.910136 3.108129e-16
5060.942997 3.047133e-16
5062.976033 3.133028e-16
5065.009654 3.100139e-16
5067.043835 3.097726e-16
5069.078629 3.148569e-16
5071.113913 3.184089e-16
5073.149522 3.220847e-16
5075.185813 3.228114e-16
5077.222728 3.143302e-16
5079.260096 3.254154e-16
5081.297820 3.228003e-16
5083.336020 3.265726e-16
5085.374934 3.264302e-16
5087.414501 3.291583e-16
5089.454204 3.254185e-16
5091.494666 3.130502e-16
5093.535489 3.206642e-16
5095.576949 3.230378e-16
5097.619054 3.170090e-16
5099.661267 3.104928e-16
5101.704309 3.242547e-16
5103.747796 3.192912e-16
5105.791587 3.077727e-16
5107.836225 3.205795e-16
5109.881114 3.096875e-16
5111.926773 3.211826e-16
5113.972663 3.171013e-16
5116.019169 3.085194e-16
5118.066125 3.108939e-16
5120.113632 3.258428e-16
5122.161748 3.150715e-16
5124.210416 3.105280e-16
5126.259532 3.060347e-16
5128.308746 3.049283e-16
5130.358872 3.018881e-16
5132.409529 3.144382e-16
5134.460543 3.014956e-16
5136.512144 2.965953e-16
5138.564314 3.066834e-16
5140.616620 3.048710e-16
5142.670003 2.941310e-16
5144.730377 2.904691e-16
5146.777489 3.111182e-16
5148.831973 3.034489e-16
5150.886945 3.070570e-16
5152.942837 3.093843e-16
5154.998873 3.060872e-16
5157.055499 3.038817e-16
5159.112413 3.066875e-16
5161.170046 3.080535e-16
5163.228054 3.015310e-16
5165.286635 3.096932e-16
5167.345817 3.088898e-16
5169.405321 3.086491e-16
5171.465206 3.142978e-16
5173.525839 3.063825e-16
5175.586781 3.028189e-16
5177.648316 3.055015e-16
5179.710548 3.050216e-16
5181.773177 2.999692e-16
5183.835804 3.071300e-16
5185.899412 3.095850e-16
5187.963663 3.139860e-16
5190.027955 3.116745e-16
5192.093039 3.181034e-16
5194.158722 3.121809e-16
5196.224598 3.114684e-16
5198.290923 3.163041e-16
5200.357896 3.109376e-16
5202.425423 3.091404e-16
5204.493242 3.128296e-16
5206.561844 3.135059e-16
5208.630587 3.047156e-16
5210.700050 3.143039e-16
5212.769776 3.001884e-16
5214.840393 3.185141e-16
5216.911206 3.094783e-16
5218.982461 3.195424e-16
5221.054283 3.150636e-16
5223.126736 3.191818e-16
5225.199431 3.156003e-16
5227.272753 3.192044e-16
5229.346589 3.176054e-16
5231.420690 3.156794e-16
5233.495373 3.116097e-16
5235.570750 3.125243e-16
5237.646366 3.156968e-16
5239.722575 3.189446e-16
5241.799152 3.146313e-16
5243.876588 3.128444e-16
5245.953968 3.147254e-16
5248.032102 3.116024e-16
5250.110740 3.095474e-16
5252.189678 3.188196e-16
5254.269418 3.156059e-16
5256.349297 3.114480e-16
5258.429800 3.206146e-16
5260.510860 3.041553e-16
5262.592420 3.120358e-16
5264.674445 3.128763e-16
5266.756709 3.124400e-16
5268.839405 3.142629e-16
5270.922875 3.070934e-16
5273.006767 3.016591e-16
5275.091005 3.148158e-16
5277.175992 3.054215e-16
5279.260933 3.056611e-16
5281.346874 3.055225e-16
5283.432939 3.033295e-16
5285.519844 3.041533e-16
5287.606794 2.961968e-16
5289.694639 3.010761e-16
5291.782789 2.918355e-16
5293.871334 2.978165e-16
5295.960300 2.956271e-16
5298.049439 2.919301e-16
5300.138540 2.938255e-16
5302.229216 2.963257e-16
5304.321212 2.906608e-16
5306.412795 2.891860e-16
5308.504469 2.831341e-16
5310.596889 2.890421e-16
5312.689739 2.810352e-16
5314.782926 2.786985e-16
5316.876710 2.841455e-16
5318.970843 2.831592e-16
5321.065688 2.850438e-16
5323.160573 2.855438e-16
5325.256290 2.814164e-16
5327.352322 2.826906e-16
5329.448879 2.776184e-16
5331.542587 2.807464e-16
5333.640249 2.868596e-16
5335.741222 2.746878e-16
5337.839625 2.867462e-16
5339.938536 2.791065e-16
5342.037841 2.835394e-16
5344.137519 2.776873e-16
5346.237688 2.801532e-16
5348.338581 2.903523e-16
5350.439360 2.799983e-16
5352.541268 2.848114e-16
5354.643232 2.832210e-16
5356.745804 2.827242e-16
5358.848842 2.847621e-16
5360.952342 2.819855e-16
5363.056198 2.819373e-16
5365.160535 2.913120e-16
5367.265308 2.846168e-16
5369.370719 2.814279e-16
5371.476245 2.897217e-16
5373.582581 2.853564e-16
5375.689126 2.855732e-16
5377.796544 2.958241e-16
5379.903699 2.857547e-16
5382.011913 2.962402e-16
5384.120253 2.861373e-16
5386.229049 2.886439e-16
5388.338517 2.933973e-16
5390.448490 2.956499e-16
5392.558695 2.988057e-16
5394.669508 2.962724e-16
5396.780720 2.921319e-16
5398.892383 3.069907e-16
5401.004344 2.985940e-16
5403.117000 2.992212e-16
5405.229888 2.946915e-16
5407.343478 2.927110e-16
5409.457178 3.006877e-16
5411.571728 2.945611e-16
5413.686390 2.911329e-16
5415.801416 2.933084e-16
5417.917104 2.958176e-16
5420.033453 2.914893e-16
5422.150009 2.864419e-16
5424.266931 2.983682e-16
5426.384489 2.926744e-16
5428.502445 3.018942e-16
5430.620798 2.895190e-16
5432.739585 2.965299e-16
5434.858666 2.926335e-16
5436.978468 2.941081e-16
5439.098510 2.947656e-16
5441.219298 2.978100e-16
5443.340280 2.931862e-16
5445.461774 2.876616e-16
5447.583553 2.908907e-16
5449.705984 2.884304e-16
5451.828624 2.911318e-16
5453.951939 2.975051e-16
5456.075569 2.930788e-16
5458.199894 2.923012e-16
5460.324389 2.843126e-16
5462.449353 2.941213e-16
5464.574619 2.816797e-16
5466.700711 2.764812e-16
5468.826899 2.870744e-16
5470.953698 2.917365e-16
5473.080966 2.833473e-16
5475.208410 2.881672e-16
5477.336531 2.881777e-16
5479.465073 2.869168e-16
5481.594006 2.829641e-16
5483.723456 2.872177e-16
5485.853193 2.866802e-16
5487.983628 2.805780e-16
5490.114066 2.870506e-16
5492.245338 2.837538e-16
5494.376686 2.736236e-16
5496.508739 2.851622e-16
5498.641043 2.750814e-16
5500.774000 2.784377e-16
5502.907341 2.793101e-16
5505.040936 2.802954e-16
5507.175114 2.840784e-16
5509.309724 2.817278e-16
5511.444733 2.720090e-16
5513.580159 2.785638e-16
5515.715985 2.772502e-16
5517.852368 2.765789e-16
5519.988890 2.749790e-16
5522.126192 2.812832e-16
5524.263934 2.771443e-16
5526.401756 2.800994e-16
5528.540007 2.741702e-16
5530.678954 2.675784e-16
5532.818115 2.710340e-16
5534.957851 2.690906e-16
5537.098279 2.675332e-16
5539.238846 2.688735e-16
5541.379872 2.598520e-16
5543.521241 2.641192e-16
5545.663107 2.586338e-16
5547.805280 2.589493e-16
5549.948090 2.592899e-16
5552.091227 2.538845e-16
5554.234743 2.497255e-16
5556.378600 2.543674e-16
5558.522991 2.506730e-16
5560.667834 2.501019e-16
5562.814143 2.452493e-16
5564.958626 2.438641e-16
5567.104941 2.469359e-16
5569.251200 2.505069e-16
5571.398311 2.506911e-16
5573.545041 2.346949e-16
5575.693265 2.613210e-16
5577.841536 2.257480e-16
5579.990379 2.440680e-16
5582.140406 2.348683e-16
5584.288767 2.352665e-16
5586.438373 2.316193e-16
5588.588676 2.373554e-16
5590.739490 2.324188e-16
5592.890374 2.286497e-16
5595.042030 2.353266e-16
5597.193924 2.297221e-16
5599.346401 2.318659e-16
5601.498872 2.285693e-16
5603.652197 2.295928e-16
5605.805835 2.316091e-16
5607.959715 2.278717e-16
5610.114252 2.294089e-16
5612.269071 2.305625e-16
5614.424423 2.257903e-16
5616.579942 2.307184e-16
5618.736023 2.303190e-16
5620.892613 2.235057e-16
5623.049526 2.221190e-16
5625.206632 2.238869e-16
5627.364480 2.195255e-16
5629.522509 2.255745e-16
5631.681219 2.198357e-16
5633.840037 2.222749e-16
5635.999447 2.218346e-16
5638.159215 2.217674e-16
5640.319216 2.219610e-16
5642.480005 2.162397e-16
5644.640947 2.194132e-16
5646.802378 2.152759e-16
5648.964130 2.130066e-16
5651.126341 2.224742e-16
5653.289044 2.224512e-16
5655.452026 2.210144e-16
5657.615416 2.231785e-16
5659.779217 2.167948e-16
5661.943502 2.198152e-16
5664.108254 2.217205e-16
5666.273139 2.289557e-16
5668.438567 2.233529e-16
5670.604519 2.245677e-16
5672.770760 2.231478e-16
5674.937405 2.260292e-16
5677.104649 2.231709e-16
5679.271999 2.159252e-16
5681.439853 2.317201e-16
5683.608180 2.251548e-16
5685.776846 2.268237e-16
5687.945848 2.345028e-16
5690.115306 2.219803e-16
5692.285281 2.284077e-16
5694.455568 2.261033e-16
5696.626273 2.318537e-16
5698.797293 2.300011e-16
5700.968792 2.221074e-16
5703.140655 2.226317e-16
5705.312995 2.301560e-16
5707.485611 2.206404e-16
5709.658761 2.246521e-16
5711.832150 2.273703e-16
5714.006007 2.222061e-16
5716.180271 2.212250e-16
5718.354806 2.207338e-16
5720.529955 2.243829e-16
5722.705416 2.260494e-16
5724.881191 2.181597e-16
5727.057594 2.304016e-16
5729.234105 2.207688e-16
5731.411068 2.244468e-16
5733.588587 2.205823e-16
5735.766316 2.169630e-16
5737.944561 2.178386e-16
5740.123184 2.193087e-16
5742.302221 2.237091e-16
5744.481515 2.157523e-16
5746.661273 2.099583e-16
5748.841520 2.110428e-16
5751.021998 2.143268e-16
5753.202991 2.220360e-16
5755.384114 2.198496e-16
5757.566059 2.182030e-16
5759.748094 2.182271e-16
5761.930606 2.174826e-16
5764.113460 2.143393e-16
5766.296863 2.198690e-16
5768.480405 2.130321e-16
5770.664430 2.160432e-16
5772.849026 2.158895e-16
5775.033768 2.120129e-16
5777.219019 2.092587e-16
5779.404601 2.037899e-16
5781.590651 2.137653e-16
5783.776899 2.097578e-16
5785.963688 2.133404e-16
5788.150850 2.130228e-16
5790.338343 2.112202e-16
5792.526306 2.177248e-16
5794.714544 2.110669e-16
5796.903211 2.056105e-16
5799.092270 2.053683e-16
5801.281800 2.026063e-16
5803.471444 2.003687e-16
5805.661889 2.009957e-16
5807.852332 1.992436e-16
5810.043377 1.931564e-16
5812.234720 1.865438e-16
5814.426391 1.938967e-16
5816.618507 1.923289e-16
5818.811018 1.893316e-16
5821.003923 1.833539e-16
5823.197215 1.792248e-16
5825.390828 1.778151e-16
5827.584751 1.800119e-16
5829.779180 1.739787e-16
5831.973906 1.702325e-16
5834.169136 1.702640e-16
5836.364722 1.681867e-16
5838.560540 1.690715e-16
5840.756819 1.599964e-16
5842.953393 1.619963e-16
5845.150530 1.618729e-16
5847.347949 1.599651e-16
5849.545578 1.561818e-16
5851.743863 1.590727e-16
5853.942358 1.555662e-16
5856.141394 1.563556e-16
5858.340464 1.490875e-16
5860.540171 1.508124e-16
5862.740266 1.495789e-16
5864.940645 1.448446e-16
5867.141437 1.405825e-16
5869.342484 1.429350e-16
5871.544130 1.427572e-16
5873.745972 1.383018e-16
5875.948310 1.389878e-16
5878.150787 1.351605e-16
5880.353930 1.331228e-16
5882.557098 1.292291e-16
5884.760923 1.342689e-16
5886.964832 1.244243e-16
5889.169666 1.267019e-16
5891.374363 1.121003e-16
5893.579716 1.327724e-16
5895.785344 1.144984e-16
5897.991232 1.242368e-16
5900.197659 1.112384e-16
5902.404355 1.177450e-16
5904.611329 1.216702e-16
5906.818734 1.161476e-16
5909.026491 1.187610e-16
5911.234596 1.141769e-16
5913.443195 1.152764e-16
5915.651990 1.200151e-16
5917.861279 1.145858e-16
5920.070789 1.153886e-16
5922.280923 1.152930e-16
5924.491232 1.101877e-16
5926.701956 1.087846e-16
5928.913116 1.089310e-16
5931.124384 1.106405e-16
5933.336309 1.051837e-16
5935.548295 1.058785e-16
5937.760939 1.135408e-16
5939.973891 1.090806e-16
5942.187171 1.104229e-16
5944.400817 1.046598e-16
5946.614627 1.117094e-16
5948.828934 1.078311e-16
5951.043718 1.066056e-16
5953.258696 1.043915e-16
5955.474068 1.055904e-16
5957.689967 1.057953e-16
5959.906064 1.074590e-16
5962.122481 1.042800e-16
5964.339337 1.138026e-16
5966.556626 1.042181e-16
5968.774163 1.069929e-16
5970.992073 1.098178e-16
5973.210319 1.093811e-16
5975.428987 1.069572e-16
5977.647906 1.074372e-16
5979.867327 1.059777e-16
5982.086965 1.043104e-16
5984.307136 1.111324e-16
5986.527482 1.086670e-16
5988.748235 1.102512e-16
5990.969422 1.123824e-16
5993.190862 1.130378e-16
5995.412722 1.117780e-16
5997.634905 1.134055e-16
5999.857431 1.106066e-16
6002.080325 1.130295e-16
6004.303600 1.109150e-16
6006.527148 1.113313e-16
6008.751110 1.192803e-16
6010.975416 1.110380e-16
6013.200090 1.156729e-16
6015.425060 1.172148e-16
6017.650510 1.164006e-16
6019.876095 1.173505e-16
6022.102196 1.208812e-16
6024.328577 1.173582e-16
6026.555311 1.231016e-16
6028.782457 1.233527e-16
6031.009964 1.241376e-16
6033.237725 1.252500e-16
6035.465839 1.279012e-16
6037.694384 1.228120e-16
6039.923230 1.371331e-16
6042.152452 1.246719e-16
6044.381944 1.363812e-16
6046.611868 1.364362e-16
6048.842129 1.345641e-16
6051.072662 1.393348e-16
6053.303617 1.432421e-16
6055.534874 1.444938e-16
6057.766509 1.423074e-16
6059.998481 1.450584e-16
6062.230786 1.478601e-16
6064.463426 1.513602e-16
6066.696462 1.518378e-16
6068.929829 1.569305e-16
6071.163376 1.571575e-16
6073.397493 1.541221e-16
6075.631872 1.539103e-16
6077.866536 1.555013e-16
6080.101619 1.631947e-16
6082.337090 1.653598e-16
6084.572757 1.625232e-16
6086.808868 1.678767e-16
6089.045279 1.654969e-16
6091.281985 1.666066e-16
6093.519126 1.724414e-16
6095.756592 1.732321e-16
6097.994300 1.760475e-16
6100.232476 1.771620e-16
6102.471044 1.761685e-16
6104.709692 1.816039e-16
6106.948926 1.802696e-16
6109.188422 1.871447e-16
6111.428173 1.837514e-16
6113.668351 1.882086e-16
6115.908821 1.884074e-16
6118.149649 1.916367e-16
6120.390882 1.911803e-16
6122.632339 1.947634e-16
6124.874181 1.953755e-16
6127.116325 1.981847e-16
6129.358855 2.045521e-16
6131.601694 2.062895e-16
6133.844904 2.015497e-16
6136.088383 2.009149e-16
6138.332281 2.010942e-16
6140.576445 2.090891e-16
6142.820952 1.995516e-16
6145.065804 2.113184e-16
6147.311005 2.089792e-16
6149.556558 2.094595e-16
6151.802408 2.114090e-16
6154.048590 2.117917e-16
6156.295080 2.094714e-16
6158.541929 2.106087e-16
6160.789113 2.148361e-16
6163.036672 2.209726e-16
6165.284515 2.156614e-16
6167.532607 2.108832e-16
6169.781145 2.144357e-16
6172.029994 2.205308e-16
6174.279141 2.169519e-16
6176.528661 2.127370e-16
6178.778474 2.171692e-16
6181.028661 2.173273e-16
6183.279108 2.245255e-16
6185.529930 2.208863e-16
6187.781060 2.173918e-16
6190.032425 2.163110e-16
6192.284372 2.237310e-16
6194.536431 2.179465e-16
6196.788842 2.195900e-16
6199.041632 2.195981e-16
6201.294733 2.209754e-16
6203.548188 2.207548e-16
6205.801897 2.263745e-16
6208.056012 2.242390e-16
6210.310389 2.262479e-16
6212.565052 2.201958e-16
6214.820152 2.306070e-16
6217.075579 2.269515e-16
6219.331195 2.283010e-16
6221.587291 2.233372e-16
6223.843599 2.227768e-16
6226.100237 2.275629e-16
6228.357266 2.271480e-16
6230.614556 2.280301e-16
6232.872251 2.164313e-16
6235.130112 2.217380e-16
6237.387293 2.236555e-16
6239.647093 2.226089e-16
6241.906003 2.225297e-16
6244.165212 2.286911e-16
6246.424843 2.241889e-16
6248.684713 2.218279e-16
6250.944853 2.213962e-16
6253.205406 2.207427e-16
6255.466305 2.253129e-16
6257.727357 2.229796e-16
6259.988931 2.283405e-16
6262.250704 2.272300e-16
6264.512869 2.238799e-16
6266.775343 2.214839e-16
6269.038028 2.296529e-16
6271.301175 2.264031e-16
6273.564516 2.227621e-16
6275.828279 2.186182e-16
6278.092168 2.164053e-16
6280.356645 2.116949e-16
6282.621214 2.123818e-16
6284.886166 2.153097e-16
6287.151494 2.188108e-16
6289.417091 2.148969e-16
6291.683041 2.205687e-16
6293.949247 2.214675e-16
6296.215677 2.175305e-16
6298.482590 2.203199e-16
6300.749910 2.229150e-16
6303.017331 2.148926e-16
6305.285300 2.167439e-16
6307.553366 2.182601e-16
6309.821722 2.224134e-16
6312.090491 2.229355e-16
6314.359546 2.171084e-16
6316.628877 2.204637e-16
6318.898507 2.187732e-16
6321.168527 2.198379e-16
6323.438781 2.219442e-16
6325.709433 2.230604e-16
6327.980364 2.197543e-16
6330.251635 2.245061e-16
6332.523189 2.218594e-16
6334.795008 2.222496e-16
6337.068956 2.194455e-16
6339.339610 2.236950e-16
6341.612412 2.234687e-16
6343.885503 2.177812e-16
6346.158932 2.239602e-16
6348.432620 2.160612e-16
6350.706637 2.154419e-16
6352.980943 2.149863e-16
6355.255580 2.214978e-16
6357.530284 2.257115e-16
6359.819726 2.195961e-16
6362.091601 2.187048e-16
6364.357216 2.195146e-16
6366.633349 2.144709e-16
6368.909839 2.190542e-16
6371.186652 2.188931e-16
6373.463593 2.187775e-16
6375.741029 2.181515e-16
6378.018760 2.155884e-16
6380.296756 2.168792e-16
6382.575020 2.168695e-16
6384.853606 2.159418e-16
6387.132553 2.167161e-16
6389.411722 2.189131e-16
6391.691299 2.177906e-16
6393.971078 2.125735e-16
6396.251159 2.175518e-16
6398.531630 2.239704e-16
6400.812334 2.181876e-16
6403.093335 2.166271e-16
6405.374722 2.217301e-16
6407.656262 2.161720e-16
6409.938243 2.169503e-16
6412.220478 2.184965e-16
6414.503055 2.169784e-16
6416.785799 2.134368e-16
6419.068908 2.149854e-16
6421.352335 2.172349e-16
6423.636131 2.129813e-16
6425.920116 2.175553e-16
6428.204525 2.145659e-16
6430.489048 2.121368e-16
6432.774081 2.147638e-16
6435.059217 2.130831e-16
6437.344796 2.138349e-16
6439.630580 2.068513e-16
6441.916699 2.093441e-16
6444.203082 2.137448e-16
6446.489814 2.074446e-16
6448.776819 2.123473e-16
6451.064128 2.086030e-16
6453.351702 2.106447e-16
6455.639655 2.091196e-16
6457.927783 2.074662e-16
6460.216315 2.036662e-16
6462.505056 2.038241e-16
6464.794167 2.052736e-16
6467.083531 2.023326e-16
6469.373170 2.048440e-16
6471.663175 2.015113e-16
6473.953371 2.062382e-16
6476.243942 2.042728e-16
6478.534810 1.988225e-16
6480.825923 2.013978e-16
6483.117269 1.980563e-16
6485.409069 1.962459e-16
6487.701045 1.992862e-16
6489.993390 2.018159e-16
6492.285958 1.973580e-16
6494.578845 1.970700e-16
6496.872003 2.010860e-16
6499.165436 1.986473e-16
6501.459271 1.978410e-16
6503.753293 1.968319e-16
6506.046817 1.929004e-16
6508.342277 1.959973e-16
6510.637217 1.942088e-16
6512.932379 1.923298e-16
6515.227910 1.943053e-16
6517.523663 1.959258e-16
6519.819794 1.938045e-16
6522.116125 1.941980e-16
6524.412790 1.946219e-16
6526.709738 1.958971e-16
6529.006973 1.896784e-16
6531.304457 1.897615e-16
6533.602249 1.889301e-16
6535.900420 1.881854e-16
6538.198731 1.909194e-16
6540.497390 1.924006e-16
6542.796353 1.854521e-16
6545.095572 1.876547e-16
6547.395119 1.865641e-16
6549.694893 1.886595e-16
6551.995031 1.832865e-16
6554.295413 1.835051e-16
6556.596060 1.828082e-16
6558.897052 1.797590e-16
6561.198293 1.858633e-16
6563.499692 1.807277e-16
6565.801576 1.809837e-16
6568.103604 1.758190e-16
6570.406040 1.836873e-16
6572.708677 1.768565e-16
6575.011621 1.762517e-16
6577.314839 1.846384e-16
6579.618326 1.770340e-16
6581.922098 1.750433e-16
6584.226144 1.794891e-16
6586.530538 1.772113e-16
6588.835099 1.722489e-16
6591.140077 1.753131e-16
6593.445209 1.712020e-16
6595.750664 1.691472e-16
6598.056481 1.719025e-16
6600.362473 1.788952e-16
6602.668776 1.651466e-16
6604.975238 1.691384e-16
6607.282243 1.664694e-16
6609.589547 1.560590e-16
6611.896839 1.695499e-16
6614.204532 1.623284e-16
6616.512563 1.718802e-16
6618.820805 1.733739e-16
6621.129342 1.686755e-16
6623.438141 1.652372e-16
6625.747268 1.579978e-16
6628.056500 1.698959e-16
6630.366198 1.689164e-16
6632.676209 1.658870e-16
6634.986473 1.673716e-16
6637.296927 1.658562e-16
6639.607695 1.628306e-16
6641.918720 1.639666e-16
6644.230029 1.672608e-16
6646.541649 1.606915e-16
6648.853487 1.647374e-16
6651.165638 1.628864e-16
6653.478033 1.651208e-16
6655.790736 1.583770e-16
6658.103668 1.616867e-16
6660.416943 1.571532e-16
6662.730463 1.559764e-16
6665.044234 1.563029e-16
6667.358301 1.614701e-16
6669.672591 1.576242e-16
6671.987234 1.623378e-16
6674.302090 1.594945e-16
6676.617259 1.573476e-16
6678.932674 1.587954e-16
6681.248384 1.563476e-16
6683.564283 1.581766e-16
6685.880472 1.576699e-16
6688.196968 1.608901e-16
6690.513783 1.574622e-16
6692.830885 1.557649e-16
6695.148244 1.537497e-16
6697.465818 1.539698e-16
6699.783665 1.574322e-16
6702.101835 1.548326e-16
6704.420261 1.550091e-16
6706.738896 1.564755e-16
6709.057864 1.567840e-16
6711.377025 1.544786e-16
6713.696541 1.543613e-16
6716.016286 1.534906e-16
6718.336293 1.498106e-16
6720.656602 1.499129e-16
6722.977173 1.494333e-16
6725.297951 1.521806e-16
6727.619090 1.520682e-16
6729.940456 1.498049e-16
6732.262036 1.537534e-16
6734.583916 1.503600e-16
6736.906129 1.544594e-16
6739.228539 1.559088e-16
6741.551204 1.540419e-16
6743.874161 1.474731e-16
6746.197427 1.532961e-16
6748.520927 1.523934e-16
6750.844655 1.527671e-16
6753.168665 1.517909e-16
6755.492959 1.512180e-16
6757.817556 1.540520e-16
6760.142343 1.544340e-16
6762.467352 1.532107e-16
6764.792747 1.540645e-16
6767.118418 1.459396e-16
6769.444282 1.511141e-16
6771.770403 1.492371e-16
6774.096768 1.465564e-16
6776.423386 1.499691e-16
6778.750317 1.525146e-16
6781.077550 1.561401e-16
6783.404997 1.499183e-16
6785.732704 1.541334e-16
6788.060694 1.494389e-16
6790.388899 1.509168e-16
6792.717392 1.518856e-16
6795.046175 1.498504e-16
6797.375150 1.506318e-16
6799.704492 1.535259e-16
6802.033992 1.499297e-16
6804.363775 1.510839e-16
6806.693851 1.514678e-16
6809.024204 1.518026e-16
6811.354759 1.514263e-16
6813.685618 1.561382e-16
6816.016736 1.496511e-16
6818.348065 1.484643e-16
6820.679717 1.523291e-16
6823.011575 1.509633e-16
6825.343679 1.529845e-16
6827.676092 1.483275e-16
6830.008757 1.514761e-16
6832.341669 1.484899e-16
6834.674867 1.472222e-16
6837.008268 1.447795e-16
6839.341938 1.495545e-16
6841.675877 1.512761e-16
6844.010098 1.479115e-16
6846.344507 1.526478e-16
6848.679266 1.476098e-16
6851.013834 1.504975e-16
6853.349445 1.521237e-16
6855.684919 1.465999e-16
6858.020632 1.483707e-16
6860.356639 1.474491e-16
6862.692874 1.423363e-16
6865.029419 1.407695e-16
6867.366166 1.243778e-16
6869.703263 1.128542e-16
6872.040408 1.039563e-16
6874.377952 1.037915e-16
6876.715699 1.116773e-16
6879.053707 1.223115e-16
6881.392028 1.348470e-16
6883.730573 1.359923e-16
6886.069347 1.326044e-16
6888.408378 1.278574e-16
6890.747687 1.277027e-16
6893.087238 1.284972e-16
6895.426998 1.331216e-16
6897.767058 1.263688e-16
6900.107325 1.313492e-16
6902.447924 1.394051e-16
6904.788722 1.350171e-16
6907.129805 1.341993e-16
6909.471069 1.384309e-16
6911.812638 1.392195e-16
6914.154474 1.382450e-16
6916.496550 1.410917e-16
6918.838835 1.425960e-16
6921.181383 1.421799e-16
6923.524204 1.406212e-16
6925.867258 1.432434e-16
6928.210574 1.424156e-16
6930.554130 1.462963e-16
6932.897958 1.440697e-16
6935.241990 1.416827e-16
6937.586306 1.437998e-16
6939.930884 1.439406e-16
6942.275664 1.441053e-16
6944.620731 1.454250e-16
6946.966108 1.414096e-16
6949.311456 1.420622e-16
6951.657325 1.444260e-16
6954.003434 1.462163e-16
6956.349701 1.420378e-16
6958.696249 1.414007e-16
6961.043004 1.451330e-16
6963.390067 1.462077e-16
6965.737310 1.471268e-16
6968.084839 1.462095e-16
6970.432629 1.470054e-16
6972.780623 1.448181e-16
6975.128901 1.472857e-16
6977.477433 1.496862e-16
6979.826147 1.518779e-16
6982.175145 1.490888e-16
6984.524417 1.456815e-16
6986.873896 1.475634e-16
6989.223614 1.474501e-16
6991.573616 1.442243e-16
6993.923785 1.490905e-16
6996.274287 1.477370e-16
6998.624994 1.457097e-16
7000.975568 1.478033e-16
7003.327151 1.459357e-16
7005.678586 1.490532e-16
7008.030265 1.464073e-16
7010.382184 1.456237e-16
7012.733608 1.484255e-16
7015.086743 1.481774e-16
7017.439056 1.466381e-16
7019.792319 1.503291e-16
7022.145464 1.501836e-16
7024.498835 1.449071e-16
7026.852442 1.505226e-16
7029.206158 1.449381e-16
7031.560397 1.452512e-16
7033.915128 1.507569e-16
7036.269230 1.478797e-16
7038.624143 1.459252e-16
7040.978488 1.472242e-16
7043.333420 1.483653e-16
7045.690083 1.465781e-16
7048.045863 1.467099e-16
7050.401899 1.449850e-16
7052.758151 1.465766e-16
7055.114306 1.457221e-16
7057.471405 1.443462e-16
7059.828396 1.396502e-16
7062.185625 1.423032e-16
7064.543213 1.396520e-16
7066.900774 1.357558e-16
7069.258705 1.375101e-16
7071.616882 1.379666e-16
7073.975297 1.387906e-16
7076.333957 1.349318e-16
7078.692487 1.386689e-16
7081.051947 1.372314e-16
7083.411333 1.330322e-16
7085.770911 1.350756e-16
7088.130771 1.344675e-16
7090.490832 1.345245e-16
7092.851129 1.305215e-16
7095.211688 1.337576e-16
7097.572476 1.297386e-16
7099.933498 1.270202e-16
7102.294742 1.275636e-16
7104.656237 1.243240e-16
7107.017955 1.255264e-16
7109.379921 1.260593e-16
7111.742113 1.253385e-16
7114.104538 1.237462e-16
7116.466544 1.222502e-16
7118.830101 1.220813e-16
7121.193251 1.196350e-16
7123.556606 1.198118e-16
7125.919920 1.220574e-16
7128.283759 1.193365e-16
7130.648132 1.146418e-16
7133.012410 1.135745e-16
7135.376950 1.174470e-16
7137.741722 1.115737e-16
7140.106734 1.094080e-16
7142.471963 1.102017e-16
7144.836859 1.118262e-16
7147.202874 1.078364e-16
7149.568793 1.100138e-16
7151.935240 1.073406e-16
7154.301628 1.098616e-16
7156.668256 1.086752e-16
7159.035124 1.025791e-16
7161.402220 1.038252e-16
7163.769541 1.011806e-16
7166.137097 1.013188e-16
7168.504877 1.010914e-16
7170.872887 9.560407e-17
7173.240620 9.297724e-17
7175.609630 9.064085e-17
7177.978313 9.337109e-17
7180.347268 8.970921e-17
7182.716431 9.169067e-17
7185.085826 8.536759e-17
7187.455464 8.584256e-17
7189.825311 8.642756e-17
7192.195400 8.712409e-17
7194.565706 8.546071e-17
7196.936259 8.989869e-17
7199.307036 8.265955e-17
7201.678029 8.225184e-17
7204.049247 8.707037e-17
7206.420703 8.482183e-17
7208.792402 8.546103e-17
7211.164324 8.833292e-17
7213.536449 9.042516e-17
7215.908732 8.583462e-17
7218.281416 8.861314e-17
7220.654251 8.768756e-17
7223.027309 9.022544e-17
7225.400478 9.290259e-17
7227.774080 8.299190e-17
7230.147805 8.470541e-17
7232.521771 8.119535e-17
7234.895954 7.829398e-17
7237.270370 7.927160e-17
7239.645003 7.753970e-17
7242.019870 8.046642e-17
7244.394963 8.332013e-17
7246.770277 8.256525e-17
7249.145815 8.404520e-17
7251.521582 7.795987e-17
7253.897564 7.879832e-17
7256.273784 7.956120e-17
7258.650214 7.995664e-17
7261.026894 8.133390e-17
7263.403691 8.126510e-17
7265.780879 7.917708e-17
7268.158224 8.138952e-17
7270.535792 8.251436e-17
7272.913566 8.071132e-17
7275.291577 7.467190e-17
7277.669818 7.420857e-17
7280.048270 7.832776e-17
7282.426947 8.103419e-17
7284.805846 8.368272e-17
7287.184971 8.520847e-17
7289.564322 7.922737e-17
7291.943888 7.706041e-17
7294.323678 7.883329e-17
7296.703692 8.054215e-17
7299.083936 7.976794e-17
7301.464247 8.137624e-17
7303.845070 7.590147e-17
7306.225973 7.864024e-17
7308.607103 8.074474e-17
7310.988440 7.719823e-17
7313.370004 7.785543e-17
7315.751790 7.464998e-17
7318.133803 7.967687e-17
7320.516035 8.192545e-17
7322.898482 7.741660e-17
7325.281155 8.246864e-17
7327.664037 7.819834e-17
7330.047152 7.491760e-17
7332.430482 7.655153e-17
7334.814029 7.269266e-17
7337.197802 7.544535e-17
7339.581791 6.995315e-17
7341.965996 7.463063e-17
7344.350427 7.552535e-17
7346.735075 7.465261e-17
7349.119942 7.555145e-17
7351.505028 7.236999e-17
7353.890331 7.021497e-17
7356.275852 7.216153e-17
7358.661596 7.022956e-17
7361.047552 6.731495e-17
7363.433729 6.636909e-17
7365.820117 6.523811e-17
7368.206734 6.632795e-17
7370.593564 6.657787e-17
7372.980611 6.507791e-17
7375.367878 6.353879e-17
7377.755362 6.403680e-17
7380.143063 6.414210e-17
7382.530980 6.050580e-17
7384.919112 6.126089e-17
7387.307464 6.222613e-17
7389.695959 6.193469e-17
7392.084812 6.060839e-17
7394.473806 5.767428e-17
7396.863025 5.545742e-17
7399.252455 5.757677e-17
7401.642099 5.667865e-17
7404.031963 5.461856e-17
7406.422041 5.643044e-17
7408.812336 5.204154e-17
7411.202843 5.071560e-17
7413.593569 5.073436e-17
7415.984510 5.579947e-17
7418.375662 4.784391e-17
7420.767031 5.085348e-17
7423.158613 4.664397e-17
7425.550410 4.802512e-17
7427.942422 4.781993e-17
7430.334646 4.591995e-17
7432.727087 4.457119e-17
7435.119739 4.458232e-17
7437.512605 4.482140e-17
7439.905684 4.052072e-17
7442.298982 4.413188e-17
7444.692490 4.149222e-17
7447.086209 3.691077e-17
7449.480146 4.015138e-17
7451.874292 3.978366e-17
7454.268648 3.789246e-17
7456.663223 3.498407e-17
7459.058004 3.498651e-17
7461.453006 3.750480e-17
7463.848213 3.628589e-17
7466.243632 3.363686e-17
7468.639267 3.332010e-17
7471.035114 3.033360e-17
7473.431165 3.161598e-17
7475.827437 3.353299e-17
7478.223914 2.727880e-17
7480.620604 2.772556e-17
7483.017504 2.708841e-17
7485.414621 2.762484e-17
7487.811951 2.664200e-17
7490.209481 2.703680e-17
7492.607231 2.870335e-17
7495.005186 2.594764e-17
7497.403354 2.514901e-17
7499.801480 2.464295e-17
7502.200315 2.270331e-17
7504.599116 2.431186e-17
7506.998119 2.198499e-17
7509.397338 2.512542e-17
7511.796773 2.466306e-17
7514.196398 2.301447e-17
7516.596247 2.651768e-17
7518.996301 1.958035e-17
7521.396558 2.218452e-17
7523.797031 2.062648e-17
7526.197709 2.155538e-17
7528.598600 2.111567e-17
7530.999706 2.251336e-17
7533.401006 2.074007e-17
7535.802527 1.953341e-17
7538.204249 2.267098e-17
7540.606191 2.117965e-17
7543.008336 1.844726e-17
7545.410675 2.042697e-17
7547.813220 1.764882e-17
7550.215999 1.759487e-17
7552.618957 1.692598e-17
7555.022143 1.776589e-17
7557.425523 1.718645e-17
7559.829129 1.841575e-17
7562.232916 1.562462e-17
7564.636939 2.071013e-17
7567.041134 1.663516e-17
7569.445557 1.747243e-17
7571.850203 1.635952e-17
7574.255008 1.469324e-17
7576.660052 1.595053e-17
7579.065307 1.859536e-17
7581.470753 9.668496e-18
7583.876411 1.730278e-17
7586.282274 1.933557e-17
7588.688339 1.878008e-17
7591.094662 1.738201e-17
7593.501114 1.397301e-17
7595.907789 1.118463e-17
7598.314671 9.845604e-18
7600.721769 6.478671e-18
7603.128896 5.915832e-18
7605.536495 6.138332e-18
7607.944186 4.465224e-18
7610.351848 6.517117e-18
7612.760292 8.396191e-18
7615.168639 8.788616e-18
7617.577138 1.090524e-17
7619.985914 1.214558e-17
7622.394898 1.036229e-17
7624.804038 9.882784e-18
7627.213322 7.620530e-18
7629.622879 8.262654e-18
7632.032617 8.300553e-18
7634.442581 1.082991e-17
7636.852311 8.203952e-18
7639.262470 8.607555e-18
7641.673674 9.903483e-18
7644.084430 9.252568e-18
7646.495401 1.035301e-17
7648.906555 1.148191e-17
7651.317967 1.381599e-17
7653.729531 1.162487e-17
7656.141310 1.472999e-17
7658.553297 1.322508e-17
7660.965479 1.369804e-17
7663.377869 1.267401e-17
7665.790456 1.377355e-17
7668.203254 1.709110e-17
7670.616250 1.618987e-17
7673.029445 1.291099e-17
7675.442835 1.452532e-17
7677.856440 1.369058e-17
7680.270240 1.690551e-17
7682.684237 1.488465e-17
7685.098435 1.814826e-17
7687.512851 1.510824e-17
7689.927338 1.824117e-17
7692.342270 1.864938e-17
7694.757315 1.853521e-17
7697.172479 2.223687e-17
7699.587889 1.927642e-17
7702.003497 1.808024e-17
7704.419287 1.902415e-17
7706.835323 1.939161e-17
7709.251486 1.886562e-17
7711.667909 1.975431e-17
7714.084511 1.743842e-17
7716.501324 2.054697e-17
7718.918321 1.876121e-17
7721.335553 1.944976e-17
7723.752944 1.787562e-17
7726.170573 2.069792e-17
7728.588346 2.057291e-17
7731.006398 2.051967e-17
7733.424614 1.945044e-17
7735.843006 2.368888e-17
7738.261586 2.176047e-17
7740.680456 1.986312e-17
7743.099408 2.358816e-17
7745.518609 2.169965e-17
7747.937963 2.032421e-17
7750.357554 2.151730e-17
7752.777340 2.100997e-17
7755.197375 2.459010e-17
7757.617551 2.519291e-17
7760.037951 2.228993e-17
7762.458537 2.051970e-17
7764.879007 2.206096e-17
7767.300293 2.232291e-17
7769.721495 2.582760e-17
7772.142859 1.973520e-17
7774.564442 2.399749e-17
7776.986181 2.181388e-17
7779.408162 2.454346e-17
7781.830324 2.230145e-17
7784.252696 2.370410e-17
7786.675246 2.088366e-17
7789.098031 2.471035e-17
7791.520939 2.276451e-17
7793.944088 2.704794e-17
7796.367442 2.331066e-17
7798.790993 2.892860e-17
7801.214767 2.737914e-17
7803.638692 2.409994e-17
7806.062786 2.186125e-17
7808.487129 2.780095e-17
7810.911666 2.037901e-17
7813.336383 2.736455e-17
7815.761323 2.682727e-17
7818.186384 2.851002e-17
7820.611707 2.591304e-17
7823.038314 2.672705e-17
7825.462878 2.980619e-17
7827.888837 2.730759e-17
7830.314937 2.945374e-17
7832.741184 2.429801e-17
7835.167691 3.092600e-17
7837.594341 2.868355e-17
7840.021169 2.746131e-17
7842.448262 2.699759e-17
7844.875522 2.748995e-17
7847.303014 3.162753e-17
7849.730607 3.215444e-17
7852.158418 3.292260e-17
7854.586480 3.526290e-17
7857.014706 3.062402e-17
7859.443168 3.528793e-17
7861.871795 2.957080e-17
7864.300244 2.656255e-17
7866.729590 3.128303e-17
7869.158797 3.450169e-17
7871.588007 3.334498e-17
7874.017800 2.684728e-17
7876.447607 2.780984e-17
