MJDOBS    48806.0
JDOBS    2.44881e+06
DATE    19920703
AGE_OBS    NaN
TELESCOPE    --
DETECTOR    --
SOURCE    Asiago-Catalogue(SUSPECT)
      3732.00  5.50872e-19
      3733.00  5.50872e-19
      3734.00  5.50872e-19
      3735.00  5.50872e-19
      3736.00  5.50872e-19
      3737.00  5.50872e-19
      3738.00  5.50872e-19
      3739.00  5.50872e-19
      3740.00  5.50872e-19
      3741.00  5.50872e-19
      3742.00  5.50872e-19
      3743.00  5.50872e-19
      3744.00  5.50872e-19
      3745.00  5.50872e-19
      3746.00  5.50872e-19
      3747.00  5.50872e-19
      3748.00  5.50872e-19
      3749.00  5.50872e-19
      3750.00  5.50872e-19
      3751.00  5.50872e-19
      3752.00  5.50872e-19
      3753.00  5.50872e-19
      3754.00  5.50872e-19
      3755.00  5.50872e-19
      3756.00  5.50872e-19
      3757.00  5.50872e-19
      3758.00  3.45334e-18
      3759.00  2.98598e-18
      3760.00  1.44145e-18
      3761.00 -7.00777e-19
      3762.00 -2.91328e-18
      3763.00 -4.68141e-18
      3764.00 -5.50471e-18
      3765.00 -5.08964e-18
      3766.00 -3.71453e-18
      3767.00 -1.78671e-18
      3768.00  2.99646e-19
      3769.00  2.15961e-18
      3770.00  3.42876e-18
      3771.00  4.03443e-18
      3772.00  4.23687e-18
      3773.00  4.26400e-18
      3774.00  4.33535e-18
      3775.00  4.66554e-18
      3776.00  5.48563e-18
      3777.00  7.01029e-18
      3778.00  8.98385e-18
      3779.00  1.09956e-17
      3780.00  1.26431e-17
      3781.00  1.35327e-17
      3782.00  1.32894e-17
      3783.00  1.18752e-17
      3784.00  9.72906e-18
      3785.00  7.33977e-18
      3786.00  5.18559e-18
      3787.00  3.73400e-18
      3788.00  3.29333e-18
      3789.00  3.64067e-18
      3790.00  4.40573e-18
      3791.00  5.23012e-18
      3792.00  5.76299e-18
      3793.00  5.66159e-18
      3794.00  4.70556e-18
      3795.00  3.10076e-18
      3796.00  1.21463e-18
      3797.00 -5.89716e-19
      3798.00 -1.95655e-18
      3799.00 -2.55902e-18
      3800.00 -2.39675e-18
      3801.00 -1.71728e-18
      3802.00 -7.25475e-19
      3803.00  3.79092e-19
      3804.00  1.40077e-18
      3805.00  2.22646e-18
      3806.00  3.10071e-18
      3807.00  4.02514e-18
      3808.00  4.87317e-18
      3809.00  5.52053e-18
      3810.00  5.84543e-18
      3811.00  5.76116e-18
      3812.00  5.32226e-18
      3813.00  4.61854e-18
      3814.00  3.73406e-18
      3815.00  2.75130e-18
      3816.00  1.74704e-18
      3817.00  5.70573e-19
      3818.00 -9.49578e-19
      3819.00 -2.56786e-18
      3820.00 -4.00825e-18
      3821.00 -4.99982e-18
      3822.00 -5.27796e-18
      3823.00 -4.69093e-18
      3824.00 -3.42218e-18
      3825.00 -1.76224e-18
      3826.00  2.11932e-21
      3827.00  1.58923e-18
      3828.00  2.77666e-18
      3829.00  3.79885e-18
      3830.00  4.76870e-18
      3831.00  5.58949e-18
      3832.00  6.16451e-18
      3833.00  6.39889e-18
      3834.00  6.15317e-18
      3835.00  5.25343e-18
      3836.00  3.92024e-18
      3837.00  2.46816e-18
      3838.00  1.20629e-18
      3839.00  4.38299e-19
      3840.00  3.97827e-19
      3841.00  9.83313e-19
      3842.00  1.93299e-18
      3843.00  2.98654e-18
      3844.00  3.88804e-18
      3845.00  4.38624e-18
      3846.00  4.30627e-18
      3847.00  3.76987e-18
      3848.00  3.02565e-18
      3849.00  2.32131e-18
      3850.00  1.90047e-18
      3851.00  2.01396e-18
      3852.00  2.98318e-18
      3853.00  4.65046e-18
      3854.00  6.52143e-18
      3855.00  8.10132e-18
      3856.00  8.90339e-18
      3857.00  8.43354e-18
      3858.00  6.35554e-18
      3859.00  3.13939e-18
      3860.00 -4.94205e-19
      3861.00 -3.83474e-18
      3862.00 -6.18304e-18
      3863.00 -6.97665e-18
      3864.00 -6.45764e-18
      3865.00 -5.07221e-18
      3866.00 -3.18554e-18
      3867.00 -1.15702e-18
      3868.00  6.60132e-19
      3869.00  2.24951e-18
      3870.00  4.15988e-18
      3871.00  6.17254e-18
      3872.00  7.91936e-18
      3873.00  9.03783e-18
      3874.00  9.16854e-18
      3875.00  7.89091e-18
      3876.00  5.24762e-18
      3877.00  1.85092e-18
      3878.00 -1.65864e-18
      3879.00 -4.65009e-18
      3880.00 -6.52379e-18
      3881.00 -7.27805e-18
      3882.00 -7.36234e-18
      3883.00 -6.93015e-18
      3884.00 -6.11476e-18
      3885.00 -5.04748e-18
      3886.00 -3.80949e-18
      3887.00 -2.04473e-18
      3888.00  2.50037e-19
      3889.00  2.71028e-18
      3890.00  4.97146e-18
      3891.00  6.67426e-18
      3892.00  7.50694e-18
      3893.00  7.53338e-18
      3894.00  7.00466e-18
      3895.00  6.14098e-18
      3896.00  5.15934e-18
      3897.00  4.27365e-18
      3898.00  3.58575e-18
      3899.00  2.86445e-18
      3900.00  2.10602e-18
      3901.00  1.38425e-18
      3902.00  7.71928e-19
      3903.00  3.40626e-19
      3904.00  1.11058e-19
      3905.00  1.55365e-20
      3906.00  4.75040e-20
      3907.00  2.12022e-19
      3908.00  5.14101e-19
      3909.00  9.61841e-19
      3910.00  1.67575e-18
      3911.00  2.71197e-18
      3912.00  3.89185e-18
      3913.00  5.02358e-18
      3914.00  5.91786e-18
      3915.00  6.39266e-18
      3916.00  6.40043e-18
      3917.00  6.06999e-18
      3918.00  5.52506e-18
      3919.00  4.88622e-18
      3920.00  4.27249e-18
      3921.00  3.79212e-18
      3922.00  3.43403e-18
      3923.00  3.12075e-18
      3924.00  2.79735e-18
      3925.00  2.41001e-18
      3926.00  1.90562e-18
      3927.00  1.20292e-18
      3928.00  1.57080e-19
      3929.00 -1.10592e-18
      3930.00 -2.37032e-18
      3931.00 -3.42287e-18
      3932.00 -4.05298e-18
      3933.00 -4.04169e-18
      3934.00 -3.32806e-18
      3935.00 -2.18078e-18
      3936.00 -9.12696e-19
      3937.00  1.67142e-19
      3938.00  7.53298e-19
      3939.00  5.59986e-19
      3940.00 -3.75377e-19
      3941.00 -1.68972e-18
      3942.00 -2.99914e-18
      3943.00 -3.92427e-18
      3944.00 -4.08995e-18
      3945.00 -3.19272e-18
      3946.00 -1.38538e-18
      3947.00  9.02732e-19
      3948.00  3.23612e-18
      3949.00  5.18435e-18
      3950.00  6.33599e-18
      3951.00  6.66595e-18
      3952.00  6.47712e-18
      3953.00  5.90750e-18
      3954.00  5.08283e-18
      3955.00  4.12741e-18
      3956.00  3.13016e-18
      3957.00  1.82477e-18
      3958.00  1.73243e-19
      3959.00 -1.56199e-18
      3960.00 -3.11610e-18
      3961.00 -4.22721e-18
      3962.00 -4.66713e-18
      3963.00 -4.49794e-18
      3964.00 -3.88833e-18
      3965.00 -2.95798e-18
      3966.00 -1.82492e-18
      3967.00 -6.05895e-19
      3968.00  6.93656e-19
      3969.00  2.41765e-18
      3970.00  4.42560e-18
      3971.00  6.40749e-18
      3972.00  8.05666e-18
      3973.00  9.06978e-18
      3974.00  9.18273e-18
      3975.00  8.43868e-18
      3976.00  7.12948e-18
      3977.00  5.56102e-18
      3978.00  4.03594e-18
      3979.00  2.85254e-18
      3980.00  2.11643e-18
      3981.00  1.58204e-18
      3982.00  1.18608e-18
      3983.00  9.02036e-19
      3984.00  7.03631e-19
      3985.00  5.65926e-19
      3986.00  5.11962e-19
      3987.00  5.76839e-19
      3988.00  7.23868e-19
      3989.00  9.11070e-19
      3990.00  1.09691e-18
      3991.00  1.23539e-18
      3992.00  1.20285e-18
      3993.00  1.00612e-18
      3994.00  8.15591e-19
      3995.00  8.05964e-19
      3996.00  1.15011e-18
      3997.00  2.03857e-18
      3998.00  3.78427e-18
      3999.00  6.23299e-18
      4000.00  8.92453e-18
      4001.00  1.13982e-17
      4002.00  1.31981e-17
      4003.00  1.38882e-17
      4004.00  1.33517e-17
      4005.00  1.19569e-17
      4006.00  1.01438e-17
      4007.00  8.34771e-18
      4008.00  6.99945e-18
      4009.00  6.45802e-18
      4010.00  6.58919e-18
      4011.00  7.12437e-18
      4012.00  7.85742e-18
      4013.00  8.58445e-18
      4014.00  9.10362e-18
      4015.00  9.26867e-18
      4016.00  9.18291e-18
      4017.00  8.95383e-18
      4018.00  8.66046e-18
      4019.00  8.38108e-18
      4020.00  8.19314e-18
      4021.00  8.15125e-18
      4022.00  8.22115e-18
      4023.00  8.35049e-18
      4024.00  8.49053e-18
      4025.00  8.59298e-18
      4026.00  8.60962e-18
      4027.00  8.45872e-18
      4028.00  8.11167e-18
      4029.00  7.68824e-18
      4030.00  7.32095e-18
      4031.00  7.14107e-18
      4032.00  7.28156e-18
      4033.00  7.96082e-18
      4034.00  9.18714e-18
      4035.00  1.06449e-17
      4036.00  1.20018e-17
      4037.00  1.29289e-17
      4038.00  1.30964e-17
      4039.00  1.21958e-17
      4040.00  1.03988e-17
      4041.00  8.18181e-18
      4042.00  6.02613e-18
      4043.00  4.40853e-18
      4044.00  3.78669e-18
      4045.00  4.27008e-18
      4046.00  5.53048e-18
      4047.00  7.23985e-18
      4048.00  9.07562e-18
      4049.00  1.07182e-17
      4050.00  1.19009e-17
      4051.00  1.28617e-17
      4052.00  1.37602e-17
      4053.00  1.45002e-17
      4054.00  1.49828e-17
      4055.00  1.51102e-17
      4056.00  1.47413e-17
      4057.00  1.35892e-17
      4058.00  1.18547e-17
      4059.00  9.94350e-18
      4060.00  8.25822e-18
      4061.00  7.19779e-18
      4062.00  7.14352e-18
      4063.00  8.17014e-18
      4064.00  9.89769e-18
      4065.00  1.18839e-17
      4066.00  1.36904e-17
      4067.00  1.48828e-17
      4068.00  1.51170e-17
      4069.00  1.45368e-17
      4070.00  1.34419e-17
      4071.00  1.21064e-17
      4072.00  1.08019e-17
      4073.00  9.79773e-18
      4074.00  9.25908e-18
      4075.00  9.01845e-18
      4076.00  8.94974e-18
      4077.00  8.95839e-18
      4078.00  8.95069e-18
      4079.00  8.83381e-18
      4080.00  8.54924e-18
      4081.00  8.14466e-18
      4082.00  7.68086e-18
      4083.00  7.21477e-18
      4084.00  6.80284e-18
      4085.00  6.50052e-18
      4086.00  6.31511e-18
      4087.00  6.19569e-18
      4088.00  6.14067e-18
      4089.00  6.15472e-18
      4090.00  6.24246e-18
      4091.00  6.41026e-18
      4092.00  6.72425e-18
      4093.00  7.21234e-18
      4094.00  7.78000e-18
      4095.00  8.32581e-18
      4096.00  8.74927e-18
      4097.00  8.95200e-18
      4098.00  8.89190e-18
      4099.00  8.63310e-18
      4100.00  8.25214e-18
      4101.00  7.82432e-18
      4102.00  7.42435e-18
      4103.00  7.12182e-18
      4104.00  6.90109e-18
      4105.00  6.71079e-18
      4106.00  6.54383e-18
      4107.00  6.39489e-18
      4108.00  6.25870e-18
      4109.00  6.13507e-18
      4110.00  6.07185e-18
      4111.00  6.06573e-18
      4112.00  6.06267e-18
      4113.00  6.00816e-18
      4114.00  5.84811e-18
      4115.00  5.51946e-18
      4116.00  4.92536e-18
      4117.00  4.13217e-18
      4118.00  3.28521e-18
      4119.00  2.52932e-18
      4120.00  2.00826e-18
      4121.00  1.85736e-18
      4122.00  2.09806e-18
      4123.00  2.61402e-18
      4124.00  3.27475e-18
      4125.00  3.95073e-18
      4126.00  4.51344e-18
      4127.00  4.86752e-18
      4128.00  5.10472e-18
      4129.00  5.27606e-18
      4130.00  5.38316e-18
      4131.00  5.42752e-18
      4132.00  5.41065e-18
      4133.00  5.31924e-18
      4134.00  5.10512e-18
      4135.00  4.80121e-18
      4136.00  4.46429e-18
      4137.00  4.15078e-18
      4138.00  3.91667e-18
      4139.00  3.78228e-18
      4140.00  3.66810e-18
      4141.00  3.58589e-18
      4142.00  3.57577e-18
      4143.00  3.67756e-18
      4144.00  3.93092e-18
      4145.00  4.45101e-18
      4146.00  5.39078e-18
      4147.00  6.55309e-18
      4148.00  7.68158e-18
      4149.00  8.52168e-18
      4150.00  8.82050e-18
      4151.00  8.31828e-18
      4152.00  7.00127e-18
      4153.00  5.20072e-18
      4154.00  3.27910e-18
      4155.00  1.59637e-18
      4156.00  5.09194e-19
      4157.00  1.97846e-19
      4158.00  4.27455e-19
      4159.00  1.02875e-18
      4160.00  1.85933e-18
      4161.00  2.77775e-18
      4162.00  3.64556e-18
      4163.00  4.50336e-18
      4164.00  5.53515e-18
      4165.00  6.64549e-18
      4166.00  7.70767e-18
      4167.00  8.59588e-18
      4168.00  9.18479e-18
      4169.00  9.35884e-18
      4170.00  9.15780e-18
      4171.00  8.74311e-18
      4172.00  8.28114e-18
      4173.00  7.93713e-18
      4174.00  7.87369e-18
      4175.00  8.16414e-18
      4176.00  8.70670e-18
      4177.00  9.39170e-18
      4178.00  1.01129e-17
      4179.00  1.07647e-17
      4180.00  1.12459e-17
      4181.00  1.15642e-17
      4182.00  1.18027e-17
      4183.00  1.19669e-17
      4184.00  1.20572e-17
      4185.00  1.20737e-17
      4186.00  1.20143e-17
      4187.00  1.18364e-17
      4188.00  1.15320e-17
      4189.00  1.11566e-17
      4190.00  1.07674e-17
      4191.00  1.04216e-17
      4192.00  1.01711e-17
      4193.00  9.98257e-18
      4194.00  9.81357e-18
      4195.00  9.68670e-18
      4196.00  9.62682e-18
      4197.00  9.65859e-18
      4198.00  9.81091e-18
      4199.00  1.01553e-17
      4200.00  1.06729e-17
      4201.00  1.12671e-17
      4202.00  1.18400e-17
      4203.00  1.22943e-17
      4204.00  1.25370e-17
      4205.00  1.25479e-17
      4206.00  1.23953e-17
      4207.00  1.21495e-17
      4208.00  1.18802e-17
      4209.00  1.16565e-17
      4210.00  1.15403e-17
      4211.00  1.15083e-17
      4212.00  1.15177e-17
      4213.00  1.15587e-17
      4214.00  1.16219e-17
      4215.00  1.16981e-17
      4216.00  1.17882e-17
      4217.00  1.19675e-17
      4218.00  1.22233e-17
      4219.00  1.24748e-17
      4220.00  1.26410e-17
      4221.00  1.26416e-17
      4222.00  1.23944e-17
      4223.00  1.18425e-17
      4224.00  1.10614e-17
      4225.00  1.01685e-17
      4226.00  9.28059e-18
      4227.00  8.51354e-18
      4228.00  7.95506e-18
      4229.00  7.48955e-18
      4230.00  7.07585e-18
      4231.00  6.76426e-18
      4232.00  6.60527e-18
      4233.00  6.64906e-18
      4234.00  6.96314e-18
      4235.00  7.66702e-18
      4236.00  8.67156e-18
      4237.00  9.80313e-18
      4238.00  1.08891e-17
      4239.00  1.17578e-17
      4240.00  1.22547e-17
      4241.00  1.23876e-17
      4242.00  1.22839e-17
      4243.00  1.20672e-17
      4244.00  1.18606e-17
      4245.00  1.17861e-17
      4246.00  1.19448e-17
      4247.00  1.22910e-17
      4248.00  1.27526e-17
      4249.00  1.32830e-17
      4250.00  1.38356e-17
      4251.00  1.43646e-17
      4252.00  1.48533e-17
      4253.00  1.54106e-17
      4254.00  1.60133e-17
      4255.00  1.65761e-17
      4256.00  1.70145e-17
      4257.00  1.72445e-17
      4258.00  1.71699e-17
      4259.00  1.67127e-17
      4260.00  1.59888e-17
      4261.00  1.51622e-17
      4262.00  1.43957e-17
      4263.00  1.38510e-17
      4264.00  1.36644e-17
      4265.00  1.37955e-17
      4266.00  1.41332e-17
      4267.00  1.45785e-17
      4268.00  1.50335e-17
      4269.00  1.54004e-17
      4270.00  1.56042e-17
      4271.00  1.56923e-17
      4272.00  1.57172e-17
      4273.00  1.57131e-17
      4274.00  1.57138e-17
      4275.00  1.57529e-17
      4276.00  1.58664e-17
      4277.00  1.60727e-17
      4278.00  1.63304e-17
      4279.00  1.65866e-17
      4280.00  1.67888e-17
      4281.00  1.68848e-17
      4282.00  1.68211e-17
      4283.00  1.65776e-17
      4284.00  1.62143e-17
      4285.00  1.58050e-17
      4286.00  1.54229e-17
      4287.00  1.51408e-17
      4288.00  1.50147e-17
      4289.00  1.50115e-17
      4290.00  1.50893e-17
      4291.00  1.52168e-17
      4292.00  1.53629e-17
      4293.00  1.54969e-17
      4294.00  1.56006e-17
      4295.00  1.57058e-17
      4296.00  1.58176e-17
      4297.00  1.59282e-17
      4298.00  1.60297e-17
      4299.00  1.61145e-17
      4300.00  1.61672e-17
      4301.00  1.61614e-17
      4302.00  1.61227e-17
      4303.00  1.60897e-17
      4304.00  1.61004e-17
      4305.00  1.61930e-17
      4306.00  1.64134e-17
      4307.00  1.67970e-17
      4308.00  1.72844e-17
      4309.00  1.77965e-17
      4310.00  1.82549e-17
      4311.00  1.85813e-17
      4312.00  1.87186e-17
      4313.00  1.87110e-17
      4314.00  1.85977e-17
      4315.00  1.84028e-17
      4316.00  1.81503e-17
      4317.00  1.78638e-17
      4318.00  1.75397e-17
      4319.00  1.70962e-17
      4320.00  1.65693e-17
      4321.00  1.60324e-17
      4322.00  1.55586e-17
      4323.00  1.52209e-17
      4324.00  1.50686e-17
      4325.00  1.50470e-17
      4326.00  1.51289e-17
      4327.00  1.53086e-17
      4328.00  1.55806e-17
      4329.00  1.59394e-17
      4330.00  1.64050e-17
      4331.00  1.70630e-17
      4332.00  1.78611e-17
      4333.00  1.87043e-17
      4334.00  1.94982e-17
      4335.00  2.01487e-17
      4336.00  2.05972e-17
      4337.00  2.09401e-17
      4338.00  2.11968e-17
      4339.00  2.13431e-17
      4340.00  2.13546e-17
      4341.00  2.12071e-17
      4342.00  2.08375e-17
      4343.00  2.00907e-17
      4344.00  1.90814e-17
      4345.00  1.80097e-17
      4346.00  1.70745e-17
      4347.00  1.64737e-17
      4348.00  1.64019e-17
      4349.00  1.69186e-17
      4350.00  1.78273e-17
      4351.00  1.88888e-17
      4352.00  1.98650e-17
      4353.00  2.05190e-17
      4354.00  2.06355e-17
      4355.00  2.02158e-17
      4356.00  1.94485e-17
      4357.00  1.85307e-17
      4358.00  1.76585e-17
      4359.00  1.70269e-17
      4360.00  1.67954e-17
      4361.00  1.68770e-17
      4362.00  1.71628e-17
      4363.00  1.75928e-17
      4364.00  1.81074e-17
      4365.00  1.86473e-17
      4366.00  1.91791e-17
      4367.00  1.98092e-17
      4368.00  2.05340e-17
      4369.00  2.12795e-17
      4370.00  2.19722e-17
      4371.00  2.25388e-17
      4372.00  2.29194e-17
      4373.00  2.31555e-17
      4374.00  2.32850e-17
      4375.00  2.33157e-17
      4376.00  2.32553e-17
      4377.00  2.31117e-17
      4378.00  2.28736e-17
      4379.00  2.24266e-17
      4380.00  2.18060e-17
      4381.00  2.11344e-17
      4382.00  2.05346e-17
      4383.00  2.01286e-17
      4384.00  2.00340e-17
      4385.00  2.02853e-17
      4386.00  2.07856e-17
      4387.00  2.14178e-17
      4388.00  2.20652e-17
      4389.00  2.26115e-17
      4390.00  2.29525e-17
      4391.00  2.31172e-17
      4392.00  2.31795e-17
      4393.00  2.31752e-17
      4394.00  2.31394e-17
      4395.00  2.31071e-17
      4396.00  2.31083e-17
      4397.00  2.31176e-17
      4398.00  2.31153e-17
      4399.00  2.31117e-17
      4400.00  2.31175e-17
      4401.00  2.31434e-17
      4402.00  2.32032e-17
      4403.00  2.33356e-17
      4404.00  2.35300e-17
      4405.00  2.37365e-17
      4406.00  2.39048e-17
      4407.00  2.39844e-17
      4408.00  2.39212e-17
      4409.00  2.36276e-17
      4410.00  2.31379e-17
      4411.00  2.25763e-17
      4412.00  2.20682e-17
      4413.00  2.17386e-17
      4414.00  2.17123e-17
      4415.00  2.20776e-17
      4416.00  2.27553e-17
      4417.00  2.35963e-17
      4418.00  2.44505e-17
      4419.00  2.51687e-17
      4420.00  2.56058e-17
      4421.00  2.57283e-17
      4422.00  2.56382e-17
      4423.00  2.54153e-17
      4424.00  2.51368e-17
      4425.00  2.48793e-17
      4426.00  2.47176e-17
      4427.00  2.46660e-17
      4428.00  2.46701e-17
      4429.00  2.46991e-17
      4430.00  2.47248e-17
      4431.00  2.47190e-17
      4432.00  2.46536e-17
      4433.00  2.45075e-17
      4434.00  2.42940e-17
      4435.00  2.40435e-17
      4436.00  2.37865e-17
      4437.00  2.35537e-17
      4438.00  2.33748e-17
      4439.00  2.32347e-17
      4440.00  2.30945e-17
      4441.00  2.29773e-17
      4442.00  2.29118e-17
      4443.00  2.29267e-17
      4444.00  2.30511e-17
      4445.00  2.33538e-17
      4446.00  2.38669e-17
      4447.00  2.44907e-17
      4448.00  2.51140e-17
      4449.00  2.56262e-17
      4450.00  2.59173e-17
      4451.00  2.59241e-17
      4452.00  2.57107e-17
      4453.00  2.53426e-17
      4454.00  2.48795e-17
      4455.00  2.43809e-17
      4456.00  2.39063e-17
      4457.00  2.34799e-17
      4458.00  2.30497e-17
      4459.00  2.26036e-17
      4460.00  2.21396e-17
      4461.00  2.16556e-17
      4462.00  2.11496e-17
      4463.00  2.06039e-17
      4464.00  1.99869e-17
      4465.00  1.93309e-17
      4466.00  1.86798e-17
      4467.00  1.80774e-17
      4468.00  1.75672e-17
      4469.00  1.71540e-17
      4470.00  1.67477e-17
      4471.00  1.63778e-17
      4472.00  1.61073e-17
      4473.00  1.59986e-17
      4474.00  1.61141e-17
      4475.00  1.65438e-17
      4476.00  1.73966e-17
      4477.00  1.85445e-17
      4478.00  1.98022e-17
      4479.00  2.09853e-17
      4480.00  2.19097e-17
      4481.00  2.24292e-17
      4482.00  2.26332e-17
      4483.00  2.26219e-17
      4484.00  2.24513e-17
      4485.00  2.21774e-17
      4486.00  2.18557e-17
      4487.00  2.15099e-17
      4488.00  2.09892e-17
      4489.00  2.03139e-17
      4490.00  1.96094e-17
      4491.00  1.90009e-17
      4492.00  1.86129e-17
      4493.00  1.85718e-17
      4494.00  1.89562e-17
      4495.00  1.96565e-17
      4496.00  2.05057e-17
      4497.00  2.13373e-17
      4498.00  2.19856e-17
      4499.00  2.22914e-17
      4500.00  2.22169e-17
      4501.00  2.18809e-17
      4502.00  2.14122e-17
      4503.00  2.09389e-17
      4504.00  2.05885e-17
      4505.00  2.04874e-17
      4506.00  2.07093e-17
      4507.00  2.11682e-17
      4508.00  2.17275e-17
      4509.00  2.22503e-17
      4510.00  2.26003e-17
      4511.00  2.26423e-17
      4512.00  2.22880e-17
      4513.00  2.16176e-17
      4514.00  2.07756e-17
      4515.00  1.99071e-17
      4516.00  1.91564e-17
      4517.00  1.86646e-17
      4518.00  1.84507e-17
      4519.00  1.84038e-17
      4520.00  1.84854e-17
      4521.00  1.86645e-17
      4522.00  1.89101e-17
      4523.00  1.91925e-17
      4524.00  1.95587e-17
      4525.00  2.00755e-17
      4526.00  2.06711e-17
      4527.00  2.12610e-17
      4528.00  2.17612e-17
      4529.00  2.20883e-17
      4530.00  2.22127e-17
      4531.00  2.22052e-17
      4532.00  2.20862e-17
      4533.00  2.18660e-17
      4534.00  2.15550e-17
      4535.00  2.11633e-17
      4536.00  2.06415e-17
      4537.00  1.98872e-17
      4538.00  1.89961e-17
      4539.00  1.80961e-17
      4540.00  1.73150e-17
      4541.00  1.67796e-17
      4542.00  1.65961e-17
      4543.00  1.67365e-17
      4544.00  1.70982e-17
      4545.00  1.75786e-17
      4546.00  1.80752e-17
      4547.00  1.84862e-17
      4548.00  1.87330e-17
      4549.00  1.88667e-17
      4550.00  1.89426e-17
      4551.00  1.89962e-17
      4552.00  1.90630e-17
      4553.00  1.91784e-17
      4554.00  1.93876e-17
      4555.00  1.97578e-17
      4556.00  2.02326e-17
      4557.00  2.07112e-17
      4558.00  2.10934e-17
      4559.00  2.12793e-17
      4560.00  2.11583e-17
      4561.00  2.05991e-17
      4562.00  1.97068e-17
      4563.00  1.86899e-17
      4564.00  1.77568e-17
      4565.00  1.71147e-17
      4566.00  1.69652e-17
      4567.00  1.73766e-17
      4568.00  1.82013e-17
      4569.00  1.92622e-17
      4570.00  2.03830e-17
      4571.00  2.13882e-17
      4572.00  2.21105e-17
      4573.00  2.25635e-17
      4574.00  2.28762e-17
      4575.00  2.30847e-17
      4576.00  2.32203e-17
      4577.00  2.33138e-17
      4578.00  2.33958e-17
      4579.00  2.34735e-17
      4580.00  2.35252e-17
      4581.00  2.35382e-17
      4582.00  2.35015e-17
      4583.00  2.34037e-17
      4584.00  2.32332e-17
      4585.00  2.29502e-17
      4586.00  2.25320e-17
      4587.00  2.20362e-17
      4588.00  2.15274e-17
      4589.00  2.10698e-17
      4590.00  2.07275e-17
      4591.00  2.05447e-17
      4592.00  2.04924e-17
      4593.00  2.05242e-17
      4594.00  2.05954e-17
      4595.00  2.06615e-17
      4596.00  2.06782e-17
      4597.00  2.06082e-17
      4598.00  2.04608e-17
      4599.00  2.02732e-17
      4600.00  2.00831e-17
      4601.00  1.99282e-17
      4602.00  1.98460e-17
      4603.00  1.98655e-17
      4604.00  1.99680e-17
      4605.00  2.01328e-17
      4606.00  2.03457e-17
      4607.00  2.05928e-17
      4608.00  2.08603e-17
      4609.00  2.11451e-17
      4610.00  2.15008e-17
      4611.00  2.19161e-17
      4612.00  2.23428e-17
      4613.00  2.27332e-17
      4614.00  2.30394e-17
      4615.00  2.32140e-17
      4616.00  2.32318e-17
      4617.00  2.31310e-17
      4618.00  2.29669e-17
      4619.00  2.27949e-17
      4620.00  2.26703e-17
      4621.00  2.26456e-17
      4622.00  2.27226e-17
      4623.00  2.28628e-17
      4624.00  2.30429e-17
      4625.00  2.32408e-17
      4626.00  2.34344e-17
      4627.00  2.36025e-17
      4628.00  2.37557e-17
      4629.00  2.39154e-17
      4630.00  2.40718e-17
      4631.00  2.42127e-17
      4632.00  2.43260e-17
      4633.00  2.43998e-17
      4634.00  2.44169e-17
      4635.00  2.43755e-17
      4636.00  2.42991e-17
      4637.00  2.42132e-17
      4638.00  2.41430e-17
      4639.00  2.41140e-17
      4640.00  2.41514e-17
      4641.00  2.42561e-17
      4642.00  2.43963e-17
      4643.00  2.45374e-17
      4644.00  2.46449e-17
      4645.00  2.46844e-17
      4646.00  2.46052e-17
      4647.00  2.43591e-17
      4648.00  2.40176e-17
      4649.00  2.36748e-17
      4650.00  2.34245e-17
      4651.00  2.33602e-17
      4652.00  2.35525e-17
      4653.00  2.39397e-17
      4654.00  2.44785e-17
      4655.00  2.51559e-17
      4656.00  2.59591e-17
      4657.00  2.68753e-17
      4658.00  2.79057e-17
      4659.00  2.91402e-17
      4660.00  3.05617e-17
      4661.00  3.20801e-17
      4662.00  3.36054e-17
      4663.00  3.50476e-17
      4664.00  3.63242e-17
      4665.00  3.74627e-17
      4666.00  3.85248e-17
      4667.00  3.95194e-17
      4668.00  4.04537e-17
      4669.00  4.13349e-17
      4670.00  4.21669e-17
      4671.00  4.28779e-17
      4672.00  4.34390e-17
      4673.00  4.39395e-17
      4674.00  4.44741e-17
      4675.00  4.51371e-17
      4676.00  4.60247e-17
      4677.00  4.73300e-17
      4678.00  4.91137e-17
      4679.00  5.11060e-17
      4680.00  5.30121e-17
      4681.00  5.45385e-17
      4682.00  5.53921e-17
      4683.00  5.53430e-17
      4684.00  5.44829e-17
      4685.00  5.30651e-17
      4686.00  5.13457e-17
      4687.00  4.95799e-17
      4688.00  4.80224e-17
      4689.00  4.68412e-17
      4690.00  4.58539e-17
      4691.00  4.49562e-17
      4692.00  4.41012e-17
      4693.00  4.32416e-17
      4694.00  4.23305e-17
      4695.00  4.13178e-17
      4696.00  4.01683e-17
      4697.00  3.89342e-17
      4698.00  3.76910e-17
      4699.00  3.65138e-17
      4700.00  3.54776e-17
      4701.00  3.46535e-17
      4702.00  3.40510e-17
      4703.00  3.36158e-17
      4704.00  3.32942e-17
      4705.00  3.30327e-17
      4706.00  3.27777e-17
      4707.00  3.24800e-17
      4708.00  3.21695e-17
      4709.00  3.18888e-17
      4710.00  3.16197e-17
      4711.00  3.13418e-17
      4712.00  3.10347e-17
      4713.00  3.06758e-17
      4714.00  3.01719e-17
      4715.00  2.94851e-17
      4716.00  2.87428e-17
      4717.00  2.80831e-17
      4718.00  2.76439e-17
      4719.00  2.75630e-17
      4720.00  2.80058e-17
      4721.00  2.90027e-17
      4722.00  3.03348e-17
      4723.00  3.17597e-17
      4724.00  3.30356e-17
      4725.00  3.39211e-17
      4726.00  3.42442e-17
      4727.00  3.41316e-17
      4728.00  3.37193e-17
      4729.00  3.31142e-17
      4730.00  3.24232e-17
      4731.00  3.17529e-17
      4732.00  3.11728e-17
      4733.00  3.05554e-17
      4734.00  2.98783e-17
      4735.00  2.91923e-17
      4736.00  2.85485e-17
      4737.00  2.79976e-17
      4738.00  2.75894e-17
      4739.00  2.73422e-17
      4740.00  2.72171e-17
      4741.00  2.71644e-17
      4742.00  2.71345e-17
      4743.00  2.70779e-17
      4744.00  2.69488e-17
      4745.00  2.67768e-17
      4746.00  2.66032e-17
      4747.00  2.64078e-17
      4748.00  2.61681e-17
      4749.00  2.58613e-17
      4750.00  2.54640e-17
      4751.00  2.49174e-17
      4752.00  2.42023e-17
      4753.00  2.33998e-17
      4754.00  2.25979e-17
      4755.00  2.18844e-17
      4756.00  2.13469e-17
      4757.00  2.10127e-17
      4758.00  2.07906e-17
      4759.00  2.06749e-17
      4760.00  2.06788e-17
      4761.00  2.08150e-17
      4762.00  2.10967e-17
      4763.00  2.15768e-17
      4764.00  2.23812e-17
      4765.00  2.34124e-17
      4766.00  2.45147e-17
      4767.00  2.55329e-17
      4768.00  2.63117e-17
      4769.00  2.67090e-17
      4770.00  2.67255e-17
      4771.00  2.64758e-17
      4772.00  2.60712e-17
      4773.00  2.56233e-17
      4774.00  2.52429e-17
      4775.00  2.50317e-17
      4776.00  2.49482e-17
      4777.00  2.49166e-17
      4778.00  2.49322e-17
      4779.00  2.49926e-17
      4780.00  2.50952e-17
      4781.00  2.52394e-17
      4782.00  2.54783e-17
      4783.00  2.58369e-17
      4784.00  2.62472e-17
      4785.00  2.66363e-17
      4786.00  2.69313e-17
      4787.00  2.70598e-17
      4788.00  2.69729e-17
      4789.00  2.67045e-17
      4790.00  2.63105e-17
      4791.00  2.58457e-17
      4792.00  2.53650e-17
      4793.00  2.49229e-17
      4794.00  2.45524e-17
      4795.00  2.42105e-17
      4796.00  2.38776e-17
      4797.00  2.35466e-17
      4798.00  2.32103e-17
      4799.00  2.28613e-17
      4800.00  2.24875e-17
      4801.00  2.20612e-17
      4802.00  2.16001e-17
      4803.00  2.11394e-17
      4804.00  2.07147e-17
      4805.00  2.03612e-17
      4806.00  2.01162e-17
      4807.00  2.00227e-17
      4808.00  2.00524e-17
      4809.00  2.01395e-17
      4810.00  2.02175e-17
      4811.00  2.02206e-17
      4812.00  2.00831e-17
      4813.00  1.97644e-17
      4814.00  1.93015e-17
      4815.00  1.87582e-17
      4816.00  1.81985e-17
      4817.00  1.76861e-17
      4818.00  1.72844e-17
      4819.00  1.70326e-17
      4820.00  1.68974e-17
      4821.00  1.68342e-17
      4822.00  1.68001e-17
      4823.00  1.67526e-17
      4824.00  1.66490e-17
      4825.00  1.64703e-17
      4826.00  1.62664e-17
      4827.00  1.60398e-17
      4828.00  1.57772e-17
      4829.00  1.54654e-17
      4830.00  1.50910e-17
      4831.00  1.46153e-17
      4832.00  1.39008e-17
      4833.00  1.30147e-17
      4834.00  1.21144e-17
      4835.00  1.13570e-17
      4836.00  1.08989e-17
      4837.00  1.09032e-17
      4838.00  1.15428e-17
      4839.00  1.27015e-17
      4840.00  1.41095e-17
      4841.00  1.54960e-17
      4842.00  1.65905e-17
      4843.00  1.71261e-17
      4844.00  1.69728e-17
      4845.00  1.62946e-17
      4846.00  1.52939e-17
      4847.00  1.41700e-17
      4848.00  1.31213e-17
      4849.00  1.23455e-17
      4850.00  1.19235e-17
      4851.00  1.16926e-17
      4852.00  1.15932e-17
      4853.00  1.15903e-17
      4854.00  1.16491e-17
      4855.00  1.17349e-17
      4856.00  1.18362e-17
      4857.00  1.20150e-17
      4858.00  1.22606e-17
      4859.00  1.25373e-17
      4860.00  1.28093e-17
      4861.00  1.30413e-17
      4862.00  1.32012e-17
      4863.00  1.32945e-17
      4864.00  1.33454e-17
      4865.00  1.33722e-17
      4866.00  1.33934e-17
      4867.00  1.34272e-17
      4868.00  1.34916e-17
      4869.00  1.35983e-17
      4870.00  1.37355e-17
      4871.00  1.38835e-17
      4872.00  1.40223e-17
      4873.00  1.41319e-17
      4874.00  1.41918e-17
      4875.00  1.41487e-17
      4876.00  1.39807e-17
      4877.00  1.37618e-17
      4878.00  1.35729e-17
      4879.00  1.34952e-17
      4880.00  1.36091e-17
      4881.00  1.40250e-17
      4882.00  1.48114e-17
      4883.00  1.58195e-17
      4884.00  1.68685e-17
      4885.00  1.77781e-17
      4886.00  1.83688e-17
      4887.00  1.84711e-17
      4888.00  1.80603e-17
      4889.00  1.72904e-17
      4890.00  1.63365e-17
      4891.00  1.53731e-17
      4892.00  1.45742e-17
      4893.00  1.41014e-17
      4894.00  1.39333e-17
      4895.00  1.39504e-17
      4896.00  1.40882e-17
      4897.00  1.42843e-17
      4898.00  1.44763e-17
      4899.00  1.46031e-17
      4900.00  1.46541e-17
      4901.00  1.46766e-17
      4902.00  1.46912e-17
      4903.00  1.47162e-17
      4904.00  1.47694e-17
      4905.00  1.48689e-17
      4906.00  1.50270e-17
      4907.00  1.52355e-17
      4908.00  1.54815e-17
      4909.00  1.57524e-17
      4910.00  1.60358e-17
      4911.00  1.63192e-17
      4912.00  1.65985e-17
      4913.00  1.69000e-17
      4914.00  1.72190e-17
      4915.00  1.75381e-17
      4916.00  1.78403e-17
      4917.00  1.81084e-17
      4918.00  1.83286e-17
      4919.00  1.85199e-17
      4920.00  1.86910e-17
      4921.00  1.88317e-17
      4922.00  1.89317e-17
      4923.00  1.89807e-17
      4924.00  1.89664e-17
      4925.00  1.88384e-17
      4926.00  1.85870e-17
      4927.00  1.82773e-17
      4928.00  1.79774e-17
      4929.00  1.77555e-17
      4930.00  1.76793e-17
      4931.00  1.77871e-17
      4932.00  1.80380e-17
      4933.00  1.83926e-17
      4934.00  1.88155e-17
      4935.00  1.92714e-17
      4936.00  1.97250e-17
      4937.00  2.01751e-17
      4938.00  2.07212e-17
      4939.00  2.13309e-17
      4940.00  2.19280e-17
      4941.00  2.24364e-17
      4942.00  2.27803e-17
      4943.00  2.28834e-17
      4944.00  2.27028e-17
      4945.00  2.23015e-17
      4946.00  2.17735e-17
      4947.00  2.12124e-17
      4948.00  2.07118e-17
      4949.00  2.03610e-17
      4950.00  2.01419e-17
      4951.00  1.99766e-17
      4952.00  1.98653e-17
      4953.00  1.98128e-17
      4954.00  1.98239e-17
      4955.00  1.99039e-17
      4956.00  2.01308e-17
      4957.00  2.05952e-17
      4958.00  2.11762e-17
      4959.00  2.17281e-17
      4960.00  2.21054e-17
      4961.00  2.21629e-17
      4962.00  2.17313e-17
      4963.00  2.06903e-17
      4964.00  1.92443e-17
      4965.00  1.76650e-17
      4966.00  1.62233e-17
      4967.00  1.51899e-17
      4968.00  1.48275e-17
      4969.00  1.52234e-17
      4970.00  1.61700e-17
      4971.00  1.74092e-17
      4972.00  1.86833e-17
      4973.00  1.97351e-17
      4974.00  2.03128e-17
      4975.00  2.03456e-17
      4976.00  2.00111e-17
      4977.00  1.94486e-17
      4978.00  1.87915e-17
      4979.00  1.81728e-17
      4980.00  1.77251e-17
      4981.00  1.75232e-17
      4982.00  1.74831e-17
      4983.00  1.75342e-17
      4984.00  1.76156e-17
      4985.00  1.76665e-17
      4986.00  1.76264e-17
      4987.00  1.74420e-17
      4988.00  1.71212e-17
      4989.00  1.67104e-17
      4990.00  1.62563e-17
      4991.00  1.58050e-17
      4992.00  1.54028e-17
      4993.00  1.50902e-17
      4994.00  1.48405e-17
      4995.00  1.46241e-17
      4996.00  1.44451e-17
      4997.00  1.43085e-17
      4998.00  1.42191e-17
      4999.00  1.41810e-17
      5000.00  1.41784e-17
      5001.00  1.41982e-17
      5002.00  1.42607e-17
      5003.00  1.43882e-17
      5004.00  1.46030e-17
      5005.00  1.49275e-17
      5006.00  1.54144e-17
      5007.00  1.61209e-17
      5008.00  1.69672e-17
      5009.00  1.78524e-17
      5010.00  1.86755e-17
      5011.00  1.93362e-17
      5012.00  1.97361e-17
      5013.00  1.98451e-17
      5014.00  1.97544e-17
      5015.00  1.95766e-17
      5016.00  1.94241e-17
      5017.00  1.94090e-17
      5018.00  1.96438e-17
      5019.00  2.02075e-17
      5020.00  2.10258e-17
      5021.00  2.19628e-17
      5022.00  2.28818e-17
      5023.00  2.36462e-17
      5024.00  2.41200e-17
      5025.00  2.41986e-17
      5026.00  2.39342e-17
      5027.00  2.34626e-17
      5028.00  2.29223e-17
      5029.00  2.24513e-17
      5030.00  2.21877e-17
      5031.00  2.22421e-17
      5032.00  2.25713e-17
      5033.00  2.30752e-17
      5034.00  2.36592e-17
      5035.00  2.42286e-17
      5036.00  2.46892e-17
      5037.00  2.49579e-17
      5038.00  2.50662e-17
      5039.00  2.50741e-17
      5040.00  2.50098e-17
      5041.00  2.49016e-17
      5042.00  2.47773e-17
      5043.00  2.46650e-17
      5044.00  2.45835e-17
      5045.00  2.45178e-17
      5046.00  2.44383e-17
      5047.00  2.43156e-17
      5048.00  2.41200e-17
      5049.00  2.38219e-17
      5050.00  2.33729e-17
      5051.00  2.27448e-17
      5052.00  2.20049e-17
      5053.00  2.12317e-17
      5054.00  2.05038e-17
      5055.00  1.98997e-17
      5056.00  1.94992e-17
      5057.00  1.93390e-17
      5058.00  1.93378e-17
      5059.00  1.93907e-17
      5060.00  1.93924e-17
      5061.00  1.92382e-17
      5062.00  1.88207e-17
      5063.00  1.80391e-17
      5064.00  1.69648e-17
      5065.00  1.57571e-17
      5066.00  1.45765e-17
      5067.00  1.35833e-17
      5068.00  1.29370e-17
      5069.00  1.27419e-17
      5070.00  1.29200e-17
      5071.00  1.33374e-17
      5072.00  1.38605e-17
      5073.00  1.43560e-17
      5074.00  1.46910e-17
      5075.00  1.47819e-17
      5076.00  1.47347e-17
      5077.00  1.45992e-17
      5078.00  1.43926e-17
      5079.00  1.41320e-17
      5080.00  1.38345e-17
      5081.00  1.35039e-17
      5082.00  1.30456e-17
      5083.00  1.24667e-17
      5084.00  1.18567e-17
      5085.00  1.13057e-17
      5086.00  1.09039e-17
      5087.00  1.07407e-17
      5088.00  1.08755e-17
      5089.00  1.12604e-17
      5090.00  1.18073e-17
      5091.00  1.24272e-17
      5092.00  1.30312e-17
      5093.00  1.35309e-17
      5094.00  1.39133e-17
      5095.00  1.43115e-17
      5096.00  1.46989e-17
      5097.00  1.50140e-17
      5098.00  1.51957e-17
      5099.00  1.51827e-17
      5100.00  1.48970e-17
      5101.00  1.42179e-17
      5102.00  1.32365e-17
      5103.00  1.21251e-17
      5104.00  1.10563e-17
      5105.00  1.02021e-17
      5106.00  9.73145e-18
      5107.00  9.70697e-18
      5108.00  1.00145e-17
      5109.00  1.05259e-17
      5110.00  1.11147e-17
      5111.00  1.16543e-17
      5112.00  1.20187e-17
      5113.00  1.21233e-17
      5114.00  1.20282e-17
      5115.00  1.18258e-17
      5116.00  1.16052e-17
      5117.00  1.14558e-17
      5118.00  1.14666e-17
      5119.00  1.17244e-17
      5120.00  1.22528e-17
      5121.00  1.29671e-17
      5122.00  1.37657e-17
      5123.00  1.45468e-17
      5124.00  1.52089e-17
      5125.00  1.56574e-17
      5126.00  1.59133e-17
      5127.00  1.60496e-17
      5128.00  1.60871e-17
      5129.00  1.60445e-17
      5130.00  1.59407e-17
      5131.00  1.57939e-17
      5132.00  1.55878e-17
      5133.00  1.52848e-17
      5134.00  1.49119e-17
      5135.00  1.45032e-17
      5136.00  1.40926e-17
      5137.00  1.37140e-17
      5138.00  1.33667e-17
      5139.00  1.29454e-17
      5140.00  1.24843e-17
      5141.00  1.20651e-17
      5142.00  1.17694e-17
      5143.00  1.16788e-17
      5144.00  1.18839e-17
      5145.00  1.25295e-17
      5146.00  1.35499e-17
      5147.00  1.47457e-17
      5148.00  1.59158e-17
      5149.00  1.68593e-17
      5150.00  1.73763e-17
      5151.00  1.73285e-17
      5152.00  1.68087e-17
      5153.00  1.59990e-17
      5154.00  1.50830e-17
      5155.00  1.42438e-17
      5156.00  1.36644e-17
      5157.00  1.34797e-17
      5158.00  1.35960e-17
      5159.00  1.39077e-17
      5160.00  1.43341e-17
      5161.00  1.47943e-17
      5162.00  1.52078e-17
      5163.00  1.55034e-17
      5164.00  1.57214e-17
      5165.00  1.59132e-17
      5166.00  1.60819e-17
      5167.00  1.62300e-17
      5168.00  1.63597e-17
      5169.00  1.64726e-17
      5170.00  1.65379e-17
      5171.00  1.65323e-17
      5172.00  1.64971e-17
      5173.00  1.64780e-17
      5174.00  1.65207e-17
      5175.00  1.66710e-17
      5176.00  1.69757e-17
      5177.00  1.74475e-17
      5178.00  1.80335e-17
      5179.00  1.86712e-17
      5180.00  1.92986e-17
      5181.00  1.98536e-17
      5182.00  2.02854e-17
      5183.00  2.06562e-17
      5184.00  2.10000e-17
      5185.00  2.12882e-17
      5186.00  2.14914e-17
      5187.00  2.15803e-17
      5188.00  2.15245e-17
      5189.00  2.12569e-17
      5190.00  2.07615e-17
      5191.00  2.01283e-17
      5192.00  1.94539e-17
      5193.00  1.88349e-17
      5194.00  1.83677e-17
      5195.00  1.81145e-17
      5196.00  1.80070e-17
      5197.00  1.80025e-17
      5198.00  1.80768e-17
      5199.00  1.82059e-17
      5200.00  1.83657e-17
      5201.00  1.85389e-17
      5202.00  1.87681e-17
      5203.00  1.90635e-17
      5204.00  1.93942e-17
      5205.00  1.97289e-17
      5206.00  2.00362e-17
      5207.00  2.02848e-17
      5208.00  2.04451e-17
      5209.00  2.05270e-17
      5210.00  2.05703e-17
      5211.00  2.06166e-17
      5212.00  2.07072e-17
      5213.00  2.08834e-17
      5214.00  2.11899e-17
      5215.00  2.16448e-17
      5216.00  2.21962e-17
      5217.00  2.27811e-17
      5218.00  2.33364e-17
      5219.00  2.37993e-17
      5220.00  2.41149e-17
      5221.00  2.43191e-17
      5222.00  2.44519e-17
      5223.00  2.45109e-17
      5224.00  2.44929e-17
      5225.00  2.43944e-17
      5226.00  2.42105e-17
      5227.00  2.38477e-17
      5228.00  2.32378e-17
      5229.00  2.25078e-17
      5230.00  2.18001e-17
      5231.00  2.12570e-17
      5232.00  2.10206e-17
      5233.00  2.12462e-17
      5234.00  2.20115e-17
      5235.00  2.31376e-17
      5236.00  2.43997e-17
      5237.00  2.55734e-17
      5238.00  2.64345e-17
      5239.00  2.67648e-17
      5240.00  2.64888e-17
      5241.00  2.57673e-17
      5242.00  2.47967e-17
      5243.00  2.37727e-17
      5244.00  2.28910e-17
      5245.00  2.23458e-17
      5246.00  2.22237e-17
      5247.00  2.23913e-17
      5248.00  2.27480e-17
      5249.00  2.32037e-17
      5250.00  2.36683e-17
      5251.00  2.40520e-17
      5252.00  2.42798e-17
      5253.00  2.43780e-17
      5254.00  2.44083e-17
      5255.00  2.44251e-17
      5256.00  2.44828e-17
      5257.00  2.46355e-17
      5258.00  2.49391e-17
      5259.00  2.54508e-17
      5260.00  2.61361e-17
      5261.00  2.69083e-17
      5262.00  2.76795e-17
      5263.00  2.83621e-17
      5264.00  2.88687e-17
      5265.00  2.91251e-17
      5266.00  2.91534e-17
      5267.00  2.90436e-17
      5268.00  2.88889e-17
      5269.00  2.87826e-17
      5270.00  2.88178e-17
      5271.00  2.90763e-17
      5272.00  2.95428e-17
      5273.00  3.01506e-17
      5274.00  3.08389e-17
      5275.00  3.15470e-17
      5276.00  3.22144e-17
      5277.00  3.27799e-17
      5278.00  3.31868e-17
      5279.00  3.34664e-17
      5280.00  3.37037e-17
      5281.00  3.39846e-17
      5282.00  3.43950e-17
      5283.00  3.50209e-17
      5284.00  3.59733e-17
      5285.00  3.72999e-17
      5286.00  3.88556e-17
      5287.00  4.04718e-17
      5288.00  4.19799e-17
      5289.00  4.32118e-17
      5290.00  4.40224e-17
      5291.00  4.44760e-17
      5292.00  4.46775e-17
      5293.00  4.46799e-17
      5294.00  4.45353e-17
      5295.00  4.42959e-17
      5296.00  4.40104e-17
      5297.00  4.36093e-17
      5298.00  4.30136e-17
      5299.00  4.23028e-17
      5300.00  4.15670e-17
      5301.00  4.08960e-17
      5302.00  4.03792e-17
      5303.00  4.00896e-17
      5304.00  4.00017e-17
      5305.00  4.00466e-17
      5306.00  4.01570e-17
      5307.00  4.02655e-17
      5308.00  4.03050e-17
      5309.00  4.02232e-17
      5310.00  4.01210e-17
      5311.00  4.00349e-17
      5312.00  3.98964e-17
      5313.00  3.96355e-17
      5314.00  3.91821e-17
      5315.00  3.84652e-17
      5316.00  3.73604e-17
      5317.00  3.58311e-17
      5318.00  3.40458e-17
      5319.00  3.21889e-17
      5320.00  3.04449e-17
      5321.00  2.89974e-17
      5322.00  2.79873e-17
      5323.00  2.73113e-17
      5324.00  2.68697e-17
      5325.00  2.66045e-17
      5326.00  2.64578e-17
      5327.00  2.63717e-17
      5328.00  2.62990e-17
      5329.00  2.63642e-17
      5330.00  2.66272e-17
      5331.00  2.69700e-17
      5332.00  2.72686e-17
      5333.00  2.73994e-17
      5334.00  2.72388e-17
      5335.00  2.66557e-17
      5336.00  2.56368e-17
      5337.00  2.43448e-17
      5338.00  2.29594e-17
      5339.00  2.16599e-17
      5340.00  2.06253e-17
      5341.00  2.00120e-17
      5342.00  1.97667e-17
      5343.00  1.97730e-17
      5344.00  1.99558e-17
      5345.00  2.02404e-17
      5346.00  2.05521e-17
      5347.00  2.08198e-17
      5348.00  2.10927e-17
      5349.00  2.14602e-17
      5350.00  2.18707e-17
      5351.00  2.22635e-17
      5352.00  2.25775e-17
      5353.00  2.27519e-17
      5354.00  2.27470e-17
      5355.00  2.26066e-17
      5356.00  2.23578e-17
      5357.00  2.20156e-17
      5358.00  2.15948e-17
      5359.00  2.11103e-17
      5360.00  2.05695e-17
      5361.00  1.99008e-17
      5362.00  1.90966e-17
      5363.00  1.82258e-17
      5364.00  1.73585e-17
      5365.00  1.65649e-17
      5366.00  1.59146e-17
      5367.00  1.54252e-17
      5368.00  1.50307e-17
      5369.00  1.47191e-17
      5370.00  1.44871e-17
      5371.00  1.43319e-17
      5372.00  1.42502e-17
      5373.00  1.42549e-17
      5374.00  1.44211e-17
      5375.00  1.47196e-17
      5376.00  1.50756e-17
      5377.00  1.54144e-17
      5378.00  1.56614e-17
      5379.00  1.57421e-17
      5380.00  1.56028e-17
      5381.00  1.52837e-17
      5382.00  1.48670e-17
      5383.00  1.44363e-17
      5384.00  1.40745e-17
      5385.00  1.38649e-17
      5386.00  1.38765e-17
      5387.00  1.40905e-17
      5388.00  1.44372e-17
      5389.00  1.48454e-17
      5390.00  1.52443e-17
      5391.00  1.55629e-17
      5392.00  1.57368e-17
      5393.00  1.57812e-17
      5394.00  1.57447e-17
      5395.00  1.56513e-17
      5396.00  1.55248e-17
      5397.00  1.53887e-17
      5398.00  1.52663e-17
      5399.00  1.51479e-17
      5400.00  1.49971e-17
      5401.00  1.48308e-17
      5402.00  1.46719e-17
      5403.00  1.45433e-17
      5404.00  1.44679e-17
      5405.00  1.44668e-17
      5406.00  1.45404e-17
      5407.00  1.46702e-17
      5408.00  1.48364e-17
      5409.00  1.50192e-17
      5410.00  1.51989e-17
      5411.00  1.53582e-17
      5412.00  1.55354e-17
      5413.00  1.57586e-17
      5414.00  1.59877e-17
      5415.00  1.61792e-17
      5416.00  1.62900e-17
      5417.00  1.62769e-17
      5418.00  1.60876e-17
      5419.00  1.56956e-17
      5420.00  1.51662e-17
      5421.00  1.45789e-17
      5422.00  1.40127e-17
      5423.00  1.35467e-17
      5424.00  1.32526e-17
      5425.00  1.31059e-17
      5426.00  1.30527e-17
      5427.00  1.30747e-17
      5428.00  1.31544e-17
      5429.00  1.32743e-17
      5430.00  1.34173e-17
      5431.00  1.36157e-17
      5432.00  1.39252e-17
      5433.00  1.42960e-17
      5434.00  1.46665e-17
      5435.00  1.49751e-17
      5436.00  1.51604e-17
      5437.00  1.51699e-17
      5438.00  1.50223e-17
      5439.00  1.47582e-17
      5440.00  1.44075e-17
      5441.00  1.40005e-17
      5442.00  1.35673e-17
      5443.00  1.31353e-17
      5444.00  1.26603e-17
      5445.00  1.20985e-17
      5446.00  1.14977e-17
      5447.00  1.09111e-17
      5448.00  1.03915e-17
      5449.00  9.99206e-18
      5450.00  9.74882e-18
      5451.00  9.62817e-18
      5452.00  9.60313e-18
      5453.00  9.65558e-18
      5454.00  9.76744e-18
      5455.00  9.92064e-18
      5456.00  1.01035e-17
      5457.00  1.03813e-17
      5458.00  1.07683e-17
      5459.00  1.12028e-17
      5460.00  1.16211e-17
      5461.00  1.19598e-17
      5462.00  1.21555e-17
      5463.00  1.21606e-17
      5464.00  1.19983e-17
      5465.00  1.17222e-17
      5466.00  1.13862e-17
      5467.00  1.10441e-17
      5468.00  1.07495e-17
      5469.00  1.05475e-17
      5470.00  1.04084e-17
      5471.00  1.03010e-17
      5472.00  1.02177e-17
      5473.00  1.01514e-17
      5474.00  1.00946e-17
      5475.00  1.00405e-17
      5476.00  9.98946e-18
      5477.00  9.94904e-18
      5478.00  9.91858e-18
      5479.00  9.89671e-18
      5480.00  9.88206e-18
      5481.00  9.87323e-18
      5482.00  9.87126e-18
      5483.00  9.88480e-18
      5484.00  9.91042e-18
      5485.00  9.94037e-18
      5486.00  9.96694e-18
      5487.00  9.98242e-18
      5488.00  9.97857e-18
      5489.00  9.93989e-18
      5490.00  9.86822e-18
      5491.00  9.78383e-18
      5492.00  9.70758e-18
      5493.00  9.66033e-18
      5494.00  9.66290e-18
      5495.00  9.74263e-18
      5496.00  9.91689e-18
      5497.00  1.01503e-17
      5498.00  1.03993e-17
      5499.00  1.06204e-17
      5500.00  1.07700e-17
      5501.00  1.08064e-17
      5502.00  1.07209e-17
      5503.00  1.05448e-17
      5504.00  1.03106e-17
      5505.00  1.00505e-17
      5506.00  9.79694e-18
      5507.00  9.58196e-18
      5508.00  9.41965e-18
      5509.00  9.28516e-18
      5510.00  9.16556e-18
      5511.00  9.05110e-18
      5512.00  8.93204e-18
      5513.00  8.79866e-18
      5514.00  8.63558e-18
      5515.00  8.40326e-18
      5516.00  8.12053e-18
      5517.00  7.83458e-18
      5518.00  7.59266e-18
      5519.00  7.44197e-18
      5520.00  7.43022e-18
      5521.00  7.61983e-18
      5522.00  8.00958e-18
      5523.00  8.51589e-18
      5524.00  9.05033e-18
      5525.00  9.52455e-18
      5526.00  9.85033e-18
      5527.00  9.93783e-18
      5528.00  9.75040e-18
      5529.00  9.38018e-18
      5530.00  8.94348e-18
      5531.00  8.55651e-18
      5532.00  8.33533e-18
      5533.00  8.39586e-18
      5534.00  8.82011e-18
      5535.00  9.54396e-18
      5536.00  1.04396e-17
      5537.00  1.13778e-17
      5538.00  1.22298e-17
      5539.00  1.28667e-17
      5540.00  1.32032e-17
      5541.00  1.33250e-17
      5542.00  1.32953e-17
      5543.00  1.31563e-17
      5544.00  1.29498e-17
      5545.00  1.27176e-17
      5546.00  1.24989e-17
      5547.00  1.22865e-17
      5548.00  1.20503e-17
      5549.00  1.17788e-17
      5550.00  1.14609e-17
      5551.00  1.10859e-17
      5552.00  1.06426e-17
      5553.00  1.00626e-17
      5554.00  9.25062e-18
      5555.00  8.31279e-18
      5556.00  7.38504e-18
      5557.00  6.60317e-18
      5558.00  6.10281e-18
      5559.00  6.01835e-18
      5560.00  6.41420e-18
      5561.00  7.18294e-18
      5562.00  8.17391e-18
      5563.00  9.23644e-18
      5564.00  1.02200e-17
      5565.00  1.09759e-17
      5566.00  1.15324e-17
      5567.00  1.20974e-17
      5568.00  1.26083e-17
      5569.00  1.29678e-17
      5570.00  1.30787e-17
      5571.00  1.28440e-17
      5572.00  1.21320e-17
      5573.00  1.07060e-17
      5574.00  8.71956e-18
      5575.00  6.48597e-18
      5576.00  4.31877e-18
      5577.00  2.53114e-18
      5578.00  1.43386e-18
      5579.00  1.18357e-18
      5580.00  1.59102e-18
      5581.00  2.43347e-18
      5582.00  3.49360e-18
      5583.00  4.55429e-18
      5584.00  5.39866e-18
      5585.00  5.86099e-18
      5586.00  6.07025e-18
      5587.00  6.14213e-18
      5588.00  6.13609e-18
      5589.00  6.11151e-18
      5590.00  6.12768e-18
      5591.00  6.24291e-18
      5592.00  6.47717e-18
      5593.00  6.79047e-18
      5594.00  7.14491e-18
      5595.00  7.50354e-18
      5596.00  7.82945e-18
      5597.00  8.08577e-18
      5598.00  8.25815e-18
      5599.00  8.40321e-18
      5600.00  8.51829e-18
      5601.00  8.57982e-18
      5602.00  8.56424e-18
      5603.00  8.44800e-18
      5604.00  8.20491e-18
      5605.00  7.77639e-18
      5606.00  7.16990e-18
      5607.00  6.45962e-18
      5608.00  5.72157e-18
      5609.00  5.03175e-18
      5610.00  4.46601e-18
      5611.00  4.05302e-18
      5612.00  3.70135e-18
      5613.00  3.40621e-18
      5614.00  3.18738e-18
      5615.00  3.06462e-18
      5616.00  3.05766e-18
      5617.00  3.19198e-18
      5618.00  3.54524e-18
      5619.00  4.10348e-18
      5620.00  4.77437e-18
      5621.00  5.46416e-18
      5622.00  6.07919e-18
      5623.00  6.52596e-18
      5624.00  6.75269e-18
      5625.00  6.82388e-18
      5626.00  6.78549e-18
      5627.00  6.67403e-18
      5628.00  6.52601e-18
      5629.00  6.37789e-18
      5630.00  6.26106e-18
      5631.00  6.15238e-18
      5632.00  6.02899e-18
      5633.00  5.89274e-18
      5634.00  5.74586e-18
      5635.00  5.59060e-18
      5636.00  5.42905e-18
      5637.00  5.24846e-18
      5638.00  5.03027e-18
      5639.00  4.79382e-18
      5640.00  4.56300e-18
      5641.00  4.36169e-18
      5642.00  4.21373e-18
      5643.00  4.14521e-18
      5644.00  4.18296e-18
      5645.00  4.30293e-18
      5646.00  4.46146e-18
      5647.00  4.61486e-18
      5648.00  4.71945e-18
      5649.00  4.73147e-18
      5650.00  4.60833e-18
      5651.00  4.35794e-18
      5652.00  4.03555e-18
      5653.00  3.69927e-18
      5654.00  3.40717e-18
      5655.00  3.21728e-18
      5656.00  3.18772e-18
      5657.00  3.34506e-18
      5658.00  3.63606e-18
      5659.00  3.98962e-18
      5660.00  4.33465e-18
      5661.00  4.60010e-18
      5662.00  4.71576e-18
      5663.00  4.66215e-18
      5664.00  4.49427e-18
      5665.00  4.24003e-18
      5666.00  3.92333e-18
      5667.00  3.56805e-18
      5668.00  3.19807e-18
      5669.00  2.82156e-18
      5670.00  2.37558e-18
      5671.00  1.86795e-18
      5672.00  1.34235e-18
      5673.00  8.42500e-19
      5674.00  4.12072e-19
      5675.00  9.35571e-20
      5676.00 -1.19779e-19
      5677.00 -2.70684e-19
      5678.00 -3.56426e-19
      5679.00 -3.70504e-19
      5680.00 -3.06425e-19
      5681.00 -1.57698e-19
      5682.00  9.93949e-20
      5683.00  5.35153e-19
      5684.00  1.10917e-18
      5685.00  1.74395e-18
      5686.00  2.36203e-18
      5687.00  2.88602e-18
      5688.00  3.24059e-18
      5689.00  3.42460e-18
      5690.00  3.50197e-18
      5691.00  3.48993e-18
      5692.00  3.40203e-18
      5693.00  3.25176e-18
      5694.00  3.05265e-18
      5695.00  2.79081e-18
      5696.00  2.37552e-18
      5697.00  1.84581e-18
      5698.00  1.28295e-18
      5699.00  7.68154e-19
      5700.00  3.82596e-19
      5701.00  2.06714e-19
      5702.00  2.83301e-19
      5703.00  5.63106e-19
      5704.00  9.74692e-19
      5705.00  1.44669e-18
      5706.00  1.90777e-18
      5707.00  2.28666e-18
      5708.00  2.53885e-18
      5709.00  2.72863e-18
      5710.00  2.88097e-18
      5711.00  2.99812e-18
      5712.00  3.08232e-18
      5713.00  3.13582e-18
      5714.00  3.15987e-18
      5715.00  3.13658e-18
      5716.00  3.05909e-18
      5717.00  2.94718e-18
      5718.00  2.82170e-18
      5719.00  2.70349e-18
      5720.00  2.61337e-18
      5721.00  2.56213e-18
      5722.00  2.52605e-18
      5723.00  2.50126e-18
      5724.00  2.49198e-18
      5725.00  2.50243e-18
      5726.00  2.53683e-18
      5727.00  2.60025e-18
      5728.00  2.71118e-18
      5729.00  2.87078e-18
      5730.00  3.05683e-18
      5731.00  3.24630e-18
      5732.00  3.41621e-18
      5733.00  3.54355e-18
      5734.00  3.60712e-18
      5735.00  3.60683e-18
      5736.00  3.56462e-18
      5737.00  3.50453e-18
      5738.00  3.45059e-18
      5739.00  3.42680e-18
      5740.00  3.45865e-18
      5741.00  3.58729e-18
      5742.00  3.80319e-18
      5743.00  4.05175e-18
      5744.00  4.27710e-18
      5745.00  4.42341e-18
      5746.00  4.43486e-18
      5747.00  4.23011e-18
      5748.00  3.73219e-18
      5749.00  3.04913e-18
      5750.00  2.32400e-18
      5751.00  1.69980e-18
      5752.00  1.31943e-18
      5753.00  1.32616e-18
      5754.00  1.82363e-18
      5755.00  2.72515e-18
      5756.00  3.86177e-18
      5757.00  5.06313e-18
      5758.00  6.15895e-18
      5759.00  6.97910e-18
      5760.00  7.41605e-18
      5761.00  7.59590e-18
      5762.00  7.59436e-18
      5763.00  7.45405e-18
      5764.00  7.21760e-18
      5765.00  6.92756e-18
      5766.00  6.62024e-18
      5767.00  6.22256e-18
      5768.00  5.68943e-18
      5769.00  5.08539e-18
      5770.00  4.47884e-18
      5771.00  3.93815e-18
      5772.00  3.53162e-18
      5773.00  3.31994e-18
      5774.00  3.29705e-18
      5775.00  3.40109e-18
      5776.00  3.56634e-18
      5777.00  3.72712e-18
      5778.00  3.81780e-18
      5779.00  3.77029e-18
      5780.00  3.49863e-18
      5781.00  3.03457e-18
      5782.00  2.49782e-18
      5783.00  2.01039e-18
      5784.00  1.69423e-18
      5785.00  1.67118e-18
      5786.00  2.09001e-18
      5787.00  3.04763e-18
      5788.00  4.36096e-18
      5789.00  5.79761e-18
      5790.00  7.12539e-18
      5791.00  8.11226e-18
      5792.00  8.52903e-18
      5793.00  8.26373e-18
      5794.00  7.46564e-18
      5795.00  6.34194e-18
      5796.00  5.09966e-18
      5797.00  3.94562e-18
      5798.00  3.08654e-18
      5799.00  2.66761e-18
      5800.00  2.56367e-18
      5801.00  2.66357e-18
      5802.00  2.88971e-18
      5803.00  3.16457e-18
      5804.00  3.41067e-18
      5805.00  3.55403e-18
      5806.00  3.60634e-18
      5807.00  3.63020e-18
      5808.00  3.63744e-18
      5809.00  3.63708e-18
      5810.00  3.63814e-18
      5811.00  3.64962e-18
      5812.00  3.68032e-18
      5813.00  3.73189e-18
      5814.00  3.79511e-18
      5815.00  3.85933e-18
      5816.00  3.91389e-18
      5817.00  3.94813e-18
      5818.00  3.95084e-18
      5819.00  3.90156e-18
      5820.00  3.80175e-18
      5821.00  3.67800e-18
      5822.00  3.55787e-18
      5823.00  3.46887e-18
      5824.00  3.43852e-18
      5825.00  3.49298e-18
      5826.00  3.63580e-18
      5827.00  3.84078e-18
      5828.00  4.07805e-18
      5829.00  4.31776e-18
      5830.00  4.53010e-18
      5831.00  4.68545e-18
      5832.00  4.76629e-18
      5833.00  4.78971e-18
      5834.00  4.78322e-18
      5835.00  4.77440e-18
      5836.00  4.79082e-18
      5837.00  4.86001e-18
      5838.00  5.02376e-18
      5839.00  5.34538e-18
      5840.00  5.76936e-18
      5841.00  6.20652e-18
      5842.00  6.56772e-18
      5843.00  6.76392e-18
      5844.00  6.70485e-18
      5845.00  6.28267e-18
      5846.00  5.51726e-18
      5847.00  4.55467e-18
      5848.00  3.54674e-18
      5849.00  2.64517e-18
      5850.00  2.00154e-18
      5851.00  1.74691e-18
      5852.00  1.84867e-18
      5853.00  2.19859e-18
      5854.00  2.69998e-18
      5855.00  3.25626e-18
      5856.00  3.77090e-18
      5857.00  4.14962e-18
      5858.00  4.40595e-18
      5859.00  4.64041e-18
      5860.00  4.84338e-18
      5861.00  4.99497e-18
      5862.00  5.07533e-18
      5863.00  5.06459e-18
      5864.00  4.92746e-18
      5865.00  4.57572e-18
      5866.00  4.05700e-18
      5867.00  3.47487e-18
      5868.00  2.93293e-18
      5869.00  2.53472e-18
      5870.00  2.38326e-18
      5871.00  2.53834e-18
      5872.00  2.94256e-18
      5873.00  3.51841e-18
      5874.00  4.19006e-18
      5875.00  4.88173e-18
      5876.00  5.51771e-18
      5877.00  6.04562e-18
      5878.00  6.57428e-18
      5879.00  7.12992e-18
      5880.00  7.65900e-18
      5881.00  8.10757e-18
      5882.00  8.42176e-18
      5883.00  8.54712e-18
      5884.00  8.37887e-18
      5885.00  7.86627e-18
      5886.00  7.14982e-18
      5887.00  6.38811e-18
      5888.00  5.73960e-18
      5889.00  5.36261e-18
      5890.00  5.41095e-18
      5891.00  5.93477e-18
      5892.00  6.81079e-18
      5893.00  7.88594e-18
      5894.00  9.00727e-18
      5895.00  1.00220e-17
      5896.00  1.07775e-17
      5897.00  1.11891e-17
      5898.00  1.13557e-17
      5899.00  1.13614e-17
      5900.00  1.12792e-17
      5901.00  1.11820e-17
      5902.00  1.11424e-17
      5903.00  1.12258e-17
      5904.00  1.14007e-17
      5905.00  1.16169e-17
      5906.00  1.18662e-17
      5907.00  1.21410e-17
      5908.00  1.24339e-17
      5909.00  1.27374e-17
      5910.00  1.30374e-17
      5911.00  1.33207e-17
      5912.00  1.36070e-17
      5913.00  1.39209e-17
      5914.00  1.42870e-17
      5915.00  1.47300e-17
      5916.00  1.52813e-17
      5917.00  1.60473e-17
      5918.00  1.70193e-17
      5919.00  1.80729e-17
      5920.00  1.90806e-17
      5921.00  1.99152e-17
      5922.00  2.04498e-17
      5923.00  2.05655e-17
      5924.00  2.02594e-17
      5925.00  1.96586e-17
      5926.00  1.89033e-17
      5927.00  1.81331e-17
      5928.00  1.74879e-17
      5929.00  1.71054e-17
      5930.00  1.70490e-17
      5931.00  1.72284e-17
      5932.00  1.75255e-17
      5933.00  1.78228e-17
      5934.00  1.80028e-17
      5935.00  1.79480e-17
      5936.00  1.75462e-17
      5937.00  1.67814e-17
      5938.00  1.57668e-17
      5939.00  1.46316e-17
      5940.00  1.35052e-17
      5941.00  1.25167e-17
      5942.00  1.17946e-17
      5943.00  1.14189e-17
      5944.00  1.13187e-17
      5945.00  1.13730e-17
      5946.00  1.14601e-17
      5947.00  1.14585e-17
      5948.00  1.12468e-17
      5949.00  1.07059e-17
      5950.00  9.79947e-18
      5951.00  8.64087e-18
      5952.00  7.36903e-18
      5953.00  6.12279e-18
      5954.00  5.04089e-18
      5955.00  4.26022e-18
      5956.00  3.80243e-18
      5957.00  3.54494e-18
      5958.00  3.45581e-18
      5959.00  3.51441e-18
      5960.00  3.70008e-18
      5961.00  3.99222e-18
      5962.00  4.39611e-18
      5963.00  5.06173e-18
      5964.00  5.96270e-18
      5965.00  6.96517e-18
      5966.00  7.93488e-18
      5967.00  8.73768e-18
      5968.00  9.23960e-18
      5969.00  9.33620e-18
      5970.00  9.07338e-18
      5971.00  8.57711e-18
      5972.00  7.97602e-18
      5973.00  7.39864e-18
      5974.00  6.97338e-18
      5975.00  6.82362e-18
      5976.00  6.97763e-18
      5977.00  7.34033e-18
      5978.00  7.80601e-18
      5979.00  8.26918e-18
      5980.00  8.62443e-18
      5981.00  8.76649e-18
      5982.00  8.62597e-18
      5983.00  8.25991e-18
      5984.00  7.73502e-18
      5985.00  7.11119e-18
      5986.00  6.44826e-18
      5987.00  5.80600e-18
      5988.00  5.23753e-18
      5989.00  4.69227e-18
      5990.00  4.12203e-18
      5991.00  3.55342e-18
      5992.00  3.01528e-18
      5993.00  2.53647e-18
      5994.00  2.14578e-18
      5995.00  1.86254e-18
      5996.00  1.66759e-18
      5997.00  1.54631e-18
      5998.00  1.48898e-18
      5999.00  1.48592e-18
      6000.00  1.52745e-18
      6001.00  1.60582e-18
      6002.00  1.75720e-18
      6003.00  2.00208e-18
      6004.00  2.30174e-18
      6005.00  2.61464e-18
      6006.00  2.89930e-18
      6007.00  3.11427e-18
      6008.00  3.23279e-18
      6009.00  3.29888e-18
      6010.00  3.32584e-18
      6011.00  3.30660e-18
      6012.00  3.23408e-18
      6013.00  3.10119e-18
      6014.00  2.89970e-18
      6015.00  2.57282e-18
      6016.00  2.08724e-18
      6017.00  1.51555e-18
      6018.00  9.37886e-19
      6019.00  4.34343e-19
      6020.00  8.49483e-20
      6021.00 -3.66829e-20
      6022.00  6.86453e-20
      6023.00  3.40970e-19
      6024.00  7.21725e-19
      6025.00  1.15244e-18
      6026.00  1.57467e-18
      6027.00  1.93050e-18
      6028.00  2.22973e-18
      6029.00  2.55917e-18
      6030.00  2.89403e-18
      6031.00  3.19374e-18
      6032.00  3.41775e-18
      6033.00  3.52556e-18
      6034.00  3.47218e-18
      6035.00  3.19172e-18
      6036.00  2.71821e-18
      6037.00  2.14218e-18
      6038.00  1.55480e-18
      6039.00  1.04715e-18
      6040.00  7.10245e-19
      6041.00  6.10470e-19
      6042.00  7.08427e-19
      6043.00  9.39446e-19
      6044.00  1.24271e-18
      6045.00  1.55744e-18
      6046.00  1.82290e-18
      6047.00  1.98170e-18
      6048.00  2.04596e-18
      6049.00  2.06328e-18
      6050.00  2.04427e-18
      6051.00  1.99785e-18
      6052.00  1.93296e-18
      6053.00  1.85853e-18
      6054.00  1.76746e-18
      6055.00  1.61059e-18
      6056.00  1.40843e-18
      6057.00  1.20283e-18
      6058.00  1.03564e-18
      6059.00  9.48662e-19
      6060.00  9.84114e-19
      6061.00  1.18748e-18
      6062.00  1.54691e-18
      6063.00  2.00039e-18
      6064.00  2.48371e-18
      6065.00  2.93270e-18
      6066.00  3.28322e-18
      6067.00  3.48540e-18
      6068.00  3.58600e-18
      6069.00  3.61817e-18
      6070.00  3.58658e-18
      6071.00  3.49577e-18
      6072.00  3.35031e-18
      6073.00  3.15427e-18
      6074.00  2.86655e-18
      6075.00  2.43755e-18
      6076.00  1.92495e-18
      6077.00  1.39776e-18
      6078.00  9.24942e-19
      6079.00  5.75403e-19
      6080.00  4.13818e-19
      6081.00  4.41998e-19
      6082.00  6.10229e-19
      6083.00  8.74877e-19
      6084.00  1.19256e-18
      6085.00  1.51992e-18
      6086.00  1.81369e-18
      6087.00  2.06260e-18
      6088.00  2.32410e-18
      6089.00  2.59629e-18
      6090.00  2.86313e-18
      6091.00  3.10862e-18
      6092.00  3.31675e-18
      6093.00  3.47220e-18
      6094.00  3.57503e-18
      6095.00  3.63720e-18
      6096.00  3.66498e-18
      6097.00  3.66433e-18
      6098.00  3.64120e-18
      6099.00  3.60154e-18
      6100.00  3.54628e-18
      6101.00  3.46030e-18
      6102.00  3.34686e-18
      6103.00  3.21570e-18
      6104.00  3.07652e-18
      6105.00  2.93904e-18
      6106.00  2.81191e-18
      6107.00  2.66463e-18
      6108.00  2.46976e-18
      6109.00  2.26350e-18
      6110.00  2.08635e-18
      6111.00  1.97880e-18
      6112.00  1.98133e-18
      6113.00  2.14192e-18
      6114.00  2.52260e-18
      6115.00  3.07369e-18
      6116.00  3.70360e-18
      6117.00  4.32066e-18
      6118.00  4.83326e-18
      6119.00  5.15004e-18
      6120.00  5.21892e-18
      6121.00  5.09502e-18
      6122.00  4.83540e-18
      6123.00  4.49267e-18
      6124.00  4.11939e-18
      6125.00  3.76809e-18
      6126.00  3.48194e-18
      6127.00  3.19431e-18
      6128.00  2.86909e-18
      6129.00  2.54597e-18
      6130.00  2.26615e-18
      6131.00  2.07077e-18
      6132.00  2.00096e-18
      6133.00  2.10114e-18
      6134.00  2.38596e-18
      6135.00  2.80354e-18
      6136.00  3.29278e-18
      6137.00  3.79259e-18
      6138.00  4.24196e-18
      6139.00  4.58328e-18
      6140.00  4.84754e-18
      6141.00  5.09417e-18
      6142.00  5.30572e-18
      6143.00  5.46060e-18
      6144.00  5.53723e-18
      6145.00  5.51404e-18
      6146.00  5.35555e-18
      6147.00  4.99342e-18
      6148.00  4.47519e-18
      6149.00  3.88699e-18
      6150.00  3.31494e-18
      6151.00  2.84511e-18
      6152.00  2.56302e-18
      6153.00  2.50587e-18
      6154.00  2.61425e-18
      6155.00  2.84126e-18
      6156.00  3.14407e-18
      6157.00  3.47990e-18
      6158.00  3.80597e-18
      6159.00  4.08657e-18
      6160.00  4.35517e-18
      6161.00  4.63767e-18
      6162.00  4.92794e-18
      6163.00  5.21942e-18
      6164.00  5.50558e-18
      6165.00  5.77992e-18
      6166.00  6.05372e-18
      6167.00  6.35977e-18
      6168.00  6.67692e-18
      6169.00  6.97437e-18
      6170.00  7.22129e-18
      6171.00  7.38691e-18
      6172.00  7.43996e-18
      6173.00  7.35129e-18
      6174.00  7.13789e-18
      6175.00  6.84336e-18
      6176.00  6.51192e-18
      6177.00  6.18775e-18
      6178.00  5.91500e-18
      6179.00  5.72517e-18
      6180.00  5.58622e-18
      6181.00  5.47689e-18
      6182.00  5.38849e-18
      6183.00  5.31235e-18
      6184.00  5.23979e-18
      6185.00  5.16247e-18
      6186.00  5.08835e-18
      6187.00  5.03190e-18
      6188.00  4.98352e-18
      6189.00  4.93154e-18
      6190.00  4.86429e-18
      6191.00  4.77012e-18
      6192.00  4.63080e-18
      6193.00  4.39450e-18
      6194.00  4.08077e-18
      6195.00  3.74876e-18
      6196.00  3.45787e-18
      6197.00  3.26746e-18
      6198.00  3.23690e-18
      6199.00  3.43762e-18
      6200.00  3.89203e-18
      6201.00  4.51051e-18
      6202.00  5.19070e-18
      6203.00  5.83029e-18
      6204.00  6.32705e-18
      6205.00  6.57987e-18
      6206.00  6.53741e-18
      6207.00  6.26727e-18
      6208.00  5.86753e-18
      6209.00  5.43639e-18
      6210.00  5.07200e-18
      6211.00  4.87247e-18
      6212.00  4.92351e-18
      6213.00  5.21196e-18
      6214.00  5.65903e-18
      6215.00  6.18488e-18
      6216.00  6.70970e-18
      6217.00  7.15374e-18
      6218.00  7.43818e-18
      6219.00  7.53917e-18
      6220.00  7.51653e-18
      6221.00  7.40705e-18
      6222.00  7.24384e-18
      6223.00  7.05997e-18
      6224.00  6.88851e-18
      6225.00  6.75187e-18
      6226.00  6.59392e-18
      6227.00  6.40279e-18
      6228.00  6.21076e-18
      6229.00  6.05043e-18
      6230.00  5.95438e-18
      6231.00  5.95526e-18
      6232.00  6.11044e-18
      6233.00  6.46231e-18
      6234.00  6.93348e-18
      6235.00  7.43072e-18
      6236.00  7.86081e-18
      6237.00  8.13063e-18
      6238.00  8.14601e-18
      6239.00  7.82885e-18
      6240.00  7.23510e-18
      6241.00  6.48711e-18
      6242.00  5.70852e-18
      6243.00  5.02290e-18
      6244.00  4.55376e-18
      6245.00  4.42177e-18
      6246.00  4.65492e-18
      6247.00  5.13161e-18
      6248.00  5.70833e-18
      6249.00  6.24164e-18
      6250.00  6.58815e-18
      6251.00  6.60432e-18
      6252.00  6.16510e-18
      6253.00  5.31759e-18
      6254.00  4.22866e-18
      6255.00  3.07049e-18
      6256.00  2.01521e-18
      6257.00  1.23482e-18
      6258.00  8.92885e-19
      6259.00  1.01667e-18
      6260.00  1.47583e-18
      6261.00  2.12902e-18
      6262.00  2.83508e-18
      6263.00  3.45291e-18
      6264.00  3.84154e-18
      6265.00  3.88878e-18
      6266.00  3.63678e-18
      6267.00  3.20427e-18
      6268.00  2.71105e-18
      6269.00  2.27681e-18
      6270.00  2.02124e-18
      6271.00  2.06509e-18
      6272.00  2.51169e-18
      6273.00  3.29570e-18
      6274.00  4.26063e-18
      6275.00  5.24790e-18
      6276.00  6.09898e-18
      6277.00  6.65544e-18
      6278.00  6.78049e-18
      6279.00  6.50664e-18
      6280.00  5.95003e-18
      6281.00  5.21817e-18
      6282.00  4.41853e-18
      6283.00  3.65852e-18
      6284.00  3.04366e-18
      6285.00  2.53256e-18
      6286.00  1.96691e-18
      6287.00  1.40651e-18
      6288.00  9.35353e-19
      6289.00  6.37414e-19
      6290.00  5.96608e-19
      6291.00  9.25922e-19
      6292.00  1.93765e-18
      6293.00  3.54438e-18
      6294.00  5.38281e-18
      6295.00  7.08640e-18
      6296.00  8.28876e-18
      6297.00  8.62364e-18
      6298.00  7.66648e-18
      6299.00  5.22339e-18
      6300.00  1.80615e-18
      6301.00 -1.96915e-18
      6302.00 -5.48672e-18
      6303.00 -8.13107e-18
      6304.00 -9.29068e-18
      6305.00 -8.60825e-18
      6306.00 -6.44066e-18
      6307.00 -3.35643e-18
      6308.00  7.45463e-20
      6309.00  3.28264e-18
      6310.00  5.69849e-18
      6311.00  6.83051e-18
      6312.00  6.84033e-18
      6313.00  6.11359e-18
      6314.00  4.94370e-18
      6315.00  3.62357e-18
      6316.00  2.44598e-18
      6317.00  1.70281e-18
      6318.00  1.52510e-18
      6319.00  1.68838e-18
      6320.00  2.06437e-18
      6321.00  2.55228e-18
      6322.00  3.05134e-18
      6323.00  3.46084e-18
      6324.00  3.68799e-18
      6325.00  3.76802e-18
      6326.00  3.77651e-18
      6327.00  3.72553e-18
      6328.00  3.62515e-18
      6329.00  3.48541e-18
      6330.00  3.31638e-18
      6331.00  3.09862e-18
      6332.00  2.74118e-18
      6333.00  2.28759e-18
      6334.00  1.82063e-18
      6335.00  1.42303e-18
      6336.00  1.17749e-18
      6337.00  1.16699e-18
      6338.00  1.47078e-18
      6339.00  2.06526e-18
      6340.00  2.84408e-18
      6341.00  3.69694e-18
      6342.00  4.51361e-18
      6343.00  5.18391e-18
      6344.00  5.60382e-18
      6345.00  5.76125e-18
      6346.00  5.73883e-18
      6347.00  5.62211e-18
      6348.00  5.49644e-18
      6349.00  5.44718e-18
      6350.00  5.55965e-18
      6351.00  5.93518e-18
      6352.00  6.61356e-18
      6353.00  7.46981e-18
      6354.00  8.35762e-18
      6355.00  9.13074e-18
      6356.00  9.64300e-18
      6357.00  9.74850e-18
      6358.00  9.34832e-18
      6359.00  8.52563e-18
      6360.00  7.43745e-18
      6361.00  6.24212e-18
      6362.00  5.09791e-18
      6363.00  4.16303e-18
      6364.00  3.56252e-18
      6365.00  3.20259e-18
      6366.00  2.99411e-18
      6367.00  2.89753e-18
      6368.00  2.87343e-18
      6369.00  2.88242e-18
      6370.00  2.88532e-18
      6371.00  2.87292e-18
      6372.00  2.88457e-18
      6373.00  2.92682e-18
      6374.00  3.00060e-18
      6375.00  3.10680e-18
      6376.00  3.24635e-18
      6377.00  3.42471e-18
      6378.00  3.69735e-18
      6379.00  4.06638e-18
      6380.00  4.47410e-18
      6381.00  4.86153e-18
      6382.00  5.16970e-18
      6383.00  5.33971e-18
      6384.00  5.31611e-18
      6385.00  5.09413e-18
      6386.00  4.72962e-18
      6387.00  4.28521e-18
      6388.00  3.82349e-18
      6389.00  3.40704e-18
      6390.00  3.09733e-18
      6391.00  2.89536e-18
      6392.00  2.74076e-18
      6393.00  2.62742e-18
      6394.00  2.55495e-18
      6395.00  2.52294e-18
      6396.00  2.53100e-18
      6397.00  2.57959e-18
      6398.00  2.67528e-18
      6399.00  2.81731e-18
      6400.00  2.99944e-18
      6401.00  3.21538e-18
      6402.00  3.45883e-18
      6403.00  3.72353e-18
      6404.00  4.03237e-18
      6405.00  4.44679e-18
      6406.00  4.92543e-18
      6407.00  5.40676e-18
      6408.00  5.82928e-18
      6409.00  6.13153e-18
      6410.00  6.25172e-18
      6411.00  6.13601e-18
      6412.00  5.81287e-18
      6413.00  5.36028e-18
      6414.00  4.85769e-18
      6415.00  4.38454e-18
      6416.00  4.02018e-18
      6417.00  3.83224e-18
      6418.00  3.79191e-18
      6419.00  3.84748e-18
      6420.00  3.96513e-18
      6421.00  4.11115e-18
      6422.00  4.25185e-18
      6423.00  4.35360e-18
      6424.00  4.39628e-18
      6425.00  4.39989e-18
      6426.00  4.38522e-18
      6427.00  4.37102e-18
      6428.00  4.37609e-18
      6429.00  4.41916e-18
      6430.00  4.51818e-18
      6431.00  4.67349e-18
      6432.00  4.87117e-18
      6433.00  5.10297e-18
      6434.00  5.36095e-18
      6435.00  5.63718e-18
      6436.00  5.92373e-18
      6437.00  6.23829e-18
      6438.00  6.67946e-18
      6439.00  7.20730e-18
      6440.00  7.73180e-18
      6441.00  8.16296e-18
      6442.00  8.41082e-18
      6443.00  8.38515e-18
      6444.00  7.98234e-18
      6445.00  7.20068e-18
      6446.00  6.17383e-18
      6447.00  5.04526e-18
      6448.00  3.95836e-18
      6449.00  3.05640e-18
      6450.00  2.46993e-18
      6451.00  2.15028e-18
      6452.00  1.99457e-18
      6453.00  1.97435e-18
      6454.00  2.06301e-18
      6455.00  2.23398e-18
      6456.00  2.46068e-18
      6457.00  2.75086e-18
      6458.00  3.19913e-18
      6459.00  3.77215e-18
      6460.00  4.39926e-18
      6461.00  5.00989e-18
      6462.00  5.53351e-18
      6463.00  5.89998e-18
      6464.00  6.06944e-18
      6465.00  6.08170e-18
      6466.00  5.99302e-18
      6467.00  5.85903e-18
      6468.00  5.73536e-18
      6469.00  5.67759e-18
      6470.00  5.73966e-18
      6471.00  5.93889e-18
      6472.00  6.23232e-18
      6473.00  6.56697e-18
      6474.00  6.88988e-18
      6475.00  7.14812e-18
      6476.00  7.28884e-18
      6477.00  7.27530e-18
      6478.00  7.13593e-18
      6479.00  6.90344e-18
      6480.00  6.60570e-18
      6481.00  6.27054e-18
      6482.00  5.92578e-18
      6483.00  5.59607e-18
      6484.00  5.21529e-18
      6485.00  4.72817e-18
      6486.00  4.20549e-18
      6487.00  3.72525e-18
      6488.00  3.36539e-18
      6489.00  3.20380e-18
      6490.00  3.32642e-18
      6491.00  3.82023e-18
      6492.00  4.60370e-18
      6493.00  5.53493e-18
      6494.00  6.47191e-18
      6495.00  7.27273e-18
      6496.00  7.79566e-18
      6497.00  7.94765e-18
      6498.00  7.80573e-18
      6499.00  7.46120e-18
      6500.00  6.99657e-18
      6501.00  6.49429e-18
      6502.00  6.03674e-18
      6503.00  5.70203e-18
      6504.00  5.46411e-18
      6505.00  5.25044e-18
      6506.00  5.06259e-18
      6507.00  4.90600e-18
      6508.00  4.78612e-18
      6509.00  4.70841e-18
      6510.00  4.68551e-18
      6511.00  4.75576e-18
      6512.00  4.90100e-18
      6513.00  5.07959e-18
      6514.00  5.24986e-18
      6515.00  5.37019e-18
      6516.00  5.39893e-18
      6517.00  5.29333e-18
      6518.00  5.05270e-18
      6519.00  4.72960e-18
      6520.00  4.38112e-18
      6521.00  4.06431e-18
      6522.00  3.83617e-18
      6523.00  3.75276e-18
      6524.00  3.83801e-18
      6525.00  4.05363e-18
      6526.00  4.35030e-18
      6527.00  4.67885e-18
      6528.00  4.99014e-18
      6529.00  5.23505e-18
      6530.00  5.37589e-18
      6531.00  5.44253e-18
      6532.00  5.46215e-18
      6533.00  5.44858e-18
      6534.00  5.41563e-18
      6535.00  5.37707e-18
      6536.00  5.34659e-18
      6537.00  5.32555e-18
      6538.00  5.29844e-18
      6539.00  5.26510e-18
      6540.00  5.22772e-18
      6541.00  5.18847e-18
      6542.00  5.14953e-18
      6543.00  5.11251e-18
      6544.00  5.07147e-18
      6545.00  5.02436e-18
      6546.00  4.97629e-18
      6547.00  4.93252e-18
      6548.00  4.89831e-18
      6549.00  4.87892e-18
      6550.00  4.87674e-18
      6551.00  4.88315e-18
      6552.00  4.89806e-18
      6553.00  4.92507e-18
      6554.00  4.96781e-18
      6555.00  5.02990e-18
      6556.00  5.11521e-18
      6557.00  5.24418e-18
      6558.00  5.43246e-18
      6559.00  5.65308e-18
      6560.00  5.87517e-18
      6561.00  6.06788e-18
      6562.00  6.20038e-18
      6563.00  6.24145e-18
      6564.00  6.16788e-18
      6565.00  6.00194e-18
      6566.00  5.78380e-18
      6567.00  5.55386e-18
      6568.00  5.35246e-18
      6569.00  5.21994e-18
      6570.00  5.18632e-18
      6571.00  5.22995e-18
      6572.00  5.32696e-18
      6573.00  5.45967e-18
      6574.00  5.61046e-18
      6575.00  5.76169e-18
      6576.00  5.89542e-18
      6577.00  5.97960e-18
      6578.00  6.00586e-18
      6579.00  6.01581e-18
      6580.00  6.05462e-18
      6581.00  6.16744e-18
      6582.00  6.39941e-18
      6583.00  6.80258e-18
      6584.00  7.46945e-18
      6585.00  8.36210e-18
      6586.00  9.36174e-18
      6587.00  1.03486e-17
      6588.00  1.12031e-17
      6589.00  1.18054e-17
      6590.00  1.20490e-17
      6591.00  1.19429e-17
      6592.00  1.15932e-17
      6593.00  1.11126e-17
      6594.00  1.06137e-17
      6595.00  1.02091e-17
      6596.00  1.00110e-17
      6597.00  1.00922e-17
      6598.00  1.03958e-17
      6599.00  1.08217e-17
      6600.00  1.12697e-17
      6601.00  1.16394e-17
      6602.00  1.18308e-17
      6603.00  1.17382e-17
      6604.00  1.12590e-17
      6605.00  1.04758e-17
      6606.00  9.55212e-18
      6607.00  8.65176e-18
      6608.00  7.93867e-18
      6609.00  7.57666e-18
      6610.00  7.72322e-18
      6611.00  8.39536e-18
      6612.00  9.42459e-18
      6613.00  1.06211e-17
      6614.00  1.17952e-17
      6615.00  1.27572e-17
      6616.00  1.33193e-17
      6617.00  1.34069e-17
      6618.00  1.31490e-17
      6619.00  1.26595e-17
      6620.00  1.20469e-17
      6621.00  1.14197e-17
      6622.00  1.08861e-17
      6623.00  1.05414e-17
      6624.00  1.03364e-17
      6625.00  1.01989e-17
      6626.00  1.01083e-17
      6627.00  1.00448e-17
      6628.00  9.98843e-18
      6629.00  9.91935e-18
      6630.00  9.82553e-18
      6631.00  9.72285e-18
      6632.00  9.61981e-18
      6633.00  9.52080e-18
      6634.00  9.43021e-18
      6635.00  9.35243e-18
      6636.00  9.29187e-18
      6637.00  9.25235e-18
      6638.00  9.23225e-18
      6639.00  9.22629e-18
      6640.00  9.22905e-18
      6641.00  9.23512e-18
      6642.00  9.23907e-18
      6643.00  9.23900e-18
      6644.00  9.25971e-18
      6645.00  9.30155e-18
      6646.00  9.34370e-18
      6647.00  9.36512e-18
      6648.00  9.34478e-18
      6649.00  9.26167e-18
      6650.00  9.08873e-18
      6651.00  8.80748e-18
      6652.00  8.45158e-18
      6653.00  8.06347e-18
      6654.00  7.68557e-18
      6655.00  7.36029e-18
      6656.00  7.13006e-18
      6657.00  7.02826e-18
      6658.00  7.03665e-18
      6659.00  7.10865e-18
      6660.00  7.19674e-18
      6661.00  7.25340e-18
      6662.00  7.23114e-18
      6663.00  7.08403e-18
      6664.00  6.79880e-18
      6665.00  6.41201e-18
      6666.00  5.96756e-18
      6667.00  5.50935e-18
      6668.00  5.08126e-18
      6669.00  4.72715e-18
      6670.00  4.47358e-18
      6671.00  4.28607e-18
      6672.00  4.14544e-18
      6673.00  4.04107e-18
      6674.00  3.96235e-18
      6675.00  3.89869e-18
      6676.00  3.83966e-18
      6677.00  3.78380e-18
      6678.00  3.73993e-18
      6679.00  3.71136e-18
      6680.00  3.70082e-18
      6681.00  3.71099e-18
      6682.00  3.74461e-18
      6683.00  3.80511e-18
      6684.00  3.89979e-18
      6685.00  4.02564e-18
      6686.00  4.17376e-18
      6687.00  4.33517e-18
      6688.00  4.50091e-18
      6689.00  4.66204e-18
      6690.00  4.82263e-18
      6691.00  5.01377e-18
      6692.00  5.22292e-18
      6693.00  5.42677e-18
      6694.00  5.60205e-18
      6695.00  5.72545e-18
      6696.00  5.77352e-18
      6697.00  5.72126e-18
      6698.00  5.57409e-18
      6699.00  5.36545e-18
      6700.00  5.13015e-18
      6701.00  4.90299e-18
      6702.00  4.71878e-18
      6703.00  4.61139e-18
      6704.00  4.59238e-18
      6705.00  4.63513e-18
      6706.00  4.70634e-18
      6707.00  4.77270e-18
      6708.00  4.80092e-18
      6709.00  4.75772e-18
      6710.00  4.61017e-18
      6711.00  4.35244e-18
      6712.00  4.02035e-18
      6713.00  3.65494e-18
      6714.00  3.29726e-18
      6715.00  2.98836e-18
      6716.00  2.76821e-18
      6717.00  2.62315e-18
      6718.00  2.50393e-18
      6719.00  2.42328e-18
      6720.00  2.39946e-18
      6721.00  2.45072e-18
      6722.00  2.59530e-18
      6723.00  2.85951e-18
      6724.00  3.32525e-18
      6725.00  3.97203e-18
      6726.00  4.70774e-18
      6727.00  5.43944e-18
      6728.00  6.07420e-18
      6729.00  6.51911e-18
      6730.00  6.70030e-18
      6731.00  6.65024e-18
      6732.00  6.43556e-18
      6733.00  6.11784e-18
      6734.00  5.75868e-18
      6735.00  5.41964e-18
      6736.00  5.16139e-18
      6737.00  4.98811e-18
      6738.00  4.84095e-18
      6739.00  4.71104e-18
      6740.00  4.59519e-18
      6741.00  4.49019e-18
      6742.00  4.39284e-18
      6743.00  4.30175e-18
      6744.00  4.23270e-18
      6745.00  4.18727e-18
      6746.00  4.15157e-18
      6747.00  4.11148e-18
      6748.00  4.05286e-18
      6749.00  3.96160e-18
      6750.00  3.82006e-18
      6751.00  3.61371e-18
      6752.00  3.36380e-18
      6753.00  3.09894e-18
      6754.00  2.84773e-18
      6755.00  2.63880e-18
      6756.00  2.50107e-18
      6757.00  2.47795e-18
      6758.00  2.57740e-18
      6759.00  2.74312e-18
      6760.00  2.91410e-18
      6761.00  3.02933e-18
      6762.00  3.02782e-18
      6763.00  2.84552e-18
      6764.00  2.41188e-18
      6765.00  1.77024e-18
      6766.00  1.02457e-18
      6767.00  2.79778e-19
      6768.00 -3.59267e-19
      6769.00 -7.87690e-19
      6770.00 -9.16080e-19
      6771.00 -7.66592e-19
      6772.00 -4.19064e-19
      6773.00  4.93570e-20
      6774.00  5.61530e-19
      6775.00  1.04032e-18
      6776.00  1.40926e-18
      6777.00  1.66056e-18
      6778.00  1.87575e-18
      6779.00  2.06032e-18
      6780.00  2.20915e-18
      6781.00  2.31713e-18
      6782.00  2.37916e-18
      6783.00  2.38416e-18
      6784.00  2.25359e-18
      6785.00  1.98477e-18
      6786.00  1.66094e-18
      6787.00  1.36734e-18
      6788.00  1.18920e-18
      6789.00  1.21175e-18
      6790.00  1.53139e-18
      6791.00  2.22124e-18
      6792.00  3.17572e-18
      6793.00  4.24698e-18
      6794.00  5.28715e-18
      6795.00  6.14833e-18
      6796.00  6.68278e-18
      6797.00  6.78158e-18
      6798.00  6.50293e-18
      6799.00  5.97674e-18
      6800.00  5.33403e-18
      6801.00  4.70584e-18
      6802.00  4.22319e-18
      6803.00  4.01318e-18
      6804.00  4.10318e-18
      6805.00  4.40018e-18
      6806.00  4.81924e-18
      6807.00  5.27656e-18
      6808.00  5.68836e-18
      6809.00  5.97084e-18
      6810.00  6.05574e-18
      6811.00  5.98170e-18
      6812.00  5.80064e-18
      6813.00  5.54596e-18
      6814.00  5.25105e-18
      6815.00  4.94929e-18
      6816.00  4.67395e-18
      6817.00  4.43182e-18
      6818.00  4.18414e-18
      6819.00  3.92928e-18
      6820.00  3.67265e-18
      6821.00  3.41965e-18
      6822.00  3.17569e-18
      6823.00  2.94404e-18
      6824.00  2.68900e-18
      6825.00  2.39650e-18
      6826.00  2.10339e-18
      6827.00  1.84850e-18
      6828.00  1.67068e-18
      6829.00  1.60877e-18
      6830.00  1.71395e-18
      6831.00  2.06968e-18
      6832.00  2.61918e-18
      6833.00  3.25174e-18
      6834.00  3.85652e-18
      6835.00  4.32263e-18
      6836.00  4.53917e-18
      6837.00  4.39899e-18
      6838.00  3.90210e-18
      6839.00  3.17319e-18
      6840.00  2.34825e-18
      6841.00  1.56334e-18
      6842.00  9.54503e-19
      6843.00  6.55578e-19
      6844.00  7.11108e-19
      6845.00  1.02766e-18
      6846.00  1.51752e-18
      6847.00  2.09514e-18
      6848.00  2.67493e-18
      6849.00  3.17128e-18
      6850.00  3.51913e-18
      6851.00  3.79571e-18
      6852.00  4.07524e-18
      6853.00  4.30723e-18
      6854.00  4.46575e-18
      6855.00  4.52635e-18
      6856.00  4.46509e-18
      6857.00  4.23863e-18
      6858.00  3.80366e-18
      6859.00  3.22144e-18
      6860.00  2.56729e-18
      6861.00  1.91747e-18
      6862.00  1.35165e-18
      6863.00  9.52043e-19
      6864.00  7.35501e-19
      6865.00  6.38051e-19
      6866.00  6.31224e-19
      6867.00  6.89233e-19
      6868.00  7.85208e-19
      6869.00  8.91588e-19
      6870.00  9.81323e-19
      6871.00  1.04783e-18
      6872.00  1.11154e-18
      6873.00  1.19563e-18
      6874.00  1.32389e-18
      6875.00  1.52000e-18
      6876.00  1.80748e-18
      6877.00  2.23190e-18
      6878.00  2.85758e-18
      6879.00  3.62179e-18
      6880.00  4.43397e-18
      6881.00  2.43811e-18
      6882.00  2.43811e-18
      6883.00  2.43811e-18
      6884.00  2.43811e-18
      6885.00  2.43811e-18
      6886.00  2.43811e-18
      6887.00  2.43811e-18
      6888.00  2.43811e-18
      6889.00  2.43811e-18
      6890.00  2.43811e-18
      6891.00  2.43811e-18
      6892.00  2.43811e-18
      6893.00  2.43811e-18
      6894.00  2.43811e-18
      6895.00  2.90885e-18
      6896.00  2.89568e-18
      6897.00  2.88251e-18
      6898.00  2.86934e-18
      6899.00  2.85617e-18
      6900.00  2.84300e-18
      6901.00  2.82983e-18
      6902.00  2.81666e-18
      6903.00  2.80349e-18
      6904.00  2.79033e-18
      6905.00  2.77716e-18
      6906.00  2.76399e-18
      6907.00  2.75082e-18
      6908.00  2.73765e-18
