MJDOBS    48746.0
JDOBS    2.44875e+06
DATE    19920504
AGE_OBS    NaN
TELESCOPE    --
DETECTOR    --
SOURCE    Asiago-Catalogue(SUSPECT)
      3732.00  2.33663e-17
      3733.00  2.51220e-17
      3734.00  2.72638e-17
      3735.00  2.94416e-17
      3736.00  3.12790e-17
      3737.00  3.24097e-17
      3738.00  3.24728e-17
      3739.00  3.12545e-17
      3740.00  2.90931e-17
      3741.00  2.64893e-17
      3742.00  2.39319e-17
      3743.00  2.18963e-17
      3744.00  2.06947e-17
      3745.00  1.99760e-17
      3746.00  1.95755e-17
      3747.00  1.94597e-17
      3748.00  1.95957e-17
      3749.00  1.99529e-17
      3750.00  2.06463e-17
      3751.00  2.18296e-17
      3752.00  2.32795e-17
      3753.00  2.47340e-17
      3754.00  2.59379e-17
      3755.00  2.66464e-17
      3756.00  2.67756e-17
      3757.00  2.64950e-17
      3758.00  2.59797e-17
      3759.00  2.53982e-17
      3760.00  2.49149e-17
      3761.00  2.46748e-17
      3762.00  2.46478e-17
      3763.00  2.47299e-17
      3764.00  2.48532e-17
      3765.00  2.49521e-17
      3766.00  2.49623e-17
      3767.00  2.48832e-17
      3768.00  2.48778e-17
      3769.00  2.48726e-17
      3770.00  2.47262e-17
      3771.00  2.43003e-17
      3772.00  2.34584e-17
      3773.00  2.19332e-17
      3774.00  1.96095e-17
      3775.00  1.69087e-17
      3776.00  1.42959e-17
      3777.00  1.22261e-17
      3778.00  1.11440e-17
      3779.00  1.13477e-17
      3780.00  1.25608e-17
      3781.00  1.42719e-17
      3782.00  1.59757e-17
      3783.00  1.71776e-17
      3784.00  1.74280e-17
      3785.00  1.67384e-17
      3786.00  1.54533e-17
      3787.00  1.38689e-17
      3788.00  1.22739e-17
      3789.00  1.09512e-17
      3790.00  1.00793e-17
      3791.00  9.42060e-18
      3792.00  8.90159e-18
      3793.00  8.54302e-18
      3794.00  8.36529e-18
      3795.00  8.38892e-18
      3796.00  8.72793e-18
      3797.00  9.49215e-18
      3798.00  1.04807e-17
      3799.00  1.14592e-17
      3800.00  1.21978e-17
      3801.00  1.24721e-17
      3802.00  1.21439e-17
      3803.00  1.13456e-17
      3804.00  1.03025e-17
      3805.00  9.23688e-18
      3806.00  8.36704e-18
      3807.00  7.90014e-18
      3808.00  7.89245e-18
      3809.00  8.18315e-18
      3810.00  8.58772e-18
      3811.00  8.92532e-18
      3812.00  9.01851e-18
      3813.00  8.72215e-18
      3814.00  8.09505e-18
      3815.00  7.24905e-18
      3816.00  6.27113e-18
      3817.00  5.24663e-18
      3818.00  4.25906e-18
      3819.00  3.25933e-18
      3820.00  2.02865e-18
      3821.00  7.24940e-19
      3822.00 -4.28837e-19
      3823.00 -1.21375e-18
      3824.00 -1.41376e-18
      3825.00 -8.18261e-19
      3826.00  5.01411e-19
      3827.00  2.23341e-18
      3828.00  4.05900e-18
      3829.00  5.66505e-18
      3830.00  6.75819e-18
      3831.00  7.34055e-18
      3832.00  7.62360e-18
      3833.00  7.71891e-18
      3834.00  7.73165e-18
      3835.00  7.76515e-18
      3836.00  7.92531e-18
      3837.00  8.28326e-18
      3838.00  8.73464e-18
      3839.00  9.12514e-18
      3840.00  9.30285e-18
      3841.00  9.11846e-18
      3842.00  8.40469e-18
      3843.00  7.07824e-18
      3844.00  5.35937e-18
      3845.00  3.51798e-18
      3846.00  1.81952e-18
      3847.00  5.24341e-19
      3848.00 -2.64122e-19
      3849.00 -7.49516e-19
      3850.00 -1.00527e-18
      3851.00 -1.07493e-18
      3852.00 -1.00131e-18
      3853.00 -8.23519e-19
      3854.00 -4.88091e-19
      3855.00  5.37857e-20
      3856.00  7.26358e-19
      3857.00  1.44772e-18
      3858.00  2.13724e-18
      3859.00  2.72613e-18
      3860.00  3.27911e-18
      3861.00  3.84038e-18
      3862.00  4.36790e-18
      3863.00  4.81836e-18
      3864.00  5.14918e-18
      3865.00  5.30792e-18
      3866.00  5.22690e-18
      3867.00  4.97596e-18
      3868.00  4.67069e-18
      3869.00  4.42502e-18
      3870.00  4.35118e-18
      3871.00  4.55667e-18
      3872.00  5.05112e-18
      3873.00  5.71021e-18
      3874.00  6.39574e-18
      3875.00  6.97152e-18
      3876.00  7.30352e-18
      3877.00  7.29375e-18
      3878.00  6.99625e-18
      3879.00  6.53165e-18
      3880.00  6.02020e-18
      3881.00  5.58041e-18
      3882.00  5.32617e-18
      3883.00  5.26554e-18
      3884.00  5.31122e-18
      3885.00  5.43817e-18
      3886.00  5.62663e-18
      3887.00  5.85713e-18
      3888.00  6.12060e-18
      3889.00  6.51382e-18
      3890.00  7.03595e-18
      3891.00  7.57657e-18
      3892.00  8.02464e-18
      3893.00  8.27066e-18
      3894.00  8.20086e-18
      3895.00  7.74050e-18
      3896.00  7.01038e-18
      3897.00  6.18341e-18
      3898.00  5.43028e-18
      3899.00  4.91936e-18
      3900.00  4.77209e-18
      3901.00  4.90210e-18
      3902.00  5.21856e-18
      3903.00  5.65398e-18
      3904.00  6.14183e-18
      3905.00  6.61681e-18
      3906.00  7.10172e-18
      3907.00  7.71104e-18
      3908.00  8.37151e-18
      3909.00  8.98302e-18
      3910.00  9.44677e-18
      3911.00  9.66308e-18
      3912.00  9.48088e-18
      3913.00  8.90792e-18
      3914.00  8.16598e-18
      3915.00  7.48596e-18
      3916.00  7.09586e-18
      3917.00  7.22192e-18
      3918.00  8.02537e-18
      3919.00  9.35252e-18
      3920.00  1.09182e-17
      3921.00  1.24384e-17
      3922.00  1.36328e-17
      3923.00  1.42355e-17
      3924.00  1.41875e-17
      3925.00  1.37058e-17
      3926.00  1.30378e-17
      3927.00  1.24276e-17
      3928.00  1.21166e-17
      3929.00  1.23184e-17
      3930.00  1.30149e-17
      3931.00  1.40150e-17
      3932.00  1.51251e-17
      3933.00  1.61537e-17
      3934.00  1.69118e-17
      3935.00  1.72329e-17
      3936.00  1.71397e-17
      3937.00  1.68166e-17
      3938.00  1.64576e-17
      3939.00  1.62548e-17
      3940.00  1.63976e-17
      3941.00  1.70366e-17
      3942.00  1.81065e-17
      3943.00  1.94150e-17
      3944.00  2.07663e-17
      3945.00  2.19670e-17
      3946.00  2.28267e-17
      3947.00  2.32295e-17
      3948.00  2.32832e-17
      3949.00  2.31670e-17
      3950.00  2.30593e-17
      3951.00  2.31361e-17
      3952.00  2.35716e-17
      3953.00  2.44745e-17
      3954.00  2.57214e-17
      3955.00  2.71079e-17
      3956.00  2.84307e-17
      3957.00  2.94888e-17
      3958.00  3.00878e-17
      3959.00  3.01597e-17
      3960.00  2.98709e-17
      3961.00  2.94321e-17
      3962.00  2.90514e-17
      3963.00  2.89349e-17
      3964.00  2.92572e-17
      3965.00  2.99723e-17
      3966.00  3.09376e-17
      3967.00  3.20258e-17
      3968.00  3.31110e-17
      3969.00  3.40688e-17
      3970.00  3.48134e-17
      3971.00  3.54104e-17
      3972.00  3.59270e-17
      3973.00  3.64167e-17
      3974.00  3.69326e-17
      3975.00  3.75269e-17
      3976.00  3.82253e-17
      3977.00  3.89921e-17
      3978.00  3.98048e-17
      3979.00  4.06448e-17
      3980.00  4.14941e-17
      3981.00  4.23359e-17
      3982.00  4.32067e-17
      3983.00  4.41413e-17
      3984.00  4.50861e-17
      3985.00  4.59813e-17
      3986.00  4.67680e-17
      3987.00  4.73843e-17
      3988.00  4.77335e-17
      3989.00  4.78457e-17
      3990.00  4.78627e-17
      3991.00  4.79282e-17
      3992.00  4.81846e-17
      3993.00  4.87673e-17
      3994.00  4.97050e-17
      3995.00  5.08952e-17
      3996.00  5.22291e-17
      3997.00  5.35994e-17
      3998.00  5.48997e-17
      3999.00  5.60590e-17
      4000.00  5.72210e-17
      4001.00  5.83996e-17
      4002.00  5.95053e-17
      4003.00  6.04490e-17
      4004.00  6.11425e-17
      4005.00  6.14836e-17
      4006.00  6.13991e-17
      4007.00  6.10199e-17
      4008.00  6.05207e-17
      4009.00  6.00744e-17
      4010.00  5.98521e-17
      4011.00  5.99510e-17
      4012.00  6.02431e-17
      4013.00  6.06712e-17
      4014.00  6.12084e-17
      4015.00  6.18285e-17
      4016.00  6.25054e-17
      4017.00  6.32726e-17
      4018.00  6.42003e-17
      4019.00  6.52197e-17
      4020.00  6.62450e-17
      4021.00  6.71911e-17
      4022.00  6.79731e-17
      4023.00  6.84960e-17
      4024.00  6.87787e-17
      4025.00  6.89563e-17
      4026.00  6.91696e-17
      4027.00  6.95578e-17
      4028.00  7.02591e-17
      4029.00  7.13723e-17
      4030.00  7.28172e-17
      4031.00  7.44332e-17
      4032.00  7.60593e-17
      4033.00  7.75361e-17
      4034.00  7.87113e-17
      4035.00  7.95546e-17
      4036.00  8.01756e-17
      4037.00  8.06805e-17
      4038.00  8.11734e-17
      4039.00  8.17575e-17
      4040.00  8.25062e-17
      4041.00  8.32638e-17
      4042.00  8.40069e-17
      4043.00  8.48519e-17
      4044.00  8.59154e-17
      4045.00  8.73131e-17
      4046.00  8.92338e-17
      4047.00  9.20683e-17
      4048.00  9.55180e-17
      4049.00  9.90338e-17
      4050.00  1.02071e-16
      4051.00  1.04090e-16
      4052.00  1.04590e-16
      4053.00  1.03542e-16
      4054.00  1.01462e-16
      4055.00  9.89252e-17
      4056.00  9.64983e-17
      4057.00  9.47443e-17
      4058.00  9.40330e-17
      4059.00  9.40478e-17
      4060.00  9.44947e-17
      4061.00  9.51392e-17
      4062.00  9.57491e-17
      4063.00  9.60946e-17
      4064.00  9.60428e-17
      4065.00  9.57267e-17
      4066.00  9.52758e-17
      4067.00  9.48056e-17
      4068.00  9.44305e-17
      4069.00  9.42658e-17
      4070.00  9.44959e-17
      4071.00  9.51472e-17
      4072.00  9.59537e-17
      4073.00  9.66307e-17
      4074.00  9.68957e-17
      4075.00  9.64697e-17
      4076.00  9.51721e-17
      4077.00  9.31576e-17
      4078.00  9.07054e-17
      4079.00  8.80948e-17
      4080.00  8.56025e-17
      4081.00  8.34900e-17
      4082.00  8.17257e-17
      4083.00  8.01143e-17
      4084.00  7.86143e-17
      4085.00  7.71915e-17
      4086.00  7.58125e-17
      4087.00  7.44443e-17
      4088.00  7.30735e-17
      4089.00  7.17235e-17
      4090.00  7.04253e-17
      4091.00  6.92092e-17
      4092.00  6.81058e-17
      4093.00  6.71495e-17
      4094.00  6.63886e-17
      4095.00  6.57860e-17
      4096.00  6.52661e-17
      4097.00  6.47535e-17
      4098.00  6.41734e-17
      4099.00  6.34723e-17
      4100.00  6.27248e-17
      4101.00  6.19517e-17
      4102.00  6.11246e-17
      4103.00  6.02154e-17
      4104.00  5.91959e-17
      4105.00  5.80299e-17
      4106.00  5.66779e-17
      4107.00  5.51902e-17
      4108.00  5.36401e-17
      4109.00  5.21001e-17
      4110.00  5.06421e-17
      4111.00  4.93157e-17
      4112.00  4.80778e-17
      4113.00  4.68945e-17
      4114.00  4.57442e-17
      4115.00  4.46051e-17
      4116.00  4.34558e-17
      4117.00  4.22537e-17
      4118.00  4.09582e-17
      4119.00  3.96361e-17
      4120.00  3.83699e-17
      4121.00  3.72419e-17
      4122.00  3.63331e-17
      4123.00  3.56457e-17
      4124.00  3.50736e-17
      4125.00  3.46482e-17
      4126.00  3.44231e-17
      4127.00  3.44513e-17
      4128.00  3.47877e-17
      4129.00  3.56354e-17
      4130.00  3.71162e-17
      4131.00  3.89199e-17
      4132.00  4.06997e-17
      4133.00  4.21112e-17
      4134.00  4.28131e-17
      4135.00  4.25737e-17
      4136.00  4.15620e-17
      4137.00  4.01055e-17
      4138.00  3.85324e-17
      4139.00  3.71688e-17
      4140.00  3.63354e-17
      4141.00  3.61935e-17
      4142.00  3.65469e-17
      4143.00  3.71340e-17
      4144.00  3.76962e-17
      4145.00  3.79769e-17
      4146.00  3.77189e-17
      4147.00  3.67131e-17
      4148.00  3.51135e-17
      4149.00  3.32580e-17
      4150.00  3.14866e-17
      4151.00  3.01371e-17
      4152.00  2.95417e-17
      4153.00  2.98726e-17
      4154.00  3.08937e-17
      4155.00  3.22572e-17
      4156.00  3.36164e-17
      4157.00  3.46271e-17
      4158.00  3.49548e-17
      4159.00  3.44724e-17
      4160.00  3.34363e-17
      4161.00  3.21752e-17
      4162.00  3.10161e-17
      4163.00  3.02835e-17
      4164.00  3.02902e-17
      4165.00  3.11306e-17
      4166.00  3.25480e-17
      4167.00  3.42296e-17
      4168.00  3.58647e-17
      4169.00  3.71445e-17
      4170.00  3.77977e-17
      4171.00  3.78869e-17
      4172.00  3.76133e-17
      4173.00  3.71292e-17
      4174.00  3.65855e-17
      4175.00  3.61323e-17
      4176.00  3.58715e-17
      4177.00  3.56478e-17
      4178.00  3.54266e-17
      4179.00  3.52645e-17
      4180.00  3.52178e-17
      4181.00  3.53422e-17
      4182.00  3.57043e-17
      4183.00  3.63600e-17
      4184.00  3.72249e-17
      4185.00  3.81815e-17
      4186.00  3.91129e-17
      4187.00  3.99029e-17
      4188.00  4.04716e-17
      4189.00  4.08961e-17
      4190.00  4.12248e-17
      4191.00  4.14806e-17
      4192.00  4.16856e-17
      4193.00  4.18623e-17
      4194.00  4.19948e-17
      4195.00  4.19964e-17
      4196.00  4.19209e-17
      4197.00  4.18553e-17
      4198.00  4.18859e-17
      4199.00  4.20987e-17
      4200.00  4.25616e-17
      4201.00  4.32491e-17
      4202.00  4.40920e-17
      4203.00  4.50215e-17
      4204.00  4.59696e-17
      4205.00  4.68686e-17
      4206.00  4.77256e-17
      4207.00  4.86580e-17
      4208.00  4.96123e-17
      4209.00  5.05040e-17
      4210.00  5.12495e-17
      4211.00  5.17651e-17
      4212.00  5.19269e-17
      4213.00  5.16847e-17
      4214.00  5.12163e-17
      4215.00  5.07235e-17
      4216.00  5.04066e-17
      4217.00  5.04644e-17
      4218.00  5.10208e-17
      4219.00  5.19732e-17
      4220.00  5.31822e-17
      4221.00  5.45142e-17
      4222.00  5.58366e-17
      4223.00  5.70188e-17
      4224.00  5.80464e-17
      4225.00  5.90463e-17
      4226.00  6.00124e-17
      4227.00  6.09211e-17
      4228.00  6.17492e-17
      4229.00  6.24726e-17
      4230.00  6.30368e-17
      4231.00  6.34246e-17
      4232.00  6.37156e-17
      4233.00  6.39960e-17
      4234.00  6.43515e-17
      4235.00  6.48677e-17
      4236.00  6.56270e-17
      4237.00  6.66024e-17
      4238.00  6.76780e-17
      4239.00  6.87339e-17
      4240.00  6.96512e-17
      4241.00  7.03121e-17
      4242.00  7.06348e-17
      4243.00  7.06788e-17
      4244.00  7.05640e-17
      4245.00  7.04110e-17
      4246.00  7.03394e-17
      4247.00  7.04650e-17
      4248.00  7.07861e-17
      4249.00  7.12078e-17
      4250.00  7.17184e-17
      4251.00  7.23129e-17
      4252.00  7.29860e-17
      4253.00  7.37343e-17
      4254.00  7.45880e-17
      4255.00  7.55596e-17
      4256.00  7.66093e-17
      4257.00  7.76951e-17
      4258.00  7.87750e-17
      4259.00  7.98145e-17
      4260.00  8.09267e-17
      4261.00  8.21683e-17
      4262.00  8.34035e-17
      4263.00  8.44885e-17
      4264.00  8.52805e-17
      4265.00  8.56311e-17
      4266.00  8.53229e-17
      4267.00  8.44222e-17
      4268.00  8.32433e-17
      4269.00  8.21061e-17
      4270.00  8.13290e-17
      4271.00  8.12247e-17
      4272.00  8.19509e-17
      4273.00  8.33019e-17
      4274.00  8.49829e-17
      4275.00  8.67006e-17
      4276.00  8.81637e-17
      4277.00  8.90920e-17
      4278.00  8.94373e-17
      4279.00  8.93990e-17
      4280.00  8.91354e-17
      4281.00  8.88009e-17
      4282.00  8.85488e-17
      4283.00  8.85272e-17
      4284.00  8.87754e-17
      4285.00  8.91896e-17
      4286.00  8.96660e-17
      4287.00  9.01027e-17
      4288.00  9.03982e-17
      4289.00  9.04537e-17
      4290.00  9.02313e-17
      4291.00  8.98008e-17
      4292.00  8.92479e-17
      4293.00  8.86580e-17
      4294.00  8.81156e-17
      4295.00  8.76941e-17
      4296.00  8.73086e-17
      4297.00  8.69027e-17
      4298.00  8.65428e-17
      4299.00  8.62982e-17
      4300.00  8.62379e-17
      4301.00  8.64356e-17
      4302.00  8.69972e-17
      4303.00  8.78713e-17
      4304.00  8.89014e-17
      4305.00  8.99302e-17
      4306.00  9.08010e-17
      4307.00  9.13646e-17
      4308.00  9.16010e-17
      4309.00  9.16179e-17
      4310.00  9.15078e-17
      4311.00  9.13611e-17
      4312.00  9.12682e-17
      4313.00  9.13153e-17
      4314.00  9.15174e-17
      4315.00  9.18123e-17
      4316.00  9.21428e-17
      4317.00  9.24522e-17
      4318.00  9.26842e-17
      4319.00  9.27876e-17
      4320.00  9.27849e-17
      4321.00  9.27136e-17
      4322.00  9.25725e-17
      4323.00  9.23595e-17
      4324.00  9.20726e-17
      4325.00  9.17015e-17
      4326.00  9.11504e-17
      4327.00  9.04261e-17
      4328.00  8.96432e-17
      4329.00  8.89173e-17
      4330.00  8.83640e-17
      4331.00  8.80975e-17
      4332.00  8.81829e-17
      4333.00  8.85383e-17
      4334.00  8.90356e-17
      4335.00  8.95471e-17
      4336.00  8.99458e-17
      4337.00  9.01077e-17
      4338.00  8.99857e-17
      4339.00  8.96678e-17
      4340.00  8.92645e-17
      4341.00  8.88852e-17
      4342.00  8.86389e-17
      4343.00  8.86297e-17
      4344.00  8.88713e-17
      4345.00  8.92889e-17
      4346.00  8.98204e-17
      4347.00  9.04054e-17
      4348.00  9.09836e-17
      4349.00  9.15019e-17
      4350.00  9.20161e-17
      4351.00  9.25681e-17
      4352.00  9.31150e-17
      4353.00  9.36116e-17
      4354.00  9.40131e-17
      4355.00  9.42771e-17
      4356.00  9.44091e-17
      4357.00  9.44408e-17
      4358.00  9.43828e-17
      4359.00  9.42450e-17
      4360.00  9.40371e-17
      4361.00  9.37607e-17
      4362.00  9.32979e-17
      4363.00  9.26327e-17
      4364.00  9.19053e-17
      4365.00  9.12598e-17
      4366.00  9.08399e-17
      4367.00  9.07864e-17
      4368.00  9.11648e-17
      4369.00  9.18812e-17
      4370.00  9.28097e-17
      4371.00  9.38250e-17
      4372.00  9.48024e-17
      4373.00  9.56239e-17
      4374.00  9.63129e-17
      4375.00  9.69629e-17
      4376.00  9.75786e-17
      4377.00  9.81599e-17
      4378.00  9.87067e-17
      4379.00  9.92211e-17
      4380.00  9.97448e-17
      4381.00  1.00288e-16
      4382.00  1.00798e-16
      4383.00  1.01220e-16
      4384.00  1.01500e-16
      4385.00  1.01580e-16
      4386.00  1.01342e-16
      4387.00  1.00791e-16
      4388.00  1.00091e-16
      4389.00  9.94109e-17
      4390.00  9.89179e-17
      4391.00  9.87789e-17
      4392.00  9.90942e-17
      4393.00  9.97696e-17
      4394.00  1.00651e-16
      4395.00  1.01583e-16
      4396.00  1.02413e-16
      4397.00  1.02992e-16
      4398.00  1.03293e-16
      4399.00  1.03433e-16
      4400.00  1.03456e-16
      4401.00  1.03396e-16
      4402.00  1.03290e-16
      4403.00  1.03171e-16
      4404.00  1.03036e-16
      4405.00  1.02848e-16
      4406.00  1.02617e-16
      4407.00  1.02354e-16
      4408.00  1.02070e-16
      4409.00  1.01774e-16
      4410.00  1.01419e-16
      4411.00  1.00956e-16
      4412.00  1.00458e-16
      4413.00  1.00010e-16
      4414.00  9.96938e-17
      4415.00  9.95933e-17
      4416.00  9.98296e-17
      4417.00  1.00423e-16
      4418.00  1.01204e-16
      4419.00  1.01989e-16
      4420.00  1.02593e-16
      4421.00  1.02836e-16
      4422.00  1.02575e-16
      4423.00  1.01873e-16
      4424.00  1.00905e-16
      4425.00  9.98448e-17
      4426.00  9.88690e-17
      4427.00  9.81516e-17
      4428.00  9.77987e-17
      4429.00  9.77141e-17
      4430.00  9.77913e-17
      4431.00  9.79332e-17
      4432.00  9.80428e-17
      4433.00  9.80237e-17
      4434.00  9.78288e-17
      4435.00  9.75338e-17
      4436.00  9.71696e-17
      4437.00  9.67529e-17
      4438.00  9.63008e-17
      4439.00  9.58300e-17
      4440.00  9.53378e-17
      4441.00  9.47879e-17
      4442.00  9.41975e-17
      4443.00  9.35949e-17
      4444.00  9.30084e-17
      4445.00  9.24660e-17
      4446.00  9.19832e-17
      4447.00  9.15353e-17
      4448.00  9.11150e-17
      4449.00  9.07225e-17
      4450.00  9.03578e-17
      4451.00  9.00210e-17
      4452.00  8.97263e-17
      4453.00  8.95151e-17
      4454.00  8.93569e-17
      4455.00  8.92027e-17
      4456.00  8.90036e-17
      4457.00  8.87112e-17
      4458.00  8.82693e-17
      4459.00  8.76361e-17
      4460.00  8.68793e-17
      4461.00  8.60911e-17
      4462.00  8.53636e-17
      4463.00  8.47881e-17
      4464.00  8.44524e-17
      4465.00  8.43744e-17
      4466.00  8.44720e-17
      4467.00  8.46489e-17
      4468.00  8.48094e-17
      4469.00  8.48580e-17
      4470.00  8.47051e-17
      4471.00  8.43396e-17
      4472.00  8.38372e-17
      4473.00  8.32808e-17
      4474.00  8.27534e-17
      4475.00  8.23376e-17
      4476.00  8.21071e-17
      4477.00  8.20465e-17
      4478.00  8.21015e-17
      4479.00  8.22359e-17
      4480.00  8.24136e-17
      4481.00  8.25987e-17
      4482.00  8.27608e-17
      4483.00  8.29258e-17
      4484.00  8.31139e-17
      4485.00  8.33150e-17
      4486.00  8.35188e-17
      4487.00  8.37150e-17
      4488.00  8.38963e-17
      4489.00  8.40919e-17
      4490.00  8.43079e-17
      4491.00  8.45149e-17
      4492.00  8.46830e-17
      4493.00  8.47823e-17
      4494.00  8.47787e-17
      4495.00  8.45818e-17
      4496.00  8.42019e-17
      4497.00  8.37584e-17
      4498.00  8.33734e-17
      4499.00  8.31685e-17
      4500.00  8.32641e-17
      4501.00  8.37311e-17
      4502.00  8.44981e-17
      4503.00  8.54502e-17
      4504.00  8.64727e-17
      4505.00  8.74511e-17
      4506.00  8.82740e-17
      4507.00  8.89427e-17
      4508.00  8.95563e-17
      4509.00  9.01177e-17
      4510.00  9.06215e-17
      4511.00  9.10620e-17
      4512.00  9.14335e-17
      4513.00  9.17228e-17
      4514.00  9.19249e-17
      4515.00  9.20591e-17
      4516.00  9.21464e-17
      4517.00  9.22078e-17
      4518.00  9.22640e-17
      4519.00  9.23237e-17
      4520.00  9.23708e-17
      4521.00  9.23986e-17
      4522.00  9.24028e-17
      4523.00  9.23789e-17
      4524.00  9.23226e-17
      4525.00  9.22119e-17
      4526.00  9.20173e-17
      4527.00  9.17754e-17
      4528.00  9.15333e-17
      4529.00  9.13377e-17
      4530.00  9.12352e-17
      4531.00  9.12508e-17
      4532.00  9.13416e-17
      4533.00  9.14968e-17
      4534.00  9.17178e-17
      4535.00  9.20062e-17
      4536.00  9.23634e-17
      4537.00  9.28199e-17
      4538.00  9.34715e-17
      4539.00  9.42534e-17
      4540.00  9.50541e-17
      4541.00  9.57626e-17
      4542.00  9.62685e-17
      4543.00  9.64682e-17
      4544.00  9.63490e-17
      4545.00  9.60047e-17
      4546.00  9.55401e-17
      4547.00  9.50597e-17
      4548.00  9.46677e-17
      4549.00  9.44461e-17
      4550.00  9.43085e-17
      4551.00  9.42086e-17
      4552.00  9.41700e-17
      4553.00  9.42168e-17
      4554.00  9.43730e-17
      4555.00  9.46671e-17
      4556.00  9.51552e-17
      4557.00  9.58116e-17
      4558.00  9.65597e-17
      4559.00  9.73225e-17
      4560.00  9.80234e-17
      4561.00  9.85903e-17
      4562.00  9.90332e-17
      4563.00  9.94059e-17
      4564.00  9.97269e-17
      4565.00  1.00013e-16
      4566.00  1.00281e-16
      4567.00  1.00547e-16
      4568.00  1.00797e-16
      4569.00  1.01013e-16
      4570.00  1.01211e-16
      4571.00  1.01406e-16
      4572.00  1.01614e-16
      4573.00  1.01851e-16
      4574.00  1.02119e-16
      4575.00  1.02404e-16
      4576.00  1.02704e-16
      4577.00  1.03017e-16
      4578.00  1.03342e-16
      4579.00  1.03677e-16
      4580.00  1.04036e-16
      4581.00  1.04432e-16
      4582.00  1.04847e-16
      4583.00  1.05255e-16
      4584.00  1.05632e-16
      4585.00  1.05955e-16
      4586.00  1.06230e-16
      4587.00  1.06507e-16
      4588.00  1.06761e-16
      4589.00  1.06954e-16
      4590.00  1.07048e-16
      4591.00  1.07006e-16
      4592.00  1.06772e-16
      4593.00  1.06292e-16
      4594.00  1.05647e-16
      4595.00  1.04942e-16
      4596.00  1.04282e-16
      4597.00  1.03772e-16
      4598.00  1.03501e-16
      4599.00  1.03449e-16
      4600.00  1.03541e-16
      4601.00  1.03705e-16
      4602.00  1.03870e-16
      4603.00  1.03965e-16
      4604.00  1.03915e-16
      4605.00  1.03670e-16
      4606.00  1.03301e-16
      4607.00  1.02917e-16
      4608.00  1.02624e-16
      4609.00  1.02530e-16
      4610.00  1.02746e-16
      4611.00  1.03364e-16
      4612.00  1.04294e-16
      4613.00  1.05372e-16
      4614.00  1.06433e-16
      4615.00  1.07316e-16
      4616.00  1.07857e-16
      4617.00  1.07966e-16
      4618.00  1.07751e-16
      4619.00  1.07379e-16
      4620.00  1.07022e-16
      4621.00  1.06846e-16
      4622.00  1.07019e-16
      4623.00  1.07651e-16
      4624.00  1.08651e-16
      4625.00  1.09850e-16
      4626.00  1.11080e-16
      4627.00  1.12173e-16
      4628.00  1.12964e-16
      4629.00  1.13414e-16
      4630.00  1.13665e-16
      4631.00  1.13751e-16
      4632.00  1.13696e-16
      4633.00  1.13520e-16
      4634.00  1.13245e-16
      4635.00  1.12819e-16
      4636.00  1.12137e-16
      4637.00  1.11297e-16
      4638.00  1.10424e-16
      4639.00  1.09643e-16
      4640.00  1.09081e-16
      4641.00  1.08843e-16
      4642.00  1.08903e-16
      4643.00  1.09158e-16
      4644.00  1.09500e-16
      4645.00  1.09825e-16
      4646.00  1.10025e-16
      4647.00  1.09986e-16
      4648.00  1.09633e-16
      4649.00  1.09096e-16
      4650.00  1.08551e-16
      4651.00  1.08171e-16
      4652.00  1.08132e-16
      4653.00  1.08599e-16
      4654.00  1.09605e-16
      4655.00  1.11011e-16
      4656.00  1.12661e-16
      4657.00  1.14400e-16
      4658.00  1.16072e-16
      4659.00  1.17530e-16
      4660.00  1.18749e-16
      4661.00  1.19838e-16
      4662.00  1.20900e-16
      4663.00  1.22037e-16
      4664.00  1.23351e-16
      4665.00  1.24944e-16
      4666.00  1.26872e-16
      4667.00  1.29073e-16
      4668.00  1.31450e-16
      4669.00  1.33905e-16
      4670.00  1.36342e-16
      4671.00  1.38666e-16
      4672.00  1.40900e-16
      4673.00  1.43147e-16
      4674.00  1.45376e-16
      4675.00  1.47541e-16
      4676.00  1.49597e-16
      4677.00  1.51502e-16
      4678.00  1.53343e-16
      4679.00  1.55301e-16
      4680.00  1.57211e-16
      4681.00  1.58866e-16
      4682.00  1.60057e-16
      4683.00  1.60577e-16
      4684.00  1.60231e-16
      4685.00  1.59014e-16
      4686.00  1.57140e-16
      4687.00  1.54847e-16
      4688.00  1.52371e-16
      4689.00  1.49947e-16
      4690.00  1.47750e-16
      4691.00  1.45610e-16
      4692.00  1.43428e-16
      4693.00  1.41184e-16
      4694.00  1.38860e-16
      4695.00  1.36435e-16
      4696.00  1.33879e-16
      4697.00  1.31090e-16
      4698.00  1.28111e-16
      4699.00  1.25063e-16
      4700.00  1.22068e-16
      4701.00  1.19248e-16
      4702.00  1.16715e-16
      4703.00  1.14412e-16
      4704.00  1.12256e-16
      4705.00  1.10256e-16
      4706.00  1.08426e-16
      4707.00  1.06778e-16
      4708.00  1.05328e-16
      4709.00  1.04081e-16
      4710.00  1.03030e-16
      4711.00  1.02162e-16
      4712.00  1.01465e-16
      4713.00  1.00927e-16
      4714.00  1.00537e-16
      4715.00  1.00341e-16
      4716.00  1.00395e-16
      4717.00  1.00628e-16
      4718.00  1.00957e-16
      4719.00  1.01296e-16
      4720.00  1.01560e-16
      4721.00  1.01720e-16
      4722.00  1.01868e-16
      4723.00  1.02008e-16
      4724.00  1.02118e-16
      4725.00  1.02179e-16
      4726.00  1.02170e-16
      4727.00  1.02093e-16
      4728.00  1.02023e-16
      4729.00  1.01933e-16
      4730.00  1.01759e-16
      4731.00  1.01436e-16
      4732.00  1.00901e-16
      4733.00  1.00087e-16
      4734.00  9.89318e-17
      4735.00  9.75025e-17
      4736.00  9.59079e-17
      4737.00  9.42569e-17
      4738.00  9.26584e-17
      4739.00  9.12107e-17
      4740.00  8.98569e-17
      4741.00  8.85217e-17
      4742.00  8.72218e-17
      4743.00  8.59765e-17
      4744.00  8.48049e-17
      4745.00  8.37262e-17
      4746.00  8.27522e-17
      4747.00  8.18722e-17
      4748.00  8.10679e-17
      4749.00  8.03211e-17
      4750.00  7.96133e-17
      4751.00  7.89261e-17
      4752.00  7.82244e-17
      4753.00  7.74922e-17
      4754.00  7.67788e-17
      4755.00  7.61395e-17
      4756.00  7.56296e-17
      4757.00  7.53041e-17
      4758.00  7.52298e-17
      4759.00  7.54395e-17
      4760.00  7.58471e-17
      4761.00  7.63495e-17
      4762.00  7.68432e-17
      4763.00  7.72252e-17
      4764.00  7.74088e-17
      4765.00  7.74238e-17
      4766.00  7.73378e-17
      4767.00  7.72067e-17
      4768.00  7.70861e-17
      4769.00  7.70315e-17
      4770.00  7.71002e-17
      4771.00  7.73368e-17
      4772.00  7.76928e-17
      4773.00  7.80865e-17
      4774.00  7.84357e-17
      4775.00  7.86585e-17
      4776.00  7.86736e-17
      4777.00  7.84275e-17
      4778.00  7.79708e-17
      4779.00  7.73932e-17
      4780.00  7.67851e-17
      4781.00  7.62365e-17
      4782.00  7.58370e-17
      4783.00  7.56453e-17
      4784.00  7.56170e-17
      4785.00  7.56736e-17
      4786.00  7.57363e-17
      4787.00  7.57264e-17
      4788.00  7.55657e-17
      4789.00  7.51888e-17
      4790.00  7.46145e-17
      4791.00  7.39151e-17
      4792.00  7.31660e-17
      4793.00  7.24418e-17
      4794.00  7.18173e-17
      4795.00  7.13620e-17
      4796.00  7.10805e-17
      4797.00  7.09046e-17
      4798.00  7.07589e-17
      4799.00  7.05678e-17
      4800.00  7.02561e-17
      4801.00  6.97505e-17
      4802.00  6.90260e-17
      4803.00  6.81441e-17
      4804.00  6.71831e-17
      4805.00  6.62207e-17
      4806.00  6.53345e-17
      4807.00  6.45986e-17
      4808.00  6.40131e-17
      4809.00  6.35233e-17
      4810.00  6.30988e-17
      4811.00  6.27104e-17
      4812.00  6.23290e-17
      4813.00  6.19267e-17
      4814.00  6.15151e-17
      4815.00  6.11278e-17
      4816.00  6.07495e-17
      4817.00  6.03611e-17
      4818.00  5.99431e-17
      4819.00  5.94764e-17
      4820.00  5.89240e-17
      4821.00  5.82585e-17
      4822.00  5.75332e-17
      4823.00  5.68119e-17
      4824.00  5.61583e-17
      4825.00  5.56359e-17
      4826.00  5.53069e-17
      4827.00  5.51866e-17
      4828.00  5.52095e-17
      4829.00  5.52984e-17
      4830.00  5.53766e-17
      4831.00  5.53672e-17
      4832.00  5.52020e-17
      4833.00  5.48990e-17
      4834.00  5.45083e-17
      4835.00  5.40616e-17
      4836.00  5.35904e-17
      4837.00  5.31259e-17
      4838.00  5.26959e-17
      4839.00  5.22637e-17
      4840.00  5.18022e-17
      4841.00  5.13430e-17
      4842.00  5.09200e-17
      4843.00  5.05666e-17
      4844.00  5.03160e-17
      4845.00  5.01733e-17
      4846.00  5.01093e-17
      4847.00  5.01182e-17
      4848.00  5.01969e-17
      4849.00  5.03423e-17
      4850.00  5.05515e-17
      4851.00  5.08704e-17
      4852.00  5.13890e-17
      4853.00  5.20237e-17
      4854.00  5.26611e-17
      4855.00  5.31882e-17
      4856.00  5.34925e-17
      4857.00  5.34596e-17
      4858.00  5.30425e-17
      4859.00  5.23588e-17
      4860.00  5.15577e-17
      4861.00  5.07881e-17
      4862.00  5.01983e-17
      4863.00  4.99306e-17
      4864.00  5.00185e-17
      4865.00  5.03530e-17
      4866.00  5.08132e-17
      4867.00  5.12786e-17
      4868.00  5.16290e-17
      4869.00  5.17454e-17
      4870.00  5.15573e-17
      4871.00  5.11347e-17
      4872.00  5.05913e-17
      4873.00  5.00407e-17
      4874.00  4.95961e-17
      4875.00  4.93702e-17
      4876.00  4.94198e-17
      4877.00  4.96707e-17
      4878.00  5.00639e-17
      4879.00  5.05478e-17
      4880.00  5.10707e-17
      4881.00  5.15812e-17
      4882.00  5.20608e-17
      4883.00  5.25876e-17
      4884.00  5.31529e-17
      4885.00  5.37199e-17
      4886.00  5.42520e-17
      4887.00  5.47125e-17
      4888.00  5.50636e-17
      4889.00  5.52798e-17
      4890.00  5.53967e-17
      4891.00  5.54675e-17
      4892.00  5.55455e-17
      4893.00  5.56836e-17
      4894.00  5.59354e-17
      4895.00  5.63435e-17
      4896.00  5.68746e-17
      4897.00  5.74591e-17
      4898.00  5.80271e-17
      4899.00  5.85086e-17
      4900.00  5.88338e-17
      4901.00  5.89297e-17
      4902.00  5.88093e-17
      4903.00  5.85710e-17
      4904.00  5.83178e-17
      4905.00  5.81527e-17
      4906.00  5.81782e-17
      4907.00  5.84757e-17
      4908.00  5.90146e-17
      4909.00  5.97133e-17
      4910.00  6.04907e-17
      4911.00  6.12661e-17
      4912.00  6.19590e-17
      4913.00  6.25052e-17
      4914.00  6.29508e-17
      4915.00  6.33380e-17
      4916.00  6.36826e-17
      4917.00  6.40004e-17
      4918.00  6.43070e-17
      4919.00  6.46183e-17
      4920.00  6.49449e-17
      4921.00  6.52759e-17
      4922.00  6.55920e-17
      4923.00  6.58738e-17
      4924.00  6.61020e-17
      4925.00  6.62570e-17
      4926.00  6.63092e-17
      4927.00  6.62583e-17
      4928.00  6.61448e-17
      4929.00  6.60112e-17
      4930.00  6.59003e-17
      4931.00  6.58544e-17
      4932.00  6.58921e-17
      4933.00  6.59735e-17
      4934.00  6.60895e-17
      4935.00  6.62398e-17
      4936.00  6.64240e-17
      4937.00  6.66414e-17
      4938.00  6.69031e-17
      4939.00  6.72575e-17
      4940.00  6.76810e-17
      4941.00  6.81221e-17
      4942.00  6.85295e-17
      4943.00  6.88517e-17
      4944.00  6.90356e-17
      4945.00  6.90277e-17
      4946.00  6.88667e-17
      4947.00  6.86373e-17
      4948.00  6.84246e-17
      4949.00  6.83136e-17
      4950.00  6.83900e-17
      4951.00  6.87530e-17
      4952.00  6.93841e-17
      4953.00  7.01464e-17
      4954.00  7.08972e-17
      4955.00  7.14944e-17
      4956.00  7.17958e-17
      4957.00  7.16611e-17
      4958.00  7.10838e-17
      4959.00  7.02316e-17
      4960.00  6.92887e-17
      4961.00  6.84391e-17
      4962.00  6.78663e-17
      4963.00  6.77510e-17
      4964.00  6.81523e-17
      4965.00  6.88956e-17
      4966.00  6.97655e-17
      4967.00  7.05466e-17
      4968.00  7.10242e-17
      4969.00  7.09888e-17
      4970.00  7.03655e-17
      4971.00  6.93060e-17
      4972.00  6.79963e-17
      4973.00  6.66220e-17
      4974.00  6.53680e-17
      4975.00  6.44166e-17
      4976.00  6.38005e-17
      4977.00  6.33701e-17
      4978.00  6.30766e-17
      4979.00  6.28835e-17
      4980.00  6.27541e-17
      4981.00  6.26520e-17
      4982.00  6.25695e-17
      4983.00  6.25602e-17
      4984.00  6.26150e-17
      4985.00  6.27092e-17
      4986.00  6.28186e-17
      4987.00  6.29189e-17
      4988.00  6.29865e-17
      4989.00  6.30142e-17
      4990.00  6.30236e-17
      4991.00  6.30406e-17
      4992.00  6.30914e-17
      4993.00  6.32020e-17
      4994.00  6.34009e-17
      4995.00  6.37420e-17
      4996.00  6.42113e-17
      4997.00  6.47373e-17
      4998.00  6.52470e-17
      4999.00  6.56678e-17
      5000.00  6.59263e-17
      5001.00  6.59300e-17
      5002.00  6.56738e-17
      5003.00  6.52828e-17
      5004.00  6.48907e-17
      5005.00  6.46314e-17
      5006.00  6.46381e-17
      5007.00  6.50331e-17
      5008.00  6.58145e-17
      5009.00  6.68554e-17
      5010.00  6.80177e-17
      5011.00  6.91636e-17
      5012.00  7.01554e-17
      5013.00  7.08682e-17
      5014.00  7.13179e-17
      5015.00  7.15994e-17
      5016.00  7.17879e-17
      5017.00  7.19583e-17
      5018.00  7.21852e-17
      5019.00  7.25411e-17
      5020.00  7.30343e-17
      5021.00  7.36102e-17
      5022.00  7.42397e-17
      5023.00  7.48960e-17
      5024.00  7.55523e-17
      5025.00  7.61819e-17
      5026.00  7.67810e-17
      5027.00  7.73811e-17
      5028.00  7.79792e-17
      5029.00  7.85665e-17
      5030.00  7.91339e-17
      5031.00  7.96725e-17
      5032.00  8.01784e-17
      5033.00  8.06680e-17
      5034.00  8.11398e-17
      5035.00  8.15845e-17
      5036.00  8.19927e-17
      5037.00  8.23549e-17
      5038.00  8.26650e-17
      5039.00  8.29521e-17
      5040.00  8.32210e-17
      5041.00  8.34452e-17
      5042.00  8.35974e-17
      5043.00  8.36503e-17
      5044.00  8.35777e-17
      5045.00  8.33880e-17
      5046.00  8.31130e-17
      5047.00  8.27416e-17
      5048.00  8.22590e-17
      5049.00  8.16502e-17
      5050.00  8.09006e-17
      5051.00  7.99617e-17
      5052.00  7.87555e-17
      5053.00  7.73614e-17
      5054.00  7.58892e-17
      5055.00  7.44483e-17
      5056.00  7.31482e-17
      5057.00  7.20932e-17
      5058.00  7.13046e-17
      5059.00  7.06959e-17
      5060.00  7.01675e-17
      5061.00  6.96202e-17
      5062.00  6.89549e-17
      5063.00  6.80730e-17
      5064.00  6.69111e-17
      5065.00  6.55271e-17
      5066.00  6.40234e-17
      5067.00  6.25033e-17
      5068.00  6.10699e-17
      5069.00  5.98257e-17
      5070.00  5.88157e-17
      5071.00  5.79576e-17
      5072.00  5.72158e-17
      5073.00  5.65672e-17
      5074.00  5.59886e-17
      5075.00  5.54570e-17
      5076.00  5.49635e-17
      5077.00  5.45594e-17
      5078.00  5.42373e-17
      5079.00  5.39630e-17
      5080.00  5.37022e-17
      5081.00  5.34209e-17
      5082.00  5.30875e-17
      5083.00  5.27118e-17
      5084.00  5.23180e-17
      5085.00  5.19108e-17
      5086.00  5.14939e-17
      5087.00  5.10712e-17
      5088.00  5.06467e-17
      5089.00  5.02187e-17
      5090.00  4.97821e-17
      5091.00  4.93391e-17
      5092.00  4.88931e-17
      5093.00  4.84472e-17
      5094.00  4.80048e-17
      5095.00  4.75617e-17
      5096.00  4.70978e-17
      5097.00  4.66239e-17
      5098.00  4.61591e-17
      5099.00  4.57227e-17
      5100.00  4.53337e-17
      5101.00  4.50079e-17
      5102.00  4.47269e-17
      5103.00  4.44800e-17
      5104.00  4.42754e-17
      5105.00  4.41217e-17
      5106.00  4.40272e-17
      5107.00  4.40010e-17
      5108.00  4.40742e-17
      5109.00  4.42567e-17
      5110.00  4.45074e-17
      5111.00  4.47823e-17
      5112.00  4.50375e-17
      5113.00  4.52291e-17
      5114.00  4.53275e-17
      5115.00  4.53575e-17
      5116.00  4.53439e-17
      5117.00  4.53065e-17
      5118.00  4.52653e-17
      5119.00  4.52403e-17
      5120.00  4.52482e-17
      5121.00  4.52786e-17
      5122.00  4.53201e-17
      5123.00  4.53697e-17
      5124.00  4.54245e-17
      5125.00  4.54817e-17
      5126.00  4.55365e-17
      5127.00  4.55398e-17
      5128.00  4.54761e-17
      5129.00  4.54056e-17
      5130.00  4.53924e-17
      5131.00  4.55002e-17
      5132.00  4.57927e-17
      5133.00  4.63398e-17
      5134.00  4.71550e-17
      5135.00  4.81515e-17
      5136.00  4.92316e-17
      5137.00  5.02976e-17
      5138.00  5.12520e-17
      5139.00  5.20196e-17
      5140.00  5.26752e-17
      5141.00  5.32646e-17
      5142.00  5.37842e-17
      5143.00  5.42304e-17
      5144.00  5.45996e-17
      5145.00  5.48845e-17
      5146.00  5.50143e-17
      5147.00  5.49746e-17
      5148.00  5.48500e-17
      5149.00  5.47285e-17
      5150.00  5.46982e-17
      5151.00  5.48467e-17
      5152.00  5.52053e-17
      5153.00  5.56917e-17
      5154.00  5.62882e-17
      5155.00  5.69914e-17
      5156.00  5.77983e-17
      5157.00  5.87055e-17
      5158.00  5.97389e-17
      5159.00  6.10358e-17
      5160.00  6.25387e-17
      5161.00  6.41072e-17
      5162.00  6.56008e-17
      5163.00  6.68794e-17
      5164.00  6.78027e-17
      5165.00  6.82745e-17
      5166.00  6.83807e-17
      5167.00  6.82816e-17
      5168.00  6.81386e-17
      5169.00  6.81127e-17
      5170.00  6.83646e-17
      5171.00  6.90070e-17
      5172.00  6.99698e-17
      5173.00  7.11277e-17
      5174.00  7.23572e-17
      5175.00  7.35352e-17
      5176.00  7.45388e-17
      5177.00  7.52566e-17
      5178.00  7.56925e-17
      5179.00  7.59427e-17
      5180.00  7.61055e-17
      5181.00  7.62794e-17
      5182.00  7.65623e-17
      5183.00  7.70512e-17
      5184.00  7.77923e-17
      5185.00  7.87215e-17
      5186.00  7.97495e-17
      5187.00  8.07875e-17
      5188.00  8.17466e-17
      5189.00  8.25382e-17
      5190.00  8.31019e-17
      5191.00  8.34784e-17
      5192.00  8.37347e-17
      5193.00  8.39363e-17
      5194.00  8.41483e-17
      5195.00  8.44358e-17
      5196.00  8.48524e-17
      5197.00  8.53696e-17
      5198.00  8.59487e-17
      5199.00  8.65649e-17
      5200.00  8.71935e-17
      5201.00  8.78099e-17
      5202.00  8.83923e-17
      5203.00  8.89713e-17
      5204.00  8.95703e-17
      5205.00  9.01629e-17
      5206.00  9.07211e-17
      5207.00  9.12168e-17
      5208.00  9.16220e-17
      5209.00  9.19011e-17
      5210.00  9.20441e-17
      5211.00  9.20977e-17
      5212.00  9.21144e-17
      5213.00  9.21467e-17
      5214.00  9.22470e-17
      5215.00  9.24629e-17
      5216.00  9.27937e-17
      5217.00  9.31990e-17
      5218.00  9.36377e-17
      5219.00  9.40687e-17
      5220.00  9.44510e-17
      5221.00  9.47442e-17
      5222.00  9.49254e-17
      5223.00  9.50200e-17
      5224.00  9.50672e-17
      5225.00  9.51058e-17
      5226.00  9.51751e-17
      5227.00  9.53140e-17
      5228.00  9.55434e-17
      5229.00  9.58355e-17
      5230.00  9.61727e-17
      5231.00  9.65419e-17
      5232.00  9.69296e-17
      5233.00  9.73226e-17
      5234.00  9.77147e-17
      5235.00  9.81392e-17
      5236.00  9.85944e-17
      5237.00  9.90557e-17
      5238.00  9.94986e-17
      5239.00  9.98985e-17
      5240.00  1.00231e-16
      5241.00  1.00493e-16
      5242.00  1.00702e-16
      5243.00  1.00868e-16
      5244.00  1.01001e-16
      5245.00  1.01112e-16
      5246.00  1.01211e-16
      5247.00  1.01297e-16
      5248.00  1.01351e-16
      5249.00  1.01380e-16
      5250.00  1.01395e-16
      5251.00  1.01407e-16
      5252.00  1.01429e-16
      5253.00  1.01470e-16
      5254.00  1.01518e-16
      5255.00  1.01567e-16
      5256.00  1.01622e-16
      5257.00  1.01687e-16
      5258.00  1.01766e-16
      5259.00  1.01862e-16
      5260.00  1.01943e-16
      5261.00  1.01988e-16
      5262.00  1.02038e-16
      5263.00  1.02135e-16
      5264.00  1.02323e-16
      5265.00  1.02646e-16
      5266.00  1.03150e-16
      5267.00  1.03849e-16
      5268.00  1.04691e-16
      5269.00  1.05612e-16
      5270.00  1.06551e-16
      5271.00  1.07445e-16
      5272.00  1.08229e-16
      5273.00  1.08846e-16
      5274.00  1.09347e-16
      5275.00  1.09826e-16
      5276.00  1.10380e-16
      5277.00  1.11102e-16
      5278.00  1.12089e-16
      5279.00  1.13454e-16
      5280.00  1.15191e-16
      5281.00  1.17153e-16
      5282.00  1.19180e-16
      5283.00  1.21115e-16
      5284.00  1.22798e-16
      5285.00  1.24115e-16
      5286.00  1.25165e-16
      5287.00  1.26028e-16
      5288.00  1.26742e-16
      5289.00  1.27348e-16
      5290.00  1.27885e-16
      5291.00  1.28390e-16
      5292.00  1.28878e-16
      5293.00  1.29323e-16
      5294.00  1.29693e-16
      5295.00  1.29955e-16
      5296.00  1.30076e-16
      5297.00  1.30026e-16
      5298.00  1.29768e-16
      5299.00  1.29298e-16
      5300.00  1.28663e-16
      5301.00  1.27912e-16
      5302.00  1.27095e-16
      5303.00  1.26264e-16
      5304.00  1.25460e-16
      5305.00  1.24665e-16
      5306.00  1.23849e-16
      5307.00  1.22990e-16
      5308.00  1.22069e-16
      5309.00  1.21063e-16
      5310.00  1.19953e-16
      5311.00  1.18681e-16
      5312.00  1.17244e-16
      5313.00  1.15714e-16
      5314.00  1.14165e-16
      5315.00  1.12672e-16
      5316.00  1.11309e-16
      5317.00  1.10141e-16
      5318.00  1.09158e-16
      5319.00  1.08291e-16
      5320.00  1.07467e-16
      5321.00  1.06615e-16
      5322.00  1.05662e-16
      5323.00  1.04537e-16
      5324.00  1.03210e-16
      5325.00  1.01735e-16
      5326.00  1.00191e-16
      5327.00  9.86523e-17
      5328.00  9.71971e-17
      5329.00  9.58997e-17
      5330.00  9.47479e-17
      5331.00  9.36545e-17
      5332.00  9.26382e-17
      5333.00  9.17288e-17
      5334.00  9.09560e-17
      5335.00  9.03495e-17
      5336.00  8.99677e-17
      5337.00  8.99222e-17
      5338.00  9.01247e-17
      5339.00  9.04295e-17
      5340.00  9.06915e-17
      5341.00  9.07655e-17
      5342.00  9.05054e-17
      5343.00  8.97979e-17
      5344.00  8.87339e-17
      5345.00  8.74978e-17
      5346.00  8.62753e-17
      5347.00  8.52523e-17
      5348.00  8.46141e-17
      5349.00  8.45492e-17
      5350.00  8.50643e-17
      5351.00  8.59285e-17
      5352.00  8.68894e-17
      5353.00  8.76949e-17
      5354.00  8.80935e-17
      5355.00  8.78425e-17
      5356.00  8.68780e-17
      5357.00  8.54054e-17
      5358.00  8.36709e-17
      5359.00  8.19204e-17
      5360.00  8.03997e-17
      5361.00  7.93515e-17
      5362.00  7.88741e-17
      5363.00  7.88065e-17
      5364.00  7.89952e-17
      5365.00  7.92924e-17
      5366.00  7.95507e-17
      5367.00  7.96226e-17
      5368.00  7.94322e-17
      5369.00  7.91504e-17
      5370.00  7.87999e-17
      5371.00  7.83431e-17
      5372.00  7.77427e-17
      5373.00  7.69612e-17
      5374.00  7.59475e-17
      5375.00  7.45112e-17
      5376.00  7.26749e-17
      5377.00  7.06629e-17
      5378.00  6.87031e-17
      5379.00  6.70233e-17
      5380.00  6.58509e-17
      5381.00  6.53650e-17
      5382.00  6.54924e-17
      5383.00  6.60226e-17
      5384.00  6.67408e-17
      5385.00  6.74323e-17
      5386.00  6.78827e-17
      5387.00  6.78994e-17
      5388.00  6.75062e-17
      5389.00  6.68568e-17
      5390.00  6.60889e-17
      5391.00  6.53400e-17
      5392.00  6.47474e-17
      5393.00  6.44487e-17
      5394.00  6.45649e-17
      5395.00  6.50391e-17
      5396.00  6.56998e-17
      5397.00  6.63714e-17
      5398.00  6.68785e-17
      5399.00  6.70460e-17
      5400.00  6.67185e-17
      5401.00  6.59111e-17
      5402.00  6.47781e-17
      5403.00  6.34824e-17
      5404.00  6.21868e-17
      5405.00  6.10541e-17
      5406.00  6.02356e-17
      5407.00  5.96999e-17
      5408.00  5.93309e-17
      5409.00  5.90851e-17
      5410.00  5.89210e-17
      5411.00  5.87974e-17
      5412.00  5.86733e-17
      5413.00  5.85411e-17
      5414.00  5.84474e-17
      5415.00  5.83915e-17
      5416.00  5.83643e-17
      5417.00  5.83566e-17
      5418.00  5.83593e-17
      5419.00  5.83726e-17
      5420.00  5.84484e-17
      5421.00  5.85772e-17
      5422.00  5.87128e-17
      5423.00  5.88088e-17
      5424.00  5.88190e-17
      5425.00  5.86967e-17
      5426.00  5.83868e-17
      5427.00  5.78984e-17
      5428.00  5.73064e-17
      5429.00  5.66888e-17
      5430.00  5.61237e-17
      5431.00  5.56890e-17
      5432.00  5.54521e-17
      5433.00  5.54006e-17
      5434.00  5.54725e-17
      5435.00  5.56054e-17
      5436.00  5.57368e-17
      5437.00  5.58045e-17
      5438.00  5.57477e-17
      5439.00  5.55455e-17
      5440.00  5.52404e-17
      5441.00  5.48807e-17
      5442.00  5.45147e-17
      5443.00  5.41904e-17
      5444.00  5.39557e-17
      5445.00  5.38650e-17
      5446.00  5.39313e-17
      5447.00  5.40870e-17
      5448.00  5.42553e-17
      5449.00  5.43594e-17
      5450.00  5.43229e-17
      5451.00  5.40671e-17
      5452.00  5.35356e-17
      5453.00  5.27947e-17
      5454.00  5.19517e-17
      5455.00  5.11143e-17
      5456.00  5.03899e-17
      5457.00  4.98854e-17
      5458.00  4.96676e-17
      5459.00  4.96812e-17
      5460.00  4.98404e-17
      5461.00  5.00602e-17
      5462.00  5.02560e-17
      5463.00  5.03429e-17
      5464.00  5.02484e-17
      5465.00  4.99939e-17
      5466.00  4.96379e-17
      5467.00  4.92308e-17
      5468.00  4.88231e-17
      5469.00  4.84651e-17
      5470.00  4.82058e-17
      5471.00  4.80491e-17
      5472.00  4.79568e-17
      5473.00  4.79114e-17
      5474.00  4.78969e-17
      5475.00  4.78976e-17
      5476.00  4.78976e-17
      5477.00  4.79065e-17
      5478.00  4.79853e-17
      5479.00  4.81050e-17
      5480.00  4.82142e-17
      5481.00  4.82620e-17
      5482.00  4.81970e-17
      5483.00  4.79670e-17
      5484.00  4.75260e-17
      5485.00  4.69094e-17
      5486.00  4.61915e-17
      5487.00  4.54474e-17
      5488.00  4.47518e-17
      5489.00  4.41792e-17
      5490.00  4.37596e-17
      5491.00  4.34272e-17
      5492.00  4.31607e-17
      5493.00  4.29494e-17
      5494.00  4.27827e-17
      5495.00  4.26502e-17
      5496.00  4.25459e-17
      5497.00  4.24971e-17
      5498.00  4.25050e-17
      5499.00  4.25487e-17
      5500.00  4.26074e-17
      5501.00  4.26601e-17
      5502.00  4.26861e-17
      5503.00  4.26722e-17
      5504.00  4.26288e-17
      5505.00  4.25733e-17
      5506.00  4.25229e-17
      5507.00  4.24949e-17
      5508.00  4.25064e-17
      5509.00  4.25814e-17
      5510.00  4.27558e-17
      5511.00  4.29992e-17
      5512.00  4.32604e-17
      5513.00  4.34882e-17
      5514.00  4.36315e-17
      5515.00  4.36388e-17
      5516.00  4.34644e-17
      5517.00  4.31314e-17
      5518.00  4.27061e-17
      5519.00  4.22561e-17
      5520.00  4.18489e-17
      5521.00  4.15520e-17
      5522.00  4.14216e-17
      5523.00  4.14414e-17
      5524.00  4.15591e-17
      5525.00  4.17235e-17
      5526.00  4.18834e-17
      5527.00  4.19879e-17
      5528.00  4.19886e-17
      5529.00  4.18906e-17
      5530.00  4.17314e-17
      5531.00  4.15270e-17
      5532.00  4.12926e-17
      5533.00  4.10430e-17
      5534.00  4.07933e-17
      5535.00  4.05286e-17
      5536.00  4.01955e-17
      5537.00  3.98262e-17
      5538.00  3.94682e-17
      5539.00  3.91689e-17
      5540.00  3.89757e-17
      5541.00  3.89353e-17
      5542.00  3.90667e-17
      5543.00  3.93340e-17
      5544.00  3.96894e-17
      5545.00  4.00848e-17
      5546.00  4.04726e-17
      5547.00  4.08054e-17
      5548.00  4.11024e-17
      5549.00  4.14458e-17
      5550.00  4.17981e-17
      5551.00  4.21059e-17
      5552.00  4.23157e-17
      5553.00  4.23744e-17
      5554.00  4.22174e-17
      5555.00  4.17528e-17
      5556.00  4.10482e-17
      5557.00  4.02356e-17
      5558.00  3.94476e-17
      5559.00  3.88163e-17
      5560.00  3.84734e-17
      5561.00  3.85105e-17
      5562.00  3.88662e-17
      5563.00  3.94166e-17
      5564.00  4.00368e-17
      5565.00  4.06023e-17
      5566.00  4.09883e-17
      5567.00  4.11185e-17
      5568.00  4.11533e-17
      5569.00  4.11195e-17
      5570.00  4.09608e-17
      5571.00  4.06208e-17
      5572.00  4.00431e-17
      5573.00  3.91630e-17
      5574.00  3.77056e-17
      5575.00  3.55983e-17
      5576.00  3.31833e-17
      5577.00  3.08232e-17
      5578.00  2.88806e-17
      5579.00  2.77173e-17
      5580.00  2.77062e-17
      5581.00  2.89755e-17
      5582.00  3.11187e-17
      5583.00  3.36438e-17
      5584.00  3.60592e-17
      5585.00  3.78736e-17
      5586.00  3.86085e-17
      5587.00  3.81356e-17
      5588.00  3.67945e-17
      5589.00  3.49053e-17
      5590.00  3.27824e-17
      5591.00  3.07401e-17
      5592.00  2.90925e-17
      5593.00  2.80140e-17
      5594.00  2.72360e-17
      5595.00  2.66491e-17
      5596.00  2.62111e-17
      5597.00  2.58798e-17
      5598.00  2.56132e-17
      5599.00  2.53777e-17
      5600.00  2.52523e-17
      5601.00  2.52693e-17
      5602.00  2.53646e-17
      5603.00  2.54720e-17
      5604.00  2.55252e-17
      5605.00  2.54581e-17
      5606.00  2.52063e-17
      5607.00  2.47694e-17
      5608.00  2.42236e-17
      5609.00  2.36521e-17
      5610.00  2.31377e-17
      5611.00  2.27635e-17
      5612.00  2.26162e-17
      5613.00  2.27776e-17
      5614.00  2.31798e-17
      5615.00  2.36894e-17
      5616.00  2.41728e-17
      5617.00  2.44963e-17
      5618.00  2.45262e-17
      5619.00  2.41350e-17
      5620.00  2.33370e-17
      5621.00  2.22899e-17
      5622.00  2.11615e-17
      5623.00  2.01197e-17
      5624.00  1.93321e-17
      5625.00  1.89584e-17
      5626.00  1.90288e-17
      5627.00  1.94145e-17
      5628.00  1.99715e-17
      5629.00  2.05561e-17
      5630.00  2.10244e-17
      5631.00  2.12335e-17
      5632.00  2.11020e-17
      5633.00  2.07120e-17
      5634.00  2.01622e-17
      5635.00  1.95475e-17
      5636.00  1.89625e-17
      5637.00  1.85019e-17
      5638.00  1.82537e-17
      5639.00  1.82232e-17
      5640.00  1.83372e-17
      5641.00  1.85191e-17
      5642.00  1.86921e-17
      5643.00  1.87798e-17
      5644.00  1.87056e-17
      5645.00  1.84088e-17
      5646.00  1.79189e-17
      5647.00  1.73173e-17
      5648.00  1.66871e-17
      5649.00  1.61117e-17
      5650.00  1.56740e-17
      5651.00  1.54506e-17
      5652.00  1.54432e-17
      5653.00  1.55854e-17
      5654.00  1.58071e-17
      5655.00  1.60382e-17
      5656.00  1.62088e-17
      5657.00  1.62501e-17
      5658.00  1.61519e-17
      5659.00  1.59713e-17
      5660.00  1.57291e-17
      5661.00  1.54422e-17
      5662.00  1.51277e-17
      5663.00  1.48024e-17
      5664.00  1.44770e-17
      5665.00  1.41322e-17
      5666.00  1.37633e-17
      5667.00  1.33752e-17
      5668.00  1.29728e-17
      5669.00  1.25610e-17
      5670.00  1.21434e-17
      5671.00  1.16882e-17
      5672.00  1.11766e-17
      5673.00  1.06460e-17
      5674.00  1.01367e-17
      5675.00  9.68894e-18
      5676.00  9.34308e-18
      5677.00  9.14192e-18
      5678.00  9.10672e-18
      5679.00  9.19090e-18
      5680.00  9.33488e-18
      5681.00  9.47911e-18
      5682.00  9.56410e-18
      5683.00  9.53219e-18
      5684.00  9.38281e-18
      5685.00  9.16319e-18
      5686.00  8.88944e-18
      5687.00  8.57538e-18
      5688.00  8.23484e-18
      5689.00  7.88165e-18
      5690.00  7.52091e-18
      5691.00  7.12891e-18
      5692.00  6.70764e-18
      5693.00  6.26850e-18
      5694.00  5.82290e-18
      5695.00  5.38226e-18
      5696.00  4.95600e-18
      5697.00  4.51305e-18
      5698.00  4.03552e-18
      5699.00  3.55545e-18
      5700.00  3.10702e-18
      5701.00  2.72437e-18
      5702.00  2.44164e-18
      5703.00  2.28519e-18
      5704.00  2.24079e-18
      5705.00  2.28597e-18
      5706.00  2.40130e-18
      5707.00  2.56736e-18
      5708.00  2.76475e-18
      5709.00  2.97602e-18
      5710.00  3.22305e-18
      5711.00  3.52568e-18
      5712.00  3.86594e-18
      5713.00  4.22431e-18
      5714.00  4.58127e-18
      5715.00  4.91731e-18
      5716.00  5.22660e-18
      5717.00  5.54167e-18
      5718.00  5.85884e-18
      5719.00  6.16316e-18
      5720.00  6.43970e-18
      5721.00  6.67353e-18
      5722.00  6.84926e-18
      5723.00  6.94905e-18
      5724.00  6.98040e-18
      5725.00  6.96870e-18
      5726.00  6.93976e-18
      5727.00  6.91942e-18
      5728.00  6.93346e-18
      5729.00  6.99793e-18
      5730.00  7.09284e-18
      5731.00  7.20734e-18
      5732.00  7.33601e-18
      5733.00  7.47343e-18
      5734.00  7.61419e-18
      5735.00  7.75303e-18
      5736.00  7.88885e-18
      5737.00  8.02544e-18
      5738.00  8.16610e-18
      5739.00  8.31403e-18
      5740.00  8.47245e-18
      5741.00  8.64458e-18
      5742.00  8.83793e-18
      5743.00  9.06398e-18
      5744.00  9.31141e-18
      5745.00  9.56419e-18
      5746.00  9.80630e-18
      5747.00  1.00218e-17
      5748.00  1.01964e-17
      5749.00  1.03487e-17
      5750.00  1.04940e-17
      5751.00  1.06180e-17
      5752.00  1.07052e-17
      5753.00  1.07403e-17
      5754.00  1.07079e-17
      5755.00  1.05723e-17
      5756.00  1.02787e-17
      5757.00  9.88098e-18
      5758.00  9.45537e-18
      5759.00  9.07821e-18
      5760.00  8.82572e-18
      5761.00  8.77509e-18
      5762.00  8.99417e-18
      5763.00  9.43932e-18
      5764.00  1.00067e-17
      5765.00  1.05911e-17
      5766.00  1.10876e-17
      5767.00  1.13910e-17
      5768.00  1.14100e-17
      5769.00  1.11585e-17
      5770.00  1.07275e-17
      5771.00  1.02125e-17
      5772.00  9.70842e-18
      5773.00  9.31047e-18
      5774.00  9.11014e-18
      5775.00  9.11166e-18
      5776.00  9.24456e-18
      5777.00  9.46990e-18
      5778.00  9.75069e-18
      5779.00  1.00500e-17
      5780.00  1.03308e-17
      5781.00  1.05803e-17
      5782.00  1.08561e-17
      5783.00  1.11546e-17
      5784.00  1.14517e-17
      5785.00  1.17234e-17
      5786.00  1.19456e-17
      5787.00  1.20961e-17
      5788.00  1.21938e-17
      5789.00  1.22618e-17
      5790.00  1.22872e-17
      5791.00  1.22551e-17
      5792.00  1.21511e-17
      5793.00  1.19603e-17
      5794.00  1.16442e-17
      5795.00  1.11272e-17
      5796.00  1.04702e-17
      5797.00  9.76741e-18
      5798.00  9.11288e-18
      5799.00  8.60070e-18
      5800.00  8.32406e-18
      5801.00  8.33273e-18
      5802.00  8.56908e-18
      5803.00  8.94849e-18
      5804.00  9.38634e-18
      5805.00  9.79806e-18
      5806.00  1.00992e-17
      5807.00  1.02230e-17
      5808.00  1.02045e-17
      5809.00  1.00982e-17
      5810.00  9.94914e-18
      5811.00  9.80243e-18
      5812.00  9.70304e-18
      5813.00  9.69434e-18
      5814.00  9.76890e-18
      5815.00  9.88702e-18
      5816.00  1.00466e-17
      5817.00  1.02480e-17
      5818.00  1.04916e-17
      5819.00  1.07778e-17
      5820.00  1.11347e-17
      5821.00  1.16654e-17
      5822.00  1.23156e-17
      5823.00  1.29804e-17
      5824.00  1.35547e-17
      5825.00  1.39334e-17
      5826.00  1.40098e-17
      5827.00  1.36482e-17
      5828.00  1.28696e-17
      5829.00  1.18566e-17
      5830.00  1.07996e-17
      5831.00  9.88868e-18
      5832.00  9.31373e-18
      5833.00  9.25215e-18
      5834.00  9.72055e-18
      5835.00  1.05565e-17
      5836.00  1.15795e-17
      5837.00  1.26089e-17
      5838.00  1.34644e-17
      5839.00  1.39672e-17
      5840.00  1.40279e-17
      5841.00  1.37562e-17
      5842.00  1.32816e-17
      5843.00  1.27309e-17
      5844.00  1.22306e-17
      5845.00  1.19071e-17
      5846.00  1.18682e-17
      5847.00  1.20723e-17
      5848.00  1.24367e-17
      5849.00  1.29007e-17
      5850.00  1.34042e-17
      5851.00  1.38867e-17
      5852.00  1.42883e-17
      5853.00  1.45715e-17
      5854.00  1.47673e-17
      5855.00  1.49250e-17
      5856.00  1.50936e-17
      5857.00  1.53220e-17
      5858.00  1.56592e-17
      5859.00  1.61648e-17
      5860.00  1.69270e-17
      5861.00  1.78835e-17
      5862.00  1.89105e-17
      5863.00  1.98839e-17
      5864.00  2.06800e-17
      5865.00  2.11748e-17
      5866.00  2.12418e-17
      5867.00  2.08929e-17
      5868.00  2.02898e-17
      5869.00  1.96048e-17
      5870.00  1.90099e-17
      5871.00  1.86769e-17
      5872.00  1.87700e-17
      5873.00  1.93229e-17
      5874.00  2.02045e-17
      5875.00  2.12674e-17
      5876.00  2.23645e-17
      5877.00  2.33487e-17
      5878.00  2.40734e-17
      5879.00  2.44471e-17
      5880.00  2.45499e-17
      5881.00  2.44798e-17
      5882.00  2.43284e-17
      5883.00  2.41875e-17
      5884.00  2.41486e-17
      5885.00  2.42920e-17
      5886.00  2.45629e-17
      5887.00  2.49003e-17
      5888.00  2.53074e-17
      5889.00  2.57888e-17
      5890.00  2.63491e-17
      5891.00  2.69928e-17
      5892.00  2.77355e-17
      5893.00  2.85972e-17
      5894.00  2.95546e-17
      5895.00  3.05778e-17
      5896.00  3.16369e-17
      5897.00  3.27020e-17
      5898.00  3.37422e-17
      5899.00  3.47254e-17
      5900.00  3.56712e-17
      5901.00  3.66275e-17
      5902.00  3.76428e-17
      5903.00  3.87657e-17
      5904.00  4.00446e-17
      5905.00  4.15404e-17
      5906.00  4.32906e-17
      5907.00  4.52189e-17
      5908.00  4.72307e-17
      5909.00  4.92313e-17
      5910.00  5.11263e-17
      5911.00  5.28286e-17
      5912.00  5.44053e-17
      5913.00  5.59437e-17
      5914.00  5.74032e-17
      5915.00  5.87375e-17
      5916.00  5.99008e-17
      5917.00  6.08469e-17
      5918.00  6.15256e-17
      5919.00  6.19104e-17
      5920.00  6.20584e-17
      5921.00  6.20422e-17
      5922.00  6.19341e-17
      5923.00  6.18065e-17
      5924.00  6.17307e-17
      5925.00  6.17368e-17
      5926.00  6.17780e-17
      5927.00  6.18032e-17
      5928.00  6.17619e-17
      5929.00  6.16042e-17
      5930.00  6.12798e-17
      5931.00  6.07312e-17
      5932.00  5.99089e-17
      5933.00  5.88761e-17
      5934.00  5.77259e-17
      5935.00  5.65511e-17
      5936.00  5.54447e-17
      5937.00  5.44998e-17
      5938.00  5.38029e-17
      5939.00  5.33270e-17
      5940.00  5.29562e-17
      5941.00  5.25702e-17
      5942.00  5.20489e-17
      5943.00  5.12724e-17
      5944.00  5.01147e-17
      5945.00  4.84852e-17
      5946.00  4.65015e-17
      5947.00  4.43430e-17
      5948.00  4.21892e-17
      5949.00  4.02195e-17
      5950.00  3.86125e-17
      5951.00  3.74604e-17
      5952.00  3.66476e-17
      5953.00  3.60701e-17
      5954.00  3.56330e-17
      5955.00  3.52415e-17
      5956.00  3.48011e-17
      5957.00  3.42313e-17
      5958.00  3.36003e-17
      5959.00  3.29671e-17
      5960.00  3.23214e-17
      5961.00  3.16523e-17
      5962.00  3.09485e-17
      5963.00  3.01990e-17
      5964.00  2.93770e-17
      5965.00  2.84555e-17
      5966.00  2.74726e-17
      5967.00  2.64757e-17
      5968.00  2.55120e-17
      5969.00  2.46289e-17
      5970.00  2.38703e-17
      5971.00  2.32247e-17
      5972.00  2.26573e-17
      5973.00  2.21576e-17
      5974.00  2.17159e-17
      5975.00  2.13227e-17
      5976.00  2.09683e-17
      5977.00  2.06591e-17
      5978.00  2.04330e-17
      5979.00  2.02725e-17
      5980.00  2.01465e-17
      5981.00  2.00239e-17
      5982.00  1.98735e-17
      5983.00  1.96654e-17
      5984.00  1.94018e-17
      5985.00  1.91077e-17
      5986.00  1.87901e-17
      5987.00  1.84553e-17
      5988.00  1.81092e-17
      5989.00  1.77578e-17
      5990.00  1.73983e-17
      5991.00  1.69984e-17
      5992.00  1.65695e-17
      5993.00  1.61382e-17
      5994.00  1.57315e-17
      5995.00  1.53759e-17
      5996.00  1.50988e-17
      5997.00  1.49453e-17
      5998.00  1.49196e-17
      5999.00  1.49628e-17
      6000.00  1.50122e-17
      6001.00  1.50052e-17
      6002.00  1.48791e-17
      6003.00  1.45651e-17
      6004.00  1.40001e-17
      6005.00  1.32518e-17
      6006.00  1.24303e-17
      6007.00  1.16458e-17
      6008.00  1.10084e-17
      6009.00  1.06282e-17
      6010.00  1.06067e-17
      6011.00  1.09234e-17
      6012.00  1.14511e-17
      6013.00  1.20561e-17
      6014.00  1.26046e-17
      6015.00  1.29631e-17
      6016.00  1.30058e-17
      6017.00  1.27259e-17
      6018.00  1.22199e-17
      6019.00  1.15754e-17
      6020.00  1.08791e-17
      6021.00  1.02178e-17
      6022.00  9.67846e-18
      6023.00  9.30105e-18
      6024.00  9.00592e-18
      6025.00  8.76711e-18
      6026.00  8.57505e-18
      6027.00  8.42016e-18
      6028.00  8.29287e-18
      6029.00  8.18278e-18
      6030.00  8.07098e-18
      6031.00  7.96168e-18
      6032.00  7.87919e-18
      6033.00  7.84834e-18
      6034.00  7.89393e-18
      6035.00  8.04076e-18
      6036.00  8.33864e-18
      6037.00  8.86938e-18
      6038.00  9.56031e-18
      6039.00  1.03017e-17
      6040.00  1.09839e-17
      6041.00  1.14974e-17
      6042.00  1.17330e-17
      6043.00  1.16216e-17
      6044.00  1.12228e-17
      6045.00  1.06409e-17
      6046.00  9.98072e-18
      6047.00  9.34702e-18
      6048.00  8.84452e-18
      6049.00  8.55978e-18
      6050.00  8.44731e-18
      6051.00  8.44222e-18
      6052.00  8.50403e-18
      6053.00  8.59235e-18
      6054.00  8.66683e-18
      6055.00  8.68729e-18
      6056.00  8.63376e-18
      6057.00  8.53219e-18
      6058.00  8.40678e-18
      6059.00  8.28009e-18
      6060.00  8.17462e-18
      6061.00  8.11287e-18
      6062.00  8.11866e-18
      6063.00  8.21478e-18
      6064.00  8.38166e-18
      6065.00  8.58219e-18
      6066.00  8.77916e-18
      6067.00  8.93537e-18
      6068.00  9.01366e-18
      6069.00  8.98116e-18
      6070.00  8.84310e-18
      6071.00  8.63654e-18
      6072.00  8.40073e-18
      6073.00  8.17491e-18
      6074.00  7.99827e-18
      6075.00  7.90786e-18
      6076.00  7.89801e-18
      6077.00  7.93910e-18
      6078.00  8.02043e-18
      6079.00  8.13213e-18
      6080.00  8.26434e-18
      6081.00  8.40720e-18
      6082.00  8.56012e-18
      6083.00  8.74915e-18
      6084.00  8.96759e-18
      6085.00  9.19826e-18
      6086.00  9.42398e-18
      6087.00  9.62756e-18
      6088.00  9.79183e-18
      6089.00  9.90314e-18
      6090.00  9.96920e-18
      6091.00  1.00094e-17
      6092.00  1.00436e-17
      6093.00  1.00914e-17
      6094.00  1.01727e-17
      6095.00  1.03113e-17
      6096.00  1.05370e-17
      6097.00  1.08243e-17
      6098.00  1.11284e-17
      6099.00  1.14043e-17
      6100.00  1.16071e-17
      6101.00  1.16918e-17
      6102.00  1.16039e-17
      6103.00  1.13369e-17
      6104.00  1.09609e-17
      6105.00  1.05523e-17
      6106.00  1.01875e-17
      6107.00  9.94293e-18
      6108.00  9.89066e-18
      6109.00  1.00345e-17
      6110.00  1.03194e-17
      6111.00  1.06976e-17
      6112.00  1.11214e-17
      6113.00  1.15433e-17
      6114.00  1.19159e-17
      6115.00  1.22272e-17
      6116.00  1.25476e-17
      6117.00  1.28712e-17
      6118.00  1.31727e-17
      6119.00  1.34266e-17
      6120.00  1.36077e-17
      6121.00  1.36901e-17
      6122.00  1.36499e-17
      6123.00  1.34997e-17
      6124.00  1.32749e-17
      6125.00  1.30115e-17
      6126.00  1.27455e-17
      6127.00  1.25129e-17
      6128.00  1.23192e-17
      6129.00  1.20568e-17
      6130.00  1.17472e-17
      6131.00  1.14657e-17
      6132.00  1.12874e-17
      6133.00  1.12874e-17
      6134.00  1.15414e-17
      6135.00  1.21434e-17
      6136.00  1.30927e-17
      6137.00  1.42657e-17
      6138.00  1.55309e-17
      6139.00  1.67571e-17
      6140.00  1.78130e-17
      6141.00  1.85828e-17
      6142.00  1.91103e-17
      6143.00  1.94826e-17
      6144.00  1.97447e-17
      6145.00  1.99412e-17
      6146.00  2.01166e-17
      6147.00  2.03150e-17
      6148.00  2.05504e-17
      6149.00  2.07731e-17
      6150.00  2.09784e-17
      6151.00  2.11715e-17
      6152.00  2.13578e-17
      6153.00  2.15427e-17
      6154.00  2.17323e-17
      6155.00  2.19447e-17
      6156.00  2.21785e-17
      6157.00  2.24124e-17
      6158.00  2.26243e-17
      6159.00  2.27925e-17
      6160.00  2.28950e-17
      6161.00  2.29040e-17
      6162.00  2.27933e-17
      6163.00  2.25973e-17
      6164.00  2.23635e-17
      6165.00  2.21395e-17
      6166.00  2.19726e-17
      6167.00  2.19105e-17
      6168.00  2.19893e-17
      6169.00  2.21881e-17
      6170.00  2.24567e-17
      6171.00  2.27438e-17
      6172.00  2.29983e-17
      6173.00  2.31689e-17
      6174.00  2.32141e-17
      6175.00  2.31689e-17
      6176.00  2.30623e-17
      6177.00  2.28969e-17
      6178.00  2.26753e-17
      6179.00  2.24001e-17
      6180.00  2.20736e-17
      6181.00  2.16641e-17
      6182.00  2.11216e-17
      6183.00  2.04943e-17
      6184.00  1.98442e-17
      6185.00  1.92330e-17
      6186.00  1.87227e-17
      6187.00  1.83710e-17
      6188.00  1.81670e-17
      6189.00  1.80647e-17
      6190.00  1.80466e-17
      6191.00  1.80966e-17
      6192.00  1.81981e-17
      6193.00  1.83349e-17
      6194.00  1.85122e-17
      6195.00  1.87906e-17
      6196.00  1.91482e-17
      6197.00  1.95386e-17
      6198.00  1.99154e-17
      6199.00  2.02322e-17
      6200.00  2.04431e-17
      6201.00  2.05298e-17
      6202.00  2.05232e-17
      6203.00  2.04527e-17
      6204.00  2.03463e-17
      6205.00  2.02323e-17
      6206.00  2.01387e-17
      6207.00  2.00794e-17
      6208.00  1.99821e-17
      6209.00  1.98459e-17
      6210.00  1.97210e-17
      6211.00  1.96578e-17
      6212.00  1.97066e-17
      6213.00  1.99179e-17
      6214.00  2.03576e-17
      6215.00  2.10477e-17
      6216.00  2.19033e-17
      6217.00  2.28287e-17
      6218.00  2.37278e-17
      6219.00  2.45047e-17
      6220.00  2.50686e-17
      6221.00  2.54213e-17
      6222.00  2.56329e-17
      6223.00  2.57462e-17
      6224.00  2.58026e-17
      6225.00  2.58437e-17
      6226.00  2.59110e-17
      6227.00  2.60316e-17
      6228.00  2.61711e-17
      6229.00  2.63123e-17
      6230.00  2.64495e-17
      6231.00  2.65768e-17
      6232.00  2.66885e-17
      6233.00  2.67799e-17
      6234.00  2.68825e-17
      6235.00  2.70217e-17
      6236.00  2.71592e-17
      6237.00  2.72528e-17
      6238.00  2.72599e-17
      6239.00  2.71382e-17
      6240.00  2.68446e-17
      6241.00  2.63539e-17
      6242.00  2.57040e-17
      6243.00  2.49499e-17
      6244.00  2.41467e-17
      6245.00  2.33493e-17
      6246.00  2.26126e-17
      6247.00  2.19324e-17
      6248.00  2.12161e-17
      6249.00  2.04883e-17
      6250.00  1.97947e-17
      6251.00  1.91809e-17
      6252.00  1.86925e-17
      6253.00  1.83752e-17
      6254.00  1.82608e-17
      6255.00  1.83206e-17
      6256.00  1.85011e-17
      6257.00  1.87487e-17
      6258.00  1.90095e-17
      6259.00  1.92301e-17
      6260.00  1.93841e-17
      6261.00  1.95525e-17
      6262.00  1.97389e-17
      6263.00  1.99124e-17
      6264.00  2.00423e-17
      6265.00  2.00976e-17
      6266.00  2.00476e-17
      6267.00  1.98672e-17
      6268.00  1.95678e-17
      6269.00  1.91831e-17
      6270.00  1.87471e-17
      6271.00  1.82943e-17
      6272.00  1.78590e-17
      6273.00  1.74622e-17
      6274.00  1.70220e-17
      6275.00  1.65272e-17
      6276.00  1.60364e-17
      6277.00  1.56091e-17
      6278.00  1.53045e-17
      6279.00  1.51821e-17
      6280.00  1.53088e-17
      6281.00  1.57050e-17
      6282.00  1.62897e-17
      6283.00  1.69689e-17
      6284.00  1.76489e-17
      6285.00  1.82359e-17
      6286.00  1.86428e-17
      6287.00  1.89295e-17
      6288.00  1.91862e-17
      6289.00  1.93779e-17
      6290.00  1.94633e-17
      6291.00  1.94015e-17
      6292.00  1.91514e-17
      6293.00  1.86424e-17
      6294.00  1.77299e-17
      6295.00  1.65087e-17
      6296.00  1.51560e-17
      6297.00  1.38490e-17
      6298.00  1.27650e-17
      6299.00  1.20804e-17
      6300.00  1.18802e-17
      6301.00  1.20458e-17
      6302.00  1.24773e-17
      6303.00  1.30845e-17
      6304.00  1.37769e-17
      6305.00  1.44642e-17
      6306.00  1.50765e-17
      6307.00  1.57668e-17
      6308.00  1.65954e-17
      6309.00  1.74571e-17
      6310.00  1.82435e-17
      6311.00  1.88466e-17
      6312.00  1.91581e-17
      6313.00  1.90664e-17
      6314.00  1.85396e-17
      6315.00  1.77030e-17
      6316.00  1.67038e-17
      6317.00  1.56894e-17
      6318.00  1.48067e-17
      6319.00  1.42001e-17
      6320.00  1.38878e-17
      6321.00  1.37513e-17
      6322.00  1.37409e-17
      6323.00  1.38137e-17
      6324.00  1.39268e-17
      6325.00  1.40373e-17
      6326.00  1.41166e-17
      6327.00  1.42299e-17
      6328.00  1.43914e-17
      6329.00  1.45690e-17
      6330.00  1.47304e-17
      6331.00  1.48433e-17
      6332.00  1.48755e-17
      6333.00  1.47968e-17
      6334.00  1.46102e-17
      6335.00  1.43512e-17
      6336.00  1.40576e-17
      6337.00  1.37674e-17
      6338.00  1.35186e-17
      6339.00  1.33456e-17
      6340.00  1.32195e-17
      6341.00  1.31069e-17
      6342.00  1.30232e-17
      6343.00  1.29853e-17
      6344.00  1.30107e-17
      6345.00  1.31163e-17
      6346.00  1.33274e-17
      6347.00  1.36809e-17
      6348.00  1.41443e-17
      6349.00  1.46655e-17
      6350.00  1.51926e-17
      6351.00  1.56735e-17
      6352.00  1.60571e-17
      6353.00  1.63595e-17
      6354.00  1.66527e-17
      6355.00  1.69138e-17
      6356.00  1.71096e-17
      6357.00  1.72068e-17
      6358.00  1.71722e-17
      6359.00  1.69651e-17
      6360.00  1.64956e-17
      6361.00  1.57941e-17
      6362.00  1.49703e-17
      6363.00  1.41349e-17
      6364.00  1.33982e-17
      6365.00  1.28710e-17
      6366.00  1.26331e-17
      6367.00  1.26292e-17
      6368.00  1.27896e-17
      6369.00  1.30551e-17
      6370.00  1.33665e-17
      6371.00  1.36644e-17
      6372.00  1.38920e-17
      6373.00  1.40707e-17
      6374.00  1.42628e-17
      6375.00  1.44546e-17
      6376.00  1.46275e-17
      6377.00  1.47626e-17
      6378.00  1.48412e-17
      6379.00  1.48458e-17
      6380.00  1.47760e-17
      6381.00  1.46461e-17
      6382.00  1.44703e-17
      6383.00  1.42630e-17
      6384.00  1.40386e-17
      6385.00  1.38112e-17
      6386.00  1.35680e-17
      6387.00  1.32652e-17
      6388.00  1.29275e-17
      6389.00  1.25908e-17
      6390.00  1.22908e-17
      6391.00  1.20635e-17
      6392.00  1.19427e-17
      6393.00  1.19186e-17
      6394.00  1.19618e-17
      6395.00  1.20692e-17
      6396.00  1.22388e-17
      6397.00  1.24688e-17
      6398.00  1.27572e-17
      6399.00  1.31213e-17
      6400.00  1.36410e-17
      6401.00  1.42823e-17
      6402.00  1.49684e-17
      6403.00  1.56226e-17
      6404.00  1.61683e-17
      6405.00  1.65287e-17
      6406.00  1.66582e-17
      6407.00  1.65986e-17
      6408.00  1.64053e-17
      6409.00  1.61318e-17
      6410.00  1.58317e-17
      6411.00  1.55584e-17
      6412.00  1.53589e-17
      6413.00  1.51951e-17
      6414.00  1.50283e-17
      6415.00  1.48688e-17
      6416.00  1.47283e-17
      6417.00  1.46184e-17
      6418.00  1.45504e-17
      6419.00  1.45356e-17
      6420.00  1.45750e-17
      6421.00  1.46575e-17
      6422.00  1.47700e-17
      6423.00  1.48996e-17
      6424.00  1.50335e-17
      6425.00  1.51592e-17
      6426.00  1.52858e-17
      6427.00  1.54317e-17
      6428.00  1.55872e-17
      6429.00  1.57399e-17
      6430.00  1.58775e-17
      6431.00  1.59876e-17
      6432.00  1.60546e-17
      6433.00  1.60466e-17
      6434.00  1.59778e-17
      6435.00  1.58877e-17
      6436.00  1.58158e-17
      6437.00  1.58020e-17
      6438.00  1.58858e-17
      6439.00  1.61263e-17
      6440.00  1.65708e-17
      6441.00  1.71416e-17
      6442.00  1.77413e-17
      6443.00  1.82722e-17
      6444.00  1.86370e-17
      6445.00  1.87377e-17
      6446.00  1.84890e-17
      6447.00  1.79350e-17
      6448.00  1.71985e-17
      6449.00  1.64050e-17
      6450.00  1.56797e-17
      6451.00  1.51479e-17
      6452.00  1.49235e-17
      6453.00  1.49986e-17
      6454.00  1.52802e-17
      6455.00  1.56804e-17
      6456.00  1.61115e-17
      6457.00  1.64857e-17
      6458.00  1.67156e-17
      6459.00  1.67272e-17
      6460.00  1.65405e-17
      6461.00  1.62396e-17
      6462.00  1.59124e-17
      6463.00  1.56464e-17
      6464.00  1.55293e-17
      6465.00  1.56481e-17
      6466.00  1.60549e-17
      6467.00  1.66951e-17
      6468.00  1.74789e-17
      6469.00  1.83160e-17
      6470.00  1.91163e-17
      6471.00  1.97897e-17
      6472.00  2.02731e-17
      6473.00  2.06520e-17
      6474.00  2.09635e-17
      6475.00  2.12014e-17
      6476.00  2.13598e-17
      6477.00  2.14324e-17
      6478.00  2.14130e-17
      6479.00  2.12673e-17
      6480.00  2.09623e-17
      6481.00  2.05454e-17
      6482.00  2.00725e-17
      6483.00  1.95995e-17
      6484.00  1.91821e-17
      6485.00  1.88722e-17
      6486.00  1.86547e-17
      6487.00  1.84877e-17
      6488.00  1.83598e-17
      6489.00  1.82605e-17
      6490.00  1.81793e-17
      6491.00  1.81056e-17
      6492.00  1.80372e-17
      6493.00  1.79991e-17
      6494.00  1.79870e-17
      6495.00  1.79858e-17
      6496.00  1.79805e-17
      6497.00  1.79558e-17
      6498.00  1.78966e-17
      6499.00  1.77791e-17
      6500.00  1.75986e-17
      6501.00  1.73858e-17
      6502.00  1.71740e-17
      6503.00  1.69966e-17
      6504.00  1.68869e-17
      6505.00  1.68811e-17
      6506.00  1.70275e-17
      6507.00  1.72998e-17
      6508.00  1.76303e-17
      6509.00  1.79510e-17
      6510.00  1.81938e-17
      6511.00  1.82908e-17
      6512.00  1.81599e-17
      6513.00  1.77472e-17
      6514.00  1.71508e-17
      6515.00  1.64967e-17
      6516.00  1.59109e-17
      6517.00  1.55190e-17
      6518.00  1.54474e-17
      6519.00  1.58114e-17
      6520.00  1.65701e-17
      6521.00  1.75673e-17
      6522.00  1.86419e-17
      6523.00  1.96329e-17
      6524.00  2.03791e-17
      6525.00  2.07310e-17
      6526.00  2.06928e-17
      6527.00  2.03807e-17
      6528.00  1.98951e-17
      6529.00  1.93360e-17
      6530.00  1.88032e-17
      6531.00  1.83962e-17
      6532.00  1.81753e-17
      6533.00  1.80644e-17
      6534.00  1.80186e-17
      6535.00  1.80103e-17
      6536.00  1.80120e-17
      6537.00  1.79961e-17
      6538.00  1.79352e-17
      6539.00  1.78135e-17
      6540.00  1.76468e-17
      6541.00  1.74591e-17
      6542.00  1.72747e-17
      6543.00  1.71176e-17
      6544.00  1.70119e-17
      6545.00  1.69807e-17
      6546.00  1.70286e-17
      6547.00  1.71366e-17
      6548.00  1.72831e-17
      6549.00  1.74466e-17
      6550.00  1.76054e-17
      6551.00  1.77380e-17
      6552.00  1.78407e-17
      6553.00  1.79462e-17
      6554.00  1.80508e-17
      6555.00  1.81424e-17
      6556.00  1.82087e-17
      6557.00  1.82379e-17
      6558.00  1.82172e-17
      6559.00  1.81284e-17
      6560.00  1.79740e-17
      6561.00  1.77782e-17
      6562.00  1.75661e-17
      6563.00  1.73627e-17
      6564.00  1.71933e-17
      6565.00  1.70741e-17
      6566.00  1.69668e-17
      6567.00  1.68637e-17
      6568.00  1.67828e-17
      6569.00  1.67424e-17
      6570.00  1.67607e-17
      6571.00  1.68559e-17
      6572.00  1.70620e-17
      6573.00  1.74062e-17
      6574.00  1.78426e-17
      6575.00  1.83157e-17
      6576.00  1.87696e-17
      6577.00  1.91487e-17
      6578.00  1.93977e-17
      6579.00  1.94852e-17
      6580.00  1.94450e-17
      6581.00  1.93306e-17
      6582.00  1.91954e-17
      6583.00  1.90931e-17
      6584.00  1.90771e-17
      6585.00  1.91929e-17
      6586.00  1.94222e-17
      6587.00  1.97296e-17
      6588.00  2.00901e-17
      6589.00  2.04785e-17
      6590.00  2.08698e-17
      6591.00  2.12389e-17
      6592.00  2.15792e-17
      6593.00  2.19181e-17
      6594.00  2.22586e-17
      6595.00  2.25987e-17
      6596.00  2.29364e-17
      6597.00  2.32696e-17
      6598.00  2.35964e-17
      6599.00  2.39155e-17
      6600.00  2.42280e-17
      6601.00  2.45361e-17
      6602.00  2.48421e-17
      6603.00  2.51483e-17
      6604.00  2.54569e-17
      6605.00  2.57737e-17
      6606.00  2.61158e-17
      6607.00  2.64747e-17
      6608.00  2.68320e-17
      6609.00  2.71689e-17
      6610.00  2.74670e-17
      6611.00  2.77078e-17
      6612.00  2.79104e-17
      6613.00  2.81260e-17
      6614.00  2.83234e-17
      6615.00  2.84595e-17
      6616.00  2.84916e-17
      6617.00  2.83765e-17
      6618.00  2.80675e-17
      6619.00  2.74731e-17
      6620.00  2.66086e-17
      6621.00  2.55889e-17
      6622.00  2.45318e-17
      6623.00  2.35550e-17
      6624.00  2.27760e-17
      6625.00  2.23049e-17
      6626.00  2.21512e-17
      6627.00  2.22153e-17
      6628.00  2.23864e-17
      6629.00  2.25539e-17
      6630.00  2.26072e-17
      6631.00  2.24357e-17
      6632.00  2.19371e-17
      6633.00  2.11287e-17
      6634.00  2.01356e-17
      6635.00  1.90903e-17
      6636.00  1.81251e-17
      6637.00  1.73723e-17
      6638.00  1.69630e-17
      6639.00  1.69649e-17
      6640.00  1.72901e-17
      6641.00  1.78094e-17
      6642.00  1.83932e-17
      6643.00  1.89121e-17
      6644.00  1.92366e-17
      6645.00  1.92655e-17
      6646.00  1.90699e-17
      6647.00  1.87249e-17
      6648.00  1.82748e-17
      6649.00  1.77636e-17
      6650.00  1.72357e-17
      6651.00  1.67347e-17
      6652.00  1.62410e-17
      6653.00  1.56743e-17
      6654.00  1.50687e-17
      6655.00  1.44737e-17
      6656.00  1.39387e-17
      6657.00  1.35131e-17
      6658.00  1.32453e-17
      6659.00  1.31522e-17
      6660.00  1.31997e-17
      6661.00  1.33475e-17
      6662.00  1.35557e-17
      6663.00  1.37842e-17
      6664.00  1.39931e-17
      6665.00  1.41587e-17
      6666.00  1.43341e-17
      6667.00  1.45283e-17
      6668.00  1.47251e-17
      6669.00  1.49083e-17
      6670.00  1.50616e-17
      6671.00  1.51690e-17
      6672.00  1.52220e-17
      6673.00  1.52314e-17
      6674.00  1.52066e-17
      6675.00  1.51558e-17
      6676.00  1.50875e-17
      6677.00  1.50101e-17
      6678.00  1.49308e-17
      6679.00  1.48382e-17
      6680.00  1.47246e-17
      6681.00  1.45982e-17
      6682.00  1.44675e-17
      6683.00  1.43410e-17
      6684.00  1.42273e-17
      6685.00  1.41271e-17
      6686.00  1.40118e-17
      6687.00  1.38874e-17
      6688.00  1.37743e-17
      6689.00  1.36927e-17
      6690.00  1.36631e-17
      6691.00  1.37060e-17
      6692.00  1.38643e-17
      6693.00  1.41626e-17
      6694.00  1.45444e-17
      6695.00  1.49447e-17
      6696.00  1.52988e-17
      6697.00  1.55417e-17
      6698.00  1.56089e-17
      6699.00  1.54627e-17
      6700.00  1.51460e-17
      6701.00  1.47279e-17
      6702.00  1.42773e-17
      6703.00  1.38636e-17
      6704.00  1.35559e-17
      6705.00  1.34189e-17
      6706.00  1.34592e-17
      6707.00  1.36164e-17
      6708.00  1.38232e-17
      6709.00  1.40122e-17
      6710.00  1.41162e-17
      6711.00  1.40675e-17
      6712.00  1.37963e-17
      6713.00  1.33045e-17
      6714.00  1.26796e-17
      6715.00  1.20160e-17
      6716.00  1.14079e-17
      6717.00  1.09494e-17
      6718.00  1.07319e-17
      6719.00  1.07772e-17
      6720.00  1.10186e-17
      6721.00  1.13917e-17
      6722.00  1.18326e-17
      6723.00  1.22775e-17
      6724.00  1.26627e-17
      6725.00  1.29485e-17
      6726.00  1.32142e-17
      6727.00  1.34775e-17
      6728.00  1.37171e-17
      6729.00  1.39115e-17
      6730.00  1.40393e-17
      6731.00  1.40790e-17
      6732.00  1.40115e-17
      6733.00  1.38406e-17
      6734.00  1.35899e-17
      6735.00  1.32841e-17
      6736.00  1.29480e-17
      6737.00  1.26063e-17
      6738.00  1.22792e-17
      6739.00  1.19124e-17
      6740.00  1.14782e-17
      6741.00  1.10232e-17
      6742.00  1.05966e-17
      6743.00  1.02477e-17
      6744.00  1.00257e-17
      6745.00  9.98813e-18
      6746.00  1.01920e-17
      6747.00  1.05741e-17
      6748.00  1.10374e-17
      6749.00  1.14848e-17
      6750.00  1.18194e-17
      6751.00  1.19440e-17
      6752.00  1.17762e-17
      6753.00  1.13395e-17
      6754.00  1.07315e-17
      6755.00  1.00543e-17
      6756.00  9.40968e-18
      6757.00  8.89970e-18
      6758.00  8.62412e-18
      6759.00  8.61736e-18
      6760.00  8.80978e-18
      6761.00  9.12412e-18
      6762.00  9.48371e-18
      6763.00  9.81189e-18
      6764.00  1.00320e-17
      6765.00  1.00798e-17
      6766.00  9.98391e-18
      6767.00  9.79440e-18
      6768.00  9.54707e-18
      6769.00  9.27769e-18
      6770.00  9.02206e-18
      6771.00  8.81582e-18
      6772.00  8.66045e-18
      6773.00  8.50527e-18
      6774.00  8.35757e-18
      6775.00  8.23473e-18
      6776.00  8.15415e-18
      6777.00  8.13322e-18
      6778.00  8.19034e-18
      6779.00  8.35552e-18
      6780.00  8.62344e-18
      6781.00  8.95521e-18
      6782.00  9.31084e-18
      6783.00  9.65035e-18
      6784.00  9.93374e-18
      6785.00  1.01294e-17
      6786.00  1.02637e-17
      6787.00  1.03588e-17
      6788.00  1.04211e-17
      6789.00  1.04571e-17
      6790.00  1.04731e-17
      6791.00  1.04754e-17
      6792.00  1.04512e-17
      6793.00  1.03689e-17
      6794.00  1.02503e-17
      6795.00  1.01258e-17
      6796.00  1.00255e-17
      6797.00  9.97966e-18
      6798.00  1.00186e-17
      6799.00  1.01662e-17
      6800.00  1.04063e-17
      6801.00  1.07031e-17
      6802.00  1.10202e-17
      6803.00  1.13213e-17
      6804.00  1.15699e-17
      6805.00  1.17371e-17
      6806.00  1.18502e-17
      6807.00  1.19288e-17
      6808.00  1.19746e-17
      6809.00  1.19891e-17
      6810.00  1.19737e-17
      6811.00  1.19301e-17
      6812.00  1.18475e-17
      6813.00  1.17040e-17
      6814.00  1.15166e-17
      6815.00  1.13094e-17
      6816.00  1.11062e-17
      6817.00  1.09309e-17
      6818.00  1.08071e-17
      6819.00  1.07419e-17
      6820.00  1.07188e-17
      6821.00  1.07231e-17
      6822.00  1.07407e-17
      6823.00  1.07575e-17
      6824.00  1.07593e-17
      6825.00  1.07346e-17
      6826.00  1.06935e-17
      6827.00  1.06442e-17
      6828.00  1.05871e-17
      6829.00  1.05224e-17
      6830.00  1.04506e-17
      6831.00  1.03718e-17
      6832.00  1.02721e-17
      6833.00  1.01211e-17
      6834.00  9.94198e-18
      6835.00  9.76809e-18
      6836.00  9.63272e-18
      6837.00  9.56916e-18
      6838.00  9.61226e-18
      6839.00  9.83327e-18
      6840.00  1.02410e-17
      6841.00  1.07453e-17
      6842.00  1.12506e-17
      6843.00  1.16616e-17
      6844.00  1.18828e-17
      6845.00  1.18135e-17
      6846.00  1.13643e-17
      6847.00  1.06203e-17
      6848.00  9.73245e-18
      6849.00  8.85215e-18
      6850.00  8.13076e-18
      6851.00  7.69017e-18
      6852.00  7.73069e-18
      6853.00  8.18670e-18
      6854.00  8.92263e-18
      6855.00  9.79571e-18
      6856.00  1.06659e-17
      6857.00  1.13960e-17
      6858.00  1.18523e-17
      6859.00  1.19962e-17
      6860.00  1.19297e-17
      6861.00  1.17160e-17
      6862.00  1.14132e-17
      6863.00  1.10812e-17
      6864.00  1.07827e-17
      6865.00  1.05739e-17
      6866.00  1.04170e-17
      6867.00  1.02705e-17
      6868.00  1.01346e-17
      6869.00  1.00104e-17
      6870.00  9.89905e-18
      6871.00  9.80172e-18
      6872.00  9.71225e-18
      6873.00  9.61028e-18
      6874.00  9.50838e-18
      6875.00  9.42717e-18
      6876.00  9.38680e-18
      6877.00  9.40703e-18
      6878.00  9.50777e-18
      6879.00  9.71935e-18
      6880.00  1.00461e-17
      6881.00  1.04487e-17
      6882.00  1.08846e-17
      6883.00  1.13112e-17
      6884.00  1.16858e-17
      6885.00  1.19701e-17
      6886.00  1.21900e-17
      6887.00  1.23761e-17
      6888.00  1.25263e-17
      6889.00  1.26378e-17
      6890.00  1.27078e-17
      6891.00  1.27335e-17
      6892.00  1.27183e-17
      6893.00  1.26816e-17
      6894.00  1.26157e-17
      6895.00  1.25043e-17
      6896.00  1.23310e-17
      6897.00  1.20797e-17
      6898.00  1.17329e-17
      6899.00  1.12111e-17
      6900.00  1.04520e-17
      6901.00  9.55886e-18
      6902.00  8.65156e-18
      6903.00  7.85140e-18
      6904.00  7.28111e-18
      6905.00  7.06128e-18
      6906.00  7.23398e-18
      6907.00  7.71275e-18
      6908.00  8.39410e-18
