MJDOBS    48653.0
JDOBS    2.44865e+06
DATE    19920201
AGE_OBS    NaN
TELESCOPE    --
DETECTOR    --
SOURCE    Asiago-Catalogue(SUSPECT)
      3470.00  1.42983e-16
      3471.00  3.53891e-16
      3472.00  5.00941e-16
      3473.00  8.15307e-18
      3474.00 -6.33770e-17
      3475.00 -1.13787e-16
      3476.00 -1.25154e-16
      3477.00 -1.36083e-16
      3478.00 -2.73502e-16
      3479.00 -2.55852e-16
      3480.00  9.45431e-17
      3481.00  1.95061e-16
      3482.00  3.30264e-16
      3483.00  7.97674e-17
      3484.00 -1.49237e-17
      3485.00 -8.29811e-17
      3486.00  2.98100e-17
      3487.00  2.50270e-16
      3488.00  2.54102e-16
      3489.00  2.55856e-16
      3490.00  2.39038e-16
      3491.00  2.39168e-16
      3492.00  2.44363e-16
      3493.00  3.88223e-16
      3494.00  5.07648e-16
      3495.00  1.15298e-16
      3496.00  2.36093e-17
      3497.00 -9.26453e-17
      3498.00 -2.64055e-17
      3499.00  5.61609e-17
      3500.00 -1.39980e-16
      3501.00 -1.98317e-16
      3502.00  2.15321e-17
      3503.00  1.97431e-16
      3504.00  5.41691e-16
      3505.00  4.01553e-16
      3506.00  3.20410e-16
      3507.00 -2.14272e-17
      3508.00 -9.52302e-17
      3509.00 -2.60145e-16
      3510.00 -1.50194e-16
      3511.00 -4.93924e-17
      3512.00  2.82681e-16
      3513.00  3.64462e-16
      3514.00  4.24773e-16
      3515.00  3.56210e-16
      3516.00  2.55242e-16
      3517.00  8.80144e-17
      3518.00  1.42591e-17
      3519.00 -4.14031e-17
      3520.00  9.18098e-18
      3521.00  1.43393e-16
      3522.00  1.67691e-16
      3523.00  1.85991e-16
      3524.00  1.79103e-16
      3525.00  1.88437e-16
      3526.00  2.52848e-16
      3527.00  1.99235e-16
      3528.00  1.30107e-16
      3529.00  2.74703e-16
      3530.00  3.30497e-16
      3531.00  4.51289e-16
      3532.00  3.97763e-16
      3533.00  2.73540e-16
      3534.00  2.40658e-16
      3535.00  2.17052e-16
      3536.00  2.12545e-16
      3537.00  2.19424e-16
      3538.00  2.63380e-16
      3539.00  3.42755e-16
      3540.00  4.44413e-16
      3541.00  3.26981e-16
      3542.00  2.80952e-16
      3543.00  1.83699e-16
      3544.00  1.27860e-16
      3545.00 -9.31379e-18
      3546.00  5.08765e-18
      3547.00  1.59129e-17
      3548.00  2.26366e-16
      3549.00  2.51213e-16
      3550.00  1.75996e-16
      3551.00  1.25072e-17
      3552.00 -2.19483e-16
      3553.00 -1.36021e-17
      3554.00  7.76338e-17
      3555.00  4.36075e-16
      3556.00  3.62149e-16
      3557.00  1.10595e-16
      3558.00 -1.13034e-17
      3559.00 -1.19965e-16
      3560.00  1.35331e-16
      3561.00  2.20631e-16
      3562.00  4.88412e-16
      3563.00  4.07669e-16
      3564.00  2.64194e-16
      3565.00  2.03276e-16
      3566.00  1.67982e-16
      3567.00  3.14912e-16
      3568.00  3.18326e-16
      3569.00  2.70560e-16
      3570.00  1.57528e-16
      3571.00  2.39605e-17
      3572.00  8.47271e-17
      3573.00  1.06580e-16
      3574.00 -8.18914e-18
      3575.00 -1.72838e-17
      3576.00 -4.12303e-17
      3577.00  2.04127e-16
      3578.00  4.06327e-16
      3579.00  3.59358e-16
      3580.00  3.40269e-16
      3581.00  2.60806e-16
      3582.00  2.74847e-16
      3583.00  3.00840e-16
      3584.00  3.13606e-16
      3585.00  3.20616e-16
      3586.00  4.62188e-16
      3587.00  5.09083e-16
      3588.00  6.71533e-16
      3589.00  6.48579e-16
      3590.00  6.19318e-16
      3591.00  2.24960e-16
      3592.00  5.42922e-17
      3593.00  5.31144e-17
      3594.00  6.19845e-17
      3595.00  9.23438e-17
      3596.00  1.02056e-16
      3597.00  1.11960e-16
      3598.00  1.42436e-16
      3599.00  1.51793e-16
      3600.00  1.52118e-16
      3601.00  1.33586e-16
      3602.00  8.81399e-17
      3603.00  3.95521e-17
      3604.00 -2.40289e-19
      3605.00  3.08095e-16
      3606.00  3.70493e-16
      3607.00  2.59315e-16
      3608.00  2.08653e-16
      3609.00  1.08376e-16
      3610.00  9.40165e-17
      3611.00  8.41797e-17
      3612.00  1.67324e-16
      3613.00  1.99283e-16
      3614.00  3.40251e-16
      3615.00  2.91910e-16
      3616.00  2.11119e-16
      3617.00  2.17025e-16
      3618.00  2.20272e-16
      3619.00  3.29708e-16
      3620.00  3.43040e-16
      3621.00  3.43675e-16
      3622.00  3.12102e-16
      3623.00  2.65625e-16
      3624.00  2.72282e-16
      3625.00  2.75394e-16
      3626.00  2.35824e-16
      3627.00  2.22979e-16
      3628.00  1.80210e-16
      3629.00  1.44413e-16
      3630.00  9.58209e-17
      3631.00  6.54014e-17
      3632.00  5.07938e-17
      3633.00  1.48709e-16
      3634.00  1.33819e-16
      3635.00  3.50283e-17
      3636.00 -1.71191e-17
      3637.00 -8.47994e-17
      3638.00 -1.11833e-16
      3639.00 -1.23972e-16
      3640.00  8.26909e-17
      3641.00  1.55248e-16
      3642.00  4.10426e-16
      3643.00  4.50530e-16
      3644.00  5.02447e-16
      3645.00  4.50499e-16
      3646.00  4.26023e-16
      3647.00  1.82404e-16
      3648.00  1.42237e-16
      3649.00  4.08915e-17
      3650.00  9.70311e-17
      3651.00  1.71099e-16
      3652.00  1.17961e-16
      3653.00  9.25780e-17
      3654.00  3.27913e-17
      3655.00  2.70742e-17
      3656.00  2.35493e-17
      3657.00  1.08254e-16
      3658.00  2.27211e-16
      3659.00  2.15030e-16
      3660.00  2.08505e-16
      3661.00  1.05888e-16
      3662.00  9.88488e-17
      3663.00  1.21924e-16
      3664.00  1.91350e-16
      3665.00  2.99283e-16
      3666.00  3.97603e-16
      3667.00  4.53834e-16
      3668.00  3.39824e-16
      3669.00  3.11886e-16
      3670.00  2.27211e-16
      3671.00  2.11287e-16
      3672.00  1.83232e-16
      3673.00  2.59792e-16
      3674.00  3.10769e-16
      3675.00  4.66446e-16
      3676.00  4.83614e-16
      3677.00  3.40758e-16
      3678.00  3.27681e-16
      3679.00  3.00218e-16
      3680.00  3.22317e-16
      3681.00  3.39892e-16
      3682.00  3.04115e-16
      3683.00  2.93277e-16
      3684.00  2.54202e-16
      3685.00  2.73021e-16
      3686.00  3.25273e-16
      3687.00  3.42980e-16
      3688.00  3.60442e-16
      3689.00  3.41401e-16
      3690.00  3.34399e-16
      3691.00  3.67100e-16
      3692.00  3.58974e-16
      3693.00  3.25939e-16
      3694.00  2.99071e-16
      3695.00  2.65337e-16
      3696.00  2.92276e-16
      3697.00  3.05016e-16
      3698.00  2.72069e-16
      3699.00  2.74422e-16
      3700.00  3.10298e-16
      3701.00  3.16496e-16
      3702.00  3.27151e-16
      3703.00  3.99317e-16
      3704.00  4.46416e-16
      3705.00  4.33734e-16
      3706.00  4.25692e-16
      3707.00  3.50182e-16
      3708.00  3.37942e-16
      3709.00  3.09095e-16
      3710.00  3.34231e-16
      3711.00  3.57018e-16
      3712.00  2.38607e-16
      3713.00  1.99640e-16
      3714.00  1.83756e-16
      3715.00  1.89362e-16
      3716.00  2.12152e-16
      3717.00  1.86152e-16
      3718.00  1.52539e-16
      3719.00  1.44361e-16
      3720.00  1.40131e-16
      3721.00  2.24830e-16
      3722.00  2.40576e-16
      3723.00  2.81519e-16
      3724.00  2.54996e-16
      3725.00  2.03566e-16
      3726.00  2.11401e-16
      3727.00  2.17387e-16
      3728.00  2.53615e-16
      3729.00  2.63360e-16
      3730.00  2.86803e-16
      3731.00  2.77269e-16
      3732.00  2.47079e-16
      3733.00  3.09376e-16
      3734.00  3.83563e-16
      3735.00  2.83267e-16
      3736.00  2.35462e-16
      3737.00  7.64080e-17
      3738.00  5.97401e-17
      3739.00  6.87771e-17
      3740.00  7.25644e-17
      3741.00  8.00150e-17
      3742.00  1.87232e-16
      3743.00  2.71036e-16
      3744.00  3.06615e-16
      3745.00  3.16210e-16
      3746.00  1.06522e-16
      3747.00  1.15763e-16
      3748.00  1.51115e-16
      3749.00  2.00121e-16
      3750.00  2.63876e-16
      3751.00  2.75533e-16
      3752.00  2.81515e-16
      3753.00  3.63035e-16
      3754.00  3.68129e-16
      3755.00  2.94913e-16
      3756.00  2.45366e-16
      3757.00  1.30763e-16
      3758.00  1.39250e-16
      3759.00  1.47192e-16
      3760.00  8.38025e-17
      3761.00  6.03341e-17
      3762.00  2.24619e-16
      3763.00  2.37908e-16
      3764.00  2.58721e-16
      3765.00  2.42273e-16
      3766.00  2.14803e-16
      3767.00  1.82807e-16
      3768.00  1.59955e-16
      3769.00  1.64153e-16
      3770.00  1.65981e-16
      3771.00  3.02702e-16
      3772.00  2.89362e-16
      3773.00  2.43555e-16
      3774.00  2.21575e-16
      3775.00  1.92643e-16
      3776.00  1.80707e-16
      3777.00  1.73803e-16
      3778.00  1.80467e-16
      3779.00  1.77198e-16
      3780.00  1.11053e-16
      3781.00  1.09989e-16
      3782.00  1.07584e-16
      3783.00  1.51543e-16
      3784.00  1.99927e-16
      3785.00  1.49418e-16
      3786.00  1.25831e-16
      3787.00  3.16236e-17
      3788.00  1.51677e-17
      3789.00 -2.94155e-17
      3790.00  1.68238e-17
      3791.00  1.22926e-16
      3792.00  1.35169e-16
      3793.00  1.46943e-16
      3794.00  5.12193e-17
      3795.00  1.28682e-17
      3796.00  1.75978e-17
      3797.00  2.12431e-17
      3798.00  4.46164e-17
      3799.00  7.76745e-17
      3800.00  1.45947e-16
      3801.00  1.37228e-16
      3802.00  1.29470e-16
      3803.00  1.41308e-16
      3804.00  1.45408e-16
      3805.00  1.10021e-16
      3806.00  1.03460e-16
      3807.00  7.89176e-17
      3808.00  8.15752e-17
      3809.00  8.69708e-17
      3810.00  1.45132e-17
      3811.00 -4.75347e-17
      3812.00  3.60057e-17
      3813.00  6.55042e-17
      3814.00  1.62576e-16
      3815.00  1.60582e-16
      3816.00  1.09343e-16
      3817.00  8.86955e-17
      3818.00  4.82047e-17
      3819.00  4.03957e-17
      3820.00  3.35987e-17
      3821.00  3.16928e-17
      3822.00  3.09525e-17
      3823.00  1.09213e-16
      3824.00  1.09233e-16
      3825.00  6.95235e-17
      3826.00  6.91939e-17
      3827.00  6.86723e-17
      3828.00  3.92150e-17
      3829.00  1.19434e-17
      3830.00 -9.31073e-18
      3831.00 -1.77911e-17
      3832.00  3.49438e-17
      3833.00  3.93893e-17
      3834.00  3.25894e-17
      3835.00  3.50080e-17
      3836.00  4.08075e-17
      3837.00  3.83815e-17
      3838.00  3.58750e-17
      3839.00  5.04467e-17
      3840.00  5.71136e-17
      3841.00  1.33995e-16
      3842.00  1.35812e-16
      3843.00  1.55682e-17
      3844.00  2.70733e-17
      3845.00  5.98327e-17
      3846.00  8.37020e-17
      3847.00  1.12692e-16
      3848.00  7.51220e-17
      3849.00  5.41423e-17
      3850.00  5.89223e-17
      3851.00  5.89110e-17
      3852.00  1.90101e-17
      3853.00  4.91746e-17
      3854.00  1.62018e-16
      3855.00  1.82112e-16
      3856.00  2.12394e-16
      3857.00  1.60886e-16
      3858.00  1.24797e-16
      3859.00  1.71649e-16
      3860.00  1.84809e-16
      3861.00  1.75874e-16
      3862.00  1.72759e-16
      3863.00  1.59257e-16
      3864.00  1.59079e-16
      3865.00  1.59172e-16
      3866.00  1.27693e-16
      3867.00  9.90137e-17
      3868.00  1.82042e-16
      3869.00  2.15829e-16
      3870.00  3.27507e-16
      3871.00  3.32628e-16
      3872.00  2.43690e-16
      3873.00  2.30132e-16
      3874.00  1.93264e-16
      3875.00  1.63600e-16
      3876.00  1.26922e-16
      3877.00  1.83431e-16
      3878.00  2.16498e-16
      3879.00  2.29605e-16
      3880.00  2.32165e-16
      3881.00  1.08652e-16
      3882.00  1.22388e-16
      3883.00  1.92136e-16
      3884.00  2.15303e-16
      3885.00  2.57421e-16
      3886.00  2.31082e-16
      3887.00  2.08413e-16
      3888.00  2.06202e-16
      3889.00  2.05017e-16
      3890.00  2.70679e-16
      3891.00  2.78156e-16
      3892.00  2.84779e-16
      3893.00  2.60884e-16
      3894.00  1.91156e-16
      3895.00  1.83903e-16
      3896.00  1.74564e-16
      3897.00  2.36047e-16
      3898.00  2.74692e-16
      3899.00  2.46083e-16
      3900.00  2.38276e-16
      3901.00  1.36164e-16
      3902.00  1.52884e-16
      3903.00  2.72797e-16
      3904.00  2.70913e-16
      3905.00  2.67336e-16
      3906.00  2.33877e-16
      3907.00  2.00059e-16
      3908.00  2.28798e-16
      3909.00  2.42628e-16
      3910.00  2.10092e-16
      3911.00  2.06456e-16
      3912.00  3.17148e-16
      3913.00  3.17542e-16
      3914.00  3.20465e-16
      3915.00  2.93970e-16
      3916.00  2.49122e-16
      3917.00  2.06372e-16
      3918.00  1.70377e-16
      3919.00  1.30880e-16
      3920.00  1.15096e-16
      3921.00  2.54688e-16
      3922.00  2.74562e-16
      3923.00  3.14236e-16
      3924.00  3.05664e-16
      3925.00  2.78117e-16
      3926.00  3.04444e-16
      3927.00  3.43723e-16
      3928.00  3.23754e-16
      3929.00  3.08767e-16
      3930.00  3.32417e-16
      3931.00  3.40315e-16
      3932.00  2.56041e-16
      3933.00  2.42778e-16
      3934.00  1.87593e-16
      3935.00  2.33015e-16
      3936.00  3.69424e-16
      3937.00  4.01703e-16
      3938.00  4.46643e-16
      3939.00  3.59302e-16
      3940.00  2.97720e-16
      3941.00  2.51397e-16
      3942.00  2.36093e-16
      3943.00  2.85150e-16
      3944.00  2.93742e-16
      3945.00  3.42570e-16
      3946.00  3.51435e-16
      3947.00  3.78329e-16
      3948.00  3.65630e-16
      3949.00  3.48275e-16
      3950.00  3.72832e-16
      3951.00  3.90093e-16
      3952.00  4.46073e-16
      3953.00  4.64352e-16
      3954.00  3.96497e-16
      3955.00  3.88228e-16
      3956.00  3.70701e-16
      3957.00  3.88008e-16
      3958.00  4.43260e-16
      3959.00  4.76210e-16
      3960.00  5.24838e-16
      3961.00  5.38796e-16
      3962.00  5.49248e-16
      3963.00  6.55512e-16
      3964.00  6.94253e-16
      3965.00  6.85344e-16
      3966.00  6.79392e-16
      3967.00  6.05142e-16
      3968.00  5.98235e-16
      3969.00  5.74936e-16
      3970.00  5.94936e-16
      3971.00  6.28740e-16
      3972.00  6.86188e-16
      3973.00  7.35931e-16
      3974.00  7.26922e-16
      3975.00  7.22460e-16
      3976.00  7.17295e-16
      3977.00  7.16050e-16
      3978.00  7.44421e-16
      3979.00  7.44595e-16
      3980.00  7.48985e-16
      3981.00  7.66913e-16
      3982.00  8.04336e-16
      3983.00  8.15229e-16
      3984.00  8.26735e-16
      3985.00  7.76020e-16
      3986.00  7.47634e-16
      3987.00  7.69234e-16
      3988.00  7.73881e-16
      3989.00  7.89690e-16
      3990.00  7.89796e-16
      3991.00  7.91400e-16
      3992.00  7.91207e-16
      3993.00  7.92354e-16
      3994.00  7.92608e-16
      3995.00  7.93301e-16
      3996.00  7.93999e-16
      3997.00  7.94242e-16
      3998.00  7.95379e-16
      3999.00  7.95177e-16
      4000.00  7.96750e-16
      4001.00  7.96220e-16
      4002.00  7.95067e-16
      4003.00  7.94436e-16
      4004.00  7.95611e-16
      4005.00  7.99058e-16
      4006.00  8.06558e-16
      4007.00  8.49132e-16
      4008.00  8.91978e-16
      4009.00  8.63332e-16
      4010.00  8.47570e-16
      4011.00  8.73637e-16
      4012.00  8.79512e-16
      4013.00  8.72415e-16
      4014.00  8.62372e-16
      4015.00  7.83112e-16
      4016.00  7.73876e-16
      4017.00  7.47758e-16
      4018.00  7.96657e-16
      4019.00  8.69259e-16
      4020.00  8.68469e-16
      4021.00  8.67775e-16
      4022.00  8.06517e-16
      4023.00  7.80282e-16
      4024.00  7.91185e-16
      4025.00  7.92885e-16
      4026.00  8.46415e-16
      4027.00  8.42642e-16
      4028.00  8.21191e-16
      4029.00  8.15284e-16
      4030.00  8.01340e-16
      4031.00  8.17695e-16
      4032.00  8.38537e-16
      4033.00  8.15761e-16
      4034.00  7.99717e-16
      4035.00  7.82850e-16
      4036.00  7.76678e-16
      4037.00  7.76632e-16
      4038.00  7.74728e-16
      4039.00  6.99308e-16
      4040.00  7.03843e-16
      4041.00  7.26209e-16
      4042.00  7.28705e-16
      4043.00  7.34188e-16
      4044.00  7.47258e-16
      4045.00  7.62729e-16
      4046.00  7.66097e-16
      4047.00  7.68307e-16
      4048.00  7.45239e-16
      4049.00  7.37306e-16
      4050.00  6.67514e-16
      4051.00  6.60448e-16
      4052.00  7.16788e-16
      4053.00  7.18850e-16
      4054.00  7.29053e-16
      4055.00  6.92036e-16
      4056.00  6.11585e-16
      4057.00  6.37994e-16
      4058.00  6.69483e-16
      4059.00  7.04571e-16
      4060.00  7.28189e-16
      4061.00  7.35353e-16
      4062.00  7.37820e-16
      4063.00  6.76218e-16
      4064.00  6.67355e-16
      4065.00  6.54870e-16
      4066.00  6.54405e-16
      4067.00  6.52342e-16
      4068.00  6.36276e-16
      4069.00  5.98310e-16
      4070.00  5.52333e-16
      4071.00  4.92735e-16
      4072.00  4.96889e-16
      4073.00  4.99951e-16
      4074.00  5.68892e-16
      4075.00  5.96750e-16
      4076.00  6.17114e-16
      4077.00  6.20605e-16
      4078.00  6.05594e-16
      4079.00  6.05054e-16
      4080.00  6.03763e-16
      4081.00  6.15217e-16
      4082.00  6.48260e-16
      4083.00  6.03591e-16
      4084.00  5.35532e-16
      4085.00  5.06667e-16
      4086.00  4.81173e-16
      4087.00  4.93199e-16
      4088.00  4.99023e-16
      4089.00  5.12057e-16
      4090.00  5.14966e-16
      4091.00  4.79370e-16
      4092.00  4.74823e-16
      4093.00  4.51715e-16
      4094.00  4.67494e-16
      4095.00  5.30328e-16
      4096.00  5.11702e-16
      4097.00  4.75709e-16
      4098.00  4.98296e-16
      4099.00  5.23723e-16
      4100.00  4.86272e-16
      4101.00  4.61432e-16
      4102.00  3.98291e-16
      4103.00  3.75238e-16
      4104.00  4.10149e-16
      4105.00  4.14947e-16
      4106.00  4.63200e-16
      4107.00  4.67165e-16
      4108.00  4.97471e-16
      4109.00  5.01679e-16
      4110.00  5.15100e-16
      4111.00  5.05862e-16
      4112.00  4.91992e-16
      4113.00  4.78846e-16
      4114.00  4.66727e-16
      4115.00  5.03425e-16
      4116.00  5.22640e-16
      4117.00  5.33300e-16
      4118.00  5.35616e-16
      4119.00  4.60689e-16
      4120.00  4.47375e-16
      4121.00  3.15910e-16
      4122.00  3.11162e-16
      4123.00  2.89537e-16
      4124.00  2.69565e-16
      4125.00  2.22320e-16
      4126.00  2.33782e-16
      4127.00  2.49641e-16
      4128.00  2.87666e-16
      4129.00  3.18842e-16
      4130.00  3.40827e-16
      4131.00  3.51138e-16
      4132.00  2.35953e-16
      4133.00  2.07239e-16
      4134.00  2.29841e-16
      4135.00  2.39498e-16
      4136.00  3.84518e-16
      4137.00  3.91071e-16
      4138.00  4.22729e-16
      4139.00  4.09108e-16
      4140.00  3.78388e-16
      4141.00  4.12209e-16
      4142.00  4.57500e-16
      4143.00  4.67615e-16
      4144.00  4.75779e-16
      4145.00  3.95062e-16
      4146.00  3.94444e-16
      4147.00  3.93827e-16
      4148.00  3.93210e-16
      4149.00  3.92593e-16
      4150.00  3.91975e-16
      4151.00  3.91358e-16
      4152.00  3.90741e-16
      4153.00  3.90123e-16
      4154.00  3.89506e-16
      4155.00  3.88889e-16
      4156.00  3.88272e-16
      4157.00  3.87654e-16
      4158.00  3.87037e-16
      4159.00  3.86420e-16
      4160.00  3.85802e-16
      4161.00  4.49794e-16
      4162.00  3.38402e-16
      4163.00  3.05844e-16
      4164.00  2.29179e-16
      4165.00  2.22029e-16
      4166.00  3.54292e-16
      4167.00  3.46504e-16
      4168.00  2.99614e-16
      4169.00  2.85141e-16
      4170.00  2.42808e-16
      4171.00  2.39886e-16
      4172.00  2.35194e-16
      4173.00  2.66055e-16
      4174.00  2.97872e-16
      4175.00  2.95069e-16
      4176.00  2.93150e-16
      4177.00  2.60271e-16
      4178.00  2.47817e-16
      4179.00  2.10494e-16
      4180.00  2.03483e-16
      4181.00  2.23432e-16
      4182.00  2.30405e-16
      4183.00  3.04704e-16
      4184.00  3.04068e-16
      4185.00  3.02626e-16
      4186.00  2.73340e-16
      4187.00  2.09471e-16
      4188.00  2.11903e-16
      4189.00  2.15228e-16
      4190.00  2.85078e-16
      4191.00  3.43453e-16
      4192.00  3.73788e-16
      4193.00  3.89219e-16
      4194.00  3.25486e-16
      4195.00  3.06636e-16
      4196.00  2.57759e-16
      4197.00  2.51266e-16
      4198.00  2.13958e-16
      4199.00  2.09145e-16
      4200.00  1.74397e-16
      4201.00  1.77330e-16
      4202.00  1.87636e-16
      4203.00  2.11299e-16
      4204.00  2.56714e-16
      4205.00  2.49208e-16
      4206.00  2.40335e-16
      4207.00  2.57884e-16
      4208.00  2.71096e-16
      4209.00  3.10918e-16
      4210.00  3.29353e-16
      4211.00  1.93884e-16
      4212.00  1.58337e-16
      4213.00  1.27163e-16
      4214.00  1.25365e-16
      4215.00  2.31012e-16
      4216.00  2.31838e-16
      4217.00  2.39200e-16
      4218.00  2.45138e-16
      4219.00  2.64904e-16
      4220.00  2.63929e-16
      4221.00  2.62376e-16
      4222.00  2.53964e-16
      4223.00  2.44039e-16
      4224.00  2.73256e-16
      4225.00  2.95507e-16
      4226.00  3.27931e-16
      4227.00  3.43270e-16
      4228.00  3.47742e-16
      4229.00  3.48668e-16
      4230.00  3.88767e-16
      4231.00  3.93051e-16
      4232.00  3.01071e-16
      4233.00  2.97520e-16
      4234.00  2.71106e-16
      4235.00  2.83026e-16
      4236.00  3.26893e-16
      4237.00  3.16308e-16
      4238.00  2.94676e-16
      4239.00  3.04103e-16
      4240.00  3.16638e-16
      4241.00  3.84140e-16
      4242.00  4.42011e-16
      4243.00  4.08789e-16
      4244.00  3.90241e-16
      4245.00  3.29691e-16
      4246.00  3.09776e-16
      4247.00  3.41731e-16
      4248.00  3.46738e-16
      4249.00  3.73110e-16
      4250.00  3.77936e-16
      4251.00  4.37406e-16
      4252.00  4.32083e-16
      4253.00  4.08582e-16
      4254.00  3.98252e-16
      4255.00  3.72005e-16
      4256.00  3.55584e-16
      4257.00  3.29087e-16
      4258.00  3.37325e-16
      4259.00  3.46161e-16
      4260.00  3.55274e-16
      4261.00  3.61567e-16
      4262.00  3.35342e-16
      4263.00  3.23371e-16
      4264.00  3.38793e-16
      4265.00  3.42581e-16
      4266.00  3.41442e-16
      4267.00  3.41054e-16
      4268.00  3.87085e-16
      4269.00  3.83969e-16
      4270.00  3.56805e-16
      4271.00  3.50669e-16
      4272.00  3.26893e-16
      4273.00  3.20880e-16
      4274.00  3.07202e-16
      4275.00  2.91612e-16
      4276.00  2.68601e-16
      4277.00  2.90227e-16
      4278.00  3.11534e-16
      4279.00  3.19278e-16
      4280.00  3.24357e-16
      4281.00  3.26556e-16
      4282.00  3.27492e-16
      4283.00  3.18061e-16
      4284.00  3.15785e-16
      4285.00  2.74417e-16
      4286.00  2.70181e-16
      4287.00  3.26972e-16
      4288.00  3.30934e-16
      4289.00  3.65754e-16
      4290.00  3.61109e-16
      4291.00  3.42492e-16
      4292.00  3.58376e-16
      4293.00  3.95708e-16
      4294.00  3.68327e-16
      4295.00  3.26649e-16
      4296.00  3.21379e-16
      4297.00  3.15970e-16
      4298.00  3.80151e-16
      4299.00  4.24392e-16
      4300.00  3.88882e-16
      4301.00  3.72720e-16
      4302.00  3.42262e-16
      4303.00  3.33786e-16
      4304.00  3.39148e-16
      4305.00  3.39640e-16
      4306.00  2.95567e-16
      4307.00  2.92908e-16
      4308.00  2.74941e-16
      4309.00  2.90807e-16
      4310.00  3.69518e-16
      4311.00  3.75293e-16
      4312.00  3.92023e-16
      4313.00  3.74698e-16
      4314.00  3.44290e-16
      4315.00  3.25637e-16
      4316.00  3.03385e-16
      4317.00  2.72533e-16
      4318.00  2.47181e-16
      4319.00  2.62286e-16
      4320.00  2.70478e-16
      4321.00  3.00595e-16
      4322.00  3.11040e-16
      4323.00  2.88013e-16
      4324.00  2.83006e-16
      4325.00  2.86897e-16
      4326.00  2.87185e-16
      4327.00  3.06140e-16
      4328.00  3.05899e-16
      4329.00  3.06889e-16
      4330.00  3.09081e-16
      4331.00  3.18928e-16
      4332.00  3.37226e-16
      4333.00  3.81660e-16
      4334.00  3.82426e-16
      4335.00  3.83930e-16
      4336.00  3.60999e-16
      4337.00  3.36005e-16
      4338.00  3.13213e-16
      4339.00  2.95874e-16
      4340.00  2.60658e-16
      4341.00  2.42376e-16
      4342.00  2.99029e-16
      4343.00  3.17563e-16
      4344.00  3.48007e-16
      4345.00  3.53382e-16
      4346.00  2.58911e-16
      4347.00  2.53006e-16
      4348.00  3.18207e-16
      4349.00  3.21375e-16
      4350.00  3.49865e-16
      4351.00  3.42157e-16
      4352.00  3.12756e-16
      4353.00  3.32876e-16
      4354.00  3.82942e-16
      4355.00  3.81509e-16
      4356.00  3.79486e-16
      4357.00  3.44455e-16
      4358.00  3.04498e-16
      4359.00  3.21243e-16
      4360.00  3.34598e-16
      4361.00  3.96840e-16
      4362.00  4.31216e-16
      4363.00  3.98858e-16
      4364.00  3.86612e-16
      4365.00  2.90951e-16
      4366.00  2.69349e-16
      4367.00  3.54751e-16
      4368.00  3.63402e-16
      4369.00  3.69196e-16
      4370.00  3.61244e-16
      4371.00  2.70876e-16
      4372.00  2.69423e-16
      4373.00  2.63226e-16
      4374.00  2.73190e-16
      4375.00  3.03578e-16
      4376.00  3.12144e-16
      4377.00  3.29365e-16
      4378.00  3.26243e-16
      4379.00  3.22093e-16
      4380.00  3.51094e-16
      4381.00  3.79260e-16
      4382.00  3.90499e-16
      4383.00  3.98099e-16
      4384.00  3.32485e-16
      4385.00  3.00945e-16
      4386.00  3.21391e-16
      4387.00  3.27532e-16
      4388.00  4.16818e-16
      4389.00  4.32724e-16
      4390.00  3.89639e-16
      4391.00  3.85677e-16
      4392.00  3.71164e-16
      4393.00  3.75367e-16
      4394.00  4.19437e-16
      4395.00  4.16803e-16
      4396.00  4.07002e-16
      4397.00  3.94458e-16
      4398.00  3.60330e-16
      4399.00  3.63337e-16
      4400.00  3.69574e-16
      4401.00  3.35310e-16
      4402.00  2.89632e-16
      4403.00  2.81223e-16
      4404.00  2.73110e-16
      4405.00  3.30651e-16
      4406.00  3.70191e-16
      4407.00  3.65930e-16
      4408.00  3.63510e-16
      4409.00  3.83678e-16
      4410.00  3.89772e-16
      4411.00  4.25687e-16
      4412.00  4.32155e-16
      4413.00  3.55652e-16
      4414.00  3.48031e-16
      4415.00  3.02957e-16
      4416.00  3.02149e-16
      4417.00  3.00348e-16
      4418.00  2.99048e-16
      4419.00  2.94211e-16
      4420.00  2.86371e-16
      4421.00  2.62078e-16
      4422.00  2.74589e-16
      4423.00  3.02124e-16
      4424.00  2.91174e-16
      4425.00  2.74661e-16
      4426.00  2.77755e-16
      4427.00  2.81229e-16
      4428.00  2.80864e-16
      4429.00  2.80510e-16
      4430.00  2.80154e-16
      4431.00  2.79812e-16
      4432.00  2.79461e-16
      4433.00  2.79126e-16
      4434.00  2.78772e-16
      4435.00  2.78438e-16
      4436.00  2.78078e-16
      4437.00  2.77741e-16
      4438.00  2.77371e-16
      4439.00  2.77027e-16
      4440.00  2.76646e-16
      4441.00  2.76292e-16
      4442.00  2.75905e-16
      4443.00  2.75539e-16
      4444.00  2.75148e-16
      4445.00  2.74773e-16
      4446.00  2.74380e-16
      4447.00  2.74000e-16
      4448.00  2.73609e-16
      4449.00  2.73229e-16
      4450.00  2.72845e-16
      4451.00  2.77692e-16
      4452.00  2.82988e-16
      4453.00  2.74513e-16
      4454.00  2.67659e-16
      4455.00  2.39648e-16
      4456.00  2.23119e-16
      4457.00  2.43742e-16
      4458.00  2.52190e-16
      4459.00  2.54724e-16
      4460.00  2.55244e-16
      4461.00  2.55111e-16
      4462.00  2.54876e-16
      4463.00  2.98546e-16
      4464.00  3.01682e-16
      4465.00  3.22946e-16
      4466.00  3.18641e-16
      4467.00  2.70442e-16
      4468.00  2.67324e-16
      4469.00  2.50893e-16
      4470.00  2.57572e-16
      4471.00  2.81151e-16
      4472.00  2.93272e-16
      4473.00  3.22156e-16
      4474.00  3.41953e-16
      4475.00  3.75702e-16
      4476.00  3.71360e-16
      4477.00  3.66000e-16
      4478.00  3.43346e-16
      4479.00  3.22114e-16
      4480.00  3.04500e-16
      4481.00  2.92100e-16
      4482.00  2.91754e-16
      4483.00  2.91410e-16
      4484.00  2.52952e-16
      4485.00  2.38738e-16
      4486.00  2.48079e-16
      4487.00  2.50115e-16
      4488.00  2.71634e-16
      4489.00  2.74389e-16
      4490.00  3.13023e-16
      4491.00  3.14875e-16
      4492.00  3.18049e-16
      4493.00  3.18664e-16
      4494.00  3.28864e-16
      4495.00  3.40203e-16
      4496.00  4.01970e-16
      4497.00  4.08769e-16
      4498.00  4.32814e-16
      4499.00  4.18229e-16
      4500.00  3.84866e-16
      4501.00  3.61563e-16
      4502.00  3.22155e-16
      4503.00  3.26851e-16
      4504.00  3.32959e-16
      4505.00  3.82879e-16
      4506.00  4.31081e-16
      4507.00  4.33157e-16
      4508.00  4.34557e-16
      4509.00  4.22152e-16
      4510.00  4.15187e-16
      4511.00  4.25706e-16
      4512.00  4.29638e-16
      4513.00  4.38340e-16
      4514.00  4.40435e-16
      4515.00  4.28102e-16
      4516.00  4.25631e-16
      4517.00  4.52809e-16
      4518.00  4.54779e-16
      4519.00  4.55461e-16
      4520.00  4.52914e-16
      4521.00  4.46288e-16
      4522.00  4.48503e-16
      4523.00  4.50868e-16
      4524.00  4.50402e-16
      4525.00  4.62584e-16
      4526.00  4.62055e-16
      4527.00  4.42885e-16
      4528.00  4.24728e-16
      4529.00  4.25988e-16
      4530.00  4.88766e-16
      4531.00  4.87976e-16
      4532.00  4.85010e-16
      4533.00  4.82343e-16
      4534.00  4.83024e-16
      4535.00  5.08447e-16
      4536.00  5.07391e-16
      4537.00  5.06594e-16
      4538.00  5.05684e-16
      4539.00  5.07332e-16
      4540.00  5.36830e-16
      4541.00  5.35512e-16
      4542.00  5.27511e-16
      4543.00  5.21673e-16
      4544.00  5.21644e-16
      4545.00  5.31098e-16
      4546.00  5.29665e-16
      4547.00  5.62297e-16
      4548.00  5.81413e-16
      4549.00  5.76778e-16
      4550.00  5.55660e-16
      4551.00  5.54112e-16
      4552.00  5.47221e-16
      4553.00  5.42773e-16
      4554.00  5.49853e-16
      4555.00  5.94365e-16
      4556.00  5.92750e-16
      4557.00  6.10060e-16
      4558.00  6.17826e-16
      4559.00  6.15311e-16
      4560.00  6.09581e-16
      4561.00  6.08052e-16
      4562.00  6.07535e-16
      4563.00  6.06520e-16
      4564.00  6.15649e-16
      4565.00  6.56707e-16
      4566.00  6.55260e-16
      4567.00  6.48180e-16
      4568.00  6.44502e-16
      4569.00  6.32415e-16
      4570.00  5.92419e-16
      4571.00  5.91304e-16
      4572.00  6.65182e-16
      4573.00  6.92191e-16
      4574.00  6.84031e-16
      4575.00  6.60228e-16
      4576.00  6.59150e-16
      4577.00  6.77208e-16
      4578.00  6.82737e-16
      4579.00  6.66400e-16
      4580.00  6.19887e-16
      4581.00  6.18944e-16
      4582.00  6.96279e-16
      4583.00  7.20074e-16
      4584.00  7.19975e-16
      4585.00  7.21623e-16
      4586.00  7.20501e-16
      4587.00  7.47116e-16
      4588.00  7.54063e-16
      4589.00  7.54543e-16
      4590.00  7.57683e-16
      4591.00  7.56409e-16
      4592.00  7.35243e-16
      4593.00  7.28551e-16
      4594.00  7.51996e-16
      4595.00  8.10631e-16
      4596.00  8.09144e-16
      4597.00  7.84533e-16
      4598.00  7.77183e-16
      4599.00  7.66804e-16
      4600.00  7.44842e-16
      4601.00  7.43398e-16
      4602.00  8.02908e-16
      4603.00  8.15847e-16
      4604.00  8.14250e-16
      4605.00  8.12681e-16
      4606.00  8.11040e-16
      4607.00  8.37815e-16
      4608.00  8.42500e-16
      4609.00  8.26777e-16
      4610.00  7.95385e-16
      4611.00  7.93755e-16
      4612.00  8.26062e-16
      4613.00  8.31631e-16
      4614.00  8.43450e-16
      4615.00  8.69530e-16
      4616.00  8.67780e-16
      4617.00  9.44822e-16
      4618.00  9.59104e-16
      4619.00  9.36705e-16
      4620.00  8.93708e-16
      4621.00  8.92019e-16
      4622.00  8.97997e-16
      4623.00  8.97876e-16
      4624.00  9.13894e-16
      4625.00  9.47019e-16
      4626.00  9.45417e-16
      4627.00  9.49095e-16
      4628.00  9.48587e-16
      4629.00  9.54818e-16
      4630.00  9.68380e-16
      4631.00  9.66954e-16
      4632.00  9.43451e-16
      4633.00  9.37921e-16
      4634.00  9.41551e-16
      4635.00  9.49795e-16
      4636.00  9.48539e-16
      4637.00  9.79194e-16
      4638.00  9.83959e-16
      4639.00  9.64405e-16
      4640.00  9.27800e-16
      4641.00  9.26578e-16
      4642.00  9.76016e-16
      4643.00  9.84318e-16
      4644.00  9.77473e-16
      4645.00  9.65433e-16
      4646.00  9.64004e-16
      4647.00  9.71506e-16
      4648.00  9.71700e-16
      4649.00  9.71445e-16
      4650.00  9.72428e-16
      4651.00  9.70722e-16
      4652.00  9.49562e-16
      4653.00  9.43960e-16
      4654.00  9.39573e-16
      4655.00  9.32575e-16
      4656.00  9.30689e-16
      4657.00  9.26169e-16
      4658.00  9.23695e-16
      4659.00  9.29055e-16
      4660.00  9.42060e-16
      4661.00  9.40026e-16
      4662.00  9.13958e-16
      4663.00  9.06881e-16
      4664.00  9.06975e-16
      4665.00  9.09353e-16
      4666.00  9.07447e-16
      4667.00  9.19499e-16
      4668.00  9.20749e-16
      4669.00  9.11517e-16
      4670.00  8.93535e-16
      4671.00  8.91872e-16
      4672.00  8.68870e-16
      4673.00  8.62306e-16
      4674.00  8.55272e-16
      4675.00  8.41123e-16
      4676.00  8.39805e-16
      4677.00  8.68860e-16
      4678.00  8.75210e-16
      4679.00  8.57944e-16
      4680.00  8.18237e-16
      4681.00  8.17144e-16
      4682.00  7.89969e-16
      4683.00  7.81934e-16
      4684.00  7.74011e-16
      4685.00  7.55377e-16
      4686.00  7.54449e-16
      4687.00  7.80650e-16
      4688.00  7.87554e-16
      4689.00  7.91480e-16
      4690.00  8.03797e-16
      4691.00  8.02825e-16
      4692.00  7.40863e-16
      4693.00  7.20882e-16
      4694.00  7.24297e-16
      4695.00  7.35995e-16
      4696.00  7.35103e-16
      4697.00  7.30255e-16
      4698.00  7.28028e-16
      4699.00  7.14232e-16
      4700.00  6.72126e-16
      4701.00  6.71319e-16
      4702.00  6.81417e-16
      4703.00  6.84631e-16
      4704.00  6.79034e-16
      4705.00  6.61416e-16
      4706.00  6.60623e-16
      4707.00  6.45069e-16
      4708.00  6.38328e-16
      4709.00  6.31394e-16
      4710.00  6.06450e-16
      4711.00  6.05692e-16
      4712.00  5.79544e-16
      4713.00  5.67573e-16
      4714.00  5.63109e-16
      4715.00  5.45768e-16
      4716.00  5.45032e-16
      4717.00  5.23318e-16
      4718.00  5.12402e-16
      4719.00  5.12653e-16
      4720.00  5.16944e-16
      4721.00  5.16205e-16
      4722.00  5.09495e-16
      4723.00  5.05567e-16
      4724.00  5.01186e-16
      4725.00  4.77977e-16
      4726.00  4.77303e-16
      4727.00  4.73602e-16
      4728.00  4.71159e-16
      4729.00  4.67409e-16
      4730.00  4.43045e-16
      4731.00  4.42486e-16
      4732.00  4.60439e-16
      4733.00  4.72024e-16
      4734.00  4.70831e-16
      4735.00  4.63748e-16
      4736.00  4.63266e-16
      4737.00  4.46360e-16
      4738.00  4.33944e-16
      4739.00  4.34073e-16
      4740.00  4.41249e-16
      4741.00  4.40880e-16
      4742.00  4.28232e-16
      4743.00  4.17896e-16
      4744.00  4.17486e-16
      4745.00  4.14675e-16
      4746.00  4.14381e-16
      4747.00  4.20361e-16
      4748.00  4.25789e-16
      4749.00  4.25159e-16
      4750.00  3.84024e-16
      4751.00  3.83770e-16
      4752.00  3.93933e-16
      4753.00  4.04361e-16
      4754.00  4.04093e-16
      4755.00  4.42938e-16
      4756.00  4.43512e-16
      4757.00  4.26731e-16
      4758.00  4.07303e-16
      4759.00  4.07013e-16
      4760.00  3.94127e-16
      4761.00  3.93121e-16
      4762.00  3.81673e-16
      4763.00  3.66634e-16
      4764.00  3.66325e-16
      4765.00  3.82907e-16
      4766.00  3.84145e-16
      4767.00  3.91251e-16
      4768.00  4.02196e-16
      4769.00  4.01764e-16
      4770.00  3.96291e-16
      4771.00  3.95132e-16
      4772.00  3.92230e-16
      4773.00  3.87484e-16
      4774.00  3.86939e-16
      4775.00  3.84576e-16
      4776.00  3.83648e-16
      4777.00  3.85660e-16
      4778.00  3.90441e-16
      4779.00  3.89742e-16
      4780.00  3.80040e-16
      4781.00  3.77172e-16
      4782.00  3.74290e-16
      4783.00  3.68296e-16
      4784.00  3.67512e-16
      4785.00  3.71903e-16
      4786.00  3.72623e-16
      4787.00  3.80823e-16
      4788.00  4.06961e-16
      4789.00  4.06018e-16
      4790.00  3.65198e-16
      4791.00  3.49677e-16
      4792.00  3.63506e-16
      4793.00  4.17463e-16
      4794.00  4.16501e-16
      4795.00  3.67757e-16
      4796.00  3.45513e-16
      4797.00  3.50935e-16
      4798.00  3.80454e-16
      4799.00  3.79646e-16
      4800.00  3.87157e-16
      4801.00  3.90856e-16
      4802.00  3.91600e-16
      4803.00  4.01340e-16
      4804.00  4.00570e-16
      4805.00  3.89550e-16
      4806.00  3.82144e-16
      4807.00  3.81897e-16
      4808.00  3.86128e-16
      4809.00  3.85444e-16
      4810.00  3.97532e-16
      4811.00  4.06818e-16
      4812.00  4.06491e-16
      4813.00  4.15524e-16
      4814.00  4.14790e-16
      4815.00  4.06888e-16
      4816.00  3.99423e-16
      4817.00  3.98693e-16
      4818.00  4.11068e-16
      4819.00  4.10404e-16
      4820.00  4.12879e-16
      4821.00  4.15773e-16
      4822.00  4.14950e-16
      4823.00  4.23455e-16
      4824.00  4.23142e-16
      4825.00  4.32396e-16
      4826.00  4.45457e-16
      4827.00  4.44510e-16
      4828.00  4.40291e-16
      4829.00  4.38954e-16
      4830.00  4.38625e-16
      4831.00  4.38731e-16
      4832.00  4.37759e-16
      4833.00  4.69441e-16
      4834.00  4.74366e-16
      4835.00  4.74034e-16
      4836.00  4.74521e-16
      4837.00  4.73455e-16
      4838.00  4.83881e-16
      4839.00  4.85774e-16
      4840.00  4.99875e-16
      4841.00  5.40280e-16
      4842.00  5.39059e-16
      4843.00  5.36804e-16
      4844.00  5.35223e-16
      4845.00  5.34872e-16
      4846.00  5.36836e-16
      4847.00  5.35593e-16
      4848.00  5.60378e-16
      4849.00  5.70897e-16
      4850.00  5.75772e-16
      4851.00  6.07189e-16
      4852.00  6.05706e-16
      4853.00  6.03039e-16
      4854.00  6.00847e-16
      4855.00  5.99459e-16
      4856.00  5.99122e-16
      4857.00  5.97558e-16
      4858.00  5.92470e-16
      4859.00  5.88301e-16
      4860.00  5.86672e-16
      4861.00  5.84260e-16
      4862.00  5.82656e-16
      4863.00  5.79900e-16
      4864.00  5.77223e-16
      4865.00  5.75616e-16
      4866.00  5.71839e-16
      4867.00  5.70218e-16
      4868.00  5.58013e-16
      4869.00  5.43940e-16
      4870.00  5.42433e-16
      4871.00  5.61740e-16
      4872.00  5.61806e-16
      4873.00  5.52143e-16
      4874.00  5.38368e-16
      4875.00  5.36920e-16
      4876.00  5.43285e-16
      4877.00  5.43036e-16
      4878.00  5.38716e-16
      4879.00  5.31614e-16
      4880.00  5.30234e-16
      4881.00  5.15752e-16
      4882.00  5.11261e-16
      4883.00  5.13797e-16
      4884.00  5.22676e-16
      4885.00  5.21368e-16
      4886.00  5.07924e-16
      4887.00  5.02443e-16
      4888.00  5.01143e-16
      4889.00  4.99661e-16
      4890.00  4.98460e-16
      4891.00  4.76643e-16
      4892.00  4.65676e-16
      4893.00  4.67060e-16
      4894.00  4.80684e-16
      4895.00  4.79582e-16
      4896.00  4.75692e-16
      4897.00  4.72840e-16
      4898.00  4.71173e-16
      4899.00  4.62764e-16
      4900.00  4.61757e-16
      4901.00  4.63138e-16
      4902.00  4.64148e-16
      4903.00  4.63277e-16
      4904.00  4.72487e-16
      4905.00  4.71526e-16
      4906.00  4.61691e-16
      4907.00  4.50951e-16
      4908.00  4.50060e-16
      4909.00  4.60152e-16
      4910.00  4.59963e-16
      4911.00  4.58773e-16
      4912.00  4.57450e-16
      4913.00  4.56591e-16
      4914.00  4.90825e-16
      4915.00  4.95188e-16
      4916.00  4.92990e-16
      4917.00  4.89513e-16
      4918.00  4.88647e-16
      4919.00  5.00726e-16
      4920.00  5.03141e-16
      4921.00  4.92194e-16
      4922.00  4.62872e-16
      4923.00  4.62110e-16
      4924.00  4.85783e-16
      4925.00  4.94274e-16
      4926.00  4.95094e-16
      4927.00  5.01238e-16
      4928.00  5.00469e-16
      4929.00  5.20814e-16
      4930.00  5.31364e-16
      4931.00  5.30499e-16
      4932.00  5.29105e-16
      4933.00  5.28337e-16
      4934.00  5.27776e-16
      4935.00  5.27168e-16
      4936.00  5.27602e-16
      4937.00  5.57959e-16
      4938.00  5.57171e-16
      4939.00  5.51278e-16
      4940.00  5.45362e-16
      4941.00  5.44595e-16
      4942.00  6.13908e-16
      4943.00  6.16014e-16
      4944.00  6.05932e-16
      4945.00  5.92375e-16
      4946.00  5.91529e-16
      4947.00  6.05006e-16
      4948.00  6.06072e-16
      4949.00  6.09279e-16
      4950.00  6.16281e-16
      4951.00  6.15375e-16
      4952.00  6.10259e-16
      4953.00  6.08306e-16
      4954.00  6.18199e-16
      4955.00  6.47915e-16
      4956.00  6.46934e-16
      4957.00  6.66866e-16
      4958.00  6.73984e-16
      4959.00  6.70106e-16
      4960.00  6.56007e-16
      4961.00  6.55002e-16
      4962.00  6.97630e-16
      4963.00  7.21359e-16
      4964.00  7.16885e-16
      4965.00  6.83945e-16
      4966.00  6.82911e-16
      4967.00  7.07055e-16
      4968.00  7.26258e-16
      4969.00  7.25222e-16
      4970.00  7.27881e-16
      4971.00  7.26815e-16
      4972.00  7.40473e-16
      4973.00  7.56052e-16
      4974.00  7.54967e-16
      4975.00  7.73463e-16
      4976.00  7.73929e-16
      4977.00  7.79566e-16
      4978.00  7.89310e-16
      4979.00  7.88203e-16
      4980.00  7.85003e-16
      4981.00  7.83507e-16
      4982.00  7.91641e-16
      4983.00  8.12513e-16
      4984.00  8.11385e-16
      4985.00  8.16652e-16
      4986.00  8.17635e-16
      4987.00  8.17407e-16
      4988.00  8.19732e-16
      4989.00  8.18609e-16
      4990.00  8.23429e-16
      4991.00  8.25342e-16
      4992.00  8.28560e-16
      4993.00  8.60045e-16
      4994.00  8.58921e-16
      4995.00  8.73426e-16
      4996.00  8.84005e-16
      4997.00  8.80614e-16
      4998.00  7.93457e-16
      4999.00  7.92522e-16
      5000.00  8.13256e-16
      5001.00  8.35745e-16
      5002.00  8.34816e-16
      5003.00  8.11173e-16
      5004.00  8.08714e-16
      5005.00  8.04341e-16
      5006.00  7.97929e-16
      5007.00  7.97176e-16
      5008.00  7.85268e-16
      5009.00  7.82446e-16
      5010.00  7.69141e-16
      5011.00  7.38035e-16
      5012.00  7.37426e-16
      5013.00  7.34732e-16
      5014.00  7.33427e-16
      5015.00  7.27850e-16
      5016.00  7.07012e-16
      5017.00  7.06449e-16
      5018.00  6.61045e-16
      5019.00  6.36329e-16
      5020.00  6.35421e-16
      5021.00  6.31436e-16
      5022.00  6.30908e-16
      5023.00  6.14095e-16
      5024.00  6.00380e-16
      5025.00  5.99732e-16
      5026.00  5.61019e-16
      5027.00  5.60513e-16
      5028.00  5.60295e-16
      5029.00  5.60131e-16
      5030.00  5.59611e-16
      5031.00  5.29200e-16
      5032.00  5.25536e-16
      5033.00  5.18086e-16
      5034.00  5.04925e-16
      5035.00  5.04448e-16
      5036.00  5.08559e-16
      5037.00  5.09198e-16
      5038.00  4.99582e-16
      5039.00  4.72193e-16
      5040.00  4.71753e-16
      5041.00  4.61227e-16
      5042.00  4.56530e-16
      5043.00  4.55752e-16
      5044.00  4.53314e-16
      5045.00  4.52905e-16
      5046.00  4.40338e-16
      5047.00  4.31833e-16
      5048.00  4.30900e-16
      5049.00  4.19562e-16
      5050.00  4.19197e-16
      5051.00  4.12968e-16
      5052.00  4.06651e-16
      5053.00  4.06306e-16
      5054.00  4.15724e-16
      5055.00  4.15964e-16
      5056.00  4.06703e-16
      5057.00  3.92462e-16
      5058.00  3.92143e-16
      5059.00  4.32144e-16
      5060.00  4.39618e-16
      5061.00  4.27053e-16
      5062.00  3.95961e-16
      5063.00  3.95650e-16
      5064.00  3.91887e-16
      5065.00  3.90308e-16
      5066.00  3.89845e-16
      5067.00  3.88801e-16
      5068.00  3.88497e-16
      5069.00  3.80208e-16
      5070.00  3.75065e-16
      5071.00  3.74708e-16
      5072.00  3.73580e-16
      5073.00  3.73279e-16
      5074.00  3.74412e-16
      5075.00  3.75467e-16
      5076.00  3.75150e-16
      5077.00  3.95441e-16
      5078.00  3.96003e-16
      5079.00  3.95827e-16
      5080.00  3.95730e-16
      5081.00  3.95353e-16
      5082.00  4.05382e-16
      5083.00  4.06861e-16
      5084.00  4.04539e-16
      5085.00  3.99466e-16
      5086.00  3.99026e-16
      5087.00  3.91760e-16
      5088.00  3.88836e-16
      5089.00  3.88933e-16
      5090.00  3.91059e-16
      5091.00  3.90572e-16
      5092.00  4.02926e-16
      5093.00  4.10266e-16
      5094.00  4.08205e-16
      5095.00  3.84956e-16
      5096.00  3.84451e-16
      5097.00  3.89078e-16
      5098.00  3.93585e-16
      5099.00  3.93077e-16
      5100.00  4.27907e-16
      5101.00  4.29329e-16
      5102.00  4.21134e-16
      5103.00  4.08614e-16
      5104.00  4.08145e-16
      5105.00  4.25799e-16
      5106.00  4.29034e-16
      5107.00  4.20691e-16
      5108.00  3.99131e-16
      5109.00  3.98775e-16
      5110.00  4.18584e-16
      5111.00  4.26369e-16
      5112.00  4.28280e-16
      5113.00  4.40193e-16
      5114.00  4.39940e-16
      5115.00  4.36484e-16
      5116.00  4.34079e-16
      5117.00  4.33480e-16
      5118.00  4.20929e-16
      5119.00  4.20817e-16
      5120.00  4.33448e-16
      5121.00  4.47524e-16
      5122.00  4.47474e-16
      5123.00  4.64632e-16
      5124.00  4.66257e-16
      5125.00  4.63458e-16
      5126.00  4.58316e-16
      5127.00  4.58333e-16
      5128.00  4.74675e-16
      5129.00  4.79020e-16
      5130.00  4.79596e-16
      5131.00  4.81469e-16
      5132.00  4.81481e-16
      5133.00  4.68675e-16
      5134.00  4.62279e-16
      5135.00  4.63064e-16
      5136.00  4.69938e-16
      5137.00  4.69868e-16
      5138.00  4.93684e-16
      5139.00  5.13690e-16
      5140.00  5.13531e-16
      5141.00  4.89533e-16
      5142.00  4.88843e-16
      5143.00  4.92312e-16
      5144.00  4.97220e-16
      5145.00  4.96920e-16
      5146.00  4.89172e-16
      5147.00  4.87553e-16
      5148.00  5.00898e-16
      5149.00  5.34014e-16
      5150.00  5.33556e-16
      5151.00  5.13460e-16
      5152.00  5.05596e-16
      5153.00  5.04638e-16
      5154.00  5.01699e-16
      5155.00  5.01195e-16
      5156.00  5.16790e-16
      5157.00  5.27092e-16
      5158.00  5.26096e-16
      5159.00  5.12288e-16
      5160.00  5.11759e-16
      5161.00  5.19081e-16
      5162.00  5.27476e-16
      5163.00  5.26944e-16
      5164.00  5.24160e-16
      5165.00  5.23401e-16
      5166.00  5.24852e-16
      5167.00  5.28206e-16
      5168.00  5.27711e-16
      5169.00  5.24926e-16
      5170.00  5.23766e-16
      5171.00  5.22597e-16
      5172.00  5.19410e-16
      5173.00  5.18957e-16
      5174.00  5.24293e-16
      5175.00  5.27128e-16
      5176.00  5.25525e-16
      5177.00  5.09918e-16
      5178.00  5.09493e-16
      5179.00  5.20703e-16
      5180.00  5.31727e-16
      5181.00  5.31294e-16
      5182.00  5.16547e-16
      5183.00  5.15158e-16
      5184.00  5.10736e-16
      5185.00  5.03462e-16
      5186.00  5.03074e-16
      5187.00  5.11674e-16
      5188.00  5.13532e-16
      5189.00  5.16897e-16
      5190.00  5.28899e-16
      5191.00  5.28531e-16
      5192.00  5.27135e-16
      5193.00  5.26261e-16
      5194.00  5.26235e-16
      5195.00  5.28907e-16
      5196.00  5.28582e-16
      5197.00  5.21626e-16
      5198.00  5.15318e-16
      5199.00  5.15019e-16
      5200.00  5.08872e-16
      5201.00  5.08317e-16
      5202.00  5.13537e-16
      5203.00  5.22008e-16
      5204.00  5.21718e-16
      5205.00  5.11023e-16
      5206.00  5.08383e-16
      5207.00  5.02523e-16
      5208.00  4.85095e-16
      5209.00  4.84809e-16
      5210.00  5.05887e-16
      5211.00  5.15891e-16
      5212.00  5.16544e-16
      5213.00  5.24598e-16
      5214.00  5.24277e-16
      5215.00  5.20035e-16
      5216.00  5.16273e-16
      5217.00  5.15964e-16
      5218.00  5.37143e-16
      5219.00  5.37718e-16
      5220.00  5.36158e-16
      5221.00  5.33887e-16
      5222.00  5.33608e-16
      5223.00  5.29693e-16
      5224.00  5.28620e-16
      5225.00  5.37319e-16
      5226.00  5.64798e-16
      5227.00  5.64571e-16
      5228.00  5.69710e-16
      5229.00  5.72133e-16
      5230.00  5.72589e-16
      5231.00  5.78325e-16
      5232.00  5.78164e-16
      5233.00  5.71547e-16
      5234.00  5.65551e-16
      5235.00  5.65425e-16
      5236.00  5.43614e-16
      5237.00  5.42388e-16
      5238.00  5.47376e-16
      5239.00  5.55689e-16
      5240.00  5.55594e-16
      5241.00  5.76576e-16
      5242.00  5.81660e-16
      5243.00  5.83830e-16
      5244.00  5.91401e-16
      5245.00  5.91296e-16
      5246.00  5.76774e-16
      5247.00  5.69015e-16
      5248.00  5.71348e-16
      5249.00  6.00110e-16
      5250.00  5.99973e-16
      5251.00  5.97970e-16
      5252.00  5.95980e-16
      5253.00  5.95821e-16
      5254.00  5.96917e-16
      5255.00  5.96841e-16
      5256.00  6.08004e-16
      5257.00  6.28783e-16
      5258.00  6.28575e-16
      5259.00  6.37013e-16
      5260.00  6.39304e-16
      5261.00  6.41877e-16
      5262.00  6.52984e-16
      5263.00  6.52737e-16
      5264.00  6.46316e-16
      5265.00  6.42301e-16
      5266.00  6.41801e-16
      5267.00  6.36251e-16
      5268.00  6.35991e-16
      5269.00  6.44211e-16
      5270.00  6.53638e-16
      5271.00  6.53362e-16
      5272.00  6.37989e-16
      5273.00  6.35829e-16
      5274.00  6.43189e-16
      5275.00  6.59835e-16
      5276.00  6.59553e-16
      5277.00  6.73796e-16
      5278.00  6.78815e-16
      5279.00  6.77283e-16
      5280.00  6.70137e-16
      5281.00  6.69862e-16
      5282.00  6.85833e-16
      5283.00  6.97568e-16
      5284.00  6.97297e-16
      5285.00  6.67616e-16
      5286.00  6.67239e-16
      5287.00  6.70523e-16
      5288.00  6.75232e-16
      5289.00  6.74999e-16
      5290.00  6.88974e-16
      5291.00  6.91526e-16
      5292.00  6.92510e-16
      5293.00  6.95787e-16
      5294.00  6.95577e-16
      5295.00  7.11505e-16
      5296.00  7.19035e-16
      5297.00  7.18661e-16
      5298.00  7.16813e-16
      5299.00  7.16625e-16
      5300.00  7.24954e-16
      5301.00  7.32810e-16
      5302.00  7.32635e-16
      5303.00  7.46359e-16
      5304.00  7.47186e-16
      5305.00  7.46902e-16
      5306.00  7.46521e-16
      5307.00  7.46363e-16
      5308.00  7.37298e-16
      5309.00  7.34480e-16
      5310.00  7.37058e-16
      5311.00  7.48725e-16
      5312.00  7.48562e-16
      5313.00  7.41736e-16
      5314.00  7.37219e-16
      5315.00  7.37954e-16
      5316.00  7.77656e-16
      5317.00  7.77431e-16
      5318.00  7.82657e-16
      5319.00  7.89361e-16
      5320.00  7.89069e-16
      5321.00  7.51087e-16
      5322.00  7.44440e-16
      5323.00  7.53858e-16
      5324.00  7.79510e-16
      5325.00  7.79076e-16
      5326.00  7.62537e-16
      5327.00  7.54798e-16
      5328.00  7.59699e-16
      5329.00  8.05343e-16
      5330.00  8.04733e-16
      5331.00  8.03174e-16
      5332.00  8.01661e-16
      5333.00  8.00971e-16
      5334.00  8.06760e-16
      5335.00  8.06468e-16
      5336.00  7.99521e-16
      5337.00  7.87309e-16
      5338.00  7.86547e-16
      5339.00  7.95239e-16
      5340.00  7.97352e-16
      5341.00  7.95140e-16
      5342.00  7.87866e-16
      5343.00  7.87097e-16
      5344.00  7.94554e-16
      5345.00  7.99405e-16
      5346.00  7.98689e-16
      5347.00  8.02078e-16
      5348.00  8.01360e-16
      5349.00  8.07548e-16
      5350.00  8.16306e-16
      5351.00  8.15641e-16
      5352.00  7.84744e-16
      5353.00  7.78174e-16
      5354.00  7.74895e-16
      5355.00  7.66121e-16
      5356.00  7.65614e-16
      5357.00  7.80064e-16
      5358.00  7.87258e-16
      5359.00  7.89390e-16
      5360.00  8.21748e-16
      5361.00  8.21305e-16
      5362.00  8.05473e-16
      5363.00  7.88732e-16
      5364.00  7.88335e-16
      5365.00  8.10777e-16
      5366.00  8.12988e-16
      5367.00  8.14627e-16
      5368.00  8.18795e-16
      5369.00  8.18361e-16
      5370.00  7.90303e-16
      5371.00  7.79124e-16
      5372.00  7.84801e-16
      5373.00  8.24999e-16
      5374.00  8.24455e-16
      5375.00  8.06934e-16
      5376.00  7.92024e-16
      5377.00  7.91415e-16
      5378.00  7.93057e-16
      5379.00  7.92500e-16
      5380.00  7.84119e-16
      5381.00  7.69899e-16
      5382.00  7.69163e-16
      5383.00  7.89473e-16
      5384.00  7.94873e-16
      5385.00  7.95262e-16
      5386.00  7.99888e-16
      5387.00  7.99018e-16
      5388.00  7.77146e-16
      5389.00  7.61787e-16
      5390.00  7.60945e-16
      5391.00  7.95270e-16
      5392.00  7.94378e-16
      5393.00  7.72437e-16
      5394.00  7.41205e-16
      5395.00  7.40394e-16
      5396.00  7.99126e-16
      5397.00  8.11547e-16
      5398.00  8.09640e-16
      5399.00  8.05176e-16
      5400.00  8.04373e-16
      5401.00  7.90356e-16
      5402.00  7.81958e-16
      5403.00  7.81081e-16
      5404.00  7.77100e-16
      5405.00  7.76403e-16
      5406.00  7.78383e-16
      5407.00  7.80983e-16
      5408.00  7.80326e-16
      5409.00  7.83785e-16
      5410.00  7.83840e-16
      5411.00  7.84368e-16
      5412.00  7.86988e-16
      5413.00  7.86377e-16
      5414.00  7.79039e-16
      5415.00  7.75117e-16
      5416.00  7.76388e-16
      5417.00  7.98588e-16
      5418.00  7.97997e-16
      5419.00  7.84588e-16
      5420.00  7.70199e-16
      5421.00  7.69642e-16
      5422.00  7.66370e-16
      5423.00  7.65478e-16
      5424.00  7.67517e-16
      5425.00  7.73225e-16
      5426.00  7.72687e-16
      5427.00  7.77760e-16
      5428.00  7.79659e-16
      5429.00  7.78112e-16
      5430.00  7.68647e-16
      5431.00  7.68133e-16
      5432.00  7.71159e-16
      5433.00  7.74091e-16
      5434.00  7.73586e-16
      5435.00  7.37668e-16
      5436.00  7.33731e-16
      5437.00  7.41957e-16
      5438.00  7.60393e-16
      5439.00  7.59912e-16
      5440.00  7.53151e-16
      5441.00  7.50219e-16
      5442.00  7.47298e-16
      5443.00  7.29197e-16
      5444.00  7.28742e-16
      5445.00  7.46743e-16
      5446.00  7.62956e-16
      5447.00  7.62477e-16
      5448.00  7.61848e-16
      5449.00  7.61353e-16
      5450.00  7.64722e-16
      5451.00  7.72032e-16
      5452.00  7.71527e-16
      5453.00  7.68428e-16
      5454.00  7.66968e-16
      5455.00  7.68446e-16
      5456.00  7.80757e-16
      5457.00  7.80198e-16
      5458.00  7.85424e-16
      5459.00  7.89837e-16
      5460.00  7.89227e-16
      5461.00  7.97150e-16
      5462.00  7.97062e-16
      5463.00  7.88933e-16
      5464.00  7.73735e-16
      5465.00  7.73043e-16
      5466.00  7.61732e-16
      5467.00  7.57292e-16
      5468.00  7.60515e-16
      5469.00  7.83910e-16
      5470.00  7.83102e-16
      5471.00  7.82395e-16
      5472.00  7.81652e-16
      5473.00  7.80791e-16
      5474.00  7.89718e-16
      5475.00  7.89432e-16
      5476.00  7.98093e-16
      5477.00  8.15636e-16
      5478.00  8.14687e-16
      5479.00  8.04529e-16
      5480.00  8.00371e-16
      5481.00  7.99992e-16
      5482.00  8.02420e-16
      5483.00  8.01518e-16
      5484.00  8.01702e-16
      5485.00  8.01751e-16
      5486.00  8.00908e-16
      5487.00  8.19579e-16
      5488.00  8.20069e-16
      5489.00  8.27334e-16
      5490.00  8.42476e-16
      5491.00  8.41735e-16
      5492.00  8.36474e-16
      5493.00  8.34150e-16
      5494.00  8.35132e-16
      5495.00  8.45223e-16
      5496.00  8.44621e-16
      5497.00  8.43170e-16
      5498.00  8.41836e-16
      5499.00  8.41292e-16
      5500.00  8.66022e-16
      5501.00  8.67479e-16
      5502.00  8.62672e-16
      5503.00  8.53223e-16
      5504.00  8.52693e-16
      5505.00  8.65907e-16
      5506.00  8.70686e-16
      5507.00  8.71868e-16
      5508.00  8.84478e-16
      5509.00  8.83877e-16
      5510.00  8.92171e-16
      5511.00  8.99981e-16
      5512.00  8.99328e-16
      5513.00  9.36064e-16
      5514.00  9.39099e-16
      5515.00  9.34340e-16
      5516.00  9.24401e-16
      5517.00  9.23694e-16
      5518.00  9.42690e-16
      5519.00  9.50409e-16
      5520.00  9.51594e-16
      5521.00  9.68894e-16
      5522.00  9.68198e-16
      5523.00  9.59601e-16
      5524.00  9.50715e-16
      5525.00  9.50092e-16
      5526.00  9.40677e-16
      5527.00  9.38959e-16
      5528.00  9.40038e-16
      5529.00  9.43713e-16
      5530.00  9.43215e-16
      5531.00  9.45845e-16
      5532.00  9.46900e-16
      5533.00  9.47789e-16
      5534.00  9.65925e-16
      5535.00  9.65515e-16
      5536.00  9.68073e-16
      5537.00  9.71152e-16
      5538.00  9.70772e-16
      5539.00  9.77545e-16
      5540.00  9.78401e-16
      5541.00  9.77524e-16
      5542.00  9.75607e-16
      5543.00  9.75233e-16
      5544.00  1.00963e-15
      5545.00  1.02889e-15
      5546.00  1.02769e-15
      5547.00  1.00249e-15
      5548.00  1.00207e-15
      5549.00  1.00535e-15
      5550.00  1.00997e-15
      5551.00  1.00952e-15
      5552.00  1.01707e-15
      5553.00  1.01841e-15
      5554.00  1.02408e-15
      5555.00  1.04723e-15
      5556.00  1.04670e-15
      5557.00  1.03284e-15
      5558.00  1.02335e-15
      5559.00  1.02279e-15
      5560.00  1.06503e-15
      5561.00  1.06490e-15
      5562.00  1.05134e-15
      5563.00  1.02957e-15
      5564.00  1.02893e-15
      5565.00  1.02579e-15
      5566.00  1.02438e-15
      5567.00  1.02213e-15
      5568.00  1.01320e-15
      5569.00  1.01249e-15
      5570.00  1.00444e-15
      5571.00  9.97720e-16
      5572.00  9.96975e-16
      5573.00  1.00949e-15
      5574.00  1.00956e-15
      5575.00  9.97439e-16
      5576.00  9.73588e-16
      5577.00  9.72810e-16
      5578.00  9.94147e-16
      5579.00  1.00201e-15
      5580.00  9.97223e-16
      5581.00  9.63338e-16
      5582.00  9.62553e-16
      5583.00  9.71107e-16
      5584.00  9.79811e-16
      5585.00  9.79021e-16
      5586.00  9.53591e-16
      5587.00  9.49604e-16
      5588.00  9.42676e-16
      5589.00  9.25410e-16
      5590.00  9.24709e-16
      5591.00  9.11045e-16
      5592.00  9.03697e-16
      5593.00  9.02713e-16
      5594.00  8.95105e-16
      5595.00  8.94516e-16
      5596.00  8.81813e-16
      5597.00  8.65491e-16
      5598.00  8.64999e-16
      5599.00  8.30277e-16
      5600.00  8.22420e-16
      5601.00  8.19223e-16
      5602.00  8.08124e-16
      5603.00  8.07833e-16
      5604.00  8.19123e-16
      5605.00  8.26777e-16
      5606.00  8.26595e-16
      5607.00  7.80638e-16
      5608.00  7.79634e-16
      5609.00  7.87203e-16
      5610.00  8.00366e-16
      5611.00  8.00371e-16
      5612.00  7.64168e-16
      5613.00  7.52282e-16
      5614.00  7.49011e-16
      5615.00  7.28042e-16
      5616.00  7.28160e-16
      5617.00  7.26241e-16
      5618.00  7.24504e-16
      5619.00  7.24647e-16
      5620.00  7.17415e-16
      5621.00  7.16799e-16
      5622.00  7.03800e-16
      5623.00  6.72040e-16
      5624.00  6.72140e-16
      5625.00  6.72574e-16
      5626.00  6.72807e-16
      5627.00  6.72972e-16
      5628.00  6.74865e-16
      5629.00  6.74867e-16
      5630.00  6.63490e-16
      5631.00  6.49211e-16
      5632.00  6.49148e-16
      5633.00  6.53338e-16
      5634.00  6.54130e-16
      5635.00  6.45806e-16
      5636.00  6.14872e-16
      5637.00  6.14738e-16
      5638.00  6.13013e-16
      5639.00  6.11780e-16
      5640.00  6.11632e-16
      5641.00  5.80860e-16
      5642.00  5.79966e-16
      5643.00  5.73749e-16
      5644.00  5.62730e-16
      5645.00  5.62620e-16
      5646.00  5.53250e-16
      5647.00  5.49917e-16
      5648.00  5.50273e-16
      5649.00  5.53260e-16
      5650.00  5.53226e-16
      5651.00  5.45752e-16
      5652.00  5.38410e-16
      5653.00  5.38427e-16
      5654.00  5.24100e-16
      5655.00  5.22285e-16
      5656.00  5.03635e-16
      5657.00  4.52119e-16
      5658.00  4.52195e-16
      5659.00  4.49651e-16
      5660.00  4.48308e-16
      5661.00  4.48464e-16
      5662.00  4.50644e-16
      5663.00  4.50751e-16
      5664.00  4.25888e-16
      5665.00  3.89713e-16
      5666.00  3.89808e-16
      5667.00  3.54967e-16
      5668.00  3.45637e-16
      5669.00  3.45193e-16
      5670.00  3.42661e-16
      5671.00  3.42737e-16
      5672.00  3.07627e-16
      5673.00  2.78540e-16
      5674.00  2.78599e-16
      5675.00  2.49116e-16
      5676.00  2.46810e-16
      5677.00  2.34365e-16
      5678.00  2.05941e-16
      5679.00  2.05984e-16
      5680.00  1.97614e-16
      5681.00  1.93765e-16
      5682.00  1.94039e-16
      5683.00  1.97556e-16
      5684.00  1.97604e-16
      5685.00  1.75036e-16
      5686.00  1.46320e-16
      5687.00  1.46358e-16
      5688.00  1.50973e-16
      5689.00  1.52030e-16
      5690.00  1.52427e-16
      5691.00  1.53932e-16
      5692.00  1.53971e-16
      5693.00  1.43756e-16
      5694.00  1.36151e-16
      5695.00  1.36179e-16
      5696.00  1.09387e-16
      5697.00  1.07999e-16
      5698.00  1.12069e-16
      5699.00  1.20429e-16
      5700.00  1.20439e-16
      5701.00  1.15261e-16
      5702.00  1.13079e-16
      5703.00  1.13558e-16
      5704.00  1.19090e-16
      5705.00  1.19081e-16
      5706.00  1.20552e-16
      5707.00  1.22307e-16
      5708.00  1.22286e-16
      5709.00  1.35051e-16
      5710.00  1.37609e-16
      5711.00  1.34183e-16
      5712.00  1.21170e-16
      5713.00  1.21137e-16
      5714.00  1.22105e-16
      5715.00  1.22788e-16
      5716.00  1.22752e-16
      5717.00  1.41719e-16
      5718.00  1.42523e-16
      5719.00  1.47552e-16
      5720.00  1.57704e-16
      5721.00  1.57659e-16
      5722.00  1.86062e-16
      5723.00  1.97822e-16
      5724.00  1.96499e-16
      5725.00  1.81984e-16
      5726.00  1.81939e-16
      5727.00  1.79646e-16
      5728.00  1.76907e-16
      5729.00  1.76869e-16
      5730.00  1.89595e-16
      5731.00  1.92200e-16
      5732.00  1.96296e-16
      5733.00  2.12608e-16
      5734.00  2.12568e-16
      5735.00  2.15814e-16
      5736.00  2.18205e-16
      5737.00  2.18168e-16
      5738.00  2.40096e-16
      5739.00  2.41268e-16
      5740.00  2.38888e-16
      5741.00  2.33884e-16
      5742.00  2.33855e-16
      5743.00  2.49088e-16
      5744.00  2.55828e-16
      5745.00  2.55866e-16
      5746.00  2.56718e-16
      5747.00  2.56704e-16
      5748.00  2.52740e-16
      5749.00  2.47636e-16
      5750.00  2.47634e-16
      5751.00  2.70889e-16
      5752.00  2.76407e-16
      5753.00  2.72544e-16
      5754.00  2.54876e-16
      5755.00  2.54891e-16
      5756.00  2.70041e-16
      5757.00  2.82403e-16
      5758.00  2.82423e-16
      5759.00  2.59643e-16
      5760.00  2.57720e-16
      5761.00  2.60805e-16
      5762.00  2.68256e-16
      5763.00  2.68263e-16
      5764.00  2.87269e-16
      5765.00  2.96948e-16
      5766.00  2.96505e-16
      5767.00  2.83626e-16
      5768.00  2.83602e-16
      5769.00  2.80689e-16
      5770.00  2.76371e-16
      5771.00  2.76323e-16
      5772.00  2.75512e-16
      5773.00  2.75225e-16
      5774.00  2.78223e-16
      5775.00  2.96835e-16
      5776.00  2.96740e-16
      5777.00  2.92372e-16
      5778.00  2.88167e-16
      5779.00  2.88055e-16
      5780.00  2.87409e-16
      5781.00  2.87214e-16
      5782.00  2.87957e-16
      5783.00  2.90474e-16
      5784.00  2.90338e-16
      5785.00  2.87129e-16
      5786.00  2.85073e-16
      5787.00  2.84934e-16
      5788.00  2.81686e-16
      5789.00  2.81496e-16
      5790.00  2.87769e-16
      5791.00  2.99467e-16
      5792.00  2.99322e-16
      5793.00  2.97609e-16
      5794.00  2.96854e-16
      5795.00  2.96716e-16
      5796.00  2.96584e-16
      5797.00  2.96450e-16
      5798.00  2.97747e-16
      5799.00  2.99343e-16
      5800.00  2.99214e-16
      5801.00  2.98858e-16
      5802.00  2.98680e-16
      5803.00  2.98501e-16
      5804.00  2.98143e-16
      5805.00  2.98020e-16
      5806.00  3.00947e-16
      5807.00  3.03298e-16
      5808.00  3.03174e-16
      5809.00  2.95828e-16
      5810.00  2.95064e-16
      5811.00  2.98294e-16
      5812.00  3.06627e-16
      5813.00  3.06503e-16
      5814.00  3.04312e-16
      5815.00  3.03072e-16
      5816.00  3.02937e-16
      5817.00  3.01895e-16
      5818.00  3.01775e-16
      5819.00  3.03726e-16
      5820.00  3.06997e-16
      5821.00  3.06875e-16
      5822.00  3.14084e-16
      5823.00  3.16485e-16
      5824.00  3.15848e-16
      5825.00  3.11491e-16
      5826.00  3.11371e-16
      5827.00  3.13953e-16
      5828.00  3.16851e-16
      5829.00  3.16730e-16
      5830.00  3.11147e-16
      5831.00  3.09960e-16
      5832.00  3.13557e-16
      5833.00  3.28306e-16
      5834.00  3.28185e-16
      5835.00  3.16738e-16
      5836.00  3.07840e-16
      5837.00  3.07731e-16
      5838.00  3.13433e-16
      5839.00  3.13790e-16
      5840.00  3.24876e-16
      5841.00  3.52272e-16
      5842.00  3.52166e-16
      5843.00  3.37627e-16
      5844.00  3.29822e-16
      5845.00  3.29795e-16
      5846.00  3.33722e-16
      5847.00  3.33648e-16
      5848.00  3.27899e-16
      5849.00  3.18420e-16
      5850.00  3.18370e-16
      5851.00  3.47801e-16
      5852.00  3.58224e-16
      5853.00  3.57168e-16
      5854.00  3.47875e-16
      5855.00  3.47863e-16
      5856.00  3.67222e-16
      5857.00  3.89871e-16
      5858.00  3.89887e-16
      5859.00  3.72894e-16
      5860.00  3.69243e-16
      5861.00  3.70130e-16
      5862.00  3.73961e-16
      5863.00  3.74017e-16
      5864.00  3.80561e-16
      5865.00  3.86076e-16
      5866.00  3.86154e-16
      5867.00  3.79516e-16
      5868.00  3.78885e-16
      5869.00  3.82561e-16
      5870.00  3.92667e-16
      5871.00  3.92759e-16
      5872.00  4.00071e-16
      5873.00  4.04521e-16
      5874.00  4.04613e-16
      5875.00  4.00286e-16
      5876.00  4.00293e-16
      5877.00  4.07554e-16
      5878.00  4.21415e-16
      5879.00  4.21484e-16
      5880.00  4.36072e-16
      5881.00  4.42306e-16
      5882.00  4.41340e-16
      5883.00  4.25640e-16
      5884.00  4.25667e-16
      5885.00  4.37779e-16
      5886.00  4.54560e-16
      5887.00  4.54562e-16
      5888.00  4.33788e-16
      5889.00  4.27827e-16
      5890.00  4.31438e-16
      5891.00  4.54577e-16
      5892.00  4.54554e-16
      5893.00  4.52965e-16
      5894.00  4.51334e-16
      5895.00  4.51310e-16
      5896.00  4.78341e-16
      5897.00  4.83068e-16
      5898.00  4.80124e-16
      5899.00  4.68966e-16
      5900.00  4.68965e-16
      5901.00  5.01389e-16
      5902.00  5.26351e-16
      5903.00  5.26378e-16
      5904.00  5.11812e-16
      5905.00  5.10621e-16
      5906.00  5.25645e-16
      5907.00  5.64493e-16
      5908.00  5.64575e-16
      5909.00  5.59779e-16
      5910.00  5.57066e-16
      5911.00  5.57174e-16
      5912.00  5.55455e-16
      5913.00  5.55560e-16
      5914.00  5.62469e-16
      5915.00  5.75383e-16
      5916.00  5.75531e-16
      5917.00  5.59973e-16
      5918.00  5.53465e-16
      5919.00  5.56766e-16
      5920.00  6.08397e-16
      5921.00  6.08585e-16
      5922.00  5.95521e-16
      5923.00  5.76839e-16
      5924.00  5.77038e-16
      5925.00  5.76810e-16
      5926.00  5.76892e-16
      5927.00  5.75117e-16
      5928.00  5.60974e-16
      5929.00  5.61205e-16
      5930.00  5.56573e-16
      5931.00  5.51461e-16
      5932.00  5.51708e-16
      5933.00  5.42060e-16
      5934.00  5.40289e-16
      5935.00  5.34904e-16
      5936.00  5.10175e-16
      5937.00  5.10416e-16
      5938.00  5.13030e-16
      5939.00  5.15308e-16
      5940.00  5.15542e-16
      5941.00  5.06069e-16
      5942.00  5.05099e-16
      5943.00  4.98129e-16
      5944.00  4.76107e-16
      5945.00  4.76278e-16
      5946.00  4.78733e-16
      5947.00  4.80431e-16
      5948.00  4.80567e-16
      5949.00  4.58000e-16
      5950.00  4.56903e-16
      5951.00  4.57953e-16
      5952.00  4.60247e-16
      5953.00  4.60327e-16
      5954.00  4.55442e-16
      5955.00  4.52888e-16
      5956.00  4.52863e-16
      5957.00  4.37388e-16
      5958.00  4.37458e-16
      5959.00  4.29517e-16
      5960.00  4.15190e-16
      5961.00  4.15279e-16
      5962.00  4.18805e-16
      5963.00  4.20327e-16
      5964.00  4.19565e-16
      5965.00  4.05682e-16
      5966.00  4.05844e-16
      5967.00  4.07880e-16
      5968.00  4.10743e-16
      5969.00  4.10965e-16
      5970.00  3.98338e-16
      5971.00  3.94556e-16
      5972.00  3.95976e-16
      5973.00  4.05431e-16
      5974.00  4.05736e-16
      5975.00  3.98867e-16
      5976.00  3.90813e-16
      5977.00  3.91137e-16
      5978.00  4.07595e-16
      5979.00  4.11684e-16
      5980.00  4.06268e-16
      5981.00  3.76633e-16
      5982.00  3.76949e-16
      5983.00  3.80158e-16
      5984.00  3.83241e-16
      5985.00  3.83538e-16
      5986.00  3.89659e-16
      5987.00  3.90888e-16
      5988.00  3.90591e-16
      5989.00  3.88715e-16
      5990.00  3.88949e-16
      5991.00  3.91291e-16
      5992.00  3.93182e-16
      5993.00  3.93374e-16
      5994.00  3.72655e-16
      5995.00  3.70642e-16
      5996.00  3.72754e-16
      5997.00  3.78663e-16
      5998.00  3.78796e-16
      5999.00  3.77511e-16
      6000.00  3.76698e-16
      6001.00  3.76804e-16
      6002.00  3.77089e-16
      6003.00  3.77201e-16
      6004.00  3.80431e-16
      6005.00  3.87937e-16
      6006.00  3.88044e-16
      6007.00  3.75193e-16
      6008.00  3.68145e-16
      6009.00  3.68252e-16
      6010.00  3.74431e-16
      6011.00  3.74596e-16
      6012.00  3.65401e-16
      6013.00  3.47277e-16
      6014.00  3.47378e-16
      6015.00  3.60048e-16
      6016.00  3.65942e-16
      6017.00  3.66007e-16
      6018.00  3.65302e-16
      6019.00  3.65374e-16
      6020.00  3.66551e-16
      6021.00  3.68448e-16
      6022.00  3.68480e-16
      6023.00  3.61632e-16
      6024.00  3.58992e-16
      6025.00  3.59821e-16
      6026.00  3.71427e-16
      6027.00  3.71373e-16
      6028.00  3.62190e-16
      6029.00  3.49165e-16
      6030.00  3.49072e-16
      6031.00  3.64550e-16
      6032.00  3.69405e-16
      6033.00  3.70450e-16
      6034.00  3.80472e-16
      6035.00  3.80356e-16
      6036.00  3.72942e-16
      6037.00  3.63829e-16
      6038.00  3.63762e-16
      6039.00  3.65224e-16
      6040.00  3.65605e-16
      6041.00  3.64739e-16
      6042.00  3.59168e-16
      6043.00  3.59259e-16
      6044.00  3.52124e-16
      6045.00  3.44404e-16
      6046.00  3.44612e-16
      6047.00  3.63755e-16
      6048.00  3.68124e-16
      6049.00  3.65801e-16
      6050.00  3.52787e-16
      6051.00  3.53193e-16
      6052.00  3.45478e-16
      6053.00  3.38072e-16
      6054.00  3.38538e-16
      6055.00  3.39606e-16
      6056.00  3.40204e-16
      6057.00  3.43575e-16
      6058.00  3.55935e-16
      6059.00  3.56469e-16
      6060.00  3.42290e-16
      6061.00  3.30107e-16
      6062.00  3.30582e-16
      6063.00  3.46630e-16
      6064.00  3.49241e-16
      6065.00  3.52867e-16
      6066.00  3.64473e-16
      6067.00  3.64916e-16
      6068.00  3.56934e-16
      6069.00  3.50797e-16
      6070.00  3.51170e-16
      6071.00  3.67830e-16
      6072.00  3.69914e-16
      6073.00  3.68512e-16
      6074.00  3.63469e-16
      6075.00  3.63783e-16
      6076.00  3.57011e-16
      6077.00  3.52306e-16
      6078.00  3.52584e-16
      6079.00  3.58870e-16
      6080.00  3.59616e-16
      6081.00  3.61540e-16
      6082.00  3.66340e-16
      6083.00  3.66614e-16
      6084.00  3.69386e-16
      6085.00  3.71278e-16
      6086.00  3.71561e-16
      6087.00  3.63402e-16
      6088.00  3.63219e-16
      6089.00  3.73437e-16
      6090.00  3.98372e-16
      6091.00  3.98699e-16
      6092.00  3.84535e-16
      6093.00  3.76228e-16
      6094.00  3.76552e-16
      6095.00  3.65635e-16
      6096.00  3.65564e-16
      6097.00  3.76206e-16
      6098.00  4.00047e-16
      6099.00  4.00406e-16
      6100.00  3.92791e-16
      6101.00  3.88728e-16
      6102.00  3.89071e-16
      6103.00  4.03475e-16
      6104.00  4.04069e-16
      6105.00  3.98632e-16
      6106.00  3.86723e-16
      6107.00  3.87021e-16
      6108.00  3.88628e-16
      6109.00  3.89584e-16
      6110.00  3.89841e-16
      6111.00  4.02371e-16
      6112.00  4.02639e-16
      6113.00  4.03900e-16
      6114.00  4.06186e-16
      6115.00  4.06353e-16
      6116.00  4.11267e-16
      6117.00  4.13725e-16
      6118.00  4.13794e-16
      6119.00  4.09711e-16
      6120.00  4.09776e-16
      6121.00  4.04917e-16
      6122.00  3.95659e-16
      6123.00  3.95674e-16
      6124.00  3.97860e-16
      6125.00  3.98868e-16
      6126.00  3.99201e-16
      6127.00  4.17507e-16
      6128.00  4.17477e-16
      6129.00  4.11403e-16
      6130.00  4.00389e-16
      6131.00  4.00357e-16
      6132.00  4.01572e-16
      6133.00  4.02102e-16
      6134.00  4.02027e-16
      6135.00  4.00003e-16
      6136.00  3.99994e-16
      6137.00  3.98966e-16
      6138.00  3.97163e-16
      6139.00  3.97175e-16
      6140.00  4.11355e-16
      6141.00  4.17529e-16
      6142.00  4.17632e-16
      6143.00  4.19879e-16
      6144.00  4.19916e-16
      6145.00  4.21160e-16
      6146.00  4.23278e-16
      6147.00  4.23316e-16
      6148.00  4.19336e-16
      6149.00  4.17659e-16
      6150.00  4.17817e-16
      6151.00  4.21380e-16
      6152.00  4.21392e-16
      6153.00  4.15771e-16
      6154.00  4.06186e-16
      6155.00  4.06168e-16
      6156.00  4.16184e-16
      6157.00  4.20370e-16
      6158.00  4.20246e-16
      6159.00  4.18394e-16
      6160.00  4.18313e-16
      6161.00  4.12798e-16
      6162.00  4.03491e-16
      6163.00  4.03377e-16
      6164.00  4.12588e-16
      6165.00  4.16376e-16
      6166.00  4.15763e-16
      6167.00  4.03542e-16
      6168.00  4.03374e-16
      6169.00  4.09870e-16
      6170.00  4.21070e-16
      6171.00  4.20867e-16
      6172.00  4.08965e-16
      6173.00  4.03789e-16
      6174.00  4.03973e-16
      6175.00  4.15043e-16
      6176.00  4.14813e-16
      6177.00  4.10509e-16
      6178.00  4.03225e-16
      6179.00  4.02991e-16
      6180.00  3.93555e-16
      6181.00  3.89338e-16
      6182.00  3.89465e-16
      6183.00  4.01106e-16
      6184.00  4.00868e-16
      6185.00  3.98683e-16
      6186.00  3.94994e-16
      6187.00  3.94764e-16
      6188.00  4.12242e-16
      6189.00  4.19904e-16
      6190.00  4.19394e-16
      6191.00  4.07013e-16
      6192.00  4.06798e-16
      6193.00  3.99093e-16
      6194.00  3.85153e-16
      6195.00  3.84970e-16
      6196.00  3.72140e-16
      6197.00  3.66113e-16
      6198.00  3.66666e-16
      6199.00  4.18574e-16
      6200.00  4.18423e-16
      6201.00  4.09428e-16
      6202.00  3.92345e-16
      6203.00  3.92248e-16
      6204.00  3.93427e-16
      6205.00  3.93966e-16
      6206.00  3.93872e-16
      6207.00  3.82427e-16
      6208.00  3.82379e-16
      6209.00  3.90946e-16
      6210.00  4.08271e-16
      6211.00  4.08247e-16
      6212.00  3.87058e-16
      6213.00  3.76160e-16
      6214.00  3.76156e-16
      6215.00  4.03727e-16
      6216.00  4.04037e-16
      6217.00  3.95511e-16
      6218.00  3.77181e-16
      6219.00  3.77193e-16
      6220.00  3.94636e-16
      6221.00  4.04206e-16
      6222.00  4.04215e-16
      6223.00  3.70258e-16
      6224.00  3.69345e-16
      6225.00  3.69334e-16
      6226.00  3.69312e-16
      6227.00  3.69284e-16
      6228.00  3.73839e-16
      6229.00  3.76493e-16
      6230.00  3.76426e-16
      6231.00  3.82472e-16
      6232.00  3.82649e-16
      6233.00  3.80251e-16
      6234.00  3.74360e-16
      6235.00  3.74209e-16
      6236.00  3.63226e-16
      6237.00  3.56153e-16
      6238.00  3.55960e-16
      6239.00  3.40512e-16
      6240.00  3.39280e-16
      6241.00  3.46674e-16
      6242.00  3.67691e-16
      6243.00  3.67426e-16
      6244.00  3.51335e-16
      6245.00  3.40079e-16
      6246.00  3.39815e-16
      6247.00  3.56624e-16
      6248.00  3.57910e-16
      6249.00  3.48226e-16
      6250.00  3.18462e-16
      6251.00  3.18219e-16
      6252.00  3.24100e-16
      6253.00  3.28531e-16
      6254.00  3.28300e-16
      6255.00  3.37050e-16
      6256.00  3.37912e-16
      6257.00  3.36966e-16
      6258.00  3.34120e-16
      6259.00  3.33935e-16
      6260.00  3.31723e-16
      6261.00  3.29842e-16
      6262.00  3.29693e-16
      6263.00  3.19907e-16
      6264.00  3.18303e-16
      6265.00  3.16058e-16
      6266.00  3.06941e-16
      6267.00  3.06850e-16
      6268.00  3.18383e-16
      6269.00  3.29222e-16
      6270.00  3.29150e-16
      6271.00  3.23501e-16
      6272.00  3.22376e-16
      6273.00  3.20580e-16
      6274.00  3.11584e-16
      6275.00  3.11544e-16
      6276.00  3.09307e-16
      6277.00  3.06954e-16
      6278.00  3.06924e-16
      6279.00  3.18806e-16
      6280.00  3.21576e-16
      6281.00  3.20821e-16
      6282.00  3.16038e-16
      6283.00  3.16011e-16
      6284.00  3.18746e-16
      6285.00  3.22016e-16
      6286.00  3.21982e-16
      6287.00  3.18456e-16
      6288.00  3.17418e-16
      6289.00  3.18876e-16
      6290.00  3.32306e-16
      6291.00  3.32237e-16
      6292.00  3.26839e-16
      6293.00  3.19486e-16
      6294.00  3.19387e-16
      6295.00  3.39056e-16
      6296.00  3.45705e-16
      6297.00  3.45399e-16
      6298.00  3.43072e-16
      6299.00  3.42884e-16
      6300.00  3.38216e-16
      6301.00  3.30949e-16
      6302.00  3.30710e-16
      6303.00  3.42126e-16
      6304.00  3.46627e-16
      6305.00  3.45485e-16
      6306.00  3.18312e-16
      6307.00  3.17985e-16
      6308.00  3.26382e-16
      6309.00  3.42182e-16
      6310.00  3.41772e-16
      6311.00  3.25906e-16
      6312.00  3.17930e-16
      6313.00  3.17505e-16
      6314.00  3.24226e-16
      6315.00  3.23830e-16
      6316.00  3.27409e-16
      6317.00  3.35855e-16
      6318.00  3.35358e-16
      6319.00  3.35785e-16
      6320.00  3.35822e-16
      6321.00  3.35319e-16
      6322.00  3.44708e-16
      6323.00  3.44704e-16
      6324.00  3.40986e-16
      6325.00  3.31843e-16
      6326.00  3.31371e-16
      6327.00  3.42333e-16
      6328.00  3.49803e-16
      6329.00  3.49340e-16
      6330.00  3.28573e-16
      6331.00  3.26127e-16
      6332.00  3.31406e-16
      6333.00  3.50253e-16
      6334.00  3.49868e-16
      6335.00  3.54969e-16
      6336.00  3.59156e-16
      6337.00  3.58814e-16
      6338.00  3.50462e-16
      6339.00  3.48904e-16
      6340.00  3.46849e-16
      6341.00  3.38641e-16
      6342.00  3.38399e-16
      6343.00  3.41741e-16
      6344.00  3.45089e-16
      6345.00  3.44886e-16
      6346.00  3.52462e-16
      6347.00  3.54008e-16
      6348.00  3.51387e-16
      6349.00  3.35591e-16
      6350.00  3.35449e-16
      6351.00  3.38609e-16
      6352.00  3.42464e-16
      6353.00  3.42342e-16
      6354.00  3.57430e-16
      6355.00  3.61866e-16
      6356.00  3.63124e-16
      6357.00  3.77524e-16
      6358.00  3.77411e-16
      6359.00  3.67939e-16
      6360.00  3.53959e-16
      6361.00  3.53851e-16
      6362.00  3.66042e-16
      6363.00  3.70725e-16
      6364.00  3.69696e-16
      6365.00  3.44843e-16
      6366.00  3.44715e-16
      6367.00  3.51291e-16
      6368.00  3.63542e-16
      6369.00  3.63383e-16
      6370.00  3.63608e-16
      6371.00  3.63629e-16
      6372.00  3.63446e-16
      6373.00  3.72334e-16
      6374.00  3.72296e-16
      6375.00  3.70517e-16
      6376.00  3.66599e-16
      6377.00  3.66382e-16
      6378.00  3.66546e-16
      6379.00  3.66566e-16
      6380.00  3.66341e-16
      6381.00  3.67137e-16
      6382.00  3.66992e-16
      6383.00  3.73068e-16
      6384.00  3.92589e-16
      6385.00  3.92354e-16
      6386.00  3.88637e-16
      6387.00  3.85631e-16
      6388.00  3.85413e-16
      6389.00  3.83544e-16
      6390.00  3.83090e-16
      6391.00  3.82212e-16
      6392.00  3.79024e-16
      6393.00  3.78835e-16
      6394.00  3.82191e-16
      6395.00  3.85581e-16
      6396.00  3.85406e-16
      6397.00  3.88728e-16
      6398.00  3.89375e-16
      6399.00  3.92726e-16
      6400.00  4.17253e-16
      6401.00  4.17093e-16
      6402.00  4.02619e-16
      6403.00  3.84074e-16
      6404.00  3.83946e-16
      6405.00  3.94569e-16
      6406.00  3.98027e-16
      6407.00  3.98599e-16
      6408.00  4.08628e-16
      6409.00  4.08535e-16
      6410.00  4.16671e-16
      6411.00  4.30274e-16
      6412.00  4.30207e-16
      6413.00  4.12725e-16
      6414.00  4.04759e-16
      6415.00  4.04726e-16
      6416.00  4.32034e-16
      6417.00  4.32036e-16
      6418.00  4.31905e-16
      6419.00  4.31632e-16
      6420.00  4.31642e-16
      6421.00  4.38773e-16
      6422.00  4.43110e-16
      6423.00  4.43142e-16
      6424.00  4.40083e-16
      6425.00  4.39906e-16
      6426.00  4.40339e-16
      6427.00  4.41582e-16
      6428.00  4.41639e-16
      6429.00  4.43063e-16
      6430.00  4.44218e-16
      6431.00  4.44288e-16
      6432.00  4.30789e-16
      6433.00  4.28773e-16
      6434.00  4.35236e-16
      6435.00  4.65032e-16
      6436.00  4.65131e-16
      6437.00  4.65632e-16
      6438.00  4.66159e-16
      6439.00  4.66271e-16
      6440.00  4.83975e-16
      6441.00  4.88577e-16
      6442.00  4.87581e-16
      6443.00  4.78336e-16
      6444.00  4.78454e-16
      6445.00  4.71796e-16
      6446.00  4.62408e-16
      6447.00  4.62507e-16
      6448.00  4.82157e-16
      6449.00  4.89639e-16
      6450.00  4.89505e-16
      6451.00  4.83698e-16
      6452.00  4.83753e-16
      6453.00  4.87669e-16
      6454.00  4.95098e-16
      6455.00  4.95119e-16
      6456.00  4.90769e-16
      6457.00  4.88447e-16
      6458.00  4.88442e-16
      6459.00  5.09485e-16
      6460.00  5.10327e-16
      6461.00  5.11486e-16
      6462.00  5.14663e-16
      6463.00  5.14645e-16
      6464.00  5.22463e-16
      6465.00  5.28189e-16
      6466.00  5.28182e-16
      6467.00  5.16109e-16
      6468.00  5.14545e-16
      6469.00  5.13227e-16
      6470.00  5.07679e-16
      6471.00  5.07699e-16
      6472.00  5.12035e-16
      6473.00  5.16373e-16
      6474.00  5.16403e-16
      6475.00  5.24824e-16
      6476.00  5.26857e-16
      6477.00  5.28250e-16
      6478.00  5.38883e-16
      6479.00  5.38897e-16
      6480.00  5.30403e-16
      6481.00  5.18705e-16
      6482.00  5.18694e-16
      6483.00  5.42967e-16
      6484.00  5.52035e-16
      6485.00  5.51514e-16
      6486.00  5.37839e-16
      6487.00  5.37778e-16
      6488.00  5.39018e-16
      6489.00  5.41485e-16
      6490.00  5.41405e-16
      6491.00  5.47270e-16
      6492.00  5.50447e-16
      6493.00  5.50366e-16
      6494.00  5.39976e-16
      6495.00  5.39380e-16
      6496.00  5.42963e-16
      6497.00  5.53444e-16
      6498.00  5.53404e-16
      6499.00  5.62875e-16
      6500.00  5.70256e-16
      6501.00  5.70264e-16
      6502.00  5.48238e-16
      6503.00  5.44907e-16
      6504.00  5.52055e-16
      6505.00  5.86209e-16
      6506.00  5.86312e-16
      6507.00  5.77419e-16
      6508.00  5.67662e-16
      6509.00  5.67808e-16
      6510.00  5.64019e-16
      6511.00  5.63081e-16
      6512.00  5.63413e-16
      6513.00  5.65251e-16
      6514.00  5.65440e-16
      6515.00  5.75066e-16
      6516.00  5.90057e-16
      6517.00  5.90253e-16
      6518.00  5.79584e-16
      6519.00  5.74959e-16
      6520.00  5.75132e-16
      6521.00  5.71689e-16
      6522.00  5.71830e-16
      6523.00  5.73172e-16
      6524.00  5.76102e-16
      6525.00  5.76221e-16
      6526.00  5.73549e-16
      6527.00  5.71818e-16
      6528.00  5.71903e-16
      6529.00  5.75377e-16
      6530.00  5.75798e-16
      6531.00  5.71936e-16
      6532.00  5.57137e-16
      6533.00  5.57193e-16
      6534.00  5.61206e-16
      6535.00  5.65043e-16
      6536.00  5.65109e-16
      6537.00  5.68103e-16
      6538.00  5.68855e-16
      6539.00  5.70446e-16
      6540.00  5.81946e-16
      6541.00  5.82077e-16
      6542.00  5.72503e-16
      6543.00  5.59121e-16
      6544.00  5.59302e-16
      6545.00  5.41813e-16
      6546.00  5.35131e-16
      6547.00  5.35552e-16
      6548.00  5.44618e-16
      6549.00  5.44892e-16
      6550.00  5.49219e-16
      6551.00  5.58016e-16
      6552.00  5.58342e-16
      6553.00  5.53504e-16
      6554.00  5.50716e-16
      6555.00  5.51058e-16
      6556.00  5.53582e-16
      6557.00  5.54103e-16
      6558.00  5.54071e-16
      6559.00  5.53129e-16
      6560.00  5.53441e-16
      6561.00  5.55017e-16
      6562.00  5.56452e-16
      6563.00  5.56708e-16
      6564.00  5.39098e-16
      6565.00  5.35523e-16
      6566.00  5.34916e-16
      6567.00  5.29656e-16
      6568.00  5.29764e-16
      6569.00  5.21575e-16
      6570.00  5.10450e-16
      6571.00  5.10468e-16
      6572.00  5.20209e-16
      6573.00  5.23869e-16
      6574.00  5.23639e-16
      6575.00  5.17005e-16
      6576.00  5.16888e-16
      6577.00  5.02152e-16
      6578.00  4.71482e-16
      6579.00  4.71315e-16
      6580.00  4.73428e-16
      6581.00  4.74619e-16
      6582.00  4.74400e-16
      6583.00  4.79763e-16
      6584.00  4.79991e-16
      6585.00  4.77518e-16
      6586.00  4.69407e-16
      6587.00  4.69125e-16
      6588.00  4.57572e-16
      6589.00  4.46811e-16
      6590.00  4.46509e-16
      6591.00  4.37952e-16
      6592.00  4.35781e-16
      6593.00  4.34284e-16
      6594.00  4.24879e-16
      6595.00  4.24542e-16
      6596.00  4.27903e-16
      6597.00  4.32830e-16
      6598.00  4.32460e-16
      6599.00  4.27595e-16
      6600.00  4.25379e-16
      6601.00  4.25004e-16
      6602.00  4.24991e-16
      6603.00  4.24603e-16
      6604.00  4.21162e-16
      6605.00  4.13792e-16
      6606.00  4.13407e-16
      6607.00  4.11351e-16
      6608.00  4.09858e-16
      6609.00  4.09475e-16
      6610.00  3.84869e-16
      6611.00  3.81752e-16
      6612.00  3.74843e-16
      6613.00  3.47305e-16
      6614.00  3.46986e-16
      6615.00  3.57692e-16
      6616.00  3.68809e-16
      6617.00  3.68473e-16
      6618.00  3.53756e-16
      6619.00  3.49532e-16
      6620.00  3.49355e-16
      6621.00  3.50647e-16
      6622.00  3.50318e-16
      6623.00  3.48803e-16
      6624.00  3.46523e-16
      6625.00  3.46185e-16
      6626.00  3.19873e-16
      6627.00  3.06977e-16
      6628.00  3.06662e-16
      6629.00  3.05034e-16
      6630.00  3.04670e-16
      6631.00  3.05171e-16
      6632.00  3.07143e-16
      6633.00  3.06809e-16
      6634.00  2.97986e-16
      6635.00  2.90966e-16
      6636.00  2.90649e-16
      6637.00  2.94873e-16
      6638.00  2.95337e-16
      6639.00  2.92023e-16
      6640.00  2.74437e-16
      6641.00  2.74161e-16
      6642.00  2.71438e-16
      6643.00  2.68087e-16
      6644.00  2.67843e-16
      6645.00  2.55084e-16
      6646.00  2.50387e-16
      6647.00  2.50063e-16
      6648.00  2.45794e-16
      6649.00  2.45619e-16
      6650.00  2.42438e-16
      6651.00  2.35986e-16
      6652.00  2.35845e-16
      6653.00  2.40777e-16
      6654.00  2.43788e-16
      6655.00  2.43664e-16
      6656.00  2.25204e-16
      6657.00  2.23293e-16
      6658.00  2.23425e-16
      6659.00  2.24245e-16
      6660.00  2.24142e-16
      6661.00  2.22870e-16
      6662.00  2.21580e-16
      6663.00  2.21474e-16
      6664.00  2.18425e-16
      6665.00  2.17527e-16
      6666.00  2.17008e-16
      6667.00  2.12325e-16
      6668.00  2.12202e-16
      6669.00  2.09268e-16
      6670.00  2.04432e-16
      6671.00  2.04299e-16
      6672.00  2.00662e-16
      6673.00  1.98765e-16
      6674.00  1.98620e-16
      6675.00  1.82149e-16
      6676.00  1.81283e-16
      6677.00  1.84643e-16
      6678.00  1.95053e-16
      6679.00  1.94889e-16
      6680.00  1.87714e-16
      6681.00  1.81596e-16
      6682.00  1.81433e-16
      6683.00  1.81389e-16
      6684.00  1.81246e-16
      6685.00  1.83622e-16
      6686.00  2.01637e-16
      6687.00  2.01442e-16
      6688.00  1.95757e-16
      6689.00  1.87789e-16
      6690.00  1.87602e-16
      6691.00  1.83119e-16
      6692.00  1.81132e-16
      6693.00  1.80949e-16
      6694.00  1.78021e-16
      6695.00  1.77826e-16
      6696.00  1.75843e-16
      6697.00  1.71140e-16
      6698.00  1.70971e-16
      6699.00  1.65150e-16
      6700.00  1.60814e-16
      6701.00  1.60663e-16
      6702.00  1.74411e-16
      6703.00  1.76429e-16
      6704.00  1.77386e-16
      6705.00  1.83314e-16
      6706.00  1.83169e-16
      6707.00  1.63130e-16
      6708.00  1.38080e-16
      6709.00  1.37989e-16
      6710.00  1.38335e-16
      6711.00  1.38415e-16
      6712.00  1.38517e-16
      6713.00  1.46123e-16
      6714.00  1.46065e-16
      6715.00  1.43324e-16
      6716.00  1.37316e-16
      6717.00  1.37284e-16
      6718.00  1.35289e-16
      6719.00  1.33954e-16
      6720.00  1.33941e-16
      6721.00  1.23564e-16
      6722.00  1.22250e-16
      6723.00  1.22922e-16
      6724.00  1.26071e-16
      6725.00  1.26076e-16
      6726.00  1.22929e-16
      6727.00  1.19295e-16
      6728.00  1.19303e-16
      6729.00  1.26589e-16
      6730.00  1.28998e-16
      6731.00  1.29028e-16
      6732.00  1.29640e-16
      6733.00  1.29643e-16
      6734.00  1.25982e-16
      6735.00  1.18445e-16
      6736.00  1.18444e-16
      6737.00  1.23901e-16
      6738.00  1.27327e-16
      6739.00  1.27325e-16
      6740.00  1.31727e-16
      6741.00  1.32208e-16
      6742.00  1.27311e-16
      6743.00  1.06181e-16
      6744.00  1.06184e-16
      6745.00  1.09487e-16
      6746.00  1.13142e-16
      6747.00  1.13152e-16
      6748.00  1.11711e-16
      6749.00  1.11270e-16
      6750.00  1.10945e-16
      6751.00  1.04123e-16
      6752.00  1.04142e-16
      6753.00  1.06566e-16
      6754.00  1.11392e-16
      6755.00  1.11415e-16
      6756.00  1.09418e-16
      6757.00  1.08199e-16
      6758.00  1.08218e-16
      6759.00  8.50062e-17
      6760.00  8.25817e-17
      6761.00  8.73079e-17
      6762.00  1.07352e-16
      6763.00  1.07354e-16
      6764.00  1.02089e-16
      6765.00  9.62858e-17
      6766.00  9.62708e-17
      6767.00  1.04692e-16
      6768.00  1.07313e-16
      6769.00  1.06717e-16
      6770.00  9.51105e-17
      6771.00  9.50592e-17
      6772.00  9.61165e-17
      6773.00  9.83085e-17
      6774.00  9.82299e-17
      6775.00  9.88358e-17
      6776.00  9.91733e-17
      6777.00  9.90696e-17
      6778.00  9.71845e-17
      6779.00  9.68711e-17
      6780.00  9.95536e-17
      6781.00  1.11887e-16
      6782.00  1.11741e-16
      6783.00  1.08407e-16
      6784.00  1.04638e-16
      6785.00  1.04503e-16
      6786.00  1.06157e-16
      6787.00  1.06621e-16
      6788.00  1.05778e-16
      6789.00  8.54426e-17
      6790.00  8.53662e-17
      6791.00  8.77160e-17
      6792.00  9.28407e-17
      6793.00  9.27999e-17
      6794.00  8.85267e-17
      6795.00  8.56995e-17
      6796.00  8.57091e-17
      6797.00  1.01014e-16
      6798.00  1.03071e-16
      6799.00  1.02583e-16
      6800.00  9.98795e-17
      6801.00  9.99807e-17
      6802.00  1.00232e-16
      6803.00  1.00528e-16
      6804.00  1.00671e-16
      6805.00  1.01399e-16
      6806.00  1.01773e-16
      6807.00  1.01901e-16
      6808.00  9.91800e-17
      6809.00  9.93501e-17
      6810.00  9.98803e-17
      6811.00  1.00908e-16
      6812.00  1.01076e-16
      6813.00  1.05164e-16
      6814.00  1.08204e-16
      6815.00  1.08365e-16
      6816.00  1.01247e-16
      6817.00  1.00189e-16
      6818.00  1.01454e-16
      6819.00  1.08553e-16
      6820.00  1.08673e-16
      6821.00  1.08651e-16
      6822.00  1.08572e-16
      6823.00  1.08671e-16
      6824.00  1.00019e-16
      6825.00  9.63975e-17
      6826.00  9.64728e-17
      6827.00  1.16561e-16
      6828.00  1.16982e-16
      6829.00  1.15603e-16
      6830.00  1.11604e-16
      6831.00  1.11686e-16
      6832.00  1.08458e-16
      6833.00  1.05361e-16
      6834.00  1.05412e-16
      6835.00  1.02070e-16
      6836.00  1.01398e-16
      6837.00  1.01949e-16
      6838.00  1.06279e-16
      6839.00  1.06331e-16
      6840.00  1.06762e-16
      6841.00  1.07421e-16
      6842.00  1.07474e-16
      6843.00  9.56571e-17
      6844.00  8.97065e-17
      6845.00  8.97504e-17
      6846.00  9.78181e-17
      6847.00  9.83430e-17
      6848.00  9.92869e-17
      6849.00  1.02454e-16
      6850.00  1.02505e-16
      6851.00  1.04856e-16
      6852.00  1.07188e-16
      6853.00  1.07240e-16
      6854.00  1.07200e-16
      6855.00  1.07227e-16
      6856.00  1.06670e-16
      6857.00  9.71591e-17
      6858.00  9.72070e-17
      6859.00  9.95849e-17
      6860.00  1.04190e-16
      6861.00  1.04242e-16
      6862.00  1.02321e-16
      6863.00  1.01146e-16
      6864.00  1.01196e-16
      6865.00  1.08963e-16
      6866.00  1.09923e-16
      6867.00  1.07045e-16
      6868.00  9.30648e-17
      6869.00  9.31110e-17
      6870.00  9.46566e-17
      6871.00  9.65322e-17
      6872.00  9.65803e-17
      6873.00  9.53079e-17
      6874.00  9.48624e-17
      6875.00  9.48681e-17
      6876.00  8.75865e-17
      6877.00  8.76302e-17
      6878.00  8.88524e-17
      6879.00  9.18859e-17
      6880.00  9.19319e-17
      6881.00  9.17184e-17
      6882.00  9.15602e-17
      6883.00  9.16061e-17
      6884.00  1.03776e-16
      6885.00  1.06196e-16
      6886.00  1.04967e-16
      6887.00  9.49855e-17
      6888.00  9.50332e-17
      6889.00  9.47532e-17
      6890.00  9.42874e-17
      6891.00  9.43349e-17
      6892.00  9.63742e-17
      6893.00  9.74219e-17
      6894.00  9.74711e-17
      6895.00  1.06045e-16
      6896.00  1.06622e-16
      6897.00  1.03038e-16
      6898.00  9.00307e-17
      6899.00  9.00763e-17
      6900.00  9.28799e-17
      6901.00  9.57568e-17
      6902.00  9.58054e-17
      6903.00  9.71843e-17
      6904.00  9.76330e-17
      6905.00  9.71009e-17
      6906.00  8.46639e-17
      6907.00  8.47070e-17
      6908.00  9.00027e-17
      6909.00  1.01233e-16
      6910.00  1.01284e-16
      6911.00  9.75026e-17
      6912.00  9.49377e-17
      6913.00  9.49863e-17
      6914.00  9.51166e-17
      6915.00  9.51775e-17
      6916.00  9.63192e-17
      6917.00  1.02870e-16
      6918.00  1.02923e-16
      6919.00  1.07560e-16
      6920.00  1.13991e-16
      6921.00  1.14049e-16
      6922.00  1.22846e-16
      6923.00  1.26789e-16
      6924.00  1.26855e-16
      6925.00  9.18252e-17
      6926.00  9.06588e-17
      6927.00  9.61495e-17
      6928.00  1.13407e-16
      6929.00  1.13466e-16
      6930.00  1.11168e-16
      6931.00  1.08997e-16
      6932.00  1.09054e-16
      6933.00  1.10227e-16
      6934.00  1.10586e-16
      6935.00  1.11418e-16
      6936.00  1.23448e-16
      6937.00  1.23512e-16
      6938.00  1.18979e-16
      6939.00  1.09865e-16
      6940.00  1.09922e-16
      6941.00  1.14851e-16
      6942.00  1.18069e-16
      6943.00  1.18131e-16
      6944.00  1.21717e-16
      6945.00  1.22264e-16
      6946.00  1.23468e-16
      6947.00  1.29893e-16
      6948.00  1.29961e-16
      6949.00  1.30169e-16
      6950.00  1.30427e-16
      6951.00  1.30495e-16
      6952.00  1.19785e-16
      6953.00  1.15150e-16
      6954.00  1.15211e-16
      6955.00  1.12747e-16
      6956.00  1.12724e-16
      6957.00  1.22159e-16
      6958.00  1.51864e-16
      6959.00  1.51944e-16
      6960.00  1.33802e-16
      6961.00  1.16496e-16
      6962.00  1.16557e-16
      6963.00  1.23456e-16
      6964.00  1.25412e-16
      6965.00  1.25719e-16
      6966.00  1.29946e-16
      6967.00  1.30015e-16
      6968.00  1.32803e-16
      6969.00  1.38505e-16
      6970.00  1.38579e-16
      6971.00  1.30437e-16
      6972.00  1.24950e-16
      6973.00  1.25017e-16
      6974.00  1.30464e-16
      6975.00  1.31357e-16
      6976.00  1.31957e-16
      6977.00  1.35342e-16
      6978.00  1.35414e-16
      6979.00  1.31062e-16
      6980.00  1.24714e-16
      6981.00  1.24289e-16
      6982.00  1.32152e-16
      6983.00  1.36000e-16
      6984.00  1.36213e-16
      6985.00  1.55107e-16
      6986.00  1.56373e-16
      6987.00  1.52690e-16
      6988.00  1.38815e-16
      6989.00  1.39030e-16
      6990.00  1.32742e-16
      6991.00  1.26102e-16
      6992.00  1.26278e-16
      6993.00  1.25671e-16
      6994.00  1.25579e-16
      6995.00  1.26581e-16
      6996.00  1.58317e-16
      6997.00  1.58473e-16
      6998.00  1.54018e-16
      6999.00  1.43174e-16
      7000.00  1.43276e-16
      7001.00  1.44503e-16
      7002.00  1.45459e-16
      7003.00  1.45524e-16
      7004.00  1.29765e-16
      7005.00  1.26634e-16
      7006.00  1.31169e-16
      7007.00  1.71041e-16
      7008.00  1.71059e-16
      7009.00  1.66541e-16
      7010.00  1.58831e-16
      7011.00  1.58828e-16
      7012.00  1.69070e-16
      7013.00  1.74871e-16
      7014.00  1.74858e-16
      7015.00  1.72082e-16
      7016.00  1.71781e-16
      7017.00  1.64865e-16
      7018.00  1.32057e-16
      7019.00  1.32050e-16
      7020.00  1.47884e-16
      7021.00  1.67917e-16
      7022.00  1.67920e-16
      7023.00  1.71230e-16
      7024.00  1.72598e-16
      7025.00  1.72615e-16
      7026.00  1.82029e-16
      7027.00  1.82286e-16
      7028.00  1.79290e-16
      7029.00  1.69903e-16
      7030.00  1.69941e-16
      7031.00  1.73764e-16
      7032.00  1.77440e-16
      7033.00  1.77486e-16
      7034.00  1.79169e-16
      7035.00  1.79686e-16
      7036.00  1.79843e-16
      7037.00  1.82277e-16
      7038.00  1.82324e-16
      7039.00  1.79248e-16
      7040.00  1.73162e-16
      7041.00  1.73245e-16
      7042.00  1.77596e-16
      7043.00  1.80824e-16
      7044.00  1.80911e-16
      7045.00  1.94668e-16
      7046.00  1.97328e-16
      7047.00  1.95323e-16
      7048.00  1.78040e-16
      7049.00  1.78126e-16
      7050.00  1.83865e-16
      7051.00  1.93440e-16
      7052.00  1.93534e-16
      7053.00  1.97398e-16
      7054.00  1.99625e-16
      7055.00  1.99722e-16
      7056.00  2.04032e-16
      7057.00  2.04578e-16
      7058.00  2.02781e-16
      7059.00  1.93577e-16
      7060.00  1.93671e-16
      7061.00  1.95303e-16
      7062.00  1.97402e-16
      7063.00  1.97499e-16
      7064.00  2.12691e-16
      7065.00  2.19295e-16
      7066.00  2.19402e-16
      7067.00  2.18126e-16
      7068.00  2.18180e-16
      7069.00  2.16548e-16
      7070.00  2.10766e-16
      7071.00  2.10869e-16
      7072.00  2.14162e-16
      7073.00  2.17558e-16
      7074.00  2.17665e-16
      7075.00  2.18863e-16
      7076.00  2.19322e-16
      7077.00  2.19611e-16
      7078.00  2.28500e-16
      7079.00  2.28612e-16
      7080.00  2.32341e-16
      7081.00  2.41579e-16
      7082.00  2.41698e-16
      7083.00  2.42140e-16
      7084.00  2.42526e-16
      7085.00  2.42646e-16
      7086.00  2.62315e-16
      7087.00  2.67007e-16
      7088.00  2.65547e-16
      7089.00  2.45755e-16
      7090.00  2.45877e-16
      7091.00  2.48776e-16
      7092.00  2.54364e-16
      7093.00  2.54490e-16
      7094.00  2.58279e-16
      7095.00  2.60852e-16
      7096.00  2.60982e-16
      7097.00  2.66255e-16
      7098.00  2.67208e-16
      7099.00  2.64856e-16
      7100.00  2.47583e-16
      7101.00  2.47706e-16
      7102.00  2.53627e-16
      7103.00  2.62931e-16
      7104.00  2.63062e-16
      7105.00  2.63220e-16
      7106.00  2.63366e-16
      7107.00  2.63498e-16
      7108.00  2.96756e-16
      7109.00  3.00128e-16
      7110.00  2.97232e-16
      7111.00  2.82826e-16
      7112.00  2.82968e-16
      7113.00  2.97512e-16
      7114.00  3.16395e-16
      7115.00  3.16554e-16
      7116.00  3.10125e-16
      7117.00  3.07404e-16
      7118.00  3.07559e-16
      7119.00  3.17258e-16
      7120.00  3.17843e-16
