5088.509031 1.557928e-18
5090.502854 1.973816e-18
5092.497728 1.473256e-18
5094.493082 1.741955e-18
5096.489416 2.434004e-18
5098.490161 3.088881e-18
5100.485181 1.050769e-18
5102.484769 2.803450e-18
5104.484615 2.195330e-18
5106.486760 2.456833e-18
5108.488012 2.987319e-18
5110.489690 2.186198e-18
5112.493906 2.819852e-18
5114.501090 1.355601e-18
5116.505441 1.624490e-18
5118.514267 2.170668e-18
5120.520640 3.065482e-18
5122.528386 2.011132e-18
5124.538781 8.368007e-19
5126.549122 1.834045e-18
5128.560582 1.224556e-18
5130.572462 9.663479e-19
5132.588821 1.920653e-18
5134.600209 2.376122e-18
5136.615522 2.911378e-18
5138.631758 1.824401e-18
5140.648792 2.317368e-18
5142.669583 3.077038e-18
5144.684687 7.581161e-19
5146.704698 1.466427e-18
5148.725874 1.330737e-18
5150.747216 1.752272e-18
5152.772642 1.416820e-18
5154.794033 1.986224e-18
5156.817252 2.719240e-18
5158.843783 2.411478e-18
5160.868861 1.701064e-18
5162.895396 9.122381e-19
5164.924243 1.465923e-18
5166.949369 1.102286e-18
5168.981020 2.014149e-18
5171.016150 1.201032e-18
5173.047015 1.170158e-18
5175.078294 2.597454e-18
5177.111937 2.339051e-18
5179.145978 1.978798e-18
5181.181141 1.678348e-18
5183.217843 2.609945e-18
5185.258556 1.592717e-18
5187.292911 3.157860e-19
5189.328954 1.035764e-18
5191.370843 1.204244e-18
5193.411280 1.708685e-18
5195.450890 8.606563e-19
5197.496617 3.138980e-18
5199.539216 4.407700e-19
5201.584481 3.061283e-18
5203.629852 3.387360e-18
5205.676069 1.008433e-18
5207.724799 1.612101e-18
5209.770163 1.574539e-18
5211.819979 1.472740e-18
5213.867904 1.257125e-18
5215.919598 2.239441e-18
5217.971337 2.236859e-18
5220.023514 3.168256e-18
5222.076631 2.896355e-18
5224.131388 1.803305e-18
5226.184212 8.517922e-19
5228.245772 1.856651e-18
5230.299971 1.198822e-18
5232.357382 3.148386e-18
5234.416019 3.261407e-18
5236.475940 1.865241e-18
5238.538874 1.277201e-18
5240.597683 2.558733e-18
5242.662957 1.872070e-18
5244.725897 1.716259e-18
5246.783827 1.711243e-18
5248.851102 2.824437e-18
5250.916846 1.366375e-18
5252.988263 2.326898e-18
5255.051467 3.129736e-18
5257.119854 2.257408e-18
5259.187091 2.143540e-18
5261.258586 1.406635e-18
5263.322607 2.825154e-18
5265.401512 6.773497e-19
5267.481216 2.316653e-18
5269.553922 2.545900e-18
5271.624621 2.319532e-18
5273.701463 2.042928e-18
5275.774713 2.182090e-18
5277.856620 3.815072e-18
5279.933232 1.304463e-18
5282.009473 2.548876e-18
5284.094936 3.312881e-18
5286.170712 2.444363e-18
5288.248721 2.952042e-18
5290.340604 2.535730e-18
5292.421254 3.608663e-18
5294.501332 3.572440e-18
5296.585439 1.909095e-18
5298.676697 1.466026e-18
5300.757690 3.813892e-18
5302.846237 3.453154e-18
5304.939417 1.903675e-18
5307.021355 2.915751e-18
5309.114254 4.146960e-18
5311.205281 2.007104e-18
5313.291135 2.066507e-18
5315.391047 3.288564e-18
5317.484219 1.657752e-18
5319.584752 2.797539e-18
5321.681945 3.131291e-18
5323.774822 1.885285e-18
5325.872068 2.947941e-18
5327.965462 3.843505e-18
5330.067418 2.593164e-18
5332.163845 3.011537e-18
5334.266669 3.384584e-18
5336.365695 3.856200e-18
5338.460115 2.807148e-18
5340.566119 3.327760e-18
5342.674592 4.397174e-18
5344.782251 3.300297e-18
5346.882690 4.146417e-18
5348.985037 3.743942e-18
5351.107734 2.664155e-18
5353.199648 3.861937e-18
5355.316941 3.316237e-18
5357.422860 3.160429e-18
5359.534443 2.883152e-18
5361.648787 2.034639e-18
5363.753312 3.799807e-18
5365.872860 2.443910e-18
5367.980911 2.338010e-18
5370.100129 3.001657e-18
5372.225084 7.611877e-19
5374.329670 3.118552e-18
5376.447361 4.504789e-18
5378.568708 4.528150e-18
5380.691685 3.656562e-18
5382.808615 2.975826e-18
5384.929260 2.826622e-18
5387.051915 3.175833e-18
5389.166237 2.903343e-18
5391.306608 3.138467e-18
5393.415870 2.525059e-18
5395.540197 3.111601e-18
5397.671588 3.552361e-18
5399.797177 3.612470e-18
5401.913441 2.821650e-18
5404.045813 2.743737e-18
5406.178345 3.464518e-18
5408.307558 2.367580e-18
5410.441549 2.806351e-18
5412.572391 2.753638e-18
5414.712717 3.560365e-18
5416.836624 2.228559e-18
5418.973472 2.089666e-18
5421.111635 2.991097e-18
5423.249534 2.583042e-18
5425.380231 2.398620e-18
5427.518544 2.254948e-18
5429.660807 3.695194e-18
5431.794319 2.933016e-18
5433.931408 1.972204e-18
5436.069551 1.992702e-18
5438.215769 2.394449e-18
5440.355160 2.807505e-18
5442.502116 3.301671e-18
5444.645093 2.941726e-18
5446.793697 1.732187e-18
5448.936065 2.091354e-18
5451.081501 2.485782e-18
5453.228454 1.587126e-18
5455.375299 2.360668e-18
5457.525614 2.394642e-18
5459.677387 2.708188e-18
5461.822311 2.111476e-18
5463.971795 3.024138e-18
5466.128757 1.907170e-18
5468.281249 2.689240e-18
5470.439265 1.533265e-18
5472.588675 1.731854e-18
5474.744378 3.066128e-18
5476.900424 2.884735e-18
5479.057706 8.792771e-19
5481.219251 1.875702e-18
5483.369486 1.270425e-18
5485.532602 1.741659e-18
5487.692634 3.376777e-18
5489.852960 3.194607e-18
5492.014367 2.024579e-18
5494.177363 2.310294e-18
5496.340280 2.901749e-18
5498.508037 2.731062e-18
5500.673334 1.495663e-18
5502.833709 2.568567e-18
5505.000931 9.352774e-19
5507.168229 1.772234e-18
5509.337051 1.335699e-18
5511.510630 3.388389e-18
5513.670402 2.729861e-18
5515.844332 2.232226e-18
5518.016352 6.914660e-19
5520.189821 1.461988e-18
5522.357881 1.975812e-18
5524.539162 1.785695e-18
5526.708778 1.509935e-18
5528.883528 1.781770e-18
5531.064541 1.850282e-18
5533.236855 1.488135e-18
5535.413549 1.842516e-18
5537.595359 2.049180e-18
5539.768908 2.067643e-18
5541.950957 8.290682e-19
5544.131873 1.285458e-18
5546.312991 1.530499e-18
5548.493659 1.301873e-19
5550.679245 2.025052e-18
5552.866023 1.999977e-18
5555.046849 2.227031e-18
5557.231898 1.435629e-18
5559.417395 7.629479e-19
5561.604070 2.515241e-18
5563.791884 1.404683e-18
5565.980890 3.137878e-18
5568.170033 1.682570e-18
5570.355332 2.593646e-18
5572.548029 -3.495342e-18
5574.741219 -1.222930e-18
5576.934456 1.635435e-18
5579.127707 -8.649279e-19
5581.322999 5.943351e-18
5583.519970 6.223103e-18
5585.716614 6.965379e-19
5587.906797 1.340786e-18
5590.103377 9.785455e-19
5592.302597 1.585287e-18
5594.500270 1.317965e-18
5596.699496 1.629465e-18
5598.898675 2.254274e-18
5601.098647 8.867118e-19
5603.301379 1.185675e-18
5605.503808 1.522236e-18
5607.707028 1.209970e-18
5609.910185 1.677474e-18
5612.115999 1.087942e-18
5614.319721 1.510328e-18
5616.526661 7.348983e-19
5618.733188 9.419687e-19
5620.939790 2.048335e-18
5623.146371 1.073869e-18
5625.359528 -1.531254e-20
5627.568725 8.450658e-19
5629.779932 6.936335e-19
5632.004344 1.907717e-18
5634.219185 5.217917e-19
5636.429867 4.750942e-19
5638.642510 1.262964e-18
5640.842038 7.610437e-19
5643.058282 2.147894e-18
5645.274583 1.019041e-18
5647.490516 1.572250e-18
5649.707887 2.308413e-18
5651.926789 1.134926e-18
5654.144713 2.207322e-18
5656.366614 1.161698e-18
5658.585395 4.089575e-19
5660.805256 1.074411e-18
5663.027350 1.131933e-18
5665.254482 2.143820e-18
5667.473627 2.736963e-19
5669.697869 2.512534e-19
5671.920991 1.607514e-18
5674.146283 2.105914e-19
5676.375433 7.992230e-19
5678.602872 7.626952e-19
5680.827732 1.038441e-18
5683.058820 -2.531543e-20
5685.288286 1.978572e-18
5687.514467 3.325433e-19
5689.749749 1.404589e-18
5691.980670 9.797909e-19
5694.213178 7.946942e-19
5696.445678 2.858379e-19
5698.679431 1.929294e-18
5700.913348 7.055691e-19
5703.149708 2.150837e-18
5705.385282 1.713384e-19
5707.622063 7.364611e-19
5709.859284 9.154334e-19
5712.097050 9.498479e-19
5714.335807 8.760530e-20
5716.576001 4.662251e-19
5718.816411 1.883815e-19
5721.063052 1.308080e-18
5723.298880 6.879518e-20
5725.539150 3.702831e-19
5727.785142 5.433863e-19
5730.029255 4.944791e-19
5732.271753 8.635071e-19
5734.514683 -7.683472e-20
5736.767532 8.672148e-20
5739.010867 1.589997e-19
5741.259840 1.526580e-18
5743.507066 3.613182e-19
5745.758520 5.565400e-19
5748.006229 6.926479e-19
5750.253874 9.147191e-19
5752.506928 3.714211e-19
5754.759598 1.058308e-18
5757.009238 6.979602e-19
5759.266883 -5.955344e-20
5761.521186 5.122753e-19
5763.775031 -4.756478e-19
5766.031248 6.850492e-19
5768.287045 1.715742e-18
5770.543929 1.699678e-18
5772.801850 1.558942e-18
5775.061054 -9.975801e-20
5777.319220 -1.978883e-19
5779.580131 6.772401e-19
5781.835303 -1.120728e-19
5784.098161 3.719222e-19
5786.363304 8.058953e-19
5788.625299 2.250081e-19
5790.888568 4.245058e-19
5793.152588 2.417675e-19
5795.418605 7.244300e-20
5797.682129 -1.021849e-20
5799.949183 2.223983e-19
5802.217156 1.057884e-18
5804.483122 2.860395e-19
5806.752341 2.366280e-19
5809.019720 2.592993e-20
5811.291322 4.911730e-19
5813.561578 1.476500e-18
5815.832435 2.424084e-19
5818.104356 1.215439e-18
5820.378294 1.322758e-18
5822.649832 4.216312e-19
5824.923549 2.379635e-19
5827.198518 2.766283e-19
5829.475365 1.302093e-18
5831.749058 3.606904e-19
5834.025443 9.427884e-19
5836.303156 4.859207e-20
5838.582620 3.194549e-19
5840.861221 1.101730e-18
5843.140284 -4.968108e-20
5845.421416 -4.406542e-19
5847.701450 1.167338e-18
5849.978689 3.549006e-19
5852.265358 5.383609e-19
5854.548259 7.627432e-20
5856.829116 5.353140e-19
5859.121724 -4.292853e-19
5861.405100 6.133778e-20
5863.688316 9.213988e-19
5865.973642 5.711683e-19
5868.260804 8.082934e-19
5870.548379 1.105824e-18
5872.837407 6.296421e-19
5875.126568 1.773715e-18
5877.417551 4.963134e-19
5879.706335 4.316126e-19
5881.996044 1.094993e-18
5884.287650 3.319968e-19
5886.584077 -9.586729e-20
5888.875873 6.404858e-19
5891.169700 -2.482483e-19
5893.464648 -1.992772e-19
5895.760603 6.979446e-19
5898.056879 9.224913e-19
5900.353699 2.089487e-18
5902.651108 1.647402e-18
5904.947587 4.817419e-19
5907.247354 2.022877e-18
5909.545377 1.384642e-18
5911.849429 -3.982675e-19
5914.147827 5.505696e-20
5916.448475 2.184548e-18
5918.750479 9.177193e-19
5921.052649 -3.374061e-19
5923.356973 6.168270e-19
5925.660594 6.422739e-19
5927.965518 6.273522e-19
5930.272098 -2.509539e-19
5932.577338 7.027491e-19
5934.884350 1.155709e-18
5937.192316 1.272423e-18
5939.497054 3.806021e-19
5941.813508 -1.891575e-19
5944.113816 8.517963e-19
5946.427778 1.142709e-18
5948.739541 1.773701e-18
5951.051169 3.045049e-19
5953.363327 -3.761155e-19
5955.681744 -1.611361e-19
5957.989390 1.304262e-18
5960.308157 1.309280e-18
5962.618615 8.461234e-19
5964.934201 -4.210111e-19
5967.249493 3.444101e-19
5969.567027 -3.845587e-19
5971.884452 1.700158e-18
5974.202457 1.134635e-18
5976.521305 9.855330e-19
5978.841675 4.704643e-19
5981.162184 9.199489e-19
5983.481428 6.115314e-19
5985.803068 6.168293e-19
5988.128540 1.770558e-18
5990.448004 2.447908e-19
5992.771874 6.012586e-19
5995.095265 1.819784e-18
5997.420763 8.197011e-19
5999.745418 1.758502e-19
6002.067189 8.658800e-19
6004.398157 1.312638e-19
6006.726358 1.100687e-18
6009.054356 7.676919e-19
6011.381980 1.668091e-18
6013.712630 1.015987e-18
6016.041665 1.377289e-18
6018.372350 1.910134e-18
6020.704046 1.011430e-18
6023.035211 7.863975e-19
6025.367972 -2.841303e-19
6027.704527 5.206505e-19
6030.035957 1.741922e-18
6032.369274 1.193913e-18
6034.711240 1.010449e-18
6037.040960 9.635107e-19
6039.377015 1.494666e-18
6041.716379 1.564723e-18
6044.052182 1.037346e-18
6046.390328 1.269805e-18
6048.729060 8.815339e-19
6051.071205 -4.934689e-19
6053.410068 6.725138e-19
6055.749161 9.880598e-19
6058.092122 7.425949e-19
6060.428338 7.995142e-19
6062.777390 1.031423e-18
6065.120672 9.712091e-19
6067.464626 1.329247e-18
6069.809363 7.602925e-19
6072.154655 1.026732e-18
6074.499942 -2.981285e-19
6076.853209 1.122440e-18
6079.195399 1.203663e-18
6081.543195 9.474513e-19
6083.890662 8.763976e-19
6086.240099 -1.263960e-19
6088.590879 2.536764e-20
6090.941191 1.036512e-18
6093.290837 1.037294e-18
6095.643510 1.072027e-18
6097.996688 8.863173e-19
6100.351538 3.038337e-19
6102.702982 9.867510e-19
6105.056739 7.729804e-19
6107.411588 1.699051e-18
6109.767616 -2.126012e-20
6112.124767 7.452129e-19
6114.479456 3.037595e-19
6116.838278 1.245792e-18
6119.198640 1.133956e-18
6121.554834 -2.013500e-20
6123.911731 1.499692e-19
6126.273961 1.118269e-18
6128.634254 9.366129e-20
6130.993116 3.553931e-19
6133.357622 1.122879e-18
6135.714775 5.585758e-19
6138.082349 8.629612e-19
6140.447602 6.051338e-19
6142.810426 7.403545e-19
6145.178117 2.622976e-19
6147.541308 1.036148e-18
6149.906901 8.017871e-19
6152.273785 9.075742e-19
6154.642963 1.037634e-18
6157.009530 -1.761311e-19
6159.378414 4.952102e-19
6161.748193 8.830612e-19
6164.112131 -1.237797e-19
6166.492803 1.410339e-18
6168.859056 1.367746e-18
6171.225190 8.603938e-19
6173.604262 1.208049e-19
6175.975878 4.730995e-19
6178.350206 1.258735e-18
6180.728000 6.553247e-19
6183.099070 6.253427e-19
6185.474345 2.657907e-19
6187.850743 7.490654e-19
6190.227048 9.604789e-20
6192.604889 3.013669e-19
6194.982206 5.112509e-19
6197.365309 1.235173e-18
6199.739401 1.158104e-18
6202.113780 -3.907128e-19
6204.490569 7.853159e-20
6206.880719 4.057451e-19
6209.261873 1.607870e-18
6211.640097 6.286557e-20
6214.032237 4.445325e-19
6216.409719 4.344316e-19
6218.794115 7.098526e-19
6221.178384 1.505953e-18
6223.564305 7.311755e-19
6225.943192 4.001257e-19
6228.336922 7.209513e-19
6230.722398 8.788206e-19
6233.113382 -6.724513e-20
6235.496953 -2.376542e-19
6237.887672 4.173285e-19
6240.275983 1.704518e-18
6242.673221 1.796228e-18
6245.057168 1.749911e-18
6247.448099 7.344074e-19
6249.839142 2.067314e-19
6252.230596 6.673275e-19
6254.624964 6.010276e-19
6257.018357 -1.298659e-18
6259.411798 1.025588e-18
6261.808038 1.039682e-18
6264.195988 1.100012e-18
6266.598478 -8.287582e-20
6268.995256 3.992501e-19
6271.391852 1.686532e-18
6273.790166 1.054262e-18
6276.187816 -3.047100e-19
6278.586864 -4.614612e-19
6280.985940 -3.120781e-20
6283.386595 6.988594e-19
6285.786349 -1.622333e-19
6288.186713 -1.516935e-20
6290.588800 4.995171e-19
6292.989944 5.566165e-19
6295.393800 -3.043882e-18
6297.791569 -2.858812e-18
6300.202967 -1.632684e-18
6302.608915 1.865792e-18
6305.014846 3.943515e-18
6307.421842 3.666805e-18
6309.829322 1.066820e-18
6312.231982 1.968600e-18
6314.635786 1.912302e-19
6317.047670 6.359064e-19
6319.457158 4.387309e-20
6321.867637 7.610283e-19
6324.276432 -2.928306e-20
6326.687554 -8.116609e-20
6329.098840 1.046624e-18
6331.505612 3.864586e-19
6333.922978 5.770385e-19
6336.336105 3.309177e-19
6338.750099 3.198363e-19
6341.163770 7.969584e-19
6343.577321 5.468622e-19
6345.991932 7.095177e-19
6348.409249 1.127832e-18
6350.825890 6.825172e-19
6353.241797 1.111995e-18
6355.659012 6.740497e-19
6358.077043 -4.709582e-22
6360.496152 -3.575275e-19
6362.915973 -2.512784e-18
6365.342045 6.661388e-19
6367.757796 2.901118e-18
6370.179013 8.198797e-19
6372.603107 1.862418e-18
6375.021536 1.462874e-18
6377.444013 7.712439e-19
6379.866603 8.218516e-19
6382.292070 1.966196e-20
6384.716139 7.017529e-19
6387.140493 1.057002e-18
6389.560914 1.653847e-19
6391.992320 3.423659e-19
6394.419451 4.508967e-19
6396.846567 9.503133e-19
6399.274440 1.104459e-18
6401.701204 7.754140e-19
6404.131357 2.720761e-19
6406.560980 1.026298e-18
6408.990298 1.224444e-18
6411.422346 8.139932e-19
6413.853088 1.439583e-18
6416.285388 1.140430e-18
6418.717684 4.667271e-19
6421.146139 1.234122e-18
6423.584946 -1.506484e-21
6426.017320 1.340883e-18
6428.453012 1.172286e-18
6430.882224 4.447070e-19
6433.324127 1.569098e-18
6435.760486 1.444248e-18
6438.196579 4.985454e-19
6440.634094 6.040267e-19
6443.072737 1.502283e-18
6445.510891 2.363929e-19
6447.949848 1.404439e-18
6450.389160 9.726629e-19
6452.830154 1.158840e-18
6455.272622 6.171729e-19
6457.711933 1.973459e-19
6460.154258 8.598278e-19
6462.601689 3.379364e-19
6465.039535 1.627830e-19
6467.482312 2.138257e-18
6469.927787 1.134943e-18
6472.372653 2.962008e-21
6474.817740 7.687531e-19
6477.263786 7.990855e-19
6479.709680 1.335666e-18
6482.156649 1.555229e-18
6484.604861 2.134942e-20
6487.053416 1.111643e-18
6489.503699 9.285640e-19
6491.949836 1.491647e-18
6494.399636 7.333706e-19
6496.849424 -5.202996e-19
6499.300062 7.656736e-19
6501.752780 8.923383e-19
6504.203915 9.556835e-19
6506.656585 7.220624e-19
6509.109636 1.842176e-18
6511.562708 2.672715e-19
6514.017312 1.267861e-18
6516.467906 1.906790e-19
6518.926881 1.699936e-18
6521.381370 3.248315e-19
6523.838968 1.092320e-18
6526.295013 1.347760e-18
6528.752190 9.467625e-19
6531.211223 7.939587e-19
6533.671098 -2.587875e-19
6536.129510 9.630224e-19
6538.593493 1.245882e-18
6541.047624 8.469588e-19
6543.508975 1.511320e-18
6545.969844 5.948357e-19
6548.430417 1.334774e-18
6550.894199 5.707428e-19
6553.356065 1.024772e-18
6555.819401 7.449892e-19
6558.283702 1.198007e-18
6560.747324 1.470192e-19
6563.213277 4.386380e-19
6565.678792 9.992435e-19
6568.144494 6.028186e-19
6570.611235 1.388169e-18
6573.076326 1.034373e-18
6575.545907 1.567323e-18
6578.014309 1.093426e-18
6580.481964 1.476409e-18
6582.952297 3.415640e-19
6585.422964 1.288760e-18
6587.890978 1.768244e-18
6590.362696 6.714781e-19
6592.834611 8.628958e-19
6595.305795 8.788655e-19
6597.778111 1.319421e-18
6600.248677 2.144311e-21
6602.725623 -2.574307e-20
6605.199094 1.288238e-18
6607.670285 9.455330e-19
6610.148333 5.380563e-19
6612.620483 1.245192e-18
6615.100970 1.318084e-19
6617.577262 7.685466e-19
6620.060461 1.021480e-18
6622.532603 5.856008e-19
6625.009555 1.188974e-18
6627.490203 1.631415e-18
6629.968586 1.543757e-18
6632.448469 1.170871e-18
6634.929739 6.817191e-20
6637.409125 8.890921e-19
6639.891369 1.185260e-18
6642.373376 7.182585e-19
6644.857558 1.541912e-18
6647.338461 3.102784e-19
6649.823606 6.958978e-19
6652.299609 7.146307e-19
6654.791834 1.134233e-18
6657.278069 1.336758e-18
6659.761601 4.677303e-19
6662.248242 1.506968e-18
6664.733837 5.416449e-19
6667.222298 4.976106e-19
6669.709907 2.184223e-19
6672.199382 9.972985e-19
6674.686581 1.321311e-18
6677.177697 4.024501e-19
6679.664370 7.502683e-19
6682.157936 5.066377e-19
6684.646783 1.573911e-18
6687.138485 7.545767e-19
6689.626746 3.775851e-19
6692.123101 1.375007e-18
6694.616393 5.918435e-19
6697.109526 4.862385e-19
6699.603104 3.132957e-19
6702.098222 3.866066e-19
6704.592254 5.255019e-19
6707.089176 1.505520e-18
6709.585492 1.022984e-18
6712.081659 -8.593827e-19
6714.577841 1.858431e-18
6717.080139 6.762663e-19
6719.573568 4.890901e-19
6722.073925 7.141122e-19
6724.571375 6.416278e-19
6727.068575 4.103013e-19
6729.570843 4.806455e-19
6732.072793 7.206170e-19
6734.573415 -1.150257e-19
6737.080941 9.741059e-19
6739.576647 3.852202e-19
6742.079758 1.281439e-18
6744.583868 4.565065e-19
6747.086442 2.794985e-19
6749.590484 1.076987e-18
6752.097123 1.014678e-18
6754.598563 -1.479278e-19
6757.107554 4.971766e-19
6759.617342 4.134711e-19
6762.120092 8.496640e-19
6764.626891 -7.725950e-20
6767.135913 9.378659e-21
6769.643066 6.601120e-19
6772.151763 3.023621e-19
6774.661883 2.522323e-19
6777.172103 1.229491e-18
6779.681007 9.390541e-19
6782.192060 1.085882e-18
6784.704571 8.071313e-19
6787.216085 9.693226e-19
6789.728015 4.676262e-19
6792.241688 6.268531e-19
6794.755412 4.918302e-19
6797.267757 5.782710e-19
6799.781165 -8.739104e-21
6802.297766 4.300575e-19
6804.813038 6.110789e-19
6807.329419 4.218559e-19
6809.845287 5.517344e-19
6812.358649 2.847612e-19
6814.875267 4.715964e-19
6817.397451 3.612750e-19
6819.914854 3.432734e-19
6822.434834 3.659714e-19
6824.959311 8.616250e-19
6827.473215 -5.871240e-19
6829.993695 -7.926455e-20
6832.515147 8.514046e-19
6835.037127 5.554555e-19
6837.553413 1.284695e-18
6840.081676 9.842851e-19
6842.603641 9.084704e-19
6845.128189 -1.116983e-18
6847.650875 5.728835e-19
6850.179550 5.316558e-19
6852.700263 4.401997e-19
6855.228357 5.768733e-19
6857.756229 1.006780e-18
6860.273131 6.859438e-21
6862.803362 5.129773e-19
6865.332216 1.327788e-18
6867.860137 1.116061e-18
6870.388175 9.737653e-19
6872.920595 6.192209e-19
6875.444953 4.770692e-19
6877.975519 7.827544e-19
6880.505540 1.025253e-18
6883.037176 4.339465e-19
6885.567937 1.410468e-19
6888.099204 6.890483e-19
6890.632447 6.774915e-19
6893.164300 6.290032e-19
6895.697226 4.421105e-19
6898.231086 6.345362e-19
6900.765206 7.342466e-19
6903.300712 6.150718e-19
6905.834769 -1.659283e-19
6908.370507 8.403577e-19
6910.907668 5.779519e-19
6913.442850 8.667196e-19
6915.980914 2.117661e-19
6918.518355 2.691113e-19
6921.056299 8.490725e-19
6923.595855 6.368133e-19
6926.130820 1.143700e-18
6928.672766 1.042185e-18
6931.211431 6.744044e-20
6933.753569 9.052089e-19
6936.299297 1.045683e-18
6938.837213 1.268918e-19
6941.377970 9.960839e-19
6943.920424 1.610994e-18
6946.463726 1.099384e-18
6949.007259 8.301391e-19
6951.552448 7.338897e-20
6954.096462 7.563397e-19
6956.646842 1.520956e-18
6959.186355 1.291810e-18
6961.732188 1.241086e-18
6964.278095 8.050727e-19
6966.823859 9.847164e-19
6969.371860 1.657547e-19
6971.919958 5.037074e-19
6974.467953 7.809039e-19
6977.016765 1.251307e-18
6979.565932 2.025272e-18
6982.116775 1.505724e-18
6984.664999 1.167215e-18
6987.217281 1.181314e-19
6989.767988 7.960070e-19
6992.318912 5.723910e-19
6994.871388 8.608821e-19
6997.422230 5.419888e-19
6999.975097 2.292189e-19
7002.530238 7.774398e-19
7005.084061 2.069720e-19
7007.641170 9.644975e-19
7010.193167 6.313111e-20
7012.751093 3.659033e-19
7015.304796 1.018218e-18
7017.862638 1.120689e-18
7020.417211 8.564923e-19
7022.972445 8.379008e-19
7025.537049 1.014106e-18
7028.089803 3.615237e-19
7030.648443 6.211059e-19
7033.208742 8.175490e-19
7035.765651 1.168259e-18
7038.328469 8.137342e-19
7040.888253 7.132916e-19
7043.449343 1.271991e-18
7046.010108 1.259735e-18
7048.572794 8.255049e-19
7051.136610 1.141318e-18
7053.698032 1.319504e-18
7056.262643 1.103866e-19
7058.825699 1.049886e-18
7061.389571 4.619659e-19
7063.954741 3.537838e-19
7066.520571 1.148021e-18
7069.081630 1.099694e-18
7071.651411 3.891834e-19
7074.218352 1.693623e-18
7076.786335 3.722592e-19
7079.353209 9.284108e-19
7081.921051 3.078022e-19
7084.490331 1.130223e-18
7087.059110 6.086126e-19
7089.627608 1.113759e-18
7092.198070 2.656394e-19
7094.769154 2.090805e-18
7097.339916 7.812342e-19
7099.911984 1.305507e-18
7102.481794 6.739678e-19
7105.055481 8.527465e-19
7107.627740 1.019596e-18
7110.200639 8.706306e-19
7112.771520 4.813723e-19
7115.350325 1.504314e-18
7117.923444 3.745921e-19
7120.498708 1.197855e-18
7123.074531 5.252968e-19
7125.648567 5.276746e-19
7128.224639 9.111160e-19
7130.802512 9.876639e-20
7133.379464 3.410191e-19
7135.958866 8.002683e-19
7138.537081 8.271628e-19
7141.113694 5.633228e-19
7143.694118 1.273511e-18
7146.270547 -3.207649e-19
7148.854221 3.189381e-19
7151.438492 8.063653e-19
7154.019096 1.067098e-19
7156.598024 1.134534e-18
7159.178241 6.039553e-19
7161.761355 4.807057e-19
7164.343049 -2.653828e-19
7166.920858 3.363143e-19
7169.510106 5.582490e-19
7172.094884 8.458360e-19
7174.678686 9.162388e-19
7177.265715 6.346516e-19
7179.849377 1.101649e-18
7182.435086 1.377570e-18
7185.022231 3.580178e-19
7187.609476 1.852738e-19
7190.196333 -2.057211e-20
7192.785170 9.807984e-19
7195.371806 1.297410e-18
7197.967293 1.279480e-18
7200.550182 5.203887e-19
7203.145739 -1.686187e-19
7205.730205 2.010539e-18
7208.321392 7.407242e-19
7210.911750 6.625729e-19
7213.500458 6.005412e-19
7216.096022 1.427153e-18
7218.686637 1.311023e-18
7221.280207 4.229896e-19
7223.873675 1.067948e-18
7226.468225 2.135732e-18
7229.054860 9.052042e-19
7231.655525 6.764781e-19
7234.249815 2.715751e-18
7236.850352 6.014698e-19
7239.442856 8.616674e-19
7242.038740 -3.902372e-19
7244.636501 1.654506e-18
7247.233294 1.319811e-18
7249.831715 1.747335e-18
7252.429747 2.012023e-18
7255.028071 2.501591e-18
7257.626666 2.233043e-18
7260.225718 2.664771e-18
7262.826225 2.134534e-18
7265.426239 3.002518e-18
7268.025056 1.259187e-18
7270.627673 1.266527e-18
7273.233840 9.852363e-19
7275.831201 2.499769e-18
7278.435570 2.708129e-18
7281.038348 2.388130e-18
7283.642301 2.495436e-18
7286.249406 2.704520e-18
7288.850842 1.764269e-18
7291.457568 1.589528e-18
7294.060002 1.249838e-18
7296.671508 2.646771e-18
7299.272194 1.635406e-18
7301.874495 2.409229e-18
7304.487932 2.687065e-18
7307.092027 1.447650e-18
7309.693849 2.290059e-18
7312.308964 4.851532e-19
7314.928751 1.734933e-18
7317.527766 2.200555e-18
7320.135389 1.671052e-18
7322.727855 2.551076e-18
7325.319693 1.548873e-18
7327.918666 2.193157e-18
7330.563593 2.526118e-18
7333.214002 2.870250e-18
7335.840519 2.580493e-18
7338.450733 6.990633e-19
7341.058426 2.079334e-18
7343.644884 1.732847e-18
7346.262896 2.745471e-18
7348.874392 2.712606e-18
7351.491768 2.590706e-18
7354.103460 1.011952e-18
7356.719070 9.175038e-19
7359.335166 2.260993e-18
7361.951367 8.453866e-19
7364.568717 1.611633e-18
7367.186687 2.206913e-18
7369.803942 7.456687e-19
7372.424266 1.522533e-18
7375.043165 2.024462e-18
7377.660033 1.794641e-18
7380.283158 2.220506e-18
7382.901565 1.179456e-18
7385.520421 1.875083e-18
7388.141916 1.421635e-18
7390.764520 1.053890e-18
7393.385999 7.903802e-19
7396.009271 1.802784e-18
7398.630651 3.018264e-18
7401.251496 1.986180e-18
7403.879076 3.208817e-18
7406.508072 1.881958e-18
7409.128906 2.706713e-18
7411.755813 2.396072e-18
7414.374595 3.383072e-18
7417.013547 1.287919e-18
7419.639597 2.715402e-18
7422.259305 3.240814e-18
7424.886225 1.652864e-18
7427.523274 3.167252e-18
7430.142593 1.128736e-18
7432.763786 1.990650e-18
7435.408670 3.677919e-18
7438.032280 3.347963e-18
7440.650534 1.924040e-18
7443.287524 4.001185e-18
7445.926089 3.386022e-18
7448.554951 3.367998e-18
7451.189262 3.066610e-18
7453.796140 2.707153e-18
7456.454072 3.359450e-18
7459.114540 2.569768e-18
7461.719960 3.283106e-18
7464.354882 2.478805e-18
7466.980492 3.602563e-18
7469.615998 3.149839e-18
7472.262988 2.884547e-18
7474.873890 2.814527e-18
7477.512139 3.912465e-18
7480.157688 2.987776e-18
7482.794148 3.410045e-18
7485.433815 2.097658e-18
7488.079310 2.978886e-18
7490.699723 3.868364e-18
7493.347574 2.517817e-18
7495.986067 2.749618e-18
7498.616307 1.883277e-18
7501.268400 2.098721e-18
7503.900759 1.089964e-18
7506.535607 1.983513e-18
7509.176862 2.581393e-18
7511.832257 2.077314e-18
7514.483692 2.513097e-18
7517.101199 2.420806e-18
7519.741497 2.606064e-18
7522.385679 1.206653e-18
7525.028014 1.652271e-18
7527.673023 2.429100e-18
7530.317229 3.219892e-18
7532.961808 3.515122e-18
7535.607509 3.196444e-18
7538.252882 3.299126e-18
7540.900148 2.126785e-18
7543.549319 2.160735e-18
7546.188418 1.509436e-18
7548.849832 2.236463e-18
7551.487609 1.715713e-18
7554.126614 2.303211e-18
7556.795391 1.980236e-18
7559.429306 1.730326e-18
7562.077013 1.821646e-18
7564.725883 1.151478e-18
7567.377262 1.482621e-18
7570.027748 2.281687e-18
7572.678671 1.975566e-18
7575.326864 2.333630e-18
7577.984742 2.018340e-18
7580.634306 1.860470e-18
7583.286791 1.803217e-18
7585.938689 1.150180e-18
7588.587418 2.905528e-18
7591.239885 1.700946e-18
7593.901079 2.674315e-19
7596.554575 1.027428e-18
7599.208702 2.256811e-19
7601.866281 7.357837e-19
7604.520663 5.475834e-19
7607.175836 5.331868e-19
7609.833650 5.305257e-19
7612.488880 4.614607e-19
7615.147691 7.747232e-19
7617.804225 1.415670e-18
7620.463328 7.746515e-19
7623.118256 8.237730e-19
7625.782309 9.208444e-19
7628.439845 5.444899e-19
7631.101705 5.083066e-19
7633.761215 8.612530e-19
7636.422377 3.350489e-19
7639.082880 6.288986e-19
7641.744205 8.400381e-19
7644.405361 4.341762e-19
7647.067682 8.552262e-19
7649.731804 8.447530e-19
7652.393370 1.103119e-18
7655.059618 8.561276e-19
7657.721826 1.090031e-18
7660.386038 1.718562e-19
7663.051252 1.454338e-18
7665.716725 8.756866e-19
7668.382250 1.183409e-18
7671.047490 1.209078e-18
7673.722225 4.204055e-19
7676.379922 6.601909e-19
7679.049076 9.482386e-19
7681.714875 1.453279e-18
7684.383827 1.097814e-18
7687.052576 1.248677e-19
7689.721161 8.163603e-19
7692.390520 1.116233e-18
7695.061968 1.106194e-18
7697.731208 1.061908e-18
7700.402702 6.247405e-19
7703.070144 4.938456e-19
7705.742556 2.243864e-18
7708.413637 4.995856e-19
7711.085720 -1.106806e-18
7713.759504 -1.069849e-18
7716.432546 1.600766e-18
7719.106943 9.954916e-19
7721.780858 1.338389e-18
7724.455153 2.587521e-18
7727.129582 2.895925e-18
7729.804559 1.555005e-18
7732.478667 1.172924e-18
7735.147671 1.589406e-18
7737.823840 5.111818e-20
7740.506949 5.671886e-19
7743.182532 7.050054e-19
7745.854851 8.461118e-19
7748.538664 1.004589e-18
7751.217144 -4.475049e-19
7753.896556 -5.802918e-19
7756.575091 2.184143e-18
7759.259491 7.349131e-19
7761.935240 1.687934e-18
7764.614485 1.173750e-18
7767.296061 1.147025e-18
7769.975507 6.409957e-19
7772.655967 1.165006e-18
7775.337107 4.854860e-19
7778.020036 8.938424e-20
7780.703470 7.993280e-19
7783.386925 1.543289e-18
7786.067843 5.287817e-19
7788.752480 -4.850554e-19
7791.437293 2.944889e-19
7794.121444 1.061605e-18
7796.807191 9.320844e-20
7799.492747 6.522841e-19
7802.181285 2.793536e-19
7804.864278 9.177582e-19
7807.549884 1.421158e-18
7810.237244 1.112112e-18
7812.923263 9.126441e-19
7815.611671 5.902772e-20
7818.305994 1.797173e-18
7820.987624 1.053012e-18
7823.677618 9.792294e-19
7826.367947 1.562352e-19
7829.057755 1.489015e-18
7831.748403 1.034591e-18
7834.436378 1.244168e-18
7837.127859 8.259330e-19
7839.817725 1.035747e-19
7842.510328 1.942448e-19
7845.201692 1.105414e-18
7847.894271 -1.786667e-20
7850.587476 1.472312e-18
7853.280525 -2.395759e-19
7855.975217 -1.202889e-18
7858.667114 1.586645e-18
7861.363453 5.592044e-19
7864.057693 1.776385e-18
7866.754018 2.994737e-19
7869.448707 7.571020e-19
7872.144301 1.142042e-18
7874.841432 7.960708e-19
7877.538086 4.972862e-19
7880.235381 1.031530e-18
7882.932131 7.701987e-19
7885.629977 1.407903e-18
7888.327916 4.663425e-20
7891.027741 -3.936810e-19
7893.727211 1.391015e-18
7896.427930 1.388527e-18
7899.126453 2.566566e-19
7901.828142 8.253471e-19
7904.522893 4.653566e-19
7907.226005 2.214004e-19
7909.927250 -1.081105e-18
7912.629463 -1.268617e-18
7915.332659 1.965558e-18
7918.036356 -5.504590e-19
7920.739175 6.919348e-19
7923.442797 1.537680e-18
7926.146806 9.463399e-19
7928.849675 1.152823e-18
7931.554729 1.272308e-18
7934.258945 5.731341e-19
7936.964820 6.208760e-19
7939.671002 1.190939e-18
7942.373579 8.320109e-19
7945.080671 7.794765e-19
7947.788708 1.616986e-18
7950.496310 5.027127e-19
7953.204237 1.218437e-18
7955.910133 1.579044e-18
7958.619263 1.110857e-19
7961.328167 1.018213e-18
7964.036973 1.199761e-18
7966.752732 1.345271e-18
7969.458123 9.935595e-19
7972.167775 1.540835e-18
7974.879356 1.271973e-18
7977.589342 1.256230e-18
7980.300241 2.412081e-19
7983.012633 2.324959e-18
7985.723392 1.165444e-18
7988.436206 2.334213e-19
7991.149769 4.492475e-19
7993.862945 2.469551e-19
7996.576133 1.623283e-18
7999.291767 1.835038e-18
8002.007383 1.258945e-18
8004.721747 1.646568e-18
8007.434809 4.587153e-19
8010.150422 3.814810e-19
8012.865885 3.260332e-19
8015.583814 6.062919e-19
8018.299071 7.165750e-19
8021.016638 6.943084e-19
8023.734598 3.779520e-19
8026.452495 -6.754063e-19
8029.172010 8.427080e-19
8031.890697 5.073192e-19
8034.609451 2.023773e-18
8037.329880 1.579139e-18
8040.046524 9.460686e-19
8042.744113 9.958945e-19
8045.446180 1.074023e-18
8048.179472 3.656570e-19
8050.900940 1.166386e-18
8053.632213 1.461677e-18
8056.372362 -1.170658e-19
8059.095328 5.804774e-19
8061.816085 5.221134e-19
8064.542615 1.236775e-18
8067.271008 8.913001e-19
8069.990627 3.075061e-19
8072.714749 2.081223e-19
8075.438497 1.627556e-18
8078.168318 1.140867e-18
8080.889610 4.835583e-19
8083.613349 9.524548e-19
8086.339885 4.942043e-19
8089.074918 1.770228e-18
8091.795443 -2.201208e-19
8094.520512 1.013355e-18
8097.249090 1.080483e-18
8099.977080 1.425666e-19
8102.706559 9.114478e-19
8105.441688 7.561342e-19
8108.165042 1.035892e-18
8110.893853 6.585763e-19
8113.621271 1.404712e-18
8116.352097 1.315637e-18
8119.083681 1.236477e-18
8121.814409 4.058254e-19
8124.545487 8.807403e-19
8127.278786 1.706470e-18
8130.008907 9.307398e-19
8132.748588 1.289218e-18
8135.475085 7.155210e-19
8138.207886 3.640258e-19
8140.942085 8.041803e-19
8143.675554 1.084201e-18
8146.409214 1.065606e-18
8149.145951 1.185801e-18
8151.879772 1.553068e-18
8154.616074 1.010853e-18
8157.350634 4.661532e-20
8160.094079 7.755205e-19
8162.823278 7.966928e-19
8165.560611 1.261630e-18
8168.297225 1.018899e-18
8171.034318 6.885416e-19
8173.774044 7.499517e-19
8176.511196 1.328611e-18
8179.249224 8.065455e-19
8181.989255 1.052312e-18
8184.728621 5.663191e-19
8187.468539 1.776445e-19
8190.208770 6.386974e-19
8192.955875 8.433625e-19
8195.686039 1.049914e-18
8198.430453 5.866674e-19
8201.173651 6.417203e-19
8203.912670 5.704822e-19
8206.664576 6.385325e-19
8209.399744 5.152290e-19
8212.142400 1.373975e-18
8214.900900 1.517778e-18
8217.631248 1.202448e-18
8220.373589 7.922608e-19
8223.119457 1.285456e-18
8225.864120 1.502100e-18
8228.609173 3.488011e-19
8231.352974 1.094449e-18
8234.101305 6.002825e-19
8236.847393 9.913946e-19
8239.594665 3.185053e-19
8242.339760 1.044366e-18
8245.088475 1.385024e-18
8247.837537 1.588585e-18
8250.583613 1.409705e-18
8253.333216 1.642172e-18
8256.082195 8.561205e-19
8258.823844 5.950796e-19
8261.581681 3.153184e-19
8264.331933 7.504564e-19
8267.073750 9.294605e-19
8269.831257 7.471418e-19
8272.580491 4.317863e-19
8275.332812 6.896739e-19
8278.085855 6.467036e-19
8280.837031 -7.457890e-19
8283.591038 1.653520e-18
8286.343454 2.176741e-18
8289.096545 7.378715e-19
8291.851003 1.219575e-18
8294.604936 7.466585e-19
8297.359094 2.635804e-19
8300.113960 -2.860751e-19
8302.869715 6.179409e-19
8305.624546 1.194582e-18
8308.380639 1.634966e-18
8311.135391 5.366567e-19
8313.892190 -9.316228e-20
8316.648779 1.608856e-18
8319.405865 7.945654e-19
8322.163556 1.158770e-18
8324.920145 1.532020e-18
8327.677510 1.426212e-18
8330.436805 4.357331e-19
8333.194994 2.402653e-19
8335.949536 8.160066e-19
8338.707281 -1.489594e-18
8341.473683 -1.778240e-18
8344.235006 -1.854820e-18
8346.996825 -5.009365e-19
8349.757831 2.939043e-18
8352.519279 -8.266727e-19
8355.282576 2.062274e-18
8358.043134 -4.366892e-19
8360.804650 1.567136e-18
8363.568040 1.646558e-19
8366.330339 -6.140575e-19
8369.094308 9.144445e-19
8371.857893 1.617196e-18
8374.620302 1.191570e-18
8377.384296 -4.318961e-20
8380.149304 -3.573495e-19
8382.915824 4.059071e-19
8385.682066 2.230555e-18
8388.447285 8.155784e-19
8391.211593 1.239354e-18
8393.978887 9.901245e-20
8396.746075 1.145298e-18
8399.513776 -5.551330e-19
8402.284856 2.328382e-18
8405.051745 1.786126e-18
8407.819105 5.574424e-19
8410.588086 1.114399e-18
8413.354779 3.216152e-19
8416.124919 2.256955e-19
8418.896173 6.868900e-20
8421.663435 7.381492e-19
8424.438143 -1.538503e-19
8427.208779 -5.396305e-19
8429.975747 -6.236602e-19
8432.750115 1.921718e-18
8435.522623 8.873433e-19
8438.294011 5.275107e-19
8441.068649 1.339712e-18
8443.835819 9.551135e-19
8446.609429 -1.286427e-19
8449.383057 -2.106423e-19
8452.158003 1.296513e-20
8454.934196 4.486909e-19
8457.705415 -3.283421e-20
8460.480685 -4.476700e-19
8463.256629 -8.486303e-19
8466.032185 1.641457e-19
8468.810538 3.872650e-19
8471.586076 9.349250e-19
8474.364040 2.166743e-18
8477.139433 1.811059e-18
8479.915374 6.279761e-19
8482.692129 1.939380e-19
8485.468390 1.163104e-18
8488.246802 4.422184e-19
8491.027385 3.329242e-19
8493.806278 8.471561e-20
8496.587001 1.153127e-18
8499.364638 2.334402e-19
8502.144730 4.324610e-19
8504.925188 9.057541e-19
8507.708267 1.429447e-18
8510.488136 9.422693e-19
8513.269956 1.762223e-18
8516.046380 4.704614e-19
8518.827220 1.099831e-18
8521.613669 8.243493e-19
8524.397957 4.663911e-19
8527.180072 6.963392e-19
8529.962615 3.712273e-19
8532.747085 5.365426e-19
8535.531551 1.738833e-19
8538.315157 4.409892e-19
8541.104355 1.377328e-18
8543.885937 3.327535e-19
8546.664145 1.084100e-18
8549.457363 -4.327821e-20
8552.251680 1.412474e-18
8555.030503 8.748357e-19
8557.816866 3.399909e-19
8560.609283 1.228920e-18
8563.390643 4.873494e-19
8566.177711 7.640810e-19
8568.969044 8.212353e-19
8571.755035 8.366516e-19
8574.541995 3.053764e-19
8577.333018 -1.843685e-19
8580.120473 3.741938e-19
8582.911982 4.479347e-19
8585.700646 5.948435e-19
8588.490891 9.740898e-19
8591.282412 4.124492e-19
8594.073395 7.829261e-19
8596.860669 5.803709e-19
8599.656271 4.468650e-19
8602.448715 2.528744e-19
8605.241157 1.549954e-18
8608.039819 6.134430e-19
8610.825352 4.647898e-19
8613.619564 2.079248e-19
8616.416081 5.360169e-19
8619.206483 4.980176e-19
8622.001433 6.028690e-19
8624.796541 9.123263e-19
8627.591771 8.575237e-19
8630.387170 1.457653e-20
8633.183336 -8.573209e-19
8635.977861 1.500834e-18
8638.775980 7.036197e-19
8641.572136 8.313978e-20
8644.369370 5.130212e-19
8647.165514 1.358040e-18
8649.965568 1.409827e-18
8652.760898 1.731970e-18
8655.560201 4.213529e-19
8658.357699 -6.817398e-19
8661.158037 -4.241011e-20
8663.957063 1.051796e-18
8666.755936 3.536238e-19
8669.557121 1.397082e-18
8672.357101 1.594658e-18
8675.158841 4.335442e-19
8677.957280 -1.253265e-19
8680.759809 1.884430e-18
8683.559561 1.399874e-18
8686.361362 1.435883e-18
8689.165104 1.169849e-18
8691.960806 1.414798e-18
8694.776351 8.205689e-19
8697.571880 1.751877e-18
8700.375165 1.472671e-18
8703.178248 2.034862e-19
8705.981366 3.436949e-19
8708.787568 6.257186e-19
8711.592727 1.561134e-18
8714.397411 1.045211e-18
8717.201221 1.619138e-18
8720.006716 1.791799e-18
8722.812406 1.084603e-18
8725.619334 1.031276e-18
8728.431418 8.079386e-19
8731.232910 1.875120e-18
8734.047938 1.072561e-18
8736.848397 1.303367e-18
8739.654593 3.102451e-19
8742.459088 1.060266e-18
8745.279339 9.198370e-19
8748.081765 1.690757e-18
8750.888840 1.501997e-18
8753.697212 8.507750e-19
8756.508400 1.489384e-18
8759.318566 -5.984913e-21
8762.129988 1.777445e-18
8764.941800 -1.497746e-19
8767.753048 2.802829e-18
8770.564560 3.020139e-18
8773.376353 1.288325e-18
8776.187951 1.054668e-18
8778.999605 2.485772e-18
8781.814234 3.003881e-18
8784.626828 2.222742e-18
8787.439774 1.030049e-18
8790.254076 1.481896e-18
8793.065352 7.675358e-19
8795.880728 1.816683e-18
8798.695687 1.054057e-18
8801.511138 1.729696e-18
8804.317595 1.608773e-18
8807.139193 1.331201e-18
8809.955858 1.577596e-18
8812.786005 1.558271e-18
8815.588892 1.007537e-18
8818.405388 1.332319e-18
8821.216762 2.655252e-18
8824.036827 -2.784961e-18
8826.854966 -8.007966e-19
8829.674580 -9.270841e-19
8832.493440 1.346680e-18
8835.312441 2.931088e-18
8838.129259 4.023261e-18
8840.950796 4.236891e-19
8843.768366 1.055597e-18
8846.589257 8.693298e-19
8849.406911 9.528379e-19
8852.225229 2.081395e-18
8855.050760 2.285310e-18
8857.871133 3.090971e-18
8860.687896 -1.677899e-19
8863.510312 7.979064e-19
8866.333798 1.175044e-18
8869.155638 7.064520e-19
8871.980991 1.034937e-18
8874.810018 1.065586e-18
8877.621689 7.879260e-19
8880.451980 1.500755e-20
8883.269421 -1.229258e-18
8886.100834 -2.299423e-18
8888.921402 1.709454e-18
8891.738716 2.258715e-18
8894.571551 3.767587e-18
8897.397308 2.907545e-18
8900.218295 3.226469e-20
8903.044086 6.447131e-19
8905.873497 1.577845e-18
8908.698133 -4.759217e-19
8911.523108 -2.806467e-19
8914.349039 1.643253e-18
8917.176211 3.645263e-19
8920.005134 2.169489e-18
8922.851604 7.245288e-18
8925.674888 4.759410e-18
8928.503223 2.091694e-18
8931.328208 2.899445e-18
8934.151694 6.253636e-19
8936.978496 -7.442476e-19
8939.803663 1.139275e-18
8942.637491 7.350881e-19
8945.468114 -2.016029e-19
8948.295878 2.316408e-18
8951.126205 8.327998e-19
8953.958185 -8.654859e-19
8956.789988 1.013779e-19
8959.623100 -1.645609e-19
8962.457293 2.694101e-18
8965.288964 4.004370e-18
8968.126862 5.071122e-18
8970.952478 7.151068e-19
8973.785576 -1.028487e-19
8976.616411 1.000621e-18
8979.452070 2.840079e-19
8982.284996 -1.061186e-19
8985.128115 1.101138e-18
8987.955077 1.164722e-18
8990.792683 1.648435e-18
8993.625436 2.393621e-18
8996.460277 -2.986264e-19
8999.296855 2.656690e-19
9002.132763 -1.797019e-18
9004.964302 4.234722e-19
9007.790834 2.058942e-18
9010.646391 2.285403e-18
9013.482596 1.868201e-18
9016.316578 1.653323e-18
9019.147153 7.354337e-19
9021.991966 1.532023e-18
9024.833133 1.310558e-18
9027.670836 1.039965e-18
9030.507580 1.240824e-18
9033.347870 9.637262e-19
9036.186653 1.268132e-18
9039.028206 5.023499e-19
9041.868507 6.521372e-19
9044.705942 2.406984e-19
9047.548752 -7.481629e-19
9050.391316 9.185714e-19
9053.233633 2.089707e-18
9056.073847 1.330915e-18
9058.915654 1.007714e-18
9061.758460 5.431869e-19
9064.590929 1.037686e-18
9067.450608 1.069468e-18
9070.285283 1.241528e-18
9073.134334 1.046246e-18
9075.971925 9.776310e-19
9078.812866 8.229949e-19
9081.654608 1.376725e-19
9084.503599 8.443258e-19
9087.346274 2.026849e-19
9090.192273 5.630318e-19
9093.037517 9.378624e-19
9095.882759 8.439385e-19
9098.729292 -1.896963e-19
9101.575186 2.771462e-19
9104.420931 3.429460e-19
9107.272912 1.690995e-18
9110.117051 1.774676e-18
9112.961809 8.034664e-19
9115.814300 8.096884e-19
9118.658943 1.261394e-18
9121.502055 7.064509e-19
9124.352415 6.514828e-19
9127.202406 5.712520e-19
9130.050414 8.978999e-19
9132.899090 1.270795e-18
9135.747107 1.176897e-18
9138.595751 6.213660e-19
9141.446052 1.239172e-19
9144.304668 2.633515e-19
9147.148609 4.620058e-19
9149.997645 5.812329e-19
9152.852818 2.221577e-19
9155.700798 1.123839e-18
9158.559032 2.993422e-19
9161.404087 1.790645e-18
9164.256911 1.520795e-18
9167.109113 -9.384363e-20
9169.961046 5.841483e-19
9172.813442 6.223985e-19
9175.667856 5.654639e-19
9178.518150 7.438429e-19
9181.370040 6.646740e-19
9184.220114 1.189158e-18
9187.081011 7.301334e-19
9189.934636 1.048713e-19
9192.791622 5.485869e-19
9195.643853 5.746647e-20
9198.501740 9.352996e-19
9201.364312 1.920009e-18
9204.210202 1.005722e-18
9207.065749 4.684576e-20
9209.928310 1.024124e-18
9212.772007 5.645257e-19
9215.636701 5.238062e-19
9218.495512 1.548158e-18
9221.348770 1.325624e-18
9224.209174 7.676164e-19
9227.074785 5.053134e-19
9229.925495 8.162157e-19
9232.784717 1.204175e-18
9235.641736 3.503970e-19
9238.508031 4.339616e-19
9241.360596 6.210833e-19
9244.218166 1.506765e-18
9247.078657 1.152166e-18
9249.946742 9.019559e-19
9252.798206 4.252282e-19
9255.662430 6.760423e-19
9258.515722 7.672402e-19
9261.381054 8.874343e-19
9264.242354 4.795584e-19
9267.095603 1.274613e-18
9269.967070 7.207659e-19
9272.826574 8.035045e-19
9275.693833 1.115787e-18
9278.559772 5.832215e-19
9281.413395 1.296864e-18
9284.277563 8.636359e-19
9287.139502 1.233649e-18
9290.005393 4.377543e-19
9292.861422 8.868295e-19
9295.732830 5.930341e-19
9298.594840 3.291199e-19
9301.457921 -1.470618e-19
9304.324447 2.085586e-19
9307.188629 -3.440192e-18
9310.056874 -9.813239e-19
9312.922571 -1.257551e-19
9315.788956 1.500321e-18
9318.654581 -1.627996e-18
9321.520180 4.112680e-19
9324.387240 4.109738e-18
9327.254972 2.387231e-18
9330.122548 -2.606708e-19
9332.988764 -3.173323e-19
9335.855386 5.957281e-19
9338.723309 1.215858e-19
9341.591483 2.203413e-19
9344.459024 5.837649e-19
9347.336503 1.842133e-18
9350.188913 4.119650e-19
9353.064648 5.531165e-19
9355.935053 5.468835e-19
9358.803438 8.687608e-19
9361.671881 5.860389e-19
9364.541302 2.482908e-20
9367.410642 9.476739e-19
9370.277602 -1.838954e-18
9373.151992 -4.934436e-18
9376.025661 -1.099806e-17
9378.897951 -3.895118e-18
9381.773288 -3.742481e-18
9384.641721 3.673278e-19
9387.511258 3.819865e-18
9390.384127 -1.161818e-18
9393.255638 -2.095391e-20
9396.126955 7.971730e-19
9399.000327 -1.357611e-19
9401.880477 -7.221047e-19
9404.748816 -8.316878e-20
9407.622702 1.680866e-18
9410.496664 1.457459e-18
9413.369016 7.967364e-19
9416.239096 1.580825e-19
9419.122044 1.961087e-18
9421.988086 2.849595e-18
9424.870081 2.032899e-18
9427.743085 1.248660e-18
9430.619858 8.013315e-19
9433.491635 4.614888e-21
9436.364661 -2.369145e-19
9439.244168 -3.609704e-18
9442.123023 -3.200149e-18
9444.993012 -3.103876e-18
9447.882658 -8.994369e-20
9450.754411 1.250011e-18
9453.625766 1.410486e-19
9456.506228 7.832442e-19
9459.382834 1.805218e-18
9462.263779 1.829948e-18
9465.136366 2.542088e-18
9468.021602 1.879097e-18
9470.890600 -3.348023e-19
9473.773851 -1.517461e-18
9476.653957 -2.355592e-18
9479.535269 -1.456549e-18
9482.416425 -2.716687e-18
9485.296941 2.014056e-19
9488.170115 2.141624e-18
9491.055950 4.894271e-19
9493.938127 3.664586e-19
9496.811489 9.176308e-19
9499.693205 1.027592e-19
9502.575711 -6.549722e-19
9505.458641 -3.890668e-19
9508.341616 -1.085705e-18
9511.222812 4.720921e-19
9514.100217 7.503861e-19
9516.983338 1.072574e-18
9519.866202 1.316332e-18
9522.751732 1.170028e-18
9525.638881 1.978872e-18
9528.519068 5.723364e-19
9531.400556 2.851811e-20
9534.286824 8.288710e-19
9537.167148 1.451797e-19
9540.050739 6.387420e-19
9542.941757 2.890012e-19
9545.818479 5.156009e-19
9548.701350 3.228035e-19
9551.586751 3.464388e-19
9554.473210 6.658560e-19
9557.358529 5.828727e-19
9560.241198 -2.233191e-20
9563.125622 -2.693356e-21
9566.011960 7.734965e-19
9568.901174 4.511753e-19
9571.788680 7.354112e-19
9574.683090 2.836154e-19
9577.563229 2.608604e-19
9580.447123 8.796385e-19
9583.334200 4.111028e-19
9586.224233 1.644750e-19
9589.108275 2.493941e-19
9591.996851 3.718925e-19
9594.884953 2.604508e-19
9597.774425 4.160867e-19
9600.660073 6.944216e-19
9603.548429 3.793100e-19
9606.437762 -5.598236e-19
9609.327754 2.268653e-19
9612.210804 6.829269e-19
9615.105231 4.326369e-20
9617.995147 7.585722e-19
9620.885751 3.719815e-19
9623.769285 6.416176e-20
9626.667202 4.380020e-19
9629.564988 3.686884e-19
9632.447676 7.884768e-19
9635.338579 5.538691e-19
9638.227466 1.511063e-19
9641.116787 2.975183e-19
9644.007571 8.286156e-20
9646.902357 2.129256e-19
9649.785687 3.411030e-19
9652.692018 2.523706e-19
9655.577585 6.133109e-19
9658.471335 2.714912e-19
9661.362993 1.705169e-19
9664.254547 5.857987e-19
9667.147958 5.496596e-20
9670.041100 4.617300e-19
9672.936997 1.591803e-19
9675.828337 1.907758e-19
9678.722236 -1.074366e-19
9681.616541 6.904291e-19
9684.512000 8.655149e-19
9687.406016 7.351735e-19
9690.301933 1.133776e-18
9693.190776 -1.660451e-19
9696.088729 2.621507e-20
9698.983516 6.989115e-19
9701.873532 1.418329e-18
9704.776625 1.252267e-18
9707.672072 1.267141e-19
9710.574334 4.660916e-19
9713.459899 -1.430959e-19
9716.352677 -8.142294e-19
9719.253720 8.853718e-19
9722.152392 9.962572e-19
9725.050555 8.680703e-19
9727.944019 -4.661058e-19
9730.843934 1.106751e-19
9733.737752 1.640262e-19
9736.633817 -5.237268e-19
9739.533787 -2.431691e-19
9742.427090 3.090992e-19
9745.333147 3.491458e-19
9748.229143 6.376248e-19
9751.126910 6.901392e-19
9754.028114 1.299897e-20
9756.921969 1.203461e-19
9759.834370 6.622458e-20
9762.722386 -1.111819e-19
9765.620147 1.502996e-19
9768.521136 3.916819e-19
9771.421202 4.373279e-19
9774.321256 2.886930e-19
9777.218490 2.185622e-19
9780.126728 1.706673e-19
9783.017509 4.735033e-20
9785.915357 -1.210208e-18
9788.814475 -2.075705e-18
9791.722003 -2.221223e-18
9794.620590 -1.921763e-18
9797.526287 -1.176676e-18
9800.429192 1.868126e-20
9803.327360 6.416755e-19
9806.227041 2.059481e-19
9809.133215 2.347557e-19
9812.033659 -1.779770e-19
9814.928023 -1.057042e-19
9817.837224 -2.859848e-19
9820.740739 1.477527e-19
9823.650642 2.634794e-19
9826.543550 3.859899e-19
9829.448007 4.001553e-19
9832.355655 -1.287776e-21
9835.255192 1.584130e-19
9838.158360 2.151378e-19
9841.061709 4.386967e-19
9843.962030 1.562644e-19
9846.867383 5.147953e-19
9849.777501 6.057200e-19
9852.679914 5.066437e-19
9855.584300 2.271046e-19
9858.492175 4.114750e-19
9861.392087 4.356746e-20
9864.294568 3.710700e-19
9867.195718 4.358922e-20
9870.113422 1.422025e-18
9873.013471 1.669916e-18
9875.921318 2.499276e-18
9878.828457 1.609486e-18
9881.730413 5.637476e-19
9884.634494 7.409987e-19
9887.540712 2.773925e-19
9890.446968 -5.885682e-20
9893.352862 5.218657e-19
9896.262053 4.768647e-19
9899.171025 1.100639e-18
9902.077349 7.736846e-19
9904.985660 1.045762e-18
9907.884336 1.202209e-21
9910.792808 -1.764337e-19
9913.703845 1.292350e-18
9916.612712 -8.218874e-19
9919.523907 -7.375158e-19
9922.441585 -1.053700e-18
9925.331271 5.245309e-20
9928.244704 -1.169867e-19
9931.151027 -1.219572e-19
9934.060197 4.925275e-19
9936.967389 -1.813105e-19
9939.875617 -6.769160e-19
9942.785538 -5.705630e-19
9945.696963 1.326213e-18
9948.607607 2.257977e-18
9951.517134 1.729837e-18
9954.425561 9.808840e-19
9957.334295 -5.051430e-19
9960.244238 -2.508504e-19
9963.156689 -8.828860e-19
9966.067241 -3.616210e-19
9968.982713 -1.038672e-18
9971.884970 2.406475e-19
9974.796871 2.457752e-19
9977.708635 8.646211e-19
9980.616764 6.227967e-19
9983.529371 3.128068e-19
9986.441759 4.483737e-19
9989.348845 8.323509e-20
9992.262340 1.282692e-19
9995.171751 -1.245768e-19
9998.083447 2.542371e-19
10001.001531 4.896074e-19
10003.910833 4.638984e-19
10006.824099 -2.973981e-19
10009.729464 -5.718861e-19
10012.642841 1.457861e-18
10015.563922 5.806628e-19
10018.472020 2.034708e-18
10021.383056 -4.333879e-19
10024.293794 -5.398799e-19
10027.208064 1.075551e-18
10030.122724 6.633106e-19
10033.041403 7.353432e-19
10035.946901 5.890365e-19
10038.851380 6.502628e-19
10041.775720 2.103084e-19
10044.685295 -1.168255e-19
10047.597296 7.538181e-19
10050.521589 2.015582e-19
10053.427336 -1.722131e-20
10056.339743 2.005190e-20
10059.254076 1.954154e-19
10062.170782 -7.056847e-20
10065.086166 3.434116e-19
10067.999830 4.173462e-19
10070.918799 -1.401522e-19
10073.828219 3.113398e-19
10076.739861 -3.456399e-19
10079.657547 -4.308059e-20
10082.572899 -2.587809e-19
10085.490378 -8.965874e-19
10088.411407 -8.009984e-19
10091.322610 -6.080666e-19
10094.235740 5.862714e-19
10097.152041 1.165018e-19
10100.065284 -4.814704e-19
10102.986584 -8.597613e-19
10105.899452 1.600300e-20
10108.814545 -1.918109e-19
10111.733604 -2.898018e-20
10114.646938 2.684341e-19
10117.555946 3.563707e-20
10120.476814 -1.288868e-18
10123.395234 -1.460342e-18
10126.313000 -2.885879e-19
10129.218754 6.387295e-19
10132.150180 1.268245e-18
10135.065569 6.401198e-19
10137.985775 4.502783e-19
10140.896338 3.263030e-19
10143.815450 2.209278e-19
10146.730095 -3.598966e-19
10149.647972 1.996692e-19
10152.567190 -9.760756e-19
10155.482975 1.536704e-19
10158.404029 2.398245e-19
10161.317344 3.437182e-19
10164.234502 -4.549902e-19
10167.154129 2.767779e-20
10170.073794 1.233079e-19
10172.992133 1.098491e-18
10175.911369 1.948653e-18
10178.822489 1.083414e-18
10181.746867 -2.394384e-20
10184.664107 7.929940e-20
10187.585087 9.491978e-19
10190.509636 -7.394793e-19
10193.422722 7.492864e-19
10196.340440 -2.256285e-19
10199.259220 4.543586e-19
10202.178554 1.336440e-19
10205.095173 -3.118235e-19
10208.016725 -3.390634e-20
10210.935086 -5.319462e-19
10213.863040 -2.801829e-19
10216.768572 -7.176594e-19
10219.694385 -3.025248e-19
10222.612285 4.311242e-19
10225.532400 6.437491e-19
10228.454614 4.015115e-20
10231.369685 9.221060e-19
10234.278938 8.381630e-19
10237.181339 4.808063e-20
10240.104307 7.491447e-19
10243.019471 8.487997e-19
10245.968003 3.669670e-19
10248.872135 2.802999e-19
10251.814431 5.027124e-19
10254.730671 1.040375e-19
10257.654775 2.116873e-20
10260.580910 4.013716e-19
10263.498594 -1.453089e-19
10266.417028 2.734902e-19
10269.329278 -6.392612e-20
10272.249628 3.594269e-19
10275.181247 5.002106e-19
10278.104436 -1.431804e-19
10281.016707 3.107026e-19
10283.941061 -4.727361e-19
10286.853575 6.953777e-19
10289.784495 4.557315e-19
10292.708263 1.021887e-18
10295.637443 3.408382e-19
10298.549330 7.145369e-19
10301.472513 4.724260e-19
10304.391254 -2.463100e-19
10307.314566 7.382833e-19
10310.218975 -2.694558e-18
10313.156234 8.897080e-19
