3633.182560 1.367061e-17
3634.636975 4.115119e-17
3636.091398 3.296791e-17
3637.552829 8.521297e-17
3639.011000 5.382259e-17
3640.470140 5.497224e-17
3641.930960 4.131123e-17
3643.393385 2.130249e-17
3644.855638 7.449857e-18
3646.318520 6.395947e-17
3647.783668 2.491943e-17
3649.247437 4.240221e-17
3650.714852 5.133193e-17
3652.180570 2.583114e-17
3653.648216 8.113742e-17
3655.117106 4.568460e-17
3656.588360 6.316726e-17
3658.057631 -2.690445e-18
3659.540133 -2.253744e-17
3661.001030 5.917170e-17
3662.475986 6.152924e-17
3663.948635 6.759648e-17
3665.425799 4.533849e-17
3666.901837 1.844790e-17
3668.380394 2.758968e-17
3669.855231 4.845794e-17
3671.334952 5.137657e-17
3672.813804 9.093649e-17
3674.296211 2.115601e-17
3675.778051 2.292274e-17
3677.261289 4.667471e-17
3678.743496 4.639064e-17
3680.229181 5.866847e-17
3681.714309 3.508494e-17
3683.200517 4.122826e-17
3684.685640 4.284585e-17
3686.175935 6.019555e-17
3687.661916 5.625756e-17
3689.152640 7.117613e-17
3690.645274 7.824173e-18
3692.136830 5.548342e-17
3693.627856 6.659670e-17
3695.122876 4.781296e-17
3696.615628 5.770778e-17
3698.112688 4.033269e-17
3699.608710 4.905628e-17
3701.106572 5.305967e-17
3702.603791 5.929456e-17
3704.101907 4.195474e-17
3705.603599 3.334729e-17
3707.103969 5.467277e-17
3708.604799 4.493593e-17
3710.107407 6.197713e-17
3711.610703 1.408784e-17
3713.114807 4.084634e-17
3714.620945 3.838318e-17
3716.123907 4.549826e-17
3717.635984 5.104768e-17
3719.141014 2.865312e-17
3720.649602 6.275365e-17
3722.159736 4.616045e-17
3723.670992 8.654573e-17
3725.182397 3.408799e-17
3726.696627 4.514227e-17
3728.208222 4.546560e-17
3729.718152 1.995884e-17
3731.237574 4.126385e-17
3732.754157 4.472501e-17
3734.270468 5.909631e-17
3735.788529 5.386513e-17
3737.307635 3.440094e-17
3738.826266 6.431596e-17
3740.347019 2.074884e-17
3741.868364 4.977129e-17
3743.389933 4.793524e-17
3744.913678 4.442357e-17
3746.438103 4.181034e-17
3747.962105 1.435233e-17
3749.487145 4.965295e-17
3751.015021 3.629102e-17
3752.543384 4.457989e-17
3754.071561 4.094080e-17
3755.602111 4.501084e-17
3757.130243 7.952244e-17
3758.661338 4.281118e-17
3760.194243 7.287831e-17
3761.726097 6.777099e-17
3763.258565 6.481536e-17
3764.794913 4.351387e-17
3766.331920 5.638264e-17
3767.867393 4.684395e-17
3769.406064 4.398829e-17
3770.941478 4.878611e-17
3772.482105 5.445515e-17
3774.022083 4.889852e-17
3775.562094 3.297560e-17
3777.103638 3.204488e-17
3778.644781 8.906046e-18
3780.188565 4.233401e-17
3781.734348 4.436735e-17
3783.279364 3.946035e-17
3784.826544 4.153429e-17
3786.370641 3.825576e-17
3787.920911 4.068315e-17
3789.468749 4.400440e-17
3791.017525 5.795409e-17
3792.567194 4.212034e-17
3794.120209 3.893373e-17
3795.672114 4.920612e-17
3797.222805 2.278397e-17
3798.779867 3.407279e-17
3800.338634 2.211358e-17
3801.887720 3.545584e-17
3803.445255 4.113460e-17
3805.001776 3.062880e-17
3806.560224 3.251808e-17
3808.120435 4.452614e-17
3809.679298 3.062608e-17
3811.239434 4.657681e-17
3812.802124 3.221695e-17
3814.364269 3.323360e-17
3815.928506 9.650713e-18
3817.491063 2.408850e-17
3819.059111 2.085707e-17
3820.625032 2.215282e-17
3822.188645 3.894174e-17
3823.757603 2.620193e-17
3825.326363 4.067695e-17
3826.893381 4.283480e-17
3828.463974 3.126315e-17
3830.037748 3.400243e-17
3831.609846 2.575981e-17
3833.181857 3.637811e-17
3834.755122 2.487012e-17
3836.330564 3.375622e-17
3837.904995 2.097512e-17
3839.479825 3.047884e-17
3841.066491 3.202605e-17
3842.635728 2.634187e-17
3844.215084 2.180010e-17
3845.794296 5.635412e-17
3847.373548 7.134796e-17
3848.963028 1.135952e-16
3850.531053 2.058399e-16
3852.144467 1.432519e-16
3853.713502 8.867810e-17
3855.282748 8.765186e-17
3856.874769 5.092744e-17
3858.461427 2.613832e-17
3860.048803 3.803183e-17
3861.636122 3.858565e-17
3863.223390 4.501079e-17
3864.814694 4.783079e-17
3866.404336 5.470046e-17
3867.997663 3.549923e-17
3869.588374 4.711851e-17
3871.182480 4.091927e-17
3872.776964 3.446101e-17
3874.371710 2.619500e-17
3875.967338 3.054242e-17
3877.562520 3.450799e-17
3879.170519 2.370152e-17
3880.758641 3.944774e-17
3882.357277 4.222717e-17
3883.949181 3.072138e-17
3885.556878 5.424187e-17
3887.158430 4.324762e-17
3888.762391 2.365853e-17
3890.365366 3.525245e-17
3891.969604 3.683351e-17
3893.572359 4.926752e-17
3895.180558 4.870277e-17
3896.785913 2.521009e-17
3898.393740 4.551266e-17
3899.992838 2.355301e-17
3901.609628 5.006016e-17
3903.218187 3.584794e-17
3904.831041 5.065312e-17
3906.443796 4.401342e-17
3908.063216 5.537822e-17
3909.665453 3.724743e-17
3911.282817 3.617749e-17
3912.896759 4.549268e-17
3914.512095 4.286500e-17
3916.128383 3.696796e-17
3917.743735 3.546073e-17
3919.363254 4.117689e-17
3920.980891 4.122641e-17
3922.601671 3.272459e-17
3924.222872 3.565205e-17
3925.841582 4.206541e-17
3927.466139 2.942650e-17
3929.088798 4.685914e-17
3930.712601 4.597699e-17
3932.337598 4.319098e-17
3933.963431 5.540827e-17
3935.590858 5.228480e-17
3937.215878 5.042293e-17
3938.843383 4.679695e-17
3940.479417 3.557489e-17
3942.091863 5.687157e-17
3943.732555 4.736163e-17
3945.362804 5.412825e-17
3946.996209 4.701895e-17
3948.627047 5.417412e-17
3950.262260 5.270633e-17
3951.895761 5.252378e-17
3953.524873 5.877422e-17
3955.166337 5.065275e-17
3956.804126 4.814972e-17
3958.442218 5.987186e-17
3960.080613 5.152584e-17
3961.718694 4.987845e-17
3963.359871 5.449131e-17
3965.000578 4.938865e-17
3966.641717 5.201254e-17
3968.284307 5.067244e-17
3969.927558 5.097182e-17
3971.571285 5.104773e-17
3973.217200 5.593208e-17
3974.870951 5.625901e-17
3976.508586 7.145049e-17
3978.154992 6.046331e-17
3979.804999 5.094513e-17
3981.453039 6.372923e-17
3983.107831 5.943169e-17
3984.750642 6.444669e-17
3986.405477 6.414211e-17
3988.055559 8.293675e-17
3989.710735 6.473028e-17
3991.364597 7.954973e-17
3993.018168 6.525570e-17
3994.682509 6.597334e-17
3996.329255 7.698894e-17
3997.987548 7.998410e-17
3999.643668 9.161529e-17
4001.304182 7.632917e-17
4002.962914 9.096385e-17
4004.621932 8.782766e-17
4006.283678 8.560267e-17
4007.945851 8.403355e-17
4009.607449 8.455201e-17
4011.269070 9.789105e-17
4012.934099 8.423553e-17
4014.599668 8.192116e-17
4016.264684 8.284289e-17
4017.931484 8.917189e-17
4019.598951 8.786778e-17
4021.267036 7.474059e-17
4022.926133 9.463567e-17
4024.605187 8.735122e-17
4026.275783 9.632683e-17
4027.947336 1.050807e-16
4029.618766 8.770739e-17
4031.291345 8.837230e-17
4032.965326 1.066153e-16
4034.648539 1.010112e-16
4036.315381 9.935232e-17
4037.989485 1.038987e-16
4039.666703 1.204616e-16
4041.344090 1.150884e-16
4043.023011 1.135288e-16
4044.700844 1.154277e-16
4046.381216 9.631557e-17
4048.060747 1.194782e-16
4049.742884 1.310612e-16
4051.424711 1.186424e-16
4053.107860 1.127873e-16
4054.792189 1.259103e-16
4056.471559 1.123961e-16
4058.160834 1.179996e-16
4059.839139 1.063989e-16
4061.533491 1.152887e-16
4063.212908 1.091058e-16
4064.909247 1.181137e-16
4066.598383 1.086336e-16
4068.290784 1.035873e-16
4069.978709 1.211743e-16
4071.671200 1.321143e-16
4073.362439 1.315715e-16
4075.056393 1.326102e-16
4076.749491 1.153091e-16
4078.444873 1.253929e-16
4080.138258 1.297519e-16
4081.838426 1.339905e-16
4083.531631 1.267898e-16
4085.230951 1.336170e-16
4086.929133 1.264858e-16
4088.627716 1.225329e-16
4090.326265 1.180431e-16
4092.027053 1.222468e-16
4093.731809 1.236749e-16
4095.431938 1.136419e-16
4097.125052 1.196273e-16
4098.837924 1.080609e-16
4100.543653 1.119832e-16
4102.247146 1.125470e-16
4103.952249 1.206280e-16
4105.660418 1.040513e-16
4107.368785 1.100585e-16
4109.077312 1.128805e-16
4110.785135 1.106343e-16
4112.495200 1.134880e-16
4114.206501 1.097240e-16
4115.917719 9.724179e-17
4117.629137 1.110792e-16
4119.342088 1.189897e-16
4121.055808 9.878716e-17
4122.769786 1.167277e-16
4124.485569 1.025593e-16
4126.200447 1.147182e-16
4127.918274 1.070111e-16
4129.635242 1.178542e-16
4131.351813 1.047795e-16
4133.072132 1.017102e-16
4134.790797 1.203725e-16
4136.511350 1.068646e-16
4138.233166 9.932548e-17
4139.954241 1.191639e-16
4141.677434 1.069107e-16
4143.401026 1.157037e-16
4145.124461 1.063050e-16
4146.849903 9.982095e-17
4148.575670 1.083156e-16
4150.305954 1.014812e-16
4152.029404 1.025759e-16
4153.757337 9.879356e-17
4155.485376 9.263663e-17
4157.215444 9.342884e-17
4158.944425 9.360287e-17
4160.675473 8.028634e-17
4162.407258 9.451913e-17
4164.139742 8.952973e-17
4165.872410 8.327258e-17
4167.606296 7.434470e-17
4169.341485 8.311854e-17
4171.076418 8.616767e-17
4172.813133 8.014645e-17
4174.549958 7.356659e-17
4176.286021 8.381014e-17
4178.025331 8.287686e-17
4179.763789 8.266295e-17
4181.502793 7.410333e-17
4183.245138 7.687714e-17
4184.985378 7.341300e-17
4186.727630 8.819548e-17
4188.471214 7.907285e-17
4190.214405 8.045709e-17
4191.958212 8.525432e-17
4193.701854 8.244531e-17
4195.448463 8.597136e-17
4197.195580 7.608128e-17
4198.941493 7.020899e-17
4200.689307 7.745930e-17
4202.437407 7.333724e-17
4204.187181 7.612726e-17
4205.937368 6.932247e-17
4207.687810 7.277168e-17
4209.439396 7.444423e-17
4211.196754 6.941041e-17
4212.939825 7.735425e-17
4214.699004 8.135648e-17
4216.452636 6.970872e-17
4218.208594 6.809115e-17
4219.955368 6.376772e-17
4221.721216 6.517213e-17
4223.477889 6.510769e-17
4225.236169 6.606429e-17
4226.989984 6.881730e-17
4228.753711 6.833348e-17
4230.514058 6.226827e-17
4232.274861 6.431398e-17
4234.037035 5.338259e-17
4235.800443 6.485955e-17
4237.562954 6.626075e-17
4239.325680 6.040402e-17
4241.090549 6.220467e-17
4242.856087 6.114461e-17
4244.621812 5.437709e-17
4246.388655 5.890011e-17
4248.156310 5.490309e-17
4249.923504 5.265388e-17
4251.693312 6.200019e-17
4253.462497 5.661443e-17
4255.232872 6.518564e-17
4257.004073 4.388803e-17
4258.775489 6.000471e-17
4260.548106 6.670626e-17
4262.322661 6.782905e-17
4264.094898 6.333061e-17
4265.870285 5.081870e-17
4267.646245 5.641340e-17
4269.421105 5.992678e-17
4271.197567 5.948709e-17
4272.992853 6.205458e-17
4274.753499 5.983520e-17
4276.531603 5.886949e-17
4278.358198 6.431970e-17
4280.139314 5.469995e-17
4281.920732 6.303603e-17
4283.679928 5.829116e-17
4285.449279 5.968534e-17
4287.225118 5.414087e-17
4289.005766 6.019115e-17
4290.788010 5.828160e-17
4292.573213 5.767135e-17
4294.359060 5.709282e-17
4296.146069 5.994628e-17
4297.932606 6.103691e-17
4299.721132 6.205092e-17
4301.513203 4.753407e-17
4303.299832 6.101034e-17
4305.095913 6.177266e-17
4306.879222 6.138625e-17
4308.672070 5.792230e-17
4310.468964 5.926306e-17
4312.271166 6.507439e-17
4314.056157 6.515602e-17
4315.850028 6.050689e-17
4317.639777 6.609775e-17
4319.434768 6.474866e-17
4321.232044 6.735330e-17
4323.030636 6.761804e-17
4324.820691 5.471459e-17
4326.625896 6.316025e-17
4328.425756 6.108701e-17
4330.224634 6.430150e-17
4332.025797 5.874098e-17
4333.826854 5.568807e-17
4335.627886 6.679828e-17
4337.432254 5.896054e-17
4339.235919 5.928525e-17
4341.038839 6.504338e-17
4342.843943 6.283690e-17
4344.649640 5.402976e-17
4346.455340 6.258883e-17
4348.262832 6.139745e-17
4350.069509 5.782047e-17
4351.877937 5.320182e-17
4353.687375 5.335934e-17
4355.496424 5.805383e-17
4357.310391 5.768834e-17
4359.117747 5.460784e-17
4360.929308 5.699626e-17
4362.741828 6.264595e-17
4364.554895 5.871370e-17
4366.368740 6.299865e-17
4368.182486 6.024043e-17
4369.997489 4.998360e-17
4371.813024 5.688349e-17
4373.630764 6.277124e-17
4375.447804 5.704790e-17
4377.265083 6.038858e-17
4379.083819 5.636508e-17
4380.902639 5.886494e-17
4382.722276 6.362673e-17
4384.543203 6.359852e-17
4386.364456 6.132614e-17
4388.186263 6.226427e-17
4390.000597 5.727690e-17
4391.832003 6.210632e-17
4393.656002 6.305623e-17
4395.481824 5.500626e-17
4397.301008 5.455870e-17
4399.131426 6.333930e-17
4400.958496 6.692578e-17
4402.785190 6.039085e-17
4404.619173 6.494875e-17
4406.441950 6.646120e-17
4408.271725 6.204272e-17
4410.101758 7.168767e-17
4411.932650 6.805133e-17
4413.763736 6.680784e-17
4415.596006 5.762917e-17
4417.428251 6.650110e-17
4419.261645 6.511937e-17
4421.095930 6.602548e-17
4422.930301 6.355153e-17
4424.766500 6.971414e-17
4426.601878 6.366622e-17
4428.438437 7.165317e-17
4430.276326 6.319085e-17
4432.113916 6.750647e-17
4433.952753 6.578078e-17
4435.783478 6.094942e-17
4437.632159 7.192823e-17
4439.472986 6.843181e-17
4441.314155 6.293155e-17
4443.156176 6.678719e-17
4444.998755 6.237110e-17
4446.842654 6.575041e-17
4448.686191 6.867909e-17
4450.530940 7.434459e-17
4452.376367 6.608213e-17
4454.221436 7.335444e-17
4456.067446 6.339473e-17
4457.915590 7.121814e-17
4459.764344 7.063044e-17
4461.612688 6.783565e-17
4463.462138 6.729645e-17
4465.312376 5.938781e-17
4467.163070 6.133033e-17
4469.006482 6.682738e-17
4470.865712 6.837882e-17
4472.719264 6.443249e-17
4474.571683 6.420101e-17
4476.425322 5.953459e-17
4478.280768 5.635844e-17
4480.135694 6.672760e-17
4481.991492 6.728051e-17
4483.851298 7.782560e-17
4485.708201 7.789837e-17
4487.566856 6.602515e-17
4489.422391 5.651454e-17
4491.281113 5.648920e-17
4493.140017 4.783770e-17
4495.000988 4.740836e-17
4496.861338 5.548465e-17
4498.723229 5.652669e-17
4500.585782 5.390227e-17
4502.448366 5.735784e-17
4504.312388 5.385317e-17
4506.176638 5.633344e-17
4508.041528 5.078896e-17
4509.907461 5.027568e-17
4511.773686 5.430720e-17
4513.637477 5.021563e-17
4515.508172 4.890411e-17
4517.376074 4.530667e-17
4519.244846 4.981336e-17
4521.114610 4.697918e-17
4522.987247 5.208212e-17
4524.855970 4.528253e-17
4526.726749 5.120876e-17
4528.601730 4.566196e-17
4530.471556 4.673741e-17
4532.344950 4.400498e-17
4534.218691 4.304337e-17
4536.093939 4.689792e-17
4537.969157 4.919602e-17
4539.844675 4.935929e-17
4541.721364 5.219270e-17
4543.601168 4.817328e-17
4545.476982 5.762157e-17
4547.354399 4.473612e-17
4549.232926 4.701750e-17
4551.113697 5.271668e-17
4552.999867 4.817225e-17
4554.874879 4.823278e-17
4556.756306 5.137092e-17
4558.638655 4.995691e-17
4560.521145 4.307071e-17
4562.405096 4.748203e-17
4564.290099 4.836978e-17
4566.174031 4.368961e-17
4568.060861 5.135581e-17
4569.945499 5.290705e-17
4571.832667 4.721189e-17
4573.722463 4.460704e-17
4575.607400 5.103090e-17
4577.495444 4.457729e-17
4579.384910 5.301475e-17
4581.275190 5.165038e-17
4583.165447 5.199649e-17
4585.062816 5.093689e-17
4586.948176 5.597214e-17
4588.840437 5.105946e-17
4590.733684 5.530088e-17
4592.627028 5.800033e-17
4594.521279 5.498537e-17
4596.416171 5.918499e-17
4598.311924 5.935664e-17
4600.208144 5.676444e-17
4602.104679 5.400776e-17
4604.001689 6.384507e-17
4605.900456 6.468533e-17
4607.797696 6.407976e-17
4609.697643 6.369251e-17
4611.597482 6.074850e-17
4613.498091 6.497813e-17
4615.399031 6.576627e-17
4617.300593 6.301640e-17
4619.203189 6.605305e-17
4621.105886 6.174977e-17
4623.009347 6.302054e-17
4624.913293 7.077921e-17
4626.818160 6.058390e-17
4628.722903 6.513364e-17
4630.629711 6.727155e-17
4632.536694 6.694046e-17
4634.443474 6.560900e-17
4636.351076 7.168967e-17
4638.259499 7.461508e-17
4640.172673 7.375699e-17
4642.078725 7.095400e-17
4643.988991 7.188320e-17
4645.899495 7.909507e-17
4647.811316 7.265961e-17
4649.723605 7.527671e-17
4651.635637 7.852419e-17
4653.549676 8.079266e-17
4655.465511 8.018508e-17
4657.378469 8.341030e-17
4659.293642 7.824675e-17
4661.209234 7.891461e-17
4663.125691 8.484684e-17
4665.042724 8.342565e-17
4666.960095 8.388699e-17
4668.878441 8.256378e-17
4670.797270 8.095871e-17
4672.717030 8.776179e-17
4674.636705 8.226134e-17
4676.553012 8.104246e-17
4678.478933 8.530029e-17
4680.400124 8.285495e-17
4682.322443 9.064812e-17
4684.245757 9.009767e-17
4686.169674 8.366201e-17
4688.093975 9.487898e-17
4690.019191 8.996947e-17
4691.944577 9.284102e-17
4693.870483 8.835615e-17
4695.797137 8.946524e-17
4697.724408 8.867658e-17
4699.652687 9.112541e-17
4701.580379 8.692331e-17
4703.509738 9.450541e-17
4705.444364 9.542853e-17
4707.369709 9.436966e-17
4709.300630 9.237532e-17
4711.232200 9.441813e-17
4713.164371 8.951644e-17
4715.096546 9.281676e-17
4717.030133 9.538031e-17
4718.964134 9.949355e-17
4720.898064 9.349564e-17
4722.833493 9.290648e-17
4724.768888 9.818056e-17
4726.705560 9.430760e-17
4728.642108 9.264509e-17
4730.579420 9.778967e-17
4732.517413 8.884060e-17
4734.456114 9.209494e-17
4736.395582 9.380563e-17
4738.335013 9.335046e-17
4740.275597 9.042230e-17
4742.218875 9.678711e-17
4744.157890 9.470387e-17
4746.096387 9.944141e-17
4748.042849 9.282259e-17
4749.985930 9.500215e-17
4751.929867 9.407898e-17
4753.874458 8.970642e-17
4755.819991 9.301682e-17
4757.765278 9.174387e-17
4759.711120 9.099569e-17
4761.658243 9.485102e-17
4763.605393 9.138051e-17
4765.553905 9.182818e-17
4767.502232 9.216689e-17
4769.451531 8.820953e-17
4771.401187 8.823449e-17
4773.351564 9.336236e-17
4775.302657 9.211613e-17
4777.254101 9.043276e-17
4779.205957 9.080155e-17
4781.158856 8.721559e-17
4783.111820 9.334631e-17
4785.065729 9.228129e-17
4787.020184 8.677297e-17
4788.975180 8.905694e-17
4790.930900 8.942978e-17
4792.887193 8.898273e-17
4794.843769 8.658281e-17
4796.800909 9.078289e-17
4798.758720 8.748622e-17
4800.690584 8.354266e-17
4802.649868 8.482690e-17
4804.608949 8.579714e-17
4806.583383 9.159255e-17
4808.556412 8.210736e-17
4810.517656 8.315741e-17
4812.482364 8.083855e-17
4814.441843 8.445388e-17
4816.405491 8.297192e-17
4818.368839 8.045422e-17
4820.332954 8.082416e-17
4822.297455 8.305482e-17
4824.262812 7.900519e-17
4826.228588 8.155993e-17
4828.196818 8.297860e-17
4830.154575 7.642135e-17
4832.130145 8.266406e-17
4834.097985 7.803140e-17
4836.066005 7.813912e-17
4838.036066 7.573606e-17
4840.005865 7.406649e-17
4841.976728 7.305616e-17
4843.947335 7.131351e-17
4845.918888 6.729468e-17
4847.891150 6.711168e-17
4849.863440 6.716649e-17
4851.837405 6.683423e-17
4853.810942 5.931368e-17
4855.785598 5.962122e-17
4857.759996 5.912356e-17
4859.735759 6.237131e-17
4861.711821 5.993378e-17
4863.688430 5.871520e-17
4865.665578 5.895213e-17
4867.643441 5.899782e-17
4869.621524 5.716347e-17
4871.600479 5.712392e-17
4873.580039 5.808656e-17
4875.559873 5.837802e-17
4877.540318 5.702028e-17
4879.523264 5.964044e-17
4881.503329 5.281581e-17
4883.485311 5.735059e-17
4885.468509 5.752675e-17
4887.451669 5.416754e-17
4889.435352 5.260790e-17
4891.427169 5.753123e-17
4893.405178 5.228812e-17
4895.390854 4.882700e-17
4897.376609 4.961646e-17
4899.363611 4.575212e-17
4901.352179 4.632845e-17
4903.338329 4.430102e-17
4905.326689 4.468712e-17
4907.315710 4.611528e-17
4909.305245 4.430601e-17
4911.298359 4.566281e-17
4913.285875 4.366726e-17
4915.276918 4.154005e-17
4917.268601 4.096842e-17
4919.260519 4.216477e-17
4921.253478 4.293979e-17
4923.246502 4.160405e-17
4925.240645 3.923859e-17
4927.234855 4.439449e-17
4929.229765 4.275419e-17
4931.225656 4.180706e-17
4933.221243 4.236562e-17
4935.219180 4.112758e-17
4937.214929 3.952187e-17
4939.212737 4.334406e-17
4941.210510 4.449170e-17
4943.209637 4.607123e-17
4945.209053 4.851675e-17
4947.210291 4.391500e-17
4949.209059 4.552271e-17
4951.210140 4.718968e-17
4953.211479 4.728034e-17
4955.213207 4.583957e-17
4957.216098 4.810574e-17
4959.219202 4.813725e-17
4961.222568 4.861336e-17
4963.226710 4.803220e-17
4965.231481 4.866141e-17
4967.236872 4.675821e-17
4969.242491 4.795127e-17
4971.245125 5.021809e-17
4973.250593 4.688566e-17
4975.262842 4.867537e-17
4977.276532 4.812361e-17
4979.279457 4.948442e-17
4981.288914 4.852903e-17
4983.298250 4.578891e-17
4985.308226 4.631448e-17
4987.318900 4.355272e-17
4989.330109 4.442241e-17
4991.343007 4.371540e-17
4993.353970 4.393421e-17
4995.366891 4.350503e-17
4997.380124 4.355216e-17
4999.400860 4.332723e-17
5001.408577 3.966083e-17
5003.423056 4.244735e-17
5005.438646 4.188537e-17
5007.454567 3.838552e-17
5009.470828 3.939878e-17
5011.488394 3.651018e-17
5013.505281 3.852697e-17
5015.523690 3.944834e-17
5017.542127 3.612435e-17
5019.577249 5.861523e-17
5021.580038 9.440570e-17
5023.611258 8.826410e-17
5025.623339 6.470808e-17
5027.650029 4.985049e-17
5029.665086 4.179352e-17
5031.687210 3.940647e-17
5033.709940 4.312359e-17
5035.732031 4.312840e-17
5037.759068 4.449341e-17
5039.781399 4.111150e-17
5041.806556 4.515089e-17
5043.831916 4.690939e-17
5045.859896 4.320777e-17
5047.884300 4.740114e-17
5049.911281 5.082240e-17
5051.938901 4.992426e-17
5053.966829 5.318772e-17
5055.995458 5.135495e-17
5058.024612 5.445748e-17
5060.054039 5.522074e-17
5062.089150 5.243938e-17
5064.116806 5.255716e-17
5066.146263 5.657906e-17
5068.177990 5.491988e-17
5070.206553 5.591824e-17
5072.243147 5.806730e-17
5074.276188 5.488646e-17
5076.309503 5.685316e-17
5078.343707 5.694073e-17
5080.378544 5.947887e-17
5082.413742 5.710238e-17
5084.449930 5.705527e-17
5086.486166 5.857386e-17
5088.523036 6.410292e-17
5090.560273 6.354142e-17
5092.598342 6.025531e-17
5094.636683 6.277090e-17
5096.675465 6.338010e-17
5098.715027 6.180508e-17
5100.754745 6.274670e-17
5102.795066 6.078550e-17
5104.836044 6.030042e-17
5106.877638 6.203091e-17
5108.919780 5.774506e-17
5110.962238 6.193017e-17
5113.005148 6.396446e-17
5115.048484 6.100222e-17
5117.092584 6.167614e-17
5119.136747 5.803169e-17
5121.181805 6.583335e-17
5123.227501 7.142753e-17
5125.281649 6.612452e-17
5127.320996 6.252595e-17
5129.367197 5.528288e-17
5131.414864 5.395470e-17
5133.462589 5.432876e-17
5135.511478 5.064767e-17
5137.557614 4.869196e-17
5139.610052 5.209935e-17
5141.659959 4.880992e-17
5143.710804 5.044640e-17
5145.761630 4.691283e-17
5147.813264 4.427185e-17
5149.865232 4.603822e-17
5151.917938 4.515284e-17
5153.971042 4.338576e-17
5156.024432 4.728658e-17
5158.078549 4.308956e-17
5160.133170 4.744107e-17
5162.188259 4.265492e-17
5164.243892 4.404117e-17
5166.299927 4.569054e-17
5168.356716 4.655349e-17
5170.419223 6.548598e-17
5172.481343 8.146650e-17
5174.533679 7.156967e-17
5176.623530 5.434562e-17
5178.650349 4.969423e-17
5180.707446 4.437919e-17
5182.766250 4.129894e-17
5184.827606 4.554499e-17
5186.887756 4.326533e-17
5188.940532 4.742042e-17
5191.011843 4.224287e-17
5193.074068 4.659217e-17
5195.137026 4.490309e-17
5197.200661 4.488913e-17
5199.264486 4.359433e-17
5201.328903 4.440712e-17
5203.394059 4.528343e-17
5205.459389 4.580652e-17
5207.525338 4.480124e-17
5209.592262 4.618548e-17
5211.658964 4.732916e-17
5213.726342 5.073926e-17
5215.793993 4.796043e-17
5217.862650 4.578043e-17
5219.931462 4.468918e-17
5222.000917 4.982162e-17
5224.070717 5.007230e-17
5226.141208 4.845436e-17
5228.211899 5.104321e-17
5230.283344 5.211181e-17
5232.355179 4.969189e-17
5234.427183 5.013228e-17
5236.500271 5.242135e-17
5238.573470 4.900289e-17
5240.647231 5.037018e-17
5242.721574 5.161539e-17
5244.795971 5.133674e-17
5246.871339 5.568979e-17
5248.946771 5.431547e-17
5251.023209 5.166335e-17
5253.099831 5.391975e-17
5255.176812 5.186844e-17
5257.254670 5.530997e-17
5259.332702 5.326088e-17
5261.411168 5.281790e-17
5263.490485 5.293651e-17
5265.569986 5.226617e-17
5267.649840 5.475324e-17
5269.730516 5.549483e-17
5271.811129 5.221811e-17
5273.892743 5.459296e-17
5275.974788 5.484213e-17
5278.057119 5.208096e-17
5280.140006 5.553328e-17
5282.223381 5.789309e-17
5284.307097 5.701739e-17
5286.391741 5.500982e-17
5288.476473 5.473415e-17
5290.561558 5.356962e-17
5292.647381 5.613600e-17
5294.733264 5.089084e-17
5296.820213 5.582976e-17
5298.907438 5.647523e-17
5300.995113 5.193451e-17
5303.083023 5.427856e-17
5305.171603 5.371445e-17
5307.260722 5.245013e-17
5309.350300 5.202087e-17
5311.440113 5.458030e-17
5313.530663 5.458640e-17
5315.621652 5.238994e-17
5317.713092 5.457686e-17
5319.804845 5.328389e-17
5321.897231 5.134309e-17
5323.989905 5.770980e-17
5326.083041 5.245358e-17
5328.176963 5.828168e-17
5330.271101 5.710524e-17
5332.365993 5.615114e-17
5334.460980 5.759689e-17
5336.556514 5.676131e-17
5338.652614 5.649267e-17
5340.749230 5.740517e-17
5342.846049 5.799627e-17
5344.943586 5.668905e-17
5347.041497 5.881603e-17
5349.140007 5.878396e-17
5351.238912 5.971760e-17
5353.338081 6.104381e-17
5355.437902 5.931656e-17
5357.538113 6.183655e-17
5359.638971 6.272221e-17
5361.740135 6.172657e-17
5363.841645 6.163768e-17
5365.943724 6.349432e-17
5368.046451 6.448606e-17
5370.149201 6.091978e-17
5372.252803 6.628555e-17
5374.356643 6.285785e-17
5376.461217 6.621667e-17
5378.565852 6.243397e-17
5380.671338 6.330695e-17
5382.777134 6.536824e-17
5384.883143 6.552262e-17
5386.989873 6.418764e-17
5389.100304 6.697748e-17
5391.204593 6.499242e-17
5393.314275 6.501580e-17
5395.421315 6.827522e-17
5397.530181 6.975392e-17
5399.639546 6.784947e-17
5401.749378 6.895566e-17
5403.859915 6.711329e-17
5405.970583 6.798010e-17
5408.081647 6.765639e-17
5410.193261 6.920708e-17
5412.305489 7.119038e-17
5414.418101 6.945768e-17
5416.532683 6.987328e-17
5418.644493 7.093697e-17
5420.758624 7.193455e-17
5422.873041 6.943617e-17
5424.984004 7.593526e-17
5427.103183 7.109753e-17
5429.218640 7.041760e-17
5431.335070 7.190758e-17
5433.451733 7.302128e-17
5435.568683 7.517300e-17
5437.686369 7.114507e-17
5439.804125 7.357792e-17
5441.922760 7.212000e-17
5444.041409 7.223828e-17
5446.160979 7.089958e-17
5448.280638 7.477331e-17
5450.400876 7.815800e-17
5452.521387 7.266691e-17
5454.642683 7.441402e-17
5456.764267 7.559034e-17
5458.886000 7.471758e-17
5461.008499 7.613164e-17
5463.131430 7.478256e-17
5465.254705 7.586962e-17
5467.378585 7.573503e-17
5469.502742 7.478687e-17
5471.625759 7.656582e-17
5473.750992 7.701427e-17
5475.878570 7.223945e-17
5478.003943 7.295357e-17
5480.124470 7.230183e-17
5482.257085 7.345708e-17
5484.384851 7.333914e-17
5486.512302 7.158429e-17
5488.640392 7.562826e-17
5490.769023 7.469786e-17
5492.898049 7.114049e-17
5495.027548 7.270675e-17
5497.157494 7.499769e-17
5499.287684 7.411477e-17
5501.420407 7.156688e-17
5503.549758 7.310970e-17
5505.683318 7.496335e-17
5507.815558 7.470337e-17
5509.946149 7.145764e-17
5512.079159 7.368541e-17
5514.212439 7.055043e-17
5516.346366 6.891037e-17
5518.480544 7.061799e-17
5520.615340 7.101737e-17
5522.750415 6.739541e-17
5524.886160 6.949500e-17
5527.017170 6.551970e-17
5529.158487 6.980456e-17
5531.295441 6.895074e-17
5533.432818 6.722784e-17
5535.570419 6.800720e-17
5537.708611 6.626220e-17
5539.847126 6.642405e-17
5541.986212 6.831652e-17
5544.125664 6.446846e-17
5546.265609 6.332408e-17
5548.405799 6.486437e-17
5550.546712 6.514855e-17
5552.687774 6.262649e-17
5554.829231 6.451956e-17
5556.971224 6.598113e-17
5559.113396 6.669660e-17
5561.256677 6.536591e-17
5563.399964 6.687420e-17
5565.543575 6.614813e-17
5567.687891 6.237619e-17
5569.832430 6.183663e-17
5571.977338 6.381693e-17
5574.120386 6.141404e-17
5576.268698 6.518185e-17
5578.414980 5.885321e-17
5580.561943 6.831645e-17
5582.709231 5.661544e-17
5584.856179 6.559194e-17
5587.004298 5.949522e-17
5589.152593 6.407936e-17
5591.301459 6.030181e-17
5593.450420 6.235499e-17
5595.600311 6.139711e-17
5597.750459 6.261678e-17
5599.900897 6.138994e-17
5602.051713 6.368600e-17
5604.203241 6.242777e-17
5606.354969 5.955274e-17
5608.507145 6.233689e-17
5610.659646 5.762897e-17
5612.812736 6.023873e-17
5614.966239 6.245316e-17
5617.120024 6.203300e-17
5619.274193 6.009017e-17
5621.428864 5.848444e-17
5623.583943 6.284873e-17
5625.739424 6.010538e-17
5627.896058 5.993252e-17
5630.051638 5.924209e-17
5632.208435 6.193904e-17
5634.365516 5.837265e-17
5636.523078 5.980669e-17
5638.681168 6.021713e-17
5640.839560 5.817621e-17
5642.998324 6.126219e-17
5645.157551 6.048260e-17
5647.317165 5.959487e-17
5649.478109 6.100166e-17
5651.637354 5.844193e-17
5653.798631 6.050282e-17
5655.959966 5.799673e-17
5658.121612 5.871102e-17
5660.283639 5.804717e-17
5662.446077 5.987056e-17
5664.609154 6.220709e-17
5666.772408 5.995912e-17
5668.936139 6.009725e-17
5671.100413 5.744917e-17
5673.264892 6.021380e-17
5675.429938 6.034327e-17
5677.595121 5.949793e-17
5679.760967 5.903636e-17
5681.927271 5.847307e-17
5684.093854 5.755159e-17
5686.260777 5.884284e-17
5688.428344 5.672110e-17
5690.595874 5.461206e-17
5692.764480 5.692141e-17
5694.932872 5.530626e-17
5697.101961 5.909144e-17
5699.269298 5.680252e-17
5701.441201 5.825966e-17
5703.611375 5.572287e-17
5705.782016 5.833077e-17
5707.953182 5.457230e-17
5710.124481 5.779091e-17
5712.296378 5.683578e-17
5714.468596 5.562278e-17
5716.641402 5.573251e-17
5718.814202 5.420473e-17
5720.987814 5.396985e-17
5723.161541 5.518671e-17
5725.335851 5.529910e-17
5727.510547 5.495326e-17
5729.685511 5.662483e-17
5731.861023 5.633460e-17
5734.036851 5.547310e-17
5736.212981 5.563110e-17
5738.389772 5.217528e-17
5740.566734 5.360301e-17
5742.744249 5.361065e-17
5744.921985 5.479709e-17
5747.100236 5.275264e-17
5749.278858 5.337517e-17
5751.457851 5.636304e-17
5753.637239 5.296690e-17
5755.816955 5.481806e-17
5757.997359 5.228325e-17
5760.177924 5.303225e-17
5762.358933 5.533873e-17
5764.540289 5.390425e-17
5766.722168 5.254921e-17
5768.904178 5.200927e-17
5771.087093 5.165346e-17
5773.269774 5.097426e-17
5775.453131 4.741940e-17
5777.636833 5.173411e-17
5779.820839 5.123982e-17
5782.005477 5.084515e-17
5784.190281 5.096146e-17
5786.375655 5.051980e-17
5788.562189 5.066614e-17
5790.747329 5.367315e-17
5792.935968 5.238266e-17
5795.120780 5.085901e-17
5797.308023 4.982265e-17
5799.495640 4.898411e-17
5801.683644 4.978767e-17
5803.872004 5.055625e-17
5806.060830 5.143193e-17
5808.250061 5.170557e-17
5810.439669 5.065886e-17
5812.629519 4.984220e-17
5814.819908 5.042661e-17
5817.010556 5.167901e-17
5819.201555 4.978213e-17
5821.393291 5.030553e-17
5823.584981 4.922750e-17
5825.777284 5.028341e-17
5827.969946 5.036747e-17
5830.162924 4.988518e-17
5832.356363 5.040698e-17
5834.550688 4.873815e-17
5836.744387 5.187474e-17
5838.938920 5.141295e-17
5841.133886 4.917533e-17
5843.329561 4.887820e-17
5845.524947 4.879076e-17
5847.720996 4.834431e-17
5849.917398 4.625452e-17
5852.114332 4.690798e-17
5854.311507 4.758313e-17
5856.509128 4.826369e-17
5858.707058 4.840821e-17
5860.905378 4.776235e-17
5863.104284 4.976548e-17
5865.303352 4.860603e-17
5867.502895 4.717534e-17
5869.702673 4.723225e-17
5871.902976 4.868760e-17
5874.103556 4.572931e-17
5876.304632 4.663965e-17
5878.506039 4.617309e-17
5880.707728 4.718378e-17
5882.909844 4.696788e-17
5885.112231 4.403207e-17
5887.315026 4.530657e-17
5889.518511 4.383102e-17
5891.722035 4.676116e-17
5893.923578 4.882907e-17
5896.130558 4.290662e-17
5898.335263 4.504903e-17
5900.540554 4.234861e-17
5902.745872 4.487648e-17
5904.952088 4.628399e-17
5907.157936 4.713823e-17
5909.364517 4.350232e-17
5911.571582 4.670753e-17
5913.778938 4.721574e-17
5915.986517 4.553732e-17
5918.194873 4.667641e-17
5920.403255 4.325145e-17
5922.612024 4.743682e-17
5924.821184 4.520407e-17
5927.030808 4.534260e-17
5929.240789 4.606954e-17
5931.450951 4.667790e-17
5933.661636 4.496715e-17
5935.872752 4.722406e-17
5938.084143 4.436344e-17
5940.296004 4.487590e-17
5942.508060 4.684633e-17
5944.720637 4.545055e-17
5946.933396 4.400353e-17
5949.146629 4.199136e-17
5951.360283 4.486805e-17
5953.574220 4.534579e-17
5955.788462 4.485627e-17
5958.003301 4.612959e-17
5960.218318 4.549748e-17
5962.433786 4.508697e-17
5964.649464 4.322771e-17
5966.865637 4.512765e-17
5969.082209 4.515101e-17
5971.299068 4.499301e-17
5973.516349 4.471240e-17
5975.733935 4.624338e-17
5977.951857 4.577878e-17
5980.171052 4.382581e-17
5982.386488 4.682797e-17
5984.608011 4.536495e-17
5986.827399 4.539948e-17
5989.047154 4.594653e-17
5991.268169 4.506528e-17
5993.487672 4.688883e-17
5995.708640 4.464899e-17
5997.929791 4.902518e-17
6000.152192 4.716482e-17
6002.373299 4.869860e-17
6004.595600 4.808608e-17
6006.818243 4.753213e-17
6009.041161 4.781082e-17
6011.264527 4.672379e-17
6013.488325 5.002434e-17
6015.712269 4.932230e-17
6017.936680 4.910257e-17
6020.161450 4.942268e-17
6022.386581 5.165119e-17
6024.612126 4.917780e-17
6026.837906 4.950564e-17
6029.061704 5.351335e-17
6031.290551 5.142619e-17
6033.517576 4.835969e-17
6035.744720 5.210431e-17
6037.972501 5.302209e-17
6040.200225 4.987687e-17
6042.428669 5.337950e-17
6044.657301 5.211680e-17
6046.886343 5.376806e-17
6049.115616 5.017285e-17
6051.345396 5.045963e-17
6053.575432 4.932878e-17
6055.805859 5.001776e-17
6058.036677 5.179632e-17
6060.269889 5.217189e-17
6062.499238 5.030218e-17
6064.731051 5.036220e-17
6066.963217 4.979348e-17
6069.194811 5.379193e-17
6071.428609 5.480494e-17
6073.661805 5.364801e-17
6075.895413 4.997749e-17
6078.129216 5.037431e-17
6080.363496 4.656738e-17
6082.598081 4.775176e-17
6084.833923 5.037999e-17
6087.068383 4.595693e-17
6089.303984 4.840301e-17
6091.539915 4.592974e-17
6093.776268 4.662671e-17
6096.012933 4.859023e-17
6098.249898 4.869660e-17
6100.487330 4.599403e-17
6102.725064 4.544797e-17
6104.963003 4.919612e-17
6107.201506 4.815678e-17
6109.440141 4.806600e-17
6111.679249 4.554798e-17
6113.918668 4.735436e-17
6116.158363 4.630965e-17
6118.398545 4.497185e-17
6120.638935 4.742775e-17
6122.879769 4.776454e-17
6125.120962 4.457037e-17
6127.362338 4.345097e-17
6129.604191 4.690738e-17
6131.846351 4.336475e-17
6134.088838 4.399605e-17
6136.331543 4.298322e-17
6138.574767 4.144493e-17
6140.818301 4.462655e-17
6143.062082 4.336483e-17
6145.306373 4.358852e-17
6147.550873 4.192096e-17
6149.795574 4.476729e-17
6152.040900 4.234234e-17
6154.286405 4.363750e-17
6156.532342 4.154036e-17
6158.778452 4.165345e-17
6161.025015 4.288735e-17
6163.271897 4.165550e-17
6165.519068 4.406343e-17
6167.767426 4.077550e-17
6170.014541 4.140924e-17
6172.262755 4.358877e-17
6174.511282 4.211975e-17
6176.760207 4.179224e-17
6179.006125 4.408075e-17
6181.259218 3.928461e-17
6183.508761 4.080598e-17
6185.759058 4.197719e-17
6188.009660 4.313946e-17
6190.264155 4.222523e-17
6192.511712 4.145815e-17
6194.763196 3.912607e-17
6197.015089 4.351008e-17
6199.267348 3.950220e-17
6201.520661 4.098330e-17
6203.772706 4.155111e-17
6206.025907 4.007830e-17
6208.279464 4.074708e-17
6210.533215 4.071528e-17
6212.787411 3.966597e-17
6215.042039 4.085841e-17
6217.296811 4.036225e-17
6219.551985 3.975226e-17
6221.807431 3.917043e-17
6224.063357 3.831663e-17
6226.319469 3.953852e-17
6228.575937 3.918522e-17
6230.832432 3.856495e-17
6233.089890 3.795440e-17
6235.347279 3.899696e-17
6237.605191 4.109790e-17
6239.863365 3.947032e-17
6242.121637 3.969656e-17
6244.380420 3.866528e-17
6246.639598 3.803753e-17
6248.898962 3.770598e-17
6251.783029 3.774154e-17
6254.162656 3.907190e-17
6256.544766 3.839636e-17
6258.926481 3.957654e-17
6261.310951 3.796420e-17
6263.693263 3.922258e-17
6266.078243 4.014767e-17
6268.461950 3.878768e-17
6270.848645 3.900596e-17
6273.234864 3.806652e-17
6275.622024 3.726163e-17
6278.009167 3.434315e-17
6280.396131 3.626273e-17
6282.784850 3.762299e-17
6285.175197 3.857538e-17
6287.564082 3.666043e-17
6289.954628 3.918069e-17
6292.346389 3.965403e-17
6294.737430 3.804573e-17
6297.130534 3.982126e-17
6299.522821 4.029664e-17
6301.917368 3.542267e-17
6304.311849 3.777531e-17
6306.706531 3.940212e-17
6309.101514 3.941251e-17
6311.497072 4.019996e-17
6313.893959 3.938170e-17
6316.292396 3.852689e-17
6318.690405 3.844694e-17
6321.088112 3.725439e-17
6323.487539 3.750513e-17
6325.887500 3.933275e-17
6328.287212 3.669982e-17
6330.689642 3.534099e-17
6333.090299 3.910105e-17
6335.492119 3.667280e-17
6337.896532 3.505718e-17
6340.299677 3.607134e-17
6342.703281 3.811656e-17
6345.107769 3.338630e-17
6347.514894 3.559479e-17
6349.919760 3.286171e-17
6352.326004 3.466813e-17
6354.733093 3.308582e-17
6357.140972 3.238072e-17
6359.549277 3.047934e-17
6361.958726 3.351897e-17
6364.367433 3.182896e-17
6366.778986 3.035756e-17
6369.188641 2.926720e-17
6371.601015 3.288672e-17
6374.012857 3.032184e-17
6376.425028 2.875559e-17
6378.838962 3.017372e-17
6381.252541 2.864051e-17
6383.667611 2.954643e-17
6386.083030 2.929892e-17
6388.497441 2.689345e-17
6390.914667 2.802919e-17
6393.341486 3.010942e-17
6395.748903 2.873861e-17
6398.166286 2.806944e-17
6400.584969 2.976632e-17
6403.003990 2.693017e-17
6405.424515 2.779545e-17
6407.844164 2.956658e-17
6410.265725 2.649651e-17
6412.687528 2.890503e-17
6415.109823 2.953845e-17
6417.531887 2.656757e-17
6419.956482 2.811348e-17
6422.380772 2.999803e-17
6424.804402 2.793456e-17
6427.229839 2.667840e-17
6429.657316 2.975479e-17
6432.081798 2.865617e-17
6434.509099 2.789829e-17
6436.938242 2.778760e-17
6439.365510 2.974554e-17
6441.793637 2.623329e-17
6444.223658 2.604834e-17
6446.652898 3.019577e-17
6449.084168 2.740367e-17
6451.516484 2.811834e-17
6453.946119 3.018068e-17
6456.379632 2.717787e-17
6458.813276 2.777557e-17
6461.245673 2.967619e-17
6463.679968 2.948253e-17
6466.114866 2.818998e-17
6468.550840 3.060725e-17
6470.985920 2.899598e-17
6473.422140 3.123651e-17
6475.862038 3.098414e-17
6478.297421 2.865761e-17
6480.734896 2.971798e-17
6483.174302 3.286485e-17
6485.614143 3.097605e-17
6488.052903 3.103935e-17
6490.494758 3.413902e-17
6492.935297 3.240736e-17
6495.376885 3.134593e-17
6497.818933 3.394257e-17
6500.262225 3.050714e-17
6502.705937 3.102740e-17
6505.154020 3.422403e-17
6507.594132 3.542929e-17
6510.039841 3.365548e-17
6512.483661 3.336806e-17
6514.932028 3.499128e-17
6517.378395 3.190545e-17
6519.826938 3.172772e-17
6522.238857 3.662517e-17
6524.718194 3.413389e-17
6527.223404 3.678214e-17
6529.622059 3.698622e-17
6532.073051 2.910291e-17
6534.522834 2.842136e-17
6536.975082 3.076259e-17
6539.427326 2.804018e-17
6541.880116 2.897707e-17
6544.334395 2.852784e-17
6546.786298 2.669759e-17
6549.241621 2.825313e-17
6551.696581 2.933418e-17
6554.152354 2.784504e-17
6556.607447 3.020782e-17
6559.065411 3.221071e-17
6561.521863 3.101483e-17
6563.979670 3.380628e-17
6566.438164 3.351103e-17
6568.896768 3.239550e-17
6571.356967 3.507137e-17
6573.818470 3.526952e-17
6576.276296 3.896543e-17
6578.739406 3.700647e-17
6581.200361 3.894443e-17
6583.663132 3.989201e-17
6586.125249 3.921237e-17
6588.589891 3.906476e-17
6591.053221 3.965517e-17
6593.517848 4.107564e-17
6595.982120 4.240848e-17
6598.449190 4.424725e-17
6600.914968 4.281218e-17
6603.381726 4.192599e-17
6605.849433 4.619763e-17
6608.317389 4.410092e-17
6610.786020 4.542191e-17
6613.254590 4.832585e-17
6615.724233 4.422865e-17
6618.193687 4.574795e-17
6620.665002 4.760885e-17
6623.137415 4.576795e-17
6625.611337 4.554104e-17
6628.081921 4.828612e-17
6630.553918 4.409232e-17
6633.027317 4.698182e-17
6635.502526 4.871232e-17
6637.976529 4.610239e-17
6640.451060 4.792557e-17
6642.927615 4.883693e-17
6645.404432 4.654630e-17
6647.879241 4.650825e-17
6650.358069 4.712495e-17
6652.835798 4.933376e-17
6655.314683 4.702541e-17
6657.792992 4.868628e-17
6660.273388 4.818241e-17
6662.753263 4.887368e-17
6665.231350 4.827596e-17
6667.714824 4.791606e-17
6670.201334 4.647568e-17
6672.679108 4.936015e-17
6675.162141 4.905377e-17
6677.645868 4.512717e-17
6680.129707 4.837759e-17
6682.614522 4.892942e-17
6685.099174 4.800210e-17
6687.584017 4.883725e-17
6690.070336 4.850313e-17
6692.558387 4.585188e-17
6695.046338 4.648078e-17
6697.533022 4.758530e-17
6700.021037 4.651944e-17
6702.509734 4.751558e-17
6704.999956 4.772264e-17
6707.488976 4.778166e-17
6709.980559 4.636309e-17
6712.470907 4.849883e-17
6714.962420 4.603219e-17
6717.450841 4.781712e-17
6719.947336 4.759881e-17
6722.441079 4.700263e-17
6724.933604 4.829647e-17
6727.426728 4.821449e-17
6729.923249 4.829880e-17
6732.421086 4.920031e-17
6734.913675 4.764895e-17
6737.407323 4.997189e-17
6739.903616 4.465763e-17
6742.406052 4.730409e-17
6744.903432 4.722971e-17
6747.401752 4.704720e-17
6749.900960 4.596510e-17
6752.401057 4.706317e-17
6754.900604 4.537672e-17
6757.400655 4.630956e-17
6759.910104 4.964147e-17
6762.405638 5.506572e-17
6764.916117 5.751076e-17
6767.446403 5.353698e-17
6769.916382 5.312825e-17
6772.418173 4.640090e-17
6774.915106 6.632113e-17
6777.441754 1.396884e-16
6779.950066 1.886995e-16
6782.455590 1.271858e-16
6784.953732 1.050924e-16
6787.475788 5.828398e-17
6789.957849 4.532971e-17
6792.466366 4.289262e-17
6794.974766 4.585125e-17
6797.503574 5.620420e-17
6800.018496 7.863232e-17
6802.521761 8.050082e-17
6805.028232 7.186964e-17
6807.543098 5.262413e-17
6810.030884 4.544086e-17
6812.549649 4.487984e-17
6815.062546 4.363336e-17
6817.575124 4.402418e-17
6820.089685 4.232225e-17
6822.603747 4.427443e-17
6825.118204 4.167388e-17
6827.633855 4.257965e-17
6830.150080 4.239848e-17
6832.666504 4.264698e-17
6835.182845 4.490628e-17
6837.700245 4.499389e-17
6840.215603 4.144876e-17
6842.731677 4.413577e-17
6845.255571 4.523266e-17
6847.777058 4.193369e-17
6850.296618 4.491457e-17
6852.816510 4.473485e-17
6855.337947 4.121980e-17
6857.858565 4.371636e-17
6860.381319 4.321757e-17
6862.902894 4.042749e-17
6865.425981 3.562739e-17
6867.950638 3.440159e-17
6870.474035 3.201876e-17
6872.999385 3.321663e-17
6875.523255 3.471322e-17
6878.049839 3.832489e-17
6880.574454 3.946782e-17
6883.103093 4.036048e-17
6885.620162 3.859969e-17
6888.155076 3.746219e-17
6890.685365 3.754957e-17
6893.213478 3.834190e-17
6895.744121 3.687213e-17
6898.272773 3.829927e-17
6900.802316 3.855232e-17
6903.334996 3.740094e-17
6905.865116 3.896510e-17
6908.396667 3.858980e-17
6910.928310 3.902380e-17
6913.461101 3.838538e-17
6915.994845 3.833895e-17
6918.528539 3.840621e-17
6921.063060 3.812424e-17
6923.597409 3.784940e-17
6926.132842 3.935456e-17
6928.668983 3.906185e-17
6931.203982 3.837502e-17
6933.741297 4.291946e-17
6936.278442 5.796822e-17
6938.829520 6.312538e-17
6941.363476 5.941504e-17
6943.902849 4.858989e-17
6946.435085 4.047025e-17
6948.971720 4.081637e-17
6951.514561 5.160054e-17
6954.074377 5.036137e-17
6956.607074 4.911116e-17
6959.142741 4.649739e-17
6961.678798 3.985953e-17
6964.220387 3.767843e-17
6966.764210 3.567471e-17
6969.307632 3.524797e-17
6971.851974 3.649044e-17
6974.397118 3.633110e-17
6976.942552 3.571783e-17
6979.487128 3.615712e-17
6982.034271 3.488229e-17
6984.581366 3.510484e-17
6987.130428 3.454466e-17
6989.675334 3.479752e-17
6992.226023 3.580426e-17
6994.773958 3.535237e-17
6997.322297 3.411149e-17
6999.870630 3.353210e-17
7002.420926 3.580741e-17
7004.970870 3.462554e-17
7007.521506 3.465200e-17
7010.074269 3.558021e-17
7012.625431 3.619861e-17
7015.177543 3.385503e-17
7017.731566 3.311379e-17
7020.284586 3.532521e-17
7022.839175 3.294078e-17
7025.392419 3.496773e-17
7027.948575 3.553506e-17
7030.503131 3.259637e-17
7033.059380 3.614949e-17
7035.615846 3.309186e-17
7038.172591 3.357820e-17
7040.729866 3.096454e-17
7043.287427 3.361749e-17
7045.846431 3.390158e-17
7048.404810 3.376300e-17
7050.963671 3.363903e-17
7053.524398 3.333196e-17
7056.084144 3.272898e-17
7058.644804 3.406134e-17
7061.205701 3.305388e-17
7063.767507 3.138312e-17
7066.329522 3.432734e-17
7068.892926 3.319650e-17
7071.454603 3.133748e-17
7074.019436 3.375581e-17
7076.582533 3.316243e-17
7079.146961 3.130949e-17
7081.712309 3.179454e-17
7084.278448 3.394593e-17
7086.845361 3.289914e-17
7089.409976 3.266439e-17
7091.976908 3.327784e-17
7094.544865 3.320558e-17
7097.111943 3.175906e-17
7099.680801 3.528055e-17
7102.250550 3.384091e-17
7104.818716 3.367433e-17
7107.387909 3.336682e-17
7109.959075 3.224354e-17
7112.529696 3.130692e-17
7115.099823 3.221449e-17
7117.672125 3.175580e-17
7120.243647 3.310317e-17
7122.817047 3.285972e-17
7125.389215 3.182418e-17
7127.963193 3.169240e-17
7130.537746 3.236628e-17
7133.111874 3.037041e-17
7135.685975 3.133021e-17
7138.261645 3.256159e-17
7140.838094 2.953454e-17
7143.414331 2.992873e-17
7145.989820 3.038326e-17
7148.568247 3.055307e-17
7151.145406 2.987392e-17
7153.723505 3.129696e-17
7156.302362 3.190387e-17
7158.881069 2.964481e-17
7161.460496 3.083535e-17
7164.040852 3.119041e-17
7166.620469 2.901609e-17
7169.202722 2.813737e-17
7171.782598 2.920413e-17
7174.364907 2.701949e-17
7176.947881 2.875850e-17
7179.521994 2.956300e-17
7182.105517 2.686275e-17
7184.697039 2.669268e-17
7187.281584 2.769496e-17
7189.865955 2.724659e-17
7192.450631 2.910975e-17
7195.036580 2.894523e-17
7197.622729 2.812342e-17
7200.208410 2.791220e-17
7202.795446 2.990708e-17
7205.383103 2.844674e-17
7207.970758 2.780937e-17
7210.558550 3.081803e-17
7213.148007 3.006496e-17
7215.736746 2.907162e-17
7218.325749 3.043655e-17
7220.916893 3.150364e-17
7223.507292 3.008949e-17
7226.096834 3.098784e-17
7228.690147 3.168910e-17
7231.280920 2.925506e-17
7233.872990 2.801833e-17
7236.466269 2.829120e-17
7239.059415 2.871320e-17
7241.652637 2.756466e-17
7244.247469 2.959471e-17
7246.841722 3.075475e-17
7249.436752 3.022611e-17
7252.032422 3.185671e-17
7254.627598 2.780248e-17
7257.224395 3.041880e-17
7259.821742 3.127107e-17
7262.418410 2.864998e-17
7265.015753 3.008913e-17
7267.614530 3.076790e-17
7270.212243 2.955000e-17
7272.811599 2.906334e-17
7275.411183 3.075783e-17
7278.012154 2.716422e-17
7280.611174 2.789007e-17
7283.213065 3.160386e-17
7285.813260 2.866078e-17
7288.415623 2.843043e-17
7291.017768 3.021530e-17
7293.619708 2.910931e-17
7296.222502 2.945849e-17
7298.811963 3.026264e-17
7301.416674 2.888122e-17
7304.004683 2.773358e-17
7306.625990 2.851257e-17
7309.245049 3.167481e-17
7311.850383 2.688551e-17
7314.456322 2.624738e-17
7317.062927 2.978948e-17
7319.670403 2.743289e-17
7322.277790 2.780326e-17
7324.884920 2.824542e-17
7327.493847 2.744945e-17
7330.102299 2.640490e-17
7332.711449 2.927802e-17
7335.321400 2.667137e-17
7337.930723 2.687526e-17
7340.541691 2.904558e-17
7343.152350 2.572507e-17
7345.764211 2.877656e-17
7348.376405 2.919346e-17
7350.987997 2.677879e-17
7353.600515 2.742702e-17
7356.213124 2.927591e-17
7358.827215 2.736778e-17
7361.440991 2.665727e-17
7364.055725 2.844642e-17
7366.670057 2.897789e-17
7369.285669 2.753068e-17
7371.901269 2.991140e-17
7374.518173 2.924762e-17
7377.134877 2.813773e-17
7379.751931 2.841704e-17
7382.368230 2.743847e-17
7384.986338 2.726958e-17
7387.603878 2.689511e-17
7390.222638 2.713016e-17
7392.842696 2.794141e-17
7395.460824 2.719241e-17
7398.082048 2.969631e-17
7400.702168 2.857981e-17
7403.322776 2.855976e-17
7405.943858 3.050524e-17
7408.566090 2.733238e-17
7411.187803 2.764531e-17
7413.809692 2.981361e-17
7416.433018 2.847157e-17
7419.056727 2.892850e-17
7421.680508 3.068756e-17
7424.304554 2.792268e-17
7426.929619 2.789094e-17
7429.554145 2.964537e-17
7432.180084 2.749522e-17
7434.805713 2.731151e-17
7437.431871 2.963136e-17
7440.059191 2.751768e-17
7442.686259 2.796041e-17
7445.313127 3.020071e-17
7447.942144 2.782424e-17
7450.570268 2.929035e-17
7453.198612 3.004643e-17
7455.829345 3.018701e-17
7458.457510 2.663567e-17
7461.088143 2.977743e-17
7463.718908 2.808797e-17
7466.349368 2.876590e-17
7468.981152 2.886157e-17
7471.612766 3.064554e-17
7474.244886 2.779763e-17
7476.877763 2.924431e-17
7479.510448 3.107169e-17
7482.144238 2.891258e-17
7484.777926 3.169390e-17
7487.412397 3.102534e-17
7490.047445 2.882197e-17
7492.681363 2.940049e-17
7495.317570 2.978509e-17
7497.953717 2.856812e-17
7500.589577 2.895314e-17
7503.226842 3.168165e-17
7505.863739 2.842101e-17
7508.501438 2.867458e-17
7511.139503 3.077674e-17
7513.777863 2.798337e-17
7516.416415 2.838513e-17
7519.056165 3.035918e-17
7521.695482 2.764585e-17
7524.335504 2.838709e-17
7526.976177 2.911663e-17
7529.617546 2.790560e-17
7532.258143 2.828206e-17
7534.899279 2.872089e-17
7537.542416 2.786179e-17
7540.184335 2.697380e-17
7542.827552 2.855759e-17
7545.471081 2.806297e-17
7548.114612 2.745433e-17
7550.758195 2.955394e-17
7553.402843 2.893397e-17
7556.048519 2.751143e-17
7558.693583 2.781165e-17
7561.338986 2.903313e-17
7563.985774 2.837667e-17
7566.632333 2.926561e-17
7569.279398 2.923325e-17
7571.926199 2.538791e-17
7574.574508 2.704469e-17
7577.221816 2.978849e-17
7579.871382 2.845989e-17
7582.520772 2.645770e-17
7585.168964 2.871580e-17
7587.819670 2.585134e-17
7590.469460 2.668856e-17
7593.120130 2.457990e-17
7595.770992 1.634036e-17
7598.423183 1.191974e-17
7601.074354 8.350624e-18
7603.726568 7.433883e-18
7606.379692 7.294417e-18
7609.031224 8.125016e-18
7611.685861 1.055297e-17
7614.339032 1.320070e-17
7616.992675 1.811903e-17
7619.647984 1.989436e-17
7622.303571 1.858046e-17
7624.959535 1.788363e-17
7627.614268 1.380549e-17
7630.270362 1.440616e-17
7632.927241 1.559663e-17
7635.584203 1.443033e-17
7638.241370 1.657309e-17
7640.899351 1.763565e-17
7643.557170 1.835578e-17
7646.216441 1.900226e-17
7648.874688 1.892753e-17
7651.534504 2.044515e-17
7654.194017 2.204118e-17
7656.854187 2.386091e-17
7659.515026 2.404168e-17
7662.175716 2.319342e-17
7664.836458 2.466566e-17
7667.498968 2.514340e-17
7670.160874 2.637975e-17
7672.823099 2.826316e-17
7675.500452 2.894129e-17
7678.163727 2.567385e-17
7680.813136 2.702303e-17
7683.477318 2.897082e-17
7686.141198 2.535686e-17
7688.806800 2.704647e-17
7691.471393 2.822627e-17
7694.137656 2.524100e-17
7696.803035 2.629977e-17
7699.469567 2.833313e-17
7702.136939 2.792869e-17
7704.803039 2.659241e-17
7707.471261 2.764520e-17
7710.139019 2.641544e-17
7712.807415 2.659829e-17
7715.476104 2.772301e-17
7718.145635 2.530709e-17
7720.814858 2.530786e-17
7723.484667 2.618279e-17
7726.155209 2.618259e-17
7728.825556 2.610910e-17
7731.496515 2.696045e-17
7734.168322 2.505980e-17
7736.839626 2.563715e-17
7739.512457 2.790317e-17
7742.184482 2.570031e-17
7744.857779 2.470667e-17
7747.530877 2.687245e-17
7750.204384 2.643068e-17
7752.879015 2.366308e-17
7755.553171 2.830120e-17
7758.228354 2.729983e-17
7760.903385 2.482900e-17
7763.578852 2.560711e-17
7766.255599 2.611500e-17
7768.931152 2.456984e-17
7771.607527 2.741445e-17
7774.285076 2.678414e-17
7776.962717 2.482283e-17
7779.640951 2.732526e-17
7782.318813 2.774195e-17
7784.997688 2.528974e-17
7787.676526 2.745470e-17
7790.355995 2.823636e-17
7793.035519 2.554945e-17
7795.715948 2.544225e-17
7798.396759 2.587041e-17
7801.077438 2.732768e-17
7803.759386 2.637540e-17
7806.440237 2.708048e-17
7809.122500 2.502275e-17
7811.804997 2.622501e-17
7814.487523 2.881249e-17
7817.170884 2.586608e-17
7819.854406 2.502814e-17
7822.538543 2.707831e-17
7825.222651 2.516610e-17
7827.907577 2.739141e-17
7830.592413 2.783945e-17
7833.277692 2.604753e-17
7835.963989 2.651005e-17
7838.649537 2.923785e-17
7841.336393 2.542053e-17
7844.022885 2.703114e-17
7846.710270 2.611519e-17
7849.397889 2.666312e-17
7852.086181 2.584315e-17
7854.774738 2.695928e-17
7857.463236 2.557625e-17
7860.152733 2.665236e-17
7862.841482 2.773429e-17
7865.532264 2.509073e-17
7868.221653 2.652803e-17
7870.912639 2.676792e-17
7873.603720 2.768194e-17
7876.295169 2.529310e-17
7878.986766 2.761958e-17
7881.678804 2.886455e-17
7884.371366 2.588776e-17
7887.064317 2.692270e-17
7889.757393 2.867280e-17
7892.450667 2.497662e-17
7895.144901 2.661988e-17
7897.839462 2.768327e-17
7900.533510 2.524397e-17
7903.228826 2.622617e-17
7905.923630 2.855118e-17
7908.619854 2.569246e-17
7911.316012 2.584441e-17
7914.012408 2.577222e-17
7916.709191 2.652459e-17
7919.406614 2.659444e-17
7922.104017 2.900343e-17
7924.802357 2.548891e-17
7927.500239 2.658294e-17
7930.198966 2.536335e-17
7932.897893 2.423420e-17
7935.597705 2.481770e-17
7938.297712 2.837826e-17
7940.996728 2.707715e-17
7943.697533 2.565643e-17
7946.398531 2.751915e-17
7949.099394 2.594210e-17
7951.801535 2.563879e-17
7954.503254 2.815416e-17
7957.205446 2.449035e-17
7959.907537 2.496980e-17
7962.610900 2.738506e-17
7965.314474 2.546602e-17
7968.018069 2.554811e-17
7970.722018 2.575611e-17
7973.427009 2.663671e-17
7976.131547 2.655052e-17
7978.836293 2.662533e-17
7981.542218 2.574165e-17
7984.247739 2.599557e-17
7986.954292 2.576842e-17
7989.660470 2.684206e-17
7992.367444 2.573436e-17
7995.074742 2.686405e-17
7997.782781 2.628591e-17
8000.490828 2.613665e-17
8003.199148 2.714033e-17
8005.907510 2.760768e-17
8008.616789 2.576934e-17
8011.325978 2.725553e-17
8014.036134 2.705968e-17
8016.745746 2.464994e-17
8019.456107 2.759070e-17
8022.167205 3.015148e-17
8024.878721 2.450753e-17
8027.589973 2.814812e-17
8030.302299 2.807332e-17
8033.013945 2.662818e-17
8035.726796 2.695602e-17
8038.439691 2.797611e-17
8041.153241 2.708737e-17
8043.866607 2.678267e-17
8046.579935 2.733546e-17
8049.295710 2.751700e-17
8052.009598 2.596665e-17
8054.724789 2.898691e-17
8057.440132 2.760485e-17
8060.156378 2.730032e-17
8062.872561 2.764749e-17
8065.588584 2.577608e-17
8068.305340 2.731885e-17
8071.022481 2.822875e-17
8073.739791 2.704408e-17
8076.458472 2.745101e-17
8079.175798 2.849637e-17
8081.894842 2.793708e-17
8084.613399 2.780260e-17
8087.332785 2.897915e-17
8090.052458 2.652951e-17
8092.771936 2.664992e-17
8095.492894 2.715702e-17
8098.212942 2.653622e-17
8100.934489 2.714951e-17
8103.655332 2.789676e-17
8106.377307 2.690278e-17
8109.099372 2.769910e-17
8111.821647 2.876414e-17
8114.544389 2.559043e-17
8117.271027 2.584389e-17
8119.990713 2.666881e-17
8122.714350 2.873720e-17
8125.438593 2.632197e-17
8128.163062 2.552739e-17
8130.888315 2.518388e-17
8133.612020 2.432070e-17
8136.338614 2.547295e-17
8139.064648 2.604947e-17
8141.790046 2.448007e-17
8144.516918 2.495692e-17
8147.243364 2.513892e-17
8149.970891 2.387641e-17
8152.698390 2.444812e-17
8155.426057 2.395234e-17
8158.154879 2.143308e-17
8160.883069 2.176041e-17
8163.611758 2.311224e-17
8166.341299 2.303091e-17
8169.070705 2.317283e-17
8171.800699 2.303687e-17
8174.530564 2.161902e-17
8177.260781 2.273286e-17
8179.992990 2.143656e-17
8182.723060 2.070208e-17
8185.454946 2.197303e-17
8188.186096 2.184126e-17
8190.919823 2.084876e-17
8193.652092 2.207979e-17
8196.384651 1.973416e-17
8199.118566 2.018994e-17
8201.851487 2.120406e-17
8204.585814 2.224921e-17
8207.320537 1.991833e-17
8210.055099 2.143492e-17
8212.789672 2.171156e-17
8215.525155 2.003822e-17
8218.260189 2.056611e-17
8220.996661 2.117388e-17
8223.733177 2.007789e-17
8226.469306 1.740070e-17
8229.206623 1.852839e-17
8231.944275 1.793552e-17
8234.681806 1.820762e-17
8237.419873 1.890384e-17
8240.157793 1.812777e-17
8242.896412 1.809634e-17
8245.635024 2.134504e-17
8248.375349 1.910256e-17
8251.114554 1.832417e-17
8253.854638 1.870681e-17
8256.595669 1.799503e-17
8259.335831 1.629322e-17
8262.076191 1.736082e-17
8264.818179 1.796242e-17
8267.559590 1.640560e-17
8270.302089 1.696455e-17
8273.043768 1.562363e-17
8275.786337 1.577555e-17
8278.529405 1.489621e-17
8281.273078 1.571039e-17
8284.016220 1.445972e-17
8286.760675 1.690874e-17
8289.504755 1.400640e-17
8292.249287 1.434772e-17
8294.994377 1.310605e-17
8297.739779 1.119550e-17
8300.485286 1.218902e-17
8303.231465 1.411005e-17
8305.977665 1.303111e-17
8308.724132 1.158032e-17
8311.471522 1.245207e-17
8314.218292 1.086903e-17
8316.966405 1.055699e-17
8319.714424 1.104307e-17
8322.462477 1.038760e-17
8325.211413 1.004602e-17
8327.961561 1.085056e-17
8330.708603 1.145579e-17
8333.459153 1.030109e-17
8336.208884 1.234893e-17
8338.959828 8.181587e-18
8341.709519 1.062159e-17
8344.460065 1.364365e-17
8347.211440 1.397408e-17
8349.963206 1.158228e-17
8352.715291 9.285784e-18
8355.466999 1.032309e-17
8358.219563 9.351820e-18
8360.972531 1.062535e-17
8363.725454 1.069278e-17
8366.479201 8.371973e-18
8369.233615 1.008779e-17
8371.987057 9.669413e-18
8374.742394 8.189098e-18
8377.498022 9.091185e-18
8380.251658 1.118216e-17
8383.007013 8.719006e-18
8385.762699 8.635449e-18
8388.518714 1.032889e-17
8391.275415 9.049015e-18
8394.032610 9.685265e-18
8396.789028 1.364332e-17
8399.545907 7.835191e-18
8402.303753 8.125539e-18
8405.062213 8.304681e-18
8407.821161 7.362067e-18
8410.579138 1.094306e-17
8413.337133 1.002453e-17
8416.096916 1.070013e-17
8418.857157 9.414826e-18
8421.618912 8.551798e-18
8424.377594 9.418930e-18
8427.137939 8.263668e-18
8429.898440 8.573557e-18
8432.659794 9.942731e-18
8435.421319 9.406673e-18
8438.184077 9.463991e-18
8440.945482 1.089023e-17
8443.708372 1.021833e-17
8446.470774 1.094102e-17
8449.233981 1.007877e-17
8451.997463 8.910679e-18
8454.760993 1.068530e-17
8457.525765 1.011207e-17
8460.289887 9.722313e-18
8463.054374 1.031882e-17
8465.819333 1.105724e-17
8468.584944 9.860575e-18
8471.351067 1.090378e-17
8474.116814 9.969987e-18
8476.883169 1.072724e-17
8479.651901 1.004526e-17
8482.414681 9.258539e-18
8485.184322 9.760018e-18
8487.951655 1.040962e-17
8490.719229 1.065803e-17
8493.487916 9.659250e-18
8496.255280 1.084115e-17
8499.025998 9.784728e-18
8501.793569 1.098144e-17
8504.563697 1.056482e-17
8507.333617 9.679789e-18
8510.103819 9.749201e-18
8512.874362 9.440077e-18
8515.644950 9.995886e-18
8518.416151 1.013735e-17
8521.186449 9.639362e-18
8523.959290 9.936744e-18
8526.731594 1.048383e-17
8529.504978 1.076089e-17
8532.275911 9.469320e-18
8535.049223 1.032922e-17
8537.822326 1.001900e-17
8540.595550 1.090638e-17
8543.369970 9.375286e-18
8546.143979 1.097937e-17
8548.918505 1.097191e-17
8551.693520 9.934784e-18
8554.468873 1.126673e-17
8557.243368 1.180928e-17
8560.020039 1.098130e-17
8562.795808 1.150623e-17
8565.572836 1.067590e-17
8568.348531 1.071708e-17
8571.126968 1.033930e-17
8573.903203 9.521465e-18
8576.681036 1.109580e-17
8579.459065 1.245737e-17
8582.237364 1.073344e-17
8585.016291 1.101400e-17
8587.794247 1.046329e-17
8590.574040 1.070430e-17
8593.353187 1.057134e-17
8596.133710 1.117182e-17
8598.914011 1.096551e-17
8601.693848 1.123828e-17
8604.474592 1.162693e-17
8607.257854 1.147092e-17
8610.036850 1.192655e-17
8612.818913 1.182897e-17
8615.600285 1.288360e-17
8618.383304 1.214998e-17
8621.165048 1.267800e-17
8623.948461 1.191686e-17
8626.731659 1.172963e-17
8629.515539 1.241934e-17
8632.298984 1.339638e-17
8635.083136 1.276714e-17
8637.867557 1.279992e-17
8640.652497 1.415251e-17
8643.437400 1.206669e-17
8646.223207 1.380218e-17
8649.009306 1.353977e-17
8651.794739 1.398790e-17
8654.580941 1.301115e-17
8657.367500 1.421349e-17
8660.154225 1.286068e-17
8662.941549 1.333826e-17
8665.729290 1.428121e-17
8668.517232 1.515097e-17
8671.305207 1.621938e-17
8674.093343 1.558168e-17
8676.882820 1.700846e-17
8679.671617 1.581236e-17
8682.460840 1.586344e-17
8685.251134 1.660621e-17
8688.040724 1.547421e-17
8690.830599 1.682783e-17
8693.621458 1.653380e-17
8696.412553 1.806455e-17
8699.203453 1.734231e-17
8701.995052 1.714602e-17
8704.787118 1.778596e-17
8707.579010 1.799104e-17
8710.370613 1.803981e-17
8713.164598 1.768783e-17
8715.957412 1.714422e-17
8718.750601 1.856264e-17
8721.544418 1.793817e-17
8724.337597 1.932304e-17
8727.132106 1.810765e-17
8729.926659 1.911537e-17
8732.721932 1.923338e-17
8735.516862 2.064587e-17
8738.312472 2.028348e-17
8741.108075 1.912833e-17
8743.904225 1.935237e-17
8746.700145 1.923729e-17
8749.497231 1.906248e-17
8752.294398 1.957974e-17
8755.091894 1.975529e-17
8757.889004 2.006903e-17
8760.686700 1.861988e-17
8763.485028 2.129822e-17
8766.283641 2.326775e-17
8769.082453 1.903295e-17
8771.881516 1.593148e-17
8774.680773 2.031005e-17
8777.480765 2.079763e-17
8780.280658 2.088334e-17
8783.081117 1.962992e-17
8785.881465 2.021094e-17
8788.682181 1.959855e-17
8791.483676 2.223289e-17
8794.285173 1.955431e-17
8797.086676 2.040175e-17
8799.888944 2.183013e-17
8802.691539 2.078861e-17
8805.494661 2.010021e-17
8808.297143 2.237533e-17
8811.100366 1.953223e-17
8813.903643 2.049456e-17
8816.707678 2.040233e-17
8819.512233 2.185674e-17
8822.317109 2.158056e-17
8825.121148 2.021462e-17
8827.926708 2.074103e-17
8830.732711 2.195009e-17
8833.537913 2.242602e-17
8836.343668 2.481530e-17
8839.150157 2.295646e-17
8841.956506 2.392968e-17
8844.763746 2.299116e-17
8847.570803 2.224786e-17
8850.378341 2.367532e-17
8853.185994 2.020746e-17
8855.994215 2.337697e-17
8858.802386 2.493306e-17
8861.611192 2.297978e-17
8864.420355 2.190066e-17
8867.229452 2.568157e-17
8870.039279 2.303365e-17
8872.849125 2.103645e-17
8875.659198 2.336899e-17
8878.466426 2.386445e-17
8881.280523 2.378504e-17
8884.091536 2.324762e-17
8886.902667 2.377525e-17
8889.714746 2.591600e-17
8892.526675 2.485834e-17
8895.338973 2.407704e-17
8898.151027 2.337077e-17
8900.963914 2.425228e-17
8903.777392 2.622582e-17
8906.590665 2.355037e-17
8909.404834 2.510686e-17
8912.218343 2.507723e-17
8915.033112 2.319560e-17
8917.847726 2.446188e-17
8920.662280 2.570099e-17
8923.477573 2.348794e-17
8926.293629 2.297219e-17
8929.109301 2.534129e-17
8931.924700 2.218773e-17
8934.741194 2.500111e-17
8937.558251 2.604844e-17
8940.375277 2.488849e-17
8943.192972 2.350288e-17
8946.009922 2.355826e-17
8948.828450 2.436390e-17
8951.646295 2.551548e-17
8954.464464 2.638982e-17
8957.283372 2.493604e-17
8960.102397 2.436765e-17
8962.922295 2.494102e-17
8965.741845 2.173533e-17
8968.561598 2.387137e-17
8971.381785 2.383306e-17
8974.202212 2.191654e-17
8977.023411 2.140348e-17
8979.841314 2.444490e-17
8982.667706 2.367728e-17
8985.486065 2.176740e-17
8988.309350 2.056895e-17
8991.132060 2.078335e-17
8993.954257 2.115019e-17
8996.777302 2.381278e-17
8999.600360 2.238551e-17
9002.424455 2.495997e-17
9005.247797 2.510989e-17
9008.071904 2.165690e-17
9010.896633 2.247880e-17
9013.720496 2.472938e-17
9016.546085 2.309671e-17
9019.371305 2.243946e-17
9022.196904 2.282050e-17
9025.022352 2.372910e-17
9027.848870 2.436389e-17
9030.674645 2.343154e-17
9033.501610 2.414253e-17
9036.328861 2.343626e-17
9039.156026 2.574669e-17
9041.983943 2.555850e-17
9044.811418 2.502906e-17
9047.639527 2.580308e-17
9050.468024 2.546720e-17
9053.297035 2.125380e-17
9056.126190 2.442481e-17
9058.955285 2.179083e-17
9061.784880 2.408870e-17
9064.615041 2.193230e-17
9067.443676 2.175935e-17
9070.275829 2.282852e-17
9073.106126 2.359495e-17
9075.936500 1.952087e-17
9078.769051 2.186676e-17
9081.600495 2.230220e-17
9084.432516 2.274862e-17
9087.265134 2.154069e-17
9090.097366 2.257649e-17
9092.930012 2.204524e-17
9095.763906 2.205537e-17
9098.597082 2.060988e-17
9101.425799 2.230909e-17
9104.265025 1.880257e-17
9107.098695 2.371346e-17
9109.933595 2.014412e-17
9112.768630 2.080639e-17
9115.603303 2.223337e-17
9118.439305 2.032292e-17
9121.274622 1.991574e-17
9124.111233 1.976290e-17
9126.944403 1.989354e-17
9129.784523 1.864292e-17
9132.620520 1.849536e-17
9135.459862 1.918951e-17
9138.295214 1.998522e-17
9141.133022 1.998052e-17
9143.971704 1.887348e-17
9146.810073 1.880094e-17
9149.648800 1.965179e-17
9152.486919 1.708689e-17
9155.326740 1.818811e-17
9158.166151 1.859188e-17
9161.005872 1.948377e-17
9163.846250 1.849507e-17
9166.686664 1.919689e-17
9169.527342 2.008219e-17
9172.368674 1.775385e-17
9175.209322 1.798884e-17
9178.051146 1.762905e-17
9180.893198 1.758925e-17
9183.734995 1.925292e-17
9186.577706 1.793219e-17
9189.420985 1.761342e-17
9192.263470 1.561002e-17
9195.106356 1.698454e-17
9197.950549 1.876380e-17
9200.794779 1.932443e-17
9203.638010 1.780701e-17
9206.482824 1.671188e-17
9209.327603 1.768480e-17
9212.172293 1.657748e-17
9215.018216 1.724741e-17
9217.863552 1.716955e-17
9220.709850 1.711115e-17
9223.555767 1.476798e-17
9226.401820 1.469927e-17
9229.249258 1.599662e-17
9232.096111 1.639520e-17
9234.943754 1.830861e-17
9237.791112 1.521552e-17
9240.639394 1.520889e-17
9243.487072 1.575655e-17
9246.336091 1.529006e-17
9249.184398 1.565102e-17
9252.033888 1.690563e-17
9254.883146 1.631056e-17
9257.733371 1.551713e-17
9260.582840 1.536221e-17
9263.433230 1.525570e-17
9266.283612 1.468761e-17
9269.134748 1.592194e-17
9271.985545 1.458463e-17
9274.837094 1.315712e-17
9277.689311 1.414215e-17
9280.540863 1.431207e-17
9283.392868 1.463959e-17
9286.245323 1.494637e-17
9289.098582 1.327982e-17
9291.951349 1.397284e-17
9294.805396 1.296081e-17
9297.658812 1.239435e-17
9300.512933 1.230105e-17
9303.367235 1.295265e-17
9306.221434 1.294838e-17
9309.076588 1.251291e-17
9311.931721 1.241375e-17
9314.787407 1.209343e-17
9317.643062 1.121445e-17
9320.499036 9.643708e-18
9323.355409 1.205186e-17
9326.211853 9.669754e-18
9329.068912 1.013427e-17
9331.926180 9.685687e-18
9334.783465 9.498631e-18
9337.641402 8.481724e-18
9340.499629 7.530955e-18
9343.357768 8.180658e-18
9346.216478 9.977944e-18
9349.075187 1.068576e-17
9351.934606 1.063344e-17
9354.793726 1.080010e-17
9357.654154 8.956593e-18
9360.513957 1.095512e-17
9363.374253 9.740242e-18
9366.234992 1.188928e-17
9369.095719 1.321433e-17
9371.957030 1.272926e-17
9374.818817 1.078554e-17
9377.680533 8.540714e-18
9380.542661 1.256574e-17
9383.404809 1.007075e-17
9386.267854 1.136832e-17
9389.130433 1.125654e-17
9391.993917 1.158846e-17
9394.857578 1.263777e-17
9397.721187 1.198464e-17
9400.585467 1.277258e-17
9403.449736 1.177390e-17
9406.314017 1.057102e-17
9409.179128 1.091173e-17
9412.044960 1.139317e-17
9414.910624 9.332193e-18
9417.776530 1.086524e-17
9420.642260 1.024882e-17
9423.508434 1.134043e-17
9426.375448 9.760213e-18
9429.242569 8.338414e-18
9432.109074 9.922458e-18
9434.977039 7.064806e-18
9437.845446 7.594889e-18
9440.713549 5.972961e-18
9443.581717 9.921629e-18
9446.450776 1.085391e-17
9449.319576 9.234878e-18
9452.188533 8.449238e-18
9455.058621 7.599358e-18
9457.928280 9.118207e-18
9460.798717 8.756033e-18
9463.668983 9.217287e-18
9466.539570 8.600658e-18
9469.410721 1.074277e-17
9472.282001 1.113387e-17
9475.153791 9.938821e-18
9478.026050 9.769253e-18
9480.897767 1.155202e-17
9483.770245 8.960996e-18
9486.643319 8.731442e-18
9489.516036 9.326280e-18
9492.389336 7.492482e-18
9495.262903 8.394475e-18
9498.137270 6.186896e-18
9501.011513 6.445213e-18
9503.885978 1.080872e-17
9506.760694 8.054122e-18
9509.635927 8.882073e-18
9512.510628 8.317232e-18
9515.386661 9.024767e-18
9518.262702 7.208731e-18
9521.139051 5.644904e-18
9524.015565 7.436961e-18
9526.892667 7.017008e-18
9529.769624 7.986403e-18
9532.646778 7.746130e-18
9535.524565 7.851379e-18
9538.402418 8.574754e-18
9541.280644 7.005477e-18
9544.159400 7.602847e-18
9547.038082 7.862034e-18
9549.917492 6.775191e-18
9552.796772 7.021189e-18
9555.676626 8.311284e-18
9558.556520 7.078961e-18
9561.436621 7.158989e-18
9564.317072 8.661528e-18
9567.198237 6.848455e-18
9570.079161 7.098821e-18
9572.960950 7.149248e-18
9575.842552 7.753914e-18
9578.724753 7.694666e-18
9581.606795 7.778635e-18
9584.489631 7.468170e-18
9587.372196 6.701593e-18
9590.255134 7.119675e-18
9593.138901 6.917041e-18
9596.022851 6.389575e-18
9598.906827 7.478129e-18
9601.791216 6.295631e-18
9604.675858 6.566075e-18
9607.560592 6.895787e-18
9610.445917 6.900197e-18
9613.331490 6.530910e-18
9616.217224 6.847378e-18
9619.103245 5.788680e-18
9621.989757 6.856700e-18
9624.876448 7.043694e-18
9627.763674 6.709529e-18
9630.650277 6.179422e-18
9633.537592 7.059058e-18
9636.425953 6.373455e-18
9639.314086 5.637273e-18
9642.202435 6.395774e-18
9645.090881 7.476399e-18
9647.980566 6.167972e-18
9650.869064 6.902770e-18
9653.759001 6.544450e-18
9656.648771 5.723296e-18
9659.538875 6.251649e-18
9662.429502 6.032803e-18
9665.320228 6.451649e-18
9668.210944 6.280660e-18
9671.102036 6.760908e-18
9673.994305 5.545085e-18
9676.885852 6.444130e-18
9679.778133 5.728901e-18
9682.670638 5.615385e-18
9685.563160 6.399086e-18
9688.456006 7.857404e-18
9691.349665 1.018775e-17
9694.243536 1.135148e-17
9697.137356 1.028694e-17
9700.031894 7.121225e-18
9702.925820 5.859052e-18
9705.820857 5.515504e-18
9708.715741 5.518302e-18
9711.611489 6.372540e-18
9714.506854 5.656610e-18
9717.402809 5.794118e-18
9720.299208 7.292180e-18
9723.195939 6.748795e-18
9726.092726 4.957809e-18
9728.989801 5.618404e-18
9731.887407 6.475953e-18
9734.784986 6.363360e-18
9737.682907 4.808514e-18
9740.580826 5.463208e-18
9743.479680 5.329894e-18
9746.378619 6.251979e-18
9749.277752 6.157835e-18
9752.177613 5.880783e-18
9755.077121 6.239149e-18
9757.977245 5.814333e-18
9760.877588 5.491324e-18
9763.778166 5.505608e-18
9766.678862 5.873039e-18
9769.580093 6.446163e-18
9772.482025 6.045524e-18
9775.383558 6.509485e-18
9778.285849 5.338612e-18
9781.188444 6.257122e-18
9784.090787 6.525422e-18
9786.994005 6.065881e-18
9789.896918 4.913966e-18
9792.800712 6.769946e-18
9795.704489 7.423255e-18
9798.608941 6.667307e-18
9801.513163 5.815693e-18
9804.417978 6.193392e-18
9807.323186 5.707518e-18
9810.228046 6.136110e-18
9813.133635 6.034065e-18
9816.039821 6.639092e-18
9818.946075 6.543258e-18
9821.852499 6.338251e-18
9824.759582 6.258872e-18
9827.666731 5.810807e-18
9830.574099 6.123052e-18
9833.479812 5.172034e-18
9836.388775 6.755920e-18
9839.297387 6.615873e-18
9842.206182 5.821199e-18
9845.115429 9.026181e-18
9848.025770 7.745713e-18
9850.934228 7.280094e-18
9853.843863 6.667785e-18
9856.753663 5.397295e-18
9859.663923 6.307233e-18
9862.574536 6.585593e-18
9865.485520 6.391100e-18
9868.396768 5.266564e-18
9871.308415 7.482625e-18
9874.220225 5.055215e-18
9877.132390 5.192691e-18
9880.044742 5.306235e-18
9882.957055 5.749363e-18
9885.870247 5.788527e-18
9888.783620 6.268148e-18
9891.697253 5.401347e-18
9894.611204 6.010668e-18
9897.525497 4.994234e-18
9900.439978 5.374037e-18
9903.354439 5.504778e-18
9906.269520 5.703195e-18
9909.185194 5.812706e-18
9912.100681 6.680109e-18
9915.016596 5.637228e-18
9917.932835 5.281819e-18
9920.849590 5.668344e-18
9923.766391 4.513967e-18
9926.683655 4.677907e-18
9929.600897 5.003972e-18
9932.518782 4.543974e-18
9935.436602 5.210161e-18
9938.354883 4.323962e-18
9941.273774 3.738519e-18
9944.192803 3.254441e-18
9947.111859 4.660472e-18
9950.031503 5.563562e-18
9952.951385 4.822015e-18
9955.871360 4.802234e-18
9958.791762 3.536476e-18
9961.712534 3.980767e-18
9964.633638 4.330117e-18
9967.554924 3.104099e-18
9970.476685 3.598219e-18
9973.398468 4.621245e-18
9976.320707 3.876553e-18
9979.243108 3.747522e-18
9982.165836 4.821421e-18
9985.089074 4.779825e-18
9988.012741 3.729441e-18
9990.936377 3.470325e-18
9993.860232 4.248897e-18
9996.784659 3.775646e-18
9999.709119 4.722588e-18
10002.633852 5.284547e-18
10005.559126 3.850862e-18
10008.484904 4.233594e-18
10011.410700 7.488502e-18
10014.336769 7.601814e-18
10017.263264 7.292999e-18
10020.189927 6.009006e-18
10023.116833 4.339006e-18
10026.044301 4.028556e-18
10028.971998 3.605071e-18
10031.899860 3.477426e-18
10034.827991 3.724560e-18
10037.756502 3.495867e-18
10040.685337 3.986569e-18
10043.614403 3.911729e-18
10046.543991 4.824943e-18
10049.473758 3.545794e-18
10052.403642 3.031708e-18
10055.334069 3.438370e-18
10058.264629 3.854051e-18
10061.195485 3.568255e-18
10064.126799 4.311946e-18
10067.058324 4.019536e-18
10069.990232 3.103047e-18
10072.922389 3.364324e-18
10075.854826 3.991221e-18
10078.787526 4.865867e-18
10081.720564 4.188094e-18
10084.653923 4.018911e-18
10087.587627 3.059993e-18
10090.521600 3.831517e-18
10093.455819 4.202653e-18
10096.390614 4.208612e-18
10099.325278 3.367972e-18
10102.260465 4.424450e-18
10105.195939 4.539991e-18
10108.131736 4.091378e-18
10111.067864 5.111557e-18
10114.004237 4.599643e-18
10116.940946 3.830885e-18
10119.877950 4.522208e-18
10122.815237 4.576825e-18
10125.752860 4.176990e-18
10128.690777 4.886288e-18
10131.629004 4.031124e-18
10134.567547 4.110885e-18
10137.506378 3.944681e-18
10140.445511 3.947224e-18
10143.384964 4.126214e-18
10146.324718 4.652006e-18
10149.264777 3.980220e-18
10152.205133 4.530277e-18
10155.145806 4.179367e-18
10158.086779 4.259026e-18
10161.028105 4.180471e-18
10163.969664 5.019298e-18
10166.911583 4.735171e-18
10169.853751 3.623276e-18
10172.796266 4.396980e-18
10175.739075 4.216114e-18
10178.682204 4.346535e-18
10181.625651 4.287204e-18
10184.569415 4.805087e-18
10187.513461 5.064604e-18
10190.457801 4.568045e-18
10193.402419 4.995666e-18
10196.347404 3.641283e-18
10199.292737 4.198474e-18
10202.238384 4.242594e-18
10205.184223 4.993578e-18
10208.130414 4.059185e-18
10211.076950 4.566606e-18
10214.023757 4.507043e-18
10216.970843 3.935143e-18
10219.918374 3.973370e-18
10222.866069 4.568652e-18
10225.814193 5.100757e-18
10228.762572 5.354385e-18
10231.711217 4.157339e-18
10234.660214 4.521817e-18
10237.609490 4.276443e-18
10240.559084 3.986450e-18
10243.509004 3.940950e-18
10246.459353 4.597080e-18
10249.409933 4.312810e-18
10252.360800 3.912693e-18
10255.311798 4.647320e-18
10258.263332 4.486344e-18
10261.215053 4.864887e-18
10264.167175 5.181322e-18
10267.119650 4.478659e-18
10270.072137 4.360491e-18
10273.025549 4.349564e-18
10275.978792 4.403539e-18
10278.932485 4.355680e-18
10281.885968 4.806769e-18
10284.840646 3.574708e-18
10287.795178 4.668098e-18
10290.750183 4.380858e-18
10293.705366 4.650662e-18
10296.660951 4.655795e-18
10299.616740 3.539332e-18
10302.573226 4.416791e-18
10305.529678 3.841690e-18
10308.486246 4.634524e-18
10311.443298 3.699908e-18
10314.400925 4.383807e-18
10317.358666 4.418333e-18
10320.316374 4.663361e-18
10323.274834 3.925470e-18
10326.233830 4.119537e-18
10329.192511 4.254092e-18
10332.152181 3.990138e-18
10335.111744 4.154472e-18
10338.071328 4.155076e-18
10341.031885 4.636792e-18
10343.992547 3.976198e-18
10346.953224 4.128860e-18
10349.914159 4.711608e-18
10352.876097 4.657323e-18
10355.837811 4.183347e-18
10358.800224 4.475359e-18
10361.762478 5.052891e-18
10364.725200 4.144267e-18
10367.688379 4.334886e-18
10370.652017 4.619944e-18
10373.615436 4.288827e-18
10376.579754 4.288681e-18
10379.543655 3.310930e-18
10382.508882 4.018016e-18
10385.473760 4.646371e-18
10388.439206 3.976124e-18
10391.404933 4.534607e-18
10394.370749 4.704984e-18
10397.336963 3.757645e-18
10400.303404 3.171141e-18
