3644.765907 -5.425380e-17
3646.169347 1.698943e-17
3647.575639 -2.216436e-19
3648.981690 3.101657e-17
3650.389147 -1.915386e-17
3651.797438 -2.016853e-18
3653.206951 -6.428633e-18
3654.617234 -2.333220e-17
3656.028722 -2.643216e-18
3657.441283 2.897311e-18
3658.854691 1.777288e-17
3660.269274 3.452378e-18
3661.684590 -1.250574e-17
3663.101583 3.645436e-18
3664.519310 8.617259e-19
3665.937452 4.518932e-17
3667.357607 8.046174e-18
3668.778273 1.091497e-17
3670.199920 1.214378e-17
3671.622583 6.854541e-18
3673.046237 3.205077e-17
3674.470905 -4.111110e-17
3675.897220 6.156950e-18
3677.324259 -2.178374e-17
3678.751000 -1.019214e-17
3680.180814 2.452482e-17
3681.610576 -1.079343e-17
3683.041803 -1.236897e-17
3684.473862 -1.259011e-17
3685.906966 1.740367e-17
3687.341011 8.702987e-18
3688.776047 1.448162e-17
3690.212219 1.013593e-17
3691.649252 -4.127488e-18
3693.087801 -5.780886e-18
3694.526475 -5.434240e-18
3695.966689 -1.719344e-18
3697.408295 1.984358e-17
3698.850274 2.968807e-17
3700.293340 -2.308657e-18
3701.737495 -2.715866e-18
3703.183110 -4.525154e-18
3704.628703 -8.961319e-18
3706.076906 3.368930e-17
3707.524944 4.672149e-18
3708.974142 3.036422e-18
3710.426525 -3.985004e-18
3711.882263 2.419382e-17
3713.334872 1.180484e-17
3714.788513 3.745580e-17
3716.236288 -2.859577e-18
3717.690803 -1.935177e-18
3719.147977 -8.783814e-18
3720.605166 1.000756e-17
3722.063214 9.003055e-18
3723.523324 4.880005e-19
3724.983341 1.862941e-17
3726.444734 2.556891e-17
3727.907138 8.366105e-18
3729.370766 1.112609e-17
3730.835050 7.439904e-18
3732.301044 9.400793e-18
3733.767212 1.338209e-17
3735.234496 8.400480e-18
3736.703537 -8.098923e-18
3738.172997 1.040522e-17
3739.642317 -9.086440e-18
3741.115068 1.917485e-18
3742.587000 2.108791e-18
3744.060544 1.635174e-17
3745.534436 8.096791e-18
3747.010230 -1.312503e-18
3748.487743 1.584329e-17
3749.965092 3.545614e-18
3751.442832 -8.783640e-18
3752.922663 -4.844455e-18
3754.402937 1.191132e-17
3755.884142 3.185912e-18
3757.367638 1.088481e-17
3758.852710 7.299139e-18
3760.334246 1.509701e-17
3761.820654 2.518982e-18
3763.306566 8.096909e-18
3764.794099 9.154601e-18
3766.282632 6.186699e-18
3767.772085 2.362614e-17
3769.262582 2.688577e-18
3770.753319 2.536136e-18
3772.246578 1.902230e-17
3773.739419 1.716071e-17
3775.233690 2.191761e-17
3776.729621 1.631552e-17
3778.229104 2.160591e-18
3779.727008 1.832225e-17
3781.225493 7.466789e-18
3782.721253 2.170710e-17
3784.220847 2.333755e-18
3785.722004 1.064566e-17
3787.223869 3.917863e-18
3788.726338 5.526027e-18
3790.231400 1.086543e-17
3791.736250 1.239964e-17
3793.243096 1.941342e-17
3794.750040 1.119195e-18
3796.257786 1.454985e-18
3797.767548 9.478223e-18
3799.277232 2.410819e-17
3800.787316 8.841695e-18
3802.299982 4.531192e-18
3803.813145 7.987015e-18
3805.327251 -2.174048e-18
3806.842345 1.117312e-17
3808.358161 1.150276e-17
3809.875527 -2.536527e-18
3811.392617 1.144116e-17
3812.911750 1.314172e-18
3814.431720 1.585149e-17
3815.952459 1.309581e-17
3817.474160 9.452834e-18
3818.996654 6.794112e-18
3820.520478 7.686291e-18
3822.044839 1.705382e-17
3823.570067 1.186521e-18
3825.097402 8.821539e-18
3826.624294 5.972962e-18
3828.153286 1.286241e-17
3829.683398 -2.276454e-18
3831.212313 1.323369e-17
3832.745047 1.399646e-17
3834.277649 1.511980e-17
3835.810535 2.269398e-17
3837.345464 9.523231e-18
3838.879875 6.066485e-18
3840.416172 1.452684e-17
3841.953954 1.634291e-17
3843.491549 5.039110e-18
3845.030364 1.445137e-17
3846.570873 2.050824e-17
3848.111131 1.693289e-17
3849.652665 9.707826e-18
3851.197306 8.639738e-18
3852.739913 2.249674e-17
3854.285087 1.323489e-17
3855.830545 1.592040e-17
3857.378217 1.433817e-17
3858.925639 1.814191e-17
3860.474790 1.468975e-17
3862.024173 2.866341e-17
3863.574161 3.187706e-17
3865.126375 1.135225e-17
3866.679257 1.531840e-17
3868.233173 2.152097e-17
3869.785884 1.174413e-17
3871.340870 2.798010e-17
3872.897070 2.071249e-17
3874.455253 1.715243e-17
3876.013072 2.333542e-17
3877.571944 2.198162e-17
3879.132616 2.024571e-17
3880.693657 1.837563e-17
3882.255745 2.809797e-17
3883.818193 2.085829e-17
3885.380960 2.410374e-17
3886.946324 2.165028e-17
3888.512341 2.365530e-17
3890.079209 3.369242e-17
3891.647237 1.923914e-17
3893.215798 2.843362e-17
3894.784755 2.431154e-17
3896.356302 3.158700e-17
3897.926413 2.815160e-17
3899.498444 2.638646e-17
3901.071251 3.505798e-17
3902.646155 2.673012e-17
3904.222066 2.531920e-17
3905.796492 3.878607e-17
3907.374769 4.142882e-17
3908.952886 4.049979e-17
3910.530826 2.701631e-17
3912.110909 3.665930e-17
3913.691951 3.844262e-17
3915.272725 3.727586e-17
3916.855606 4.123845e-17
3918.438962 4.338631e-17
3920.023816 3.757380e-17
3921.608286 3.714506e-17
3923.194170 4.085777e-17
3924.782722 4.896861e-17
3926.370308 4.254717e-17
3927.960122 4.361610e-17
3929.549753 4.045308e-17
3931.140344 4.389120e-17
3932.731410 4.753183e-17
3934.325509 4.137121e-17
3935.918459 4.809406e-17
3937.512646 5.813113e-17
3939.108480 4.745943e-17
3940.703983 5.029613e-17
3942.302242 4.405956e-17
3943.900493 5.570559e-17
3945.500832 4.971099e-17
3947.100770 3.932902e-17
3948.701289 5.413325e-17
3950.303235 4.724579e-17
3951.905229 4.397859e-17
3953.509612 5.074238e-17
3955.113982 5.731739e-17
3956.720572 5.633542e-17
3958.326425 4.604644e-17
3959.933761 5.912859e-17
3961.542157 5.213223e-17
3963.152172 5.903030e-17
3964.762012 4.524718e-17
3966.373151 5.311304e-17
3967.983847 5.616385e-17
3969.598712 6.380324e-17
3971.211742 4.976455e-17
3972.824811 5.901508e-17
3974.442080 5.933401e-17
3976.058132 5.628826e-17
3977.675628 5.350816e-17
3979.294187 6.393368e-17
3980.913925 5.649773e-17
3982.534283 5.752908e-17
3984.154610 5.459274e-17
3985.776305 5.642120e-17
3987.398909 6.696568e-17
3989.023262 6.589121e-17
3990.647764 5.776132e-17
3992.273899 6.314903e-17
3993.900128 5.651859e-17
3995.527629 6.121650e-17
3997.155785 6.127907e-17
3998.784270 6.128430e-17
4000.413415 6.308161e-17
4002.045889 6.552138e-17
4003.678737 6.229673e-17
4005.310036 5.771853e-17
4006.943690 6.436863e-17
4008.577752 5.885215e-17
4010.213068 5.287025e-17
4011.850040 5.301631e-17
4013.486397 5.641409e-17
4015.125652 5.769594e-17
4016.764273 6.042078e-17
4018.404418 5.918120e-17
4020.044038 5.283748e-17
4021.686270 5.972802e-17
4023.329108 5.925831e-17
4024.972651 6.182337e-17
4026.617141 5.447162e-17
4028.262065 6.105465e-17
4029.909374 5.496193e-17
4031.555312 5.297286e-17
4033.202620 5.467072e-17
4034.851791 5.608828e-17
4036.501037 5.324635e-17
4038.152228 4.861758e-17
4039.802905 5.404810e-17
4041.456865 4.872833e-17
4043.109972 5.178079e-17
4044.762823 4.714851e-17
4046.417991 4.953516e-17
4048.073723 5.088226e-17
4049.729249 5.542575e-17
4051.387263 4.777205e-17
4053.046231 4.951117e-17
4054.704814 5.422449e-17
4056.365292 4.270305e-17
4058.027224 4.313433e-17
4059.687736 4.457845e-17
4061.350378 5.097122e-17
4063.014951 4.903423e-17
4064.678542 4.687495e-17
4066.343903 5.072005e-17
4068.011368 5.175320e-17
4069.678110 4.786624e-17
4071.345778 4.650583e-17
4073.014972 5.223679e-17
4074.684297 5.289660e-17
4076.355299 4.678848e-17
4078.027467 4.924436e-17
4079.698605 4.435468e-17
4081.371452 4.547492e-17
4083.046580 4.755066e-17
4084.722030 4.444501e-17
4086.397675 4.593427e-17
4088.074182 4.566496e-17
4089.750991 4.376647e-17
4091.429831 4.326328e-17
4093.108267 4.069675e-17
4094.788809 4.201078e-17
4096.469700 4.521032e-17
4098.149788 4.837708e-17
4099.834538 4.618339e-17
4101.518182 4.761900e-17
4103.201464 4.447427e-17
4104.888047 4.486904e-17
4106.572888 4.683153e-17
4108.259661 4.256013e-17
4109.947264 3.795880e-17
4111.637213 4.522033e-17
4113.326297 4.530421e-17
4115.016915 5.049636e-17
4116.707945 5.046006e-17
4118.399036 4.885282e-17
4120.092973 4.413928e-17
4121.786485 4.604662e-17
4123.481401 4.018869e-17
4125.175848 4.455264e-17
4126.873151 4.451300e-17
4128.569345 4.779781e-17
4130.267496 4.577432e-17
4131.966589 4.289104e-17
4133.665471 5.043704e-17
4135.365556 4.304655e-17
4137.068456 4.600289e-17
4138.770245 4.851042e-17
4140.473820 5.433874e-17
4142.176220 4.828364e-17
4143.881797 4.832258e-17
4145.586403 4.826585e-17
4147.293407 4.188775e-17
4149.000797 4.997861e-17
4150.708521 5.416587e-17
4152.416977 4.546729e-17
4154.127013 5.426239e-17
4155.838148 5.105504e-17
4157.549335 5.307436e-17
4159.261144 5.333949e-17
4160.974050 5.216022e-17
4162.688251 5.141124e-17
4164.403834 5.084115e-17
4166.118797 5.376640e-17
4167.834877 5.555507e-17
4169.551663 5.470663e-17
4171.271108 5.060323e-17
4172.989174 5.833102e-17
4174.708964 5.316808e-17
4176.429351 5.324895e-17
4178.151568 6.037339e-17
4179.873571 4.980161e-17
4181.596321 5.448044e-17
4183.319460 5.552734e-17
4185.044173 6.107957e-17
4186.770511 5.925534e-17
4188.495720 5.619430e-17
4190.223285 5.974815e-17
4191.951560 5.669912e-17
4193.679813 5.780808e-17
4195.409747 5.826131e-17
4197.140750 5.914351e-17
4198.871013 5.322818e-17
4200.603120 5.556868e-17
4202.335634 6.256996e-17
4204.070199 6.321145e-17
4205.804459 6.119494e-17
4207.539329 6.505892e-17
4209.275774 5.661877e-17
4211.013310 5.649090e-17
4212.749837 6.066438e-17
4214.488626 5.885919e-17
4216.228567 5.208067e-17
4217.968076 5.599136e-17
4219.709550 5.320716e-17
4221.452155 5.998291e-17
4223.194604 5.528497e-17
4224.936827 5.845508e-17
4226.680950 5.547334e-17
4228.426504 5.299818e-17
4230.172067 5.610413e-17
4231.919104 5.198292e-17
4233.666354 5.654512e-17
4235.414632 5.795499e-17
4237.163786 5.425218e-17
4238.914240 6.117157e-17
4240.664420 5.722269e-17
4242.415916 5.443558e-17
4244.167945 5.814722e-17
4245.921626 5.932734e-17
4247.674883 5.382452e-17
4249.429239 5.911383e-17
4251.185955 5.009014e-17
4252.941573 6.115246e-17
4254.698023 5.588644e-17
4256.456446 5.571011e-17
4258.214796 4.942836e-17
4259.974785 5.602878e-17
4261.735094 5.907353e-17
4263.496351 5.228853e-17
4265.257310 5.312575e-17
4267.019817 5.806411e-17
4268.783329 5.425843e-17
4270.547530 5.543757e-17
4272.313289 6.067908e-17
4274.079493 5.509998e-17
4275.845310 5.754558e-17
4277.612622 5.821036e-17
4279.380357 5.980655e-17
4281.149888 5.729332e-17
4282.919855 5.558056e-17
4284.689652 5.874155e-17
4286.460978 5.453495e-17
4288.233659 6.153159e-17
4290.006575 5.255050e-17
4291.779339 5.851041e-17
4293.553973 5.752474e-17
4295.329182 5.882671e-17
4297.106348 5.186260e-17
4298.881736 5.287439e-17
4300.659442 5.847636e-17
4302.438179 5.426666e-17
4304.217123 5.631862e-17
4305.997179 5.297224e-17
4307.777051 5.463875e-17
4309.558891 5.176005e-17
4311.341646 5.372787e-17
4313.124960 5.171262e-17
4314.907636 5.060043e-17
4316.692505 5.398291e-17
4318.478093 4.867413e-17
4320.264171 5.264173e-17
4322.051339 4.749176e-17
4323.838507 4.930597e-17
4325.626736 5.011711e-17
4327.416356 4.830409e-17
4329.205653 5.106870e-17
4330.996840 5.229105e-17
4332.787647 5.051396e-17
4334.580597 4.574852e-17
4336.373399 4.864919e-17
4338.167945 4.902643e-17
4339.961675 4.844255e-17
4341.756692 4.543391e-17
4343.552716 4.424983e-17
4345.350172 4.547771e-17
4347.147068 4.401041e-17
4348.945436 4.716698e-17
4350.743983 4.182564e-17
4352.544724 4.917413e-17
4354.345768 4.130372e-17
4356.146495 4.375933e-17
4357.949701 4.384307e-17
4359.752147 4.025454e-17
4361.555186 4.317808e-17
4363.359736 3.861913e-17
4365.164819 3.962817e-17
4366.970495 3.403094e-17
4368.777711 3.628921e-17
4370.585159 3.469552e-17
4372.392763 3.583422e-17
4374.201591 4.122683e-17
4376.012470 3.694434e-17
4377.822159 3.374802e-17
4379.633796 3.581488e-17
4381.444971 3.395917e-17
4383.258419 3.013668e-17
4385.071483 3.177557e-17
4386.885737 3.053714e-17
4388.700817 3.200110e-17
4390.473753 2.851040e-17
4392.282386 3.685176e-17
4394.099623 3.253965e-17
4395.916519 2.946494e-17
4397.786308 2.906661e-17
4399.605338 3.311529e-17
4401.425589 3.080192e-17
4403.246645 2.931012e-17
4405.068659 2.574773e-17
4406.891332 2.799905e-17
4408.714163 2.744878e-17
4410.537424 2.780664e-17
4412.362186 2.851809e-17
4414.188150 2.613156e-17
4416.013838 2.692923e-17
4417.840276 2.821464e-17
4419.667225 2.644377e-17
4421.495261 2.571952e-17
4423.324824 2.589644e-17
4425.155163 2.565109e-17
4426.984186 2.840426e-17
4428.816171 2.818223e-17
4430.647998 2.567343e-17
4432.480435 2.912629e-17
4434.314827 2.484731e-17
4436.147929 2.373159e-17
4437.983115 2.591047e-17
4439.819258 2.621372e-17
4441.655271 2.572073e-17
4443.491476 2.643202e-17
4445.329217 2.537689e-17
4447.168181 2.938493e-17
4449.006863 2.828903e-17
4450.847382 2.833774e-17
4452.687634 2.631902e-17
4454.529178 3.076890e-17
4456.371037 2.517893e-17
4458.213641 3.080099e-17
4460.057512 2.927889e-17
4461.901710 2.598255e-17
4463.747188 3.043059e-17
4465.592388 2.830160e-17
4467.438385 3.211939e-17
4469.285701 2.997801e-17
4471.133292 2.792088e-17
4472.982082 2.802630e-17
4474.830358 3.253866e-17
4476.681288 3.197637e-17
4478.531665 3.464240e-17
4480.383176 3.314425e-17
4482.235319 3.133006e-17
4484.088059 3.336910e-17
4485.941581 3.378223e-17
4487.796353 3.247459e-17
4489.650617 3.259060e-17
4491.506601 3.701999e-17
4493.362903 3.534868e-17
4495.220185 3.892832e-17
4497.077589 3.723043e-17
4498.936548 3.830978e-17
4500.795088 4.045983e-17
4502.655520 3.771975e-17
4504.516325 3.699226e-17
4506.377000 3.904059e-17
4508.239205 3.339467e-17
4510.102323 4.016490e-17
4511.965570 4.131856e-17
4513.829503 3.861856e-17
4515.693952 4.461614e-17
4517.559387 4.327876e-17
4519.426087 4.311508e-17
4521.293131 4.961888e-17
4523.160049 4.724469e-17
4525.028957 4.548770e-17
4526.897328 4.656471e-17
4528.767424 4.833869e-17
4530.637554 4.512365e-17
4532.509154 4.539270e-17
4534.381368 4.647671e-17
4536.253201 5.022646e-17
4538.126019 5.334364e-17
4540.000075 5.194449e-17
4541.874626 4.701458e-17
4543.750205 5.524198e-17
4545.626944 5.215299e-17
4547.502828 4.961875e-17
4549.379840 5.692292e-17
4551.257845 5.401724e-17
4553.136546 6.104505e-17
4555.016602 5.458288e-17
4556.896217 5.579931e-17
4558.776358 5.790748e-17
4560.657789 5.706790e-17
4562.540903 6.071369e-17
4564.422790 5.808623e-17
4566.306453 5.953465e-17
4568.190606 5.853559e-17
4570.075594 5.962458e-17
4571.961015 5.935592e-17
4573.847478 6.089430e-17
4575.734768 6.542960e-17
4577.622038 6.467328e-17
4579.509876 6.496271e-17
4581.398938 6.703103e-17
4583.288266 6.222358e-17
4585.178841 6.026754e-17
4587.069717 6.451827e-17
4588.961115 6.662496e-17
4590.853861 6.424881e-17
4592.746687 6.071985e-17
4594.640050 6.404884e-17
4596.534366 6.573439e-17
4598.429325 6.513405e-17
4600.325050 7.028485e-17
4602.221777 6.695809e-17
4604.118604 6.386350e-17
4606.016489 6.662585e-17
4607.914889 6.936521e-17
4609.813701 7.072997e-17
4611.713457 6.634186e-17
4613.613958 7.014089e-17
4615.513961 6.811912e-17
4617.416707 6.950984e-17
4619.319040 7.069783e-17
4621.221527 7.257466e-17
4623.125411 6.943694e-17
4625.029762 7.024916e-17
4626.934802 7.223978e-17
4628.840383 7.301825e-17
4630.746507 7.236151e-17
4632.653833 7.385726e-17
4634.561147 7.117611e-17
4636.469723 7.280706e-17
4638.378487 7.281559e-17
4640.288571 7.157189e-17
4642.198512 7.202696e-17
4644.109204 7.209335e-17
4646.020930 6.842434e-17
4647.933045 6.805598e-17
4649.846227 6.565161e-17
4651.759734 6.595531e-17
4653.674058 6.757708e-17
4655.588567 6.501907e-17
4657.504169 6.554455e-17
4659.420449 6.160668e-17
4661.337018 6.527956e-17
4663.254958 6.678309e-17
4665.172802 6.187690e-17
4667.091515 6.243749e-17
4669.011249 6.311545e-17
4670.931607 6.187002e-17
4672.851662 6.333845e-17
4674.773174 6.645639e-17
4676.695158 6.062502e-17
4678.618219 6.306296e-17
4680.541127 6.123366e-17
4682.464429 5.927981e-17
4684.389648 5.979335e-17
4686.314684 6.176611e-17
4688.241127 6.039287e-17
4690.167063 5.898979e-17
4692.094058 5.887528e-17
4694.021546 5.971437e-17
4695.950335 5.993811e-17
4697.879568 5.957246e-17
4699.808869 6.449545e-17
4701.739054 6.065276e-17
4703.670166 5.840387e-17
4705.601563 5.961821e-17
4707.533982 5.609261e-17
4709.467052 5.668990e-17
4711.400490 5.896159e-17
4713.334950 5.298475e-17
4715.269410 5.394284e-17
4717.204867 5.451500e-17
4719.140925 5.223454e-17
4721.077641 5.156395e-17
4723.014831 5.308062e-17
4724.952902 5.407522e-17
4726.891220 5.112625e-17
4728.830194 5.106578e-17
4730.770177 5.019701e-17
4732.710640 4.719298e-17
4734.651586 4.546095e-17
4736.593651 4.594371e-17
4738.535705 4.654632e-17
4740.478442 4.365772e-17
4742.422170 3.844992e-17
4744.366534 4.410311e-17
4746.311175 4.133356e-17
4748.256760 4.111584e-17
4750.202841 3.945259e-17
4752.149913 3.825326e-17
4754.096404 3.967764e-17
4756.044579 3.983963e-17
4757.993061 3.876623e-17
4759.942249 3.665258e-17
4761.891747 3.536007e-17
4763.842728 3.654345e-17
4765.793444 3.557937e-17
4767.745045 3.853250e-17
4769.696991 3.533840e-17
4771.650245 3.548321e-17
4773.603454 3.381211e-17
4775.557523 3.586768e-17
4777.511912 3.608832e-17
4779.467522 3.625037e-17
4781.423197 3.342816e-17
4783.379732 3.573601e-17
4785.337275 3.349602e-17
4787.294608 3.417359e-17
4789.253404 3.368751e-17
4791.212289 3.373298e-17
4793.171405 3.402959e-17
4795.131730 3.309645e-17
4797.092105 3.142399e-17
4799.053958 3.346001e-17
4801.015607 3.341459e-17
4802.978422 2.920716e-17
4804.941574 3.487485e-17
4806.905597 3.124182e-17
4808.869676 3.344218e-17
4810.834708 3.587084e-17
4812.800447 2.893617e-17
4814.766768 3.023747e-17
4816.733140 2.977827e-17
4818.700531 3.249666e-17
4820.668861 3.392458e-17
4822.637599 3.070216e-17
4824.606267 3.076408e-17
4826.576444 3.265968e-17
4828.546714 3.024376e-17
4830.517850 2.870041e-17
4832.489618 2.875704e-17
4834.461380 2.725133e-17
4836.434223 2.833764e-17
4838.407814 2.903934e-17
4840.381276 3.060232e-17
4842.355979 2.842171e-17
4844.331404 2.392463e-17
4846.306861 2.728414e-17
4848.282987 2.730204e-17
4850.260168 2.708922e-17
4852.237468 2.848433e-17
4854.215686 2.799797e-17
4856.194440 2.662458e-17
4858.173503 2.869582e-17
4860.153327 2.956981e-17
4862.133785 2.667914e-17
4864.114761 2.732391e-17
4866.096339 2.803640e-17
4868.078711 3.029206e-17
4870.061805 2.619400e-17
4872.044730 2.639353e-17
4874.028704 2.865683e-17
4876.013473 2.703146e-17
4877.998275 2.648873e-17
4879.984029 2.653654e-17
4881.970361 2.898342e-17
4883.956842 2.894130e-17
4885.944553 2.747480e-17
4887.932296 2.674218e-17
4889.921130 2.867603e-17
4891.910060 2.888813e-17
4893.899927 2.645380e-17
4895.890042 2.918424e-17
4897.881120 2.860929e-17
4899.872574 2.642515e-17
4901.864999 2.744400e-17
4903.857053 2.795827e-17
4905.850239 3.159176e-17
4907.843833 2.943514e-17
4909.838241 3.165230e-17
4911.832909 2.802877e-17
4913.828793 3.121362e-17
4915.824355 3.256151e-17
4917.821117 3.104789e-17
4919.818501 3.264328e-17
4921.816043 2.942327e-17
4923.814165 3.216338e-17
4925.813404 3.277279e-17
4927.812803 3.219336e-17
4929.812610 3.030538e-17
4931.813123 2.925959e-17
4933.814342 3.075920e-17
4935.816280 2.961382e-17
4937.818357 3.159178e-17
4939.820910 3.280306e-17
4941.824407 2.998090e-17
4943.828397 3.217402e-17
4945.832882 3.119379e-17
4947.838104 3.214641e-17
4949.843465 2.876485e-17
4951.849860 3.090075e-17
4953.856403 3.035008e-17
4955.863587 3.204929e-17
4957.871680 2.979738e-17
4959.880003 2.804477e-17
4961.888709 3.052461e-17
4963.898362 2.926082e-17
4965.908714 2.664630e-17
4967.918795 2.793786e-17
4969.927861 2.895720e-17
4971.941521 2.508542e-17
4973.954464 2.734404e-17
4975.967588 2.783034e-17
4977.980823 2.824158e-17
4979.994496 2.611077e-17
4982.009256 2.677683e-17
4984.024254 2.623305e-17
4986.039909 2.599018e-17
4988.056025 2.594227e-17
4990.072376 2.754455e-17
4992.089914 2.597724e-17
4994.107526 2.538531e-17
4996.125918 2.647720e-17
4998.144596 2.435979e-17
5000.164216 2.511884e-17
5002.184208 2.338683e-17
5004.204909 2.444043e-17
5006.225595 2.760447e-17
5008.247427 2.515058e-17
5010.269657 2.585823e-17
5012.292079 2.448499e-17
5014.315224 2.566385e-17
5016.338886 2.708742e-17
5018.363264 2.599473e-17
5020.388192 2.437199e-17
5022.413683 2.561147e-17
5024.439603 2.703773e-17
5026.465827 2.561982e-17
5028.492841 2.417768e-17
5030.520312 2.525909e-17
5032.548576 2.522336e-17
5034.577060 2.619295e-17
5036.606385 2.486194e-17
5038.635651 2.367638e-17
5040.666166 2.565954e-17
5042.696844 2.607941e-17
5044.728117 2.451504e-17
5046.759810 2.380647e-17
5048.792182 2.716295e-17
5050.825016 2.526002e-17
5052.858326 2.788119e-17
5054.892296 2.749925e-17
5056.926751 2.861516e-17
5058.961722 2.331643e-17
5060.997008 2.548774e-17
5063.033255 2.593221e-17
5065.069701 2.645797e-17
5067.107013 2.842117e-17
5069.144507 2.666761e-17
5071.182617 2.840615e-17
5073.221159 2.920008e-17
5075.260328 2.773276e-17
5077.300118 2.917075e-17
5079.340175 2.979196e-17
5081.381205 3.017817e-17
5083.422302 3.032619e-17
5085.464365 2.826909e-17
5087.506597 2.822319e-17
5089.549486 2.976072e-17
5091.592498 3.121771e-17
5093.636601 3.053010e-17
5095.680971 3.035330e-17
5097.725892 3.010224e-17
5099.771192 3.149957e-17
5101.817217 3.208507e-17
5103.863626 3.206798e-17
5105.910384 3.154579e-17
5107.957872 3.320269e-17
5110.006099 3.331109e-17
5112.054500 3.249012e-17
5114.103678 3.250036e-17
5116.152948 3.308705e-17
5118.203134 3.377130e-17
5120.253657 3.323738e-17
5122.304902 3.304674e-17
5124.356227 3.045099e-17
5126.408415 3.451431e-17
5128.460875 3.291982e-17
5130.499736 3.404728e-17
5132.553780 3.207193e-17
5134.608170 3.110027e-17
5136.662632 3.374585e-17
5138.731682 3.550096e-17
5140.787283 3.454121e-17
5142.843476 3.505984e-17
5144.900189 3.472358e-17
5146.957420 3.486729e-17
5149.015013 3.310668e-17
5151.073141 3.546544e-17
5153.131879 3.623713e-17
5155.191030 3.747864e-17
5157.250525 3.517460e-17
5159.310889 3.756286e-17
5161.371570 3.642358e-17
5163.432650 3.583950e-17
5165.494308 3.829808e-17
5167.556641 3.590054e-17
5169.618996 3.915871e-17
5171.682129 4.025656e-17
5173.746134 3.880643e-17
5175.810001 3.880161e-17
5177.874722 3.975521e-17
5179.939942 3.818513e-17
5182.005638 3.998370e-17
5184.071873 4.047392e-17
5186.138298 4.224886e-17
5188.205420 4.522013e-17
5190.273164 4.263370e-17
5192.341342 3.995603e-17
5194.409880 4.209898e-17
5196.479209 4.395679e-17
5198.548420 4.643656e-17
5200.618811 4.467986e-17
5202.689206 4.203785e-17
5204.760269 4.677875e-17
5206.831725 4.490798e-17
5208.904015 4.816345e-17
5210.976374 4.589365e-17
5213.049371 5.092311e-17
5215.122884 5.122382e-17
5217.196874 4.822020e-17
5219.271465 4.864522e-17
5221.346260 4.837655e-17
5223.421878 4.932869e-17
5225.497766 4.740473e-17
5227.574212 4.848291e-17
5229.651176 5.001724e-17
5231.728354 4.965857e-17
5233.806151 5.038922e-17
5235.884593 5.182908e-17
5237.963392 5.061826e-17
5240.042773 5.165940e-17
5242.122472 5.201296e-17
5244.202766 4.840484e-17
5246.283647 5.092785e-17
5248.364596 5.356573e-17
5250.446521 4.944649e-17
5252.528487 5.087476e-17
5254.611312 5.022646e-17
5256.694279 5.114897e-17
5258.778060 5.302349e-17
5260.862174 5.197107e-17
5262.946642 4.951381e-17
5265.031780 5.035775e-17
5267.117076 5.282239e-17
5269.203207 5.193783e-17
5271.289445 5.032039e-17
5273.376436 5.412968e-17
5275.463886 5.177932e-17
5277.551760 5.312034e-17
5279.639946 5.064370e-17
5281.728853 5.219882e-17
5283.818040 5.237477e-17
5285.907864 5.383025e-17
5287.998030 5.536571e-17
5290.088644 5.386824e-17
5292.179949 5.272717e-17
5294.271339 5.270353e-17
5296.363655 5.501722e-17
5298.456045 5.826764e-17
5300.549189 5.806491e-17
5302.642546 5.513116e-17
5304.736467 5.922754e-17
5306.830941 5.844497e-17
5308.925713 5.885076e-17
5311.021058 5.480884e-17
5313.116870 5.632088e-17
5315.213230 5.602199e-17
5317.309788 5.808548e-17
5319.407060 5.820185e-17
5321.504747 5.795943e-17
5323.602739 5.654913e-17
5325.701416 5.681754e-17
5327.800326 5.828963e-17
5329.899797 5.844794e-17
5331.999606 5.707468e-17
5334.100236 5.879281e-17
5336.200953 5.824445e-17
5338.302307 5.659029e-17
5340.403919 5.674476e-17
5342.506227 5.653564e-17
5344.608919 5.449103e-17
5346.712025 5.566921e-17
5348.815741 5.365383e-17
5350.919648 5.318476e-17
5353.024247 5.214042e-17
5355.129004 5.292391e-17
5357.234415 5.259172e-17
5359.340364 5.159729e-17
5361.446617 5.026091e-17
5363.553194 4.956876e-17
5365.660575 5.308103e-17
5367.768060 5.224586e-17
5369.876232 4.894361e-17
5371.984825 4.694964e-17
5374.093696 5.197663e-17
5376.203196 4.901079e-17
5378.313060 5.114547e-17
5380.423326 5.125942e-17
5382.534310 4.929487e-17
5384.645310 4.858067e-17
5386.757040 4.706269e-17
5388.869031 5.072726e-17
5390.981908 5.040339e-17
5393.094646 4.980606e-17
5395.208100 5.072826e-17
5397.322085 4.868784e-17
5399.436375 4.933537e-17
5401.551019 5.036574e-17
5403.666404 4.940024e-17
5405.781938 4.878839e-17
5407.898051 4.964489e-17
5410.014425 4.984644e-17
5412.131613 5.071519e-17
5414.248873 4.955152e-17
5416.366645 4.900902e-17
5418.485009 5.030095e-17
5420.603743 5.035814e-17
5422.722859 5.039576e-17
5424.842476 4.906274e-17
5426.962391 4.904536e-17
5429.082984 4.962243e-17
5431.203915 5.083638e-17
5433.325196 5.104840e-17
5435.446999 4.766980e-17
5437.569178 5.158425e-17
5439.691744 5.312789e-17
5441.815007 4.977479e-17
5443.938230 5.070678e-17
5446.062226 5.167701e-17
5448.186664 5.104177e-17
5450.311370 4.902563e-17
5452.436568 5.175894e-17
5454.562414 5.482386e-17
5456.688342 5.090747e-17
5458.814965 5.036498e-17
5460.941764 5.187763e-17
5463.069284 5.053385e-17
5465.196984 5.125984e-17
5467.325234 5.214684e-17
5469.453862 5.084891e-17
5471.582805 5.412107e-17
5473.712329 5.154531e-17
5475.842323 5.398946e-17
5477.972731 5.234855e-17
5480.103432 5.073770e-17
5482.234574 5.028935e-17
5484.366329 5.020575e-17
5486.498211 5.195831e-17
5488.630735 5.056370e-17
5490.763680 4.947518e-17
5492.897026 5.045113e-17
5495.030608 5.011168e-17
5497.164711 5.192534e-17
5499.299431 4.829271e-17
5501.480326 4.579900e-17
5503.615543 4.735837e-17
5505.751301 5.109542e-17
5507.858554 5.026844e-17
5509.978630 4.796327e-17
5512.115697 4.915466e-17
5514.253147 4.938334e-17
5516.391007 4.826382e-17
5518.529368 5.024496e-17
5520.668106 4.853422e-17
5522.807336 4.732604e-17
5524.946931 4.732775e-17
5527.086814 4.668387e-17
5529.227250 4.635605e-17
5531.368151 4.721621e-17
5533.509328 4.790521e-17
5535.650895 4.559283e-17
5537.793031 4.794888e-17
5539.935582 4.574250e-17
5542.078400 4.597031e-17
5544.221632 4.575695e-17
5546.365375 4.255846e-17
5548.509586 4.045527e-17
5550.654074 4.282439e-17
5552.799083 4.399588e-17
5554.944299 4.175618e-17
5557.089984 4.252086e-17
5559.236215 4.349627e-17
5561.382643 4.397364e-17
5563.529737 4.088596e-17
5565.677042 4.091080e-17
5567.824804 4.311265e-17
5569.973093 4.265244e-17
5572.121473 4.058947e-17
5574.270652 4.004358e-17
5576.420318 3.844622e-17
5578.570072 4.106355e-17
5580.720483 3.795347e-17
5582.871093 3.957602e-17
5585.021865 4.257541e-17
5587.173116 4.000528e-17
5589.324879 4.251176e-17
5591.477069 4.170200e-17
5593.629700 4.201145e-17
5595.782678 4.386562e-17
5597.936021 4.492337e-17
5600.090056 4.123039e-17
5602.244125 4.265319e-17
5604.398863 4.153632e-17
5606.553792 4.343039e-17
5608.709160 4.509772e-17
5610.864941 4.547915e-17
5613.021185 4.522845e-17
5615.177820 4.436256e-17
5617.334695 4.610202e-17
5619.492129 4.626470e-17
5621.649864 4.682564e-17
5623.808173 4.553323e-17
5625.966717 4.754807e-17
5628.125624 4.554327e-17
5630.285011 4.901882e-17
5632.444834 4.746714e-17
5634.604910 4.923106e-17
5636.765362 4.950387e-17
5638.926386 5.111275e-17
5641.087551 5.254999e-17
5643.249524 4.951331e-17
5645.411547 4.856880e-17
5647.574139 4.973824e-17
5649.736844 4.917118e-17
5651.900197 5.202928e-17
5654.063832 5.068790e-17
5656.227963 5.071189e-17
5658.392260 5.162625e-17
5660.557180 5.219685e-17
5662.722349 5.042532e-17
5664.888022 5.321237e-17
5667.053932 5.167107e-17
5669.220401 5.050928e-17
5671.387080 5.049846e-17
5673.554297 5.109407e-17
5675.721788 5.112264e-17
5677.889860 4.981720e-17
5680.057979 4.872999e-17
5682.226763 5.045664e-17
5684.395741 4.995091e-17
5686.565255 5.194198e-17
5688.735123 4.885695e-17
5690.905247 4.984700e-17
5693.075962 4.967749e-17
5695.246905 4.911882e-17
5697.418346 4.862850e-17
5699.589893 4.873173e-17
5701.762176 4.935324e-17
5703.934593 4.980786e-17
5706.107574 4.828527e-17
5708.280784 4.876718e-17
5710.454436 5.021285e-17
5712.628480 4.976354e-17
5714.802921 5.250425e-17
5716.977734 4.955053e-17
5719.152684 5.015429e-17
5721.328244 5.021121e-17
5723.504167 5.458978e-17
5725.680529 5.069830e-17
5727.857066 5.225304e-17
5730.034118 5.168637e-17
5732.211558 4.802485e-17
5734.389328 5.024021e-17
5736.567432 5.260016e-17
5738.745909 4.985072e-17
5740.924864 4.740120e-17
5743.104239 4.815430e-17
5745.283843 4.811351e-17
5747.463878 4.716103e-17
5749.644230 4.648093e-17
5751.825035 4.657472e-17
5754.006144 4.891506e-17
5756.187672 4.742497e-17
5758.369495 4.756346e-17
5760.551810 4.915694e-17
5762.734347 4.563796e-17
5764.917392 4.658463e-17
5767.100722 4.755327e-17
5769.284365 5.087840e-17
5771.468405 4.966028e-17
5773.653023 4.937210e-17
5775.837774 4.749595e-17
5778.022922 4.815961e-17
5780.208499 4.684016e-17
5782.394505 4.755284e-17
5784.580719 4.585859e-17
5786.767387 4.796878e-17
5788.954392 4.639288e-17
5791.141729 4.773787e-17
5793.329547 4.771314e-17
5795.517625 4.532047e-17
5797.706151 4.597623e-17
5799.894920 4.474715e-17
5802.084185 4.591326e-17
5804.273620 4.954281e-17
5806.463656 4.577444e-17
5808.653853 4.595293e-17
5810.844524 4.521747e-17
5813.035597 4.618852e-17
5815.226937 4.511094e-17
5817.418632 4.485458e-17
5819.610628 4.653819e-17
5821.803154 4.592299e-17
5823.995964 4.370210e-17
5826.189051 4.566512e-17
5828.382604 4.366592e-17
5830.576482 4.459315e-17
5832.770720 4.289794e-17
5834.965404 4.117267e-17
5837.160316 4.295219e-17
5839.355601 4.251793e-17
5841.551265 4.266353e-17
5843.747273 4.155659e-17
5845.943682 4.135217e-17
5848.140429 4.125490e-17
5850.337431 4.206677e-17
5852.534898 4.025902e-17
5854.732692 4.076991e-17
5856.930839 3.797798e-17
5859.129311 3.967260e-17
5861.328132 3.936428e-17
5863.527448 3.754417e-17
5865.726975 3.761848e-17
5867.926953 3.885889e-17
5870.127240 3.695452e-17
5872.327856 3.705802e-17
5874.528708 3.701249e-17
5876.730061 3.738034e-17
5878.931753 3.725961e-17
5881.133765 3.485220e-17
5883.336079 3.688818e-17
5885.538751 3.213475e-17
5887.741981 3.234075e-17
5889.957424 3.519495e-17
5892.161115 3.468799e-17
5894.365162 3.207058e-17
5896.557746 2.991310e-17
5898.762610 3.445773e-17
5900.967832 3.201904e-17
5903.173154 3.455578e-17
5905.379004 3.578436e-17
5907.585079 3.383770e-17
5909.791567 3.907083e-17
5911.998512 3.716025e-17
5914.205725 3.763067e-17
5916.413290 3.641561e-17
5918.621276 3.602247e-17
5920.829540 3.672651e-17
5923.038045 3.621807e-17
5925.260615 4.067208e-17
5927.479928 4.057061e-17
5929.679554 3.998436e-17
5931.881695 3.562905e-17
5934.088062 3.893052e-17
5936.296894 3.960589e-17
5938.507815 3.905941e-17
5940.719180 3.718812e-17
5942.930855 3.819954e-17
5945.142955 3.764899e-17
5947.355198 3.738717e-17
5949.567921 3.735781e-17
5951.781028 3.596535e-17
5953.994297 3.812026e-17
5956.208077 3.655804e-17
5958.422160 3.899312e-17
5960.636438 3.806772e-17
5962.851207 4.058891e-17
5965.066139 4.189564e-17
5967.281720 3.807989e-17
5969.497435 3.732184e-17
5971.713474 3.931134e-17
5973.929867 3.881040e-17
5976.146675 4.024311e-17
5978.363730 3.996386e-17
5980.581111 4.181666e-17
5982.798839 4.054482e-17
5985.016991 4.228255e-17
5987.235299 4.251770e-17
5989.454159 4.095264e-17
5991.673274 3.998807e-17
5993.892645 4.134059e-17
5996.112493 3.860585e-17
5998.332560 3.885826e-17
6000.552979 3.955916e-17
6002.773688 4.013716e-17
6004.994784 3.850030e-17
6007.216237 3.914676e-17
6009.437877 3.982629e-17
6011.660037 4.021970e-17
6013.882420 4.099216e-17
6016.105131 4.246100e-17
6018.328239 4.265964e-17
6020.551612 4.039994e-17
6022.775352 4.075513e-17
6024.999384 4.171250e-17
6027.223793 4.073887e-17
6029.448567 4.148545e-17
6031.673573 4.021999e-17
6033.898889 4.139411e-17
6036.124590 4.537387e-17
6038.350644 4.385527e-17
6040.576944 4.234906e-17
6042.803638 4.053779e-17
6045.030786 4.370310e-17
6047.258012 4.151551e-17
6049.485680 4.252762e-17
6051.713683 4.019381e-17
6053.941993 4.051494e-17
6056.170625 4.090160e-17
6058.399632 4.245193e-17
6060.628873 4.297381e-17
6062.858492 4.084052e-17
6065.088423 4.334554e-17
6067.318653 4.362696e-17
6069.549298 4.047450e-17
6071.780171 4.257483e-17
6074.011379 4.099613e-17
6076.242902 3.910270e-17
6078.474759 3.963804e-17
6080.706966 4.074765e-17
6082.939479 3.932543e-17
6085.172338 4.159315e-17
6087.405490 3.874510e-17
6089.638986 3.947483e-17
6091.872746 4.170885e-17
6094.106891 4.263782e-17
6096.341345 4.250690e-17
6098.576038 4.237955e-17
6100.811120 4.292766e-17
6103.046575 4.176060e-17
6105.282213 4.253109e-17
6107.518339 4.144430e-17
6109.754643 4.213933e-17
6111.991336 4.147700e-17
6114.228319 3.847854e-17
6116.465640 3.766619e-17
6118.703211 4.082484e-17
6120.941204 3.808243e-17
6123.179486 3.665466e-17
6125.418026 3.678113e-17
6127.656938 3.686785e-17
6129.896108 3.520843e-17
6132.135677 3.349281e-17
6134.375518 3.369751e-17
6136.615628 3.119936e-17
6138.856137 3.174220e-17
6141.096901 3.126724e-17
6143.337950 3.229683e-17
6145.579441 3.165902e-17
6147.821154 2.907932e-17
6150.063173 3.046628e-17
6152.305528 2.872139e-17
6154.548177 2.769618e-17
6156.791191 2.875011e-17
6159.034429 2.874525e-17
6161.278087 2.805736e-17
6163.521970 2.782531e-17
6165.766257 2.583113e-17
6168.010789 2.295180e-17
6170.255648 2.341179e-17
6172.500837 2.482623e-17
6174.746235 2.185823e-17
6176.992081 2.151525e-17
6179.238127 2.016227e-17
6181.484595 2.051575e-17
6183.731227 2.191198e-17
6185.978239 2.255855e-17
6188.225601 2.139301e-17
6190.473202 1.929095e-17
6192.721262 1.870465e-17
6194.969460 2.009759e-17
6197.217977 1.982899e-17
6199.466889 1.874991e-17
6201.716036 1.758936e-17
6203.965562 1.810869e-17
6206.215393 1.765172e-17
6208.465451 1.766593e-17
6210.715868 1.673739e-17
6212.966538 1.516594e-17
6215.217579 1.566725e-17
6217.468926 1.666990e-17
6219.720548 1.753614e-17
6221.972503 1.635648e-17
6224.224712 1.625508e-17
6226.477328 1.527118e-17
6228.730149 1.592533e-17
6230.983220 1.803044e-17
6233.236812 1.557636e-17
6235.490525 1.568856e-17
6237.744647 1.485051e-17
6239.999090 1.434219e-17
6242.253664 1.350219e-17
6244.508642 1.575340e-17
6246.763931 1.804732e-17
6249.019556 1.693454e-17
6251.275382 1.570534e-17
6253.531543 1.707143e-17
6255.788126 1.599814e-17
6258.044852 1.521713e-17
6260.302036 1.641929e-17
6262.559423 1.510252e-17
6264.817072 1.636427e-17
6267.075130 1.812703e-17
6269.333367 1.744809e-17
6271.591991 1.880922e-17
6273.850881 1.750498e-17
6276.110111 1.772400e-17
6278.369563 1.733636e-17
6280.629420 1.877479e-17
6282.889498 1.820657e-17
6285.149922 1.847231e-17
6287.410612 1.933712e-17
6289.671618 2.169660e-17
6291.932908 1.953476e-17
6294.194521 2.072019e-17
6296.456333 2.200894e-17
6298.718610 2.520035e-17
6300.981166 2.122013e-17
6303.243923 2.161460e-17
6305.506964 2.163427e-17
6307.770366 2.251727e-17
6310.034029 2.074945e-17
6312.298040 2.512649e-17
6314.562246 2.507815e-17
6316.826751 2.572003e-17
6319.091645 2.564934e-17
6321.356850 2.817570e-17
6323.622289 2.541900e-17
6325.888009 2.886969e-17
6328.154136 2.893069e-17
6330.420436 2.737329e-17
6332.687119 2.757098e-17
6334.954081 2.645495e-17
6337.221195 2.979333e-17
6339.488755 2.996596e-17
6341.756534 3.035454e-17
6344.024687 2.901971e-17
6346.293049 3.076348e-17
6348.561822 3.077577e-17
6350.830773 2.878088e-17
6353.100031 3.071923e-17
6355.369639 3.060070e-17
6357.639527 3.292142e-17
6359.909672 3.251205e-17
6362.180114 3.184898e-17
6364.450911 3.116897e-17
6366.721952 3.192910e-17
6368.993257 3.349687e-17
6371.264860 3.435608e-17
6373.536719 3.526180e-17
6375.808956 3.604725e-17
6378.081464 3.488843e-17
6380.354233 3.589844e-17
6382.627301 3.815583e-17
6384.900702 3.749429e-17
6387.174361 3.687928e-17
6389.448242 3.644188e-17
6391.722519 3.767481e-17
6393.997033 3.737623e-17
6396.271872 3.812276e-17
6398.547005 3.937486e-17
6400.822327 3.755951e-17
6403.098031 3.844699e-17
6405.374064 3.839018e-17
6407.650224 4.089943e-17
6409.927114 3.916461e-17
6412.203956 3.744715e-17
6414.480818 3.680899e-17
6416.758227 3.768524e-17
6419.035892 3.899741e-17
6421.313888 3.974190e-17
6423.592233 4.004416e-17
6425.870732 4.022367e-17
6428.149615 4.132702e-17
6430.428770 4.280061e-17
6432.708215 3.943052e-17
6434.987880 4.129166e-17
6437.267915 4.071580e-17
6439.548157 3.930179e-17
6441.828748 4.088577e-17
6444.109547 4.313032e-17
6446.390721 4.274762e-17
6448.672162 4.159379e-17
6450.953938 4.123578e-17
6453.235909 4.064612e-17
6455.518187 4.317835e-17
6457.800714 4.291772e-17
6460.083631 4.236802e-17
6462.366797 4.132106e-17
6464.650190 3.937673e-17
6466.933956 4.107445e-17
6469.217967 4.004766e-17
6471.502218 4.147263e-17
6473.786778 4.029010e-17
6476.071593 4.069493e-17
6478.356685 4.274794e-17
6480.642153 3.961861e-17
6482.927807 4.168528e-17
6485.213826 3.946300e-17
6487.500085 4.101527e-17
6489.786606 4.348424e-17
6492.073367 4.304687e-17
6494.360507 4.252272e-17
6496.648005 4.245991e-17
6498.935648 3.861622e-17
6501.223608 4.008035e-17
6503.511822 4.258539e-17
6505.800331 4.263564e-17
6508.089140 4.306578e-17
6510.378169 4.255933e-17
6512.667562 4.333130e-17
6514.957203 4.332497e-17
6517.247141 4.251053e-17
6519.537277 4.308993e-17
6521.827859 4.332797e-17
6524.118590 4.098524e-17
6526.409580 4.362540e-17
6528.700956 4.194894e-17
6530.992548 4.372976e-17
6533.284488 4.176392e-17
6535.576670 4.279695e-17
6537.869071 4.426969e-17
6540.161746 4.536984e-17
6542.454812 4.242122e-17
6544.748074 4.028568e-17
6547.041624 4.302223e-17
6549.335522 4.272448e-17
6551.629672 4.113809e-17
6553.924040 4.035644e-17
6556.218764 4.110690e-17
6558.513683 4.100657e-17
6560.808922 4.123551e-17
6563.104421 3.900639e-17
6565.400229 4.100424e-17
6567.696299 4.026211e-17
6569.992624 4.135638e-17
6572.289242 4.060481e-17
6574.586171 4.036252e-17
6576.883394 4.031928e-17
6579.180836 4.116693e-17
6581.478554 3.953884e-17
6583.776583 4.060579e-17
6586.074807 4.189433e-17
6588.366421 4.187975e-17
6590.672229 4.214849e-17
6592.971342 4.037130e-17
6595.270759 4.021138e-17
6597.570420 3.970152e-17
6599.870419 3.960949e-17
6602.170616 4.007431e-17
6604.471164 4.051662e-17
6606.771881 4.032650e-17
6609.072969 4.044524e-17
6611.374288 4.079976e-17
6613.675876 4.017827e-17
6615.977744 3.930474e-17
6618.279913 4.128615e-17
6620.582358 4.017744e-17
6622.885033 3.985940e-17
6625.187997 4.163729e-17
6627.491228 3.996085e-17
6629.794825 3.971888e-17
6632.098661 4.029705e-17
6634.402708 4.054581e-17
6636.707101 4.004772e-17
6639.011692 3.990625e-17
6641.316625 4.070647e-17
6643.621753 3.994448e-17
6645.927278 4.032299e-17
6648.232943 3.938798e-17
6650.643639 4.122016e-17
6653.104185 4.057153e-17
6655.584464 4.227002e-17
6658.048014 4.014078e-17
6660.553419 3.969666e-17
6663.009704 4.142777e-17
6665.487601 4.047823e-17
6667.997769 4.071653e-17
6670.478044 4.060824e-17
6672.961906 4.138955e-17
6675.441159 3.946235e-17
6677.899483 3.979326e-17
6680.385645 4.046206e-17
6682.903042 4.067183e-17
6685.382278 4.138863e-17
6687.858530 4.008759e-17
6690.336946 4.013586e-17
6692.841611 4.128680e-17
6695.304001 3.969079e-17
6697.809836 3.793806e-17
6700.295949 3.961635e-17
6702.778711 4.017844e-17
6705.274296 3.929931e-17
6707.772230 3.985910e-17
6710.249327 3.900912e-17
6712.739208 3.863355e-17
6715.249103 3.818765e-17
6717.732188 3.770942e-17
6720.207380 3.989557e-17
6722.714659 3.855774e-17
6725.197326 3.798724e-17
6727.704929 3.945525e-17
6730.183578 3.874887e-17
6732.690185 3.874560e-17
6735.175897 3.888853e-17
6737.682070 3.985926e-17
6740.169842 3.821590e-17
6742.667359 3.608928e-17
6745.165279 3.796769e-17
6747.675370 3.614870e-17
6750.166028 3.792332e-17
6752.673258 3.882844e-17
6755.164662 3.790524e-17
6757.664869 3.656839e-17
6760.172733 3.896054e-17
6762.679983 3.669625e-17
6765.172170 3.831489e-17
6767.692399 3.838857e-17
6770.178808 3.852737e-17
6772.688526 3.521290e-17
6775.186491 3.506030e-17
6777.697411 3.525814e-17
6780.208423 3.642376e-17
6782.702814 3.720355e-17
6785.230300 3.755457e-17
6787.718105 3.743545e-17
6790.233314 3.867608e-17
6792.745286 3.795378e-17
6795.244824 3.784467e-17
6797.771863 3.771599e-17
6800.263471 3.677406e-17
6802.778695 3.756234e-17
6805.286808 3.592828e-17
6807.796493 3.664330e-17
6810.308183 3.668850e-17
6812.820066 3.748763e-17
6815.338560 3.636426e-17
6817.858371 3.733094e-17
6820.373516 3.632731e-17
6822.895460 3.654988e-17
6825.395118 3.535252e-17
6827.905584 3.628294e-17
6830.428206 3.675462e-17
6832.938936 3.456861e-17
6835.462905 3.601982e-17
6837.977308 3.649327e-17
6840.495608 3.437282e-17
6843.003109 3.319582e-17
6845.534449 3.660429e-17
6848.055623 3.654745e-17
6850.582193 3.617082e-17
6853.093440 3.565576e-17
6855.618413 3.644565e-17
6858.130736 3.566394e-17
6860.651286 3.424670e-17
6863.175313 3.347690e-17
6865.698369 2.820826e-17
6868.226567 2.483978e-17
6870.752822 2.583030e-17
6873.274467 2.615891e-17
6875.797057 2.869002e-17
6878.332151 3.072588e-17
6880.854421 3.056729e-17
6883.399196 3.129060e-17
6885.913974 3.016221e-17
6888.455041 2.961944e-17
6890.961281 2.934401e-17
6893.487338 2.903831e-17
6896.025047 2.787705e-17
6898.545800 2.948139e-17
6901.085571 2.982402e-17
6903.615828 3.002897e-17
6906.140032 2.946081e-17
6908.689641 3.036124e-17
6911.208582 3.022552e-17
6913.758598 2.917038e-17
6916.274989 2.962242e-17
6918.816398 2.797353e-17
6921.349452 2.966742e-17
6923.883357 2.929063e-17
6926.412360 2.974334e-17
6928.958024 2.989404e-17
6931.492915 3.088222e-17
6934.019260 2.792408e-17
6936.567361 2.850692e-17
6939.113336 3.037688e-17
6941.650578 2.841435e-17
6944.168463 2.828678e-17
6946.734334 3.035991e-17
6949.255673 3.080270e-17
6951.796143 3.062389e-17
6954.345406 3.197801e-17
6956.881713 2.934210e-17
6959.438976 3.090446e-17
6961.965719 2.927500e-17
6964.523355 3.136197e-17
6967.062884 3.076705e-17
6969.610285 3.307308e-17
6972.141925 3.046963e-17
6974.683240 3.351269e-17
6977.232049 3.170433e-17
6979.792031 3.330029e-17
6982.319183 3.210677e-17
6984.870077 3.201971e-17
6987.416245 3.182982e-17
6989.976085 3.257345e-17
6992.524756 3.290502e-17
6995.072646 3.317395e-17
6997.622524 3.248116e-17
7000.157807 3.144270e-17
7002.713518 3.349855e-17
7005.273178 3.298798e-17
7007.806463 3.186037e-17
7010.361081 3.334799e-17
7012.911758 3.349601e-17
7015.471205 3.108952e-17
7018.035241 3.379064e-17
7020.588013 3.397026e-17
7023.142024 3.303109e-17
7025.699502 3.359747e-17
7028.230710 3.244292e-17
7030.806283 3.296066e-17
7033.363476 3.229387e-17
7035.911388 3.279248e-17
7038.477044 3.146844e-17
7041.025389 3.182962e-17
7043.569501 3.136338e-17
7046.134273 3.185346e-17
7048.713381 3.281977e-17
7051.262053 3.162884e-17
7053.812220 3.252281e-17
7056.379626 3.229192e-17
7058.934768 3.089682e-17
7061.502639 3.272361e-17
7064.073962 3.327494e-17
7066.618858 3.117976e-17
7069.182228 3.202989e-17
7071.753030 3.141563e-17
7074.313742 3.325950e-17
7076.867076 3.065428e-17
7079.432905 3.152039e-17
7082.005832 3.130242e-17
7084.564578 3.089223e-17
7087.133929 2.956973e-17
7089.695344 3.325645e-17
7092.276800 3.370358e-17
7094.836153 3.238601e-17
7097.406773 3.211290e-17
7099.976584 3.334578e-17
7102.542121 3.138503e-17
7105.111424 3.353637e-17
7107.675322 3.287855e-17
7110.245494 3.033262e-17
7112.829404 3.229883e-17
7115.387227 3.269094e-17
7117.960692 3.180161e-17
7120.542394 3.257755e-17
7123.104504 3.217766e-17
7125.684502 3.334602e-17
7128.251492 3.218280e-17
7130.846168 3.357871e-17
7133.408390 3.162181e-17
7135.983198 3.214444e-17
7138.557227 3.181051e-17
7141.135165 3.279486e-17
7143.709144 3.131046e-17
7146.285415 3.128457e-17
7148.865183 3.355448e-17
7151.441131 3.189595e-17
7154.019596 3.242360e-17
7156.593163 3.111286e-17
7159.177145 3.252190e-17
7161.752416 3.089351e-17
7164.336774 3.144229e-17
7166.918619 3.037356e-17
7169.500781 2.949289e-17
7172.081610 2.887655e-17
7174.676541 2.886924e-17
7177.245579 3.036663e-17
7179.823224 2.865080e-17
7182.411678 2.773481e-17
7184.996841 2.777445e-17
7187.577905 2.840572e-17
7190.164578 2.787307e-17
7192.755196 2.884382e-17
7195.334527 3.013223e-17
7197.921947 2.764617e-17
7200.502039 2.805076e-17
7203.099709 2.934166e-17
7205.693295 2.855630e-17
7208.271087 3.006260e-17
7210.853898 3.076152e-17
7213.447944 3.175593e-17
7216.031544 3.238142e-17
7218.627251 3.238544e-17
7221.211914 3.132603e-17
7223.803263 3.074834e-17
7226.399098 3.021519e-17
7228.989446 3.087629e-17
7231.577781 2.879170e-17
7234.167269 2.754106e-17
7236.759710 2.930363e-17
7239.353364 2.808044e-17
7241.946599 2.943401e-17
7244.540863 2.925658e-17
7247.136401 3.011884e-17
7249.732295 2.938757e-17
7252.330258 2.839654e-17
7254.926804 3.004479e-17
7257.526002 3.044080e-17
7260.134910 3.172586e-17
7262.731299 3.016193e-17
7265.321205 3.007936e-17
7267.918340 3.009161e-17
7270.514239 2.989403e-17
7273.107466 3.067708e-17
7275.706024 3.064197e-17
7278.306488 3.031288e-17
7280.907527 2.977444e-17
7283.508815 3.054158e-17
7286.114541 3.116434e-17
7288.716420 3.046760e-17
7291.313590 2.951590e-17
7293.928634 2.998044e-17
7296.523653 3.109485e-17
7299.126379 3.077669e-17
7301.724043 3.028303e-17
7304.330794 3.002726e-17
7306.937186 3.115461e-17
7309.552787 3.028891e-17
7312.150365 3.059963e-17
7314.752776 3.232723e-17
7317.359071 3.082565e-17
7319.966806 3.153697e-17
7322.572825 3.078469e-17
7325.197172 3.185769e-17
7327.796186 3.210205e-17
7330.403082 3.234778e-17
7333.012227 3.118993e-17
7335.624622 3.059564e-17
7338.226870 3.230311e-17
7340.837586 3.228914e-17
7343.449588 3.174990e-17
7346.061276 3.108521e-17
7348.682590 3.112795e-17
7351.306205 3.190428e-17
7353.906803 3.185777e-17
7356.514168 3.246216e-17
7359.130703 3.173578e-17
7361.739682 3.100691e-17
7364.352129 3.034734e-17
7366.970736 3.196108e-17
7369.582469 3.134281e-17
7372.197619 3.331190e-17
7374.817468 3.181121e-17
7377.432395 3.126149e-17
7380.057579 3.268208e-17
7382.669610 3.140067e-17
7385.288248 3.077071e-17
7387.905088 3.154277e-17
7390.526948 3.362043e-17
7393.142275 3.113328e-17
7395.756502 3.290712e-17
7398.378757 3.072376e-17
7401.000266 3.158527e-17
7403.619130 3.207782e-17
7406.246846 3.148596e-17
7408.868222 3.117379e-17
7411.491167 3.278932e-17
7414.120096 3.140279e-17
7416.731802 3.089046e-17
7419.357762 3.208695e-17
7421.981446 3.086584e-17
7424.610038 3.071489e-17
7427.227644 3.132098e-17
7429.851450 3.162907e-17
7432.481661 3.041514e-17
7435.104582 3.148574e-17
7437.734754 3.167720e-17
7440.358133 3.213743e-17
7442.982945 3.065646e-17
7445.612099 3.218503e-17
7448.243311 3.126647e-17
7450.873751 3.155505e-17
7453.500891 3.171992e-17
7456.127954 3.114137e-17
7458.760074 3.085166e-17
7461.391118 3.110171e-17
7464.017460 3.208463e-17
7466.653595 3.028939e-17
7469.281399 3.087484e-17
7471.913837 3.026955e-17
7474.542146 3.039612e-17
7477.175233 2.919030e-17
7479.806662 3.044562e-17
7482.439778 3.094118e-17
7485.074344 3.078049e-17
7487.710639 3.001974e-17
7490.347477 2.940701e-17
7492.983930 2.909751e-17
7495.619023 2.980659e-17
7498.254491 3.016330e-17
7500.890844 2.884330e-17
7503.527252 3.013726e-17
7506.164805 2.913514e-17
7508.809470 3.118218e-17
7511.441046 2.854848e-17
7514.078135 2.839172e-17
7516.716925 2.765718e-17
7519.352433 2.903142e-17
7521.990095 2.886891e-17
7524.629910 2.934099e-17
7527.270597 2.906891e-17
7529.914520 2.815672e-17
7532.553769 2.860319e-17
7535.200089 2.796945e-17
7537.838256 2.848290e-17
7540.484873 2.819535e-17
7543.127874 2.722362e-17
7545.769153 2.703720e-17
7548.410070 2.722271e-17
7551.059525 2.658647e-17
7553.698703 2.812630e-17
7556.349467 2.787540e-17
7559.000015 2.609214e-17
7561.632878 2.526705e-17
7564.284680 2.801147e-17
7566.927853 2.773632e-17
7569.572963 2.799492e-17
7572.221098 2.640990e-17
7574.867185 2.689788e-17
7577.517717 2.541175e-17
7580.170801 2.677588e-17
7582.819347 2.701780e-17
7585.468720 2.574885e-17
7588.113724 2.499773e-17
7590.767893 2.271517e-17
7593.412346 1.991664e-17
7596.063831 1.464251e-17
7598.713575 1.012531e-17
7601.365347 7.725826e-18
7604.017851 5.778981e-18
7606.670054 5.175249e-18
7609.322649 6.555133e-18
7611.976424 8.858258e-18
7614.629890 1.181207e-17
7617.284276 1.541866e-17
7619.940488 1.733081e-17
7622.594422 1.621763e-17
7625.248792 1.295339e-17
7627.905304 1.180360e-17
7630.560775 1.129964e-17
7633.216167 1.109670e-17
7635.873994 1.226782e-17
7638.531866 1.298497e-17
7641.189689 1.419704e-17
7643.846315 1.361996e-17
7646.507790 1.621592e-17
7649.167425 1.537333e-17
7651.823246 1.624178e-17
7654.485018 1.815441e-17
7657.142464 1.912764e-17
7659.809261 1.883469e-17
7662.465852 2.012134e-17
7665.123224 2.036123e-17
7667.786987 2.101642e-17
7670.450547 2.127914e-17
7673.113154 2.237924e-17
7675.779422 2.153170e-17
7678.443006 2.207467e-17
7681.107121 2.333557e-17
7683.769838 2.170099e-17
7686.434905 2.293804e-17
7689.093973 2.370901e-17
7691.757864 2.303036e-17
7694.429483 2.310629e-17
7697.091560 2.254997e-17
7699.761158 2.267728e-17
7702.428639 2.403741e-17
7705.090659 2.463182e-17
7707.757438 2.399207e-17
7710.427929 2.155129e-17
7713.091835 2.420473e-17
7715.757849 2.255786e-17
7718.427923 2.228889e-17
7721.097862 2.145803e-17
7723.768192 2.253934e-17
7726.439191 2.279246e-17
7729.110041 2.111335e-17
7731.779877 2.164269e-17
7734.456078 2.276341e-17
7737.124234 2.282970e-17
7739.796028 2.237104e-17
7742.471023 2.203302e-17
7745.144417 2.205172e-17
7747.810756 2.120205e-17
7750.483826 2.349155e-17
7753.157605 2.297728e-17
7755.832197 2.072096e-17
7758.507813 2.099046e-17
7761.182424 2.216891e-17
7763.857057 2.227672e-17
7766.539727 2.035330e-17
7769.206613 2.215164e-17
7771.888616 2.224205e-17
7774.569299 2.151149e-17
7777.242416 2.197156e-17
7779.917634 2.105774e-17
7782.596932 2.138589e-17
7785.277035 2.189390e-17
7787.959144 1.988424e-17
7790.630490 2.051800e-17
7793.309837 2.228800e-17
7795.989929 2.251684e-17
7798.671944 2.113560e-17
7801.352553 1.977544e-17
7804.032557 2.241531e-17
7806.716220 2.123606e-17
7809.398116 2.109099e-17
7812.077545 2.023900e-17
7814.761149 2.071983e-17
7817.438233 2.371428e-17
7820.125643 2.216914e-17
7822.809840 1.971592e-17
7825.493014 2.234374e-17
7828.178960 1.798400e-17
7830.866103 1.996094e-17
7833.551716 1.990783e-17
7836.236215 1.958304e-17
7838.913895 2.030145e-17
7841.605894 2.136786e-17
7844.291806 1.954818e-17
7846.979839 1.930023e-17
7849.664935 1.858243e-17
7852.352937 1.941764e-17
7855.041225 1.704512e-17
7857.729451 1.653371e-17
7860.418816 1.709169e-17
7863.107904 1.694446e-17
7865.835916 1.794317e-17
7868.533113 1.634177e-17
7871.215924 2.091721e-17
7873.896801 1.941344e-17
7876.586807 1.629948e-17
7879.251413 1.708863e-17
7881.942659 1.706293e-17
7884.634718 1.501142e-17
7887.326440 1.490727e-17
7890.019082 1.572326e-17
7892.712425 1.541975e-17
7895.405717 1.539149e-17
7898.102769 1.521108e-17
7900.791103 1.508696e-17
7903.491320 1.473645e-17
7906.190421 1.400974e-17
7908.877712 1.459641e-17
7911.573820 1.140181e-17
7914.269983 1.493740e-17
7916.966330 1.414837e-17
7919.663474 1.166666e-17
7922.361407 1.339168e-17
7925.059366 1.377899e-17
7927.760194 1.162225e-17
7930.456787 1.380569e-17
7933.153746 1.398303e-17
7935.852395 1.354783e-17
7938.554479 1.291456e-17
7941.252873 1.394232e-17
7943.953115 1.297184e-17
7946.652807 1.213398e-17
7949.353640 1.330218e-17
7952.053082 1.360466e-17
7954.754900 1.214589e-17
7957.459318 1.330957e-17
7960.161116 1.198127e-17
7962.859824 1.285833e-17
7965.562341 1.337512e-17
7968.266004 1.228372e-17
7970.971571 1.243957e-17
7973.674682 1.288860e-17
7976.380239 1.090831e-17
7979.085505 1.302649e-17
7981.787473 1.281967e-17
7984.495971 1.122796e-17
7987.201865 1.193639e-17
7989.907146 7.971817e-18
7992.613118 1.305088e-17
7995.318009 1.270539e-17
7998.025660 1.060327e-17
8000.734136 1.016485e-17
8003.443185 1.250373e-17
8006.151504 1.183290e-17
8008.860476 1.173945e-17
8011.568628 1.071988e-17
8014.273249 1.427244e-17
8016.987255 9.695033e-18
8019.697407 1.196975e-17
8022.407458 1.039249e-17
8025.115650 1.201108e-17
8027.826597 1.215492e-17
8030.537298 8.467528e-18
8033.252734 1.054644e-17
8035.965730 1.086809e-17
8038.675644 1.083506e-17
8041.388646 1.097206e-17
8044.103592 1.090087e-17
8046.813134 1.041112e-17
8049.526297 1.051198e-17
8052.244089 1.042014e-17
8054.958519 1.045451e-17
8057.673493 1.026719e-17
8060.386079 1.023677e-17
8063.096681 1.429601e-17
8065.816787 1.094200e-17
8068.536278 9.112310e-18
8071.252278 1.036056e-17
8073.962946 1.143675e-17
8076.683365 1.105381e-17
8079.401485 9.707369e-18
8082.126849 9.925826e-18
8084.837617 9.573532e-18
8087.561838 1.292721e-17
8090.279098 1.074693e-17
8092.994254 1.120345e-17
8095.722058 1.054067e-17
8098.437833 9.945789e-18
8101.157789 1.010097e-17
8103.874875 1.032292e-17
8106.599452 9.764104e-18
8109.320914 1.008131e-17
8112.043049 9.790260e-18
8114.767924 1.018799e-17
8117.479466 1.030461e-17
8120.212981 9.969741e-18
8122.932273 9.657534e-18
8125.655791 1.057005e-17
8128.379651 1.044756e-17
8131.108756 9.731531e-18
8133.829425 1.045969e-17
8136.552733 9.787174e-18
8139.282477 1.021173e-17
8142.001227 1.033214e-17
8144.728271 1.017697e-17
8147.452484 9.864480e-18
8150.186015 9.165679e-18
8152.908500 9.541344e-18
8155.637512 6.990624e-18
8158.362497 9.538832e-18
8161.091651 8.981747e-18
8163.819324 8.797459e-18
8166.547751 8.846930e-18
8169.276715 9.079269e-18
8172.005044 8.736610e-18
8174.736001 9.781625e-18
8177.465127 9.898480e-18
8180.193764 9.240438e-18
8182.930845 9.186069e-18
8185.655552 9.635717e-18
8188.387355 9.068864e-18
8191.118241 9.478361e-18
8193.847833 1.086049e-17
8196.583315 9.286564e-18
8199.315964 8.404307e-18
8202.048003 9.624115e-18
8204.782286 1.044142e-17
8207.514767 9.786901e-18
8210.248475 1.061522e-17
8212.979915 9.908360e-18
8215.713570 1.087567e-17
8218.457478 9.958069e-18
8221.188046 1.040277e-17
8223.920195 1.066242e-17
8226.659079 9.759758e-18
8229.399622 8.927175e-18
8232.128944 9.007959e-18
8234.869488 9.226031e-18
8237.608412 1.130135e-17
8240.348384 1.014661e-17
8243.076586 1.070323e-17
8245.819043 1.048479e-17
8248.558586 1.099976e-17
8251.297216 1.153024e-17
8254.032430 1.226735e-17
8256.774584 1.033008e-17
8259.512688 8.704513e-18
8262.252221 1.090439e-17
8264.994882 1.125900e-17
8267.735688 1.112121e-17
8270.477979 1.152951e-17
8273.216049 1.119375e-17
8275.956511 1.033653e-17
8278.698202 1.094033e-17
8281.437850 1.473548e-17
8284.182777 9.465710e-18
8286.925836 1.367322e-17
8289.668826 1.420824e-17
8292.415032 8.771310e-18
8295.157156 8.793337e-18
8297.900983 1.048812e-17
8300.646056 1.022349e-17
8303.392731 9.537054e-18
8306.137027 1.138475e-17
8308.883230 1.096063e-17
8311.630637 1.360136e-17
8314.379689 1.072992e-17
8317.122819 1.284216e-17
8319.872692 1.015730e-17
8322.617487 1.167684e-17
8325.365093 1.203901e-17
8328.115990 1.152627e-17
8330.862349 1.165465e-17
8333.614520 1.176704e-17
8336.359695 1.227315e-17
8339.107671 1.174007e-17
8341.854985 1.967223e-19
8344.605601 1.587046e-17
8347.355364 1.766307e-17
8350.106622 1.069438e-17
8352.857338 9.239829e-18
8355.608535 9.060691e-18
8358.360012 1.200430e-17
8361.113768 1.032594e-17
8363.864229 1.598560e-17
8366.619032 1.298191e-17
8369.369870 1.179918e-17
8372.123298 1.312546e-17
8374.881468 1.213459e-17
8377.632247 1.390832e-17
8380.378751 1.695256e-17
8383.138549 1.538551e-17
8385.893780 1.292248e-17
8388.648309 1.241298e-17
8391.402104 1.413716e-17
8394.158382 1.335901e-17
8396.916131 1.633728e-17
8399.670970 1.693957e-17
8402.427829 1.355511e-17
8405.184737 9.853760e-18
8407.943080 1.373663e-17
8410.700070 1.516920e-17
8413.459302 1.346755e-17
8416.215952 1.736656e-17
8418.976014 1.346955e-17
8421.734831 1.251917e-17
8424.494479 1.220441e-17
8427.250917 9.874276e-18
8430.010928 1.805653e-17
8432.771350 1.868702e-17
8435.532053 1.118879e-17
8438.293689 1.574909e-17
8441.056509 1.598299e-17
8443.817901 1.700624e-17
8446.583393 1.527736e-17
8449.338944 1.398125e-17
8452.101631 1.764887e-17
8454.864940 1.576913e-17
8457.626955 1.478527e-17
8460.389662 1.597337e-17
8463.153472 1.536556e-17
8465.917162 1.656968e-17
8468.681396 1.502333e-17
8471.446660 1.547191e-17
8474.211887 1.717515e-17
8476.977625 1.817100e-17
8479.744780 1.839729e-17
8482.508694 1.773302e-17
8485.277035 1.815302e-17
8488.042843 1.868738e-17
8490.807370 1.940302e-17
8493.573824 1.996559e-17
8496.340327 2.018795e-17
8499.108004 1.862284e-17
8501.875738 1.850183e-17
8504.644421 2.161607e-17
8507.412751 2.109454e-17
8510.182419 1.936985e-17
8512.952752 2.074947e-17
8515.718524 2.092974e-17
8518.493615 1.934899e-17
8521.263877 2.104227e-17
8524.033242 1.972354e-17
8526.805025 2.153565e-17
8529.576929 2.261384e-17
8532.344632 2.057461e-17
8535.119443 2.042144e-17
8537.889030 2.281037e-17
8540.661370 2.126530e-17
8543.433158 2.295703e-17
8546.206014 2.308219e-17
8548.978663 2.225987e-17
8551.752323 2.404577e-17
8554.527762 2.287186e-17
8557.302367 2.221358e-17
8560.078238 2.300629e-17
8562.853804 2.188863e-17
8565.623094 2.149843e-17
8568.401153 2.401507e-17
8571.179276 2.420449e-17
8573.954995 2.352688e-17
8576.728960 2.316771e-17
8579.504160 2.408236e-17
8582.282638 2.375810e-17
8585.058576 2.431957e-17
8587.838239 2.686061e-17
8590.611935 2.346567e-17
8593.393681 2.448590e-17
8596.169416 2.714588e-17
8598.949184 2.496460e-17
8601.728859 2.486282e-17
8604.508249 2.608477e-17
8607.287091 2.469597e-17
8610.066850 2.555792e-17
8612.848345 2.745486e-17
8615.628927 2.457969e-17
8618.408404 2.329403e-17
8621.189245 2.608027e-17
8623.970412 2.729330e-17
8626.752146 2.371853e-17
8629.534420 2.955308e-17
8632.316856 2.588041e-17
8635.099486 2.753804e-17
8637.882477 2.849523e-17
8640.665149 2.468422e-17
8643.449820 2.354184e-17
8646.234955 2.659719e-17
8649.017272 2.698059e-17
8651.801796 2.849403e-17
8654.586643 2.637791e-17
8657.371201 2.497963e-17
8660.156955 2.594056e-17
8662.943054 2.902645e-17
8665.726442 2.837565e-17
8668.515343 2.937701e-17
8671.301827 2.690409e-17
8674.088478 2.831294e-17
8676.876299 2.468672e-17
8679.663575 2.992709e-17
8682.451668 2.498898e-17
8685.236626 2.706760e-17
8688.027845 2.918880e-17
8690.816287 2.648315e-17
8693.612628 2.708792e-17
8696.392182 2.713837e-17
8699.188669 2.836212e-17
8701.969163 2.630238e-17
8704.766056 2.817489e-17
8707.555995 2.765013e-17
8710.343523 2.855781e-17
8713.138210 2.747395e-17
8715.932476 2.846966e-17
8718.716643 2.829838e-17
8721.509114 2.547527e-17
8724.316138 2.826285e-17
8727.094658 2.899012e-17
8729.892033 2.864318e-17
8732.680556 2.601705e-17
8735.469646 3.074125e-17
8738.271299 2.476810e-17
8741.065000 2.757529e-17
8743.866541 2.635656e-17
8746.653811 2.894685e-17
8749.445872 2.344681e-17
8752.240184 2.658995e-17
8755.039580 2.968980e-17
8757.835294 3.043282e-17
8760.629568 2.886587e-17
8763.427306 2.464538e-17
8766.224464 2.671093e-17
8769.021743 2.827174e-17
8771.819223 2.481763e-17
8774.616648 2.099508e-17
8777.414427 3.032430e-17
8780.212972 3.209243e-17
8783.007034 2.070831e-17
8785.810326 2.668270e-17
8788.609434 2.787276e-17
8791.408454 2.859394e-17
8794.208617 2.663033e-17
8797.013433 2.741575e-17
8799.809281 2.684459e-17
8802.609198 2.936652e-17
8805.413039 2.773321e-17
8808.212167 2.726180e-17
8811.014082 2.624892e-17
8813.812184 2.876725e-17
8816.609330 2.932320e-17
8819.413430 2.244350e-17
8822.222188 2.354622e-17
8825.025048 2.095859e-17
8827.827976 2.227312e-17
8830.631543 1.566741e-17
8833.435598 2.076930e-17
8836.241956 3.371211e-17
8839.044006 3.078132e-17
8841.848258 2.277018e-17
8844.651915 3.074896e-17
8847.458093 2.521594e-17
8850.264899 3.024602e-17
8853.073756 2.700002e-17
8855.877225 2.608911e-17
8858.682387 2.769615e-17
8861.494859 2.695159e-17
8864.296668 2.849430e-17
8867.104720 2.972998e-17
8869.912278 2.530124e-17
8872.720855 2.517585e-17
8875.527977 2.729013e-17
8878.334585 2.708424e-17
8881.145428 2.288426e-17
8883.954694 3.254371e-17
8886.764111 2.495838e-17
8889.573908 2.044209e-17
8892.385411 2.462021e-17
8895.199603 3.249170e-17
8898.003312 2.404452e-17
8900.816093 3.242393e-17
8903.626643 2.853500e-17
8906.437770 2.539711e-17
8909.254351 2.510692e-17
8912.060058 2.870917e-17
8914.873855 2.166521e-17
8917.686644 2.970800e-17
8920.499708 2.482668e-17
8923.312841 1.966326e-17
8926.123637 1.163416e-17
8928.936427 2.814784e-17
8931.754221 2.746027e-17
8934.567628 2.378148e-17
8937.387385 2.757065e-17
8940.197619 2.211559e-17
8943.012928 2.768157e-17
8945.828901 2.344169e-17
8948.645821 2.114944e-17
8951.465250 2.865486e-17
8954.276906 2.208358e-17
8957.093388 2.752978e-17
8959.910374 2.563335e-17
8962.727902 1.755840e-17
8965.545655 2.119180e-17
8968.358849 2.412068e-17
8971.185568 2.204815e-17
8973.999440 2.177114e-17
8976.818778 2.430933e-17
8979.641322 2.302746e-17
8982.456625 1.963979e-17
8985.276445 2.208473e-17
8988.095817 2.062239e-17
8990.913727 1.423112e-17
8993.735954 2.164572e-17
8996.556728 2.258298e-17
8999.377770 2.400962e-17
9002.199491 2.325843e-17
9005.020887 2.023181e-17
9007.844119 1.923852e-17
9010.662430 2.179448e-17
9013.490314 1.954940e-17
9016.315312 2.098068e-17
9019.135408 2.207082e-17
9021.956366 1.997517e-17
9024.781334 2.028933e-17
9027.604204 2.094705e-17
9030.431014 2.082855e-17
9033.252973 2.266315e-17
9036.077013 2.413670e-17
9038.901830 2.153667e-17
9041.727136 2.175479e-17
9044.553018 2.110834e-17
9047.378762 2.051487e-17
9050.204493 2.131620e-17
9053.031524 2.037575e-17
9055.858202 2.008717e-17
9058.685592 2.350213e-17
9061.513455 2.133003e-17
9064.343361 2.000345e-17
9067.167800 2.137575e-17
9069.996868 1.853534e-17
9072.825274 2.027068e-17
9075.656643 2.085785e-17
9078.485738 1.986974e-17
9081.313242 1.887095e-17
9084.143728 2.042150e-17
9086.971801 1.914785e-17
9089.799258 1.823512e-17
9092.632015 2.008957e-17
9095.463285 1.903392e-17
9098.293090 1.885780e-17
9101.124553 1.677240e-17
9103.959661 2.450323e-17
9106.788022 1.767559e-17
9109.621220 1.899642e-17
9112.453316 2.089914e-17
9115.286516 2.045397e-17
9118.119845 1.828731e-17
9120.955034 1.995194e-17
9123.787240 2.076413e-17
9126.627542 2.154882e-17
9129.452907 1.993060e-17
9132.287181 1.784962e-17
9135.122651 1.826761e-17
9137.957568 1.902721e-17
9140.796243 2.266387e-17
9143.628581 2.044734e-17
9146.464130 2.128505e-17
9149.301003 1.827911e-17
9152.135918 1.757586e-17
9154.972904 1.921403e-17
9157.810087 1.960534e-17
9160.647579 1.939887e-17
9163.482498 2.154659e-17
9166.322574 1.905253e-17
9169.160876 2.096681e-17
9171.999787 1.978638e-17
9174.841717 1.931149e-17
9177.678411 1.939838e-17
9180.513462 2.026640e-17
9183.355012 2.311002e-17
9186.195618 2.113786e-17
9189.036700 2.234702e-17
9191.877070 2.160628e-17
9194.720715 2.115292e-17
9197.557905 2.188218e-17
9200.402540 2.129797e-17
9203.244464 2.190112e-17
9206.082419 2.234961e-17
9208.928956 2.327376e-17
9211.764797 2.052426e-17
9214.612081 2.263582e-17
9217.452415 2.302676e-17
9220.295080 2.038324e-17
9223.140053 2.154963e-17
9225.982669 2.113316e-17
9228.824510 1.944214e-17
9231.671045 2.138112e-17
9234.514292 2.104274e-17
9237.360398 1.964137e-17
9240.207913 2.126976e-17
9243.053520 1.983834e-17
9245.898894 2.054632e-17
9248.742550 2.098489e-17
9251.590530 2.191471e-17
9254.436385 1.942620e-17
9257.283751 2.221025e-17
9260.131548 1.940383e-17
9262.979090 1.974452e-17
9265.825789 2.262955e-17
9268.674776 1.840428e-17
9271.526795 2.209470e-17
9274.370047 2.003824e-17
9277.222199 1.913208e-17
9280.071521 1.868113e-17
9282.918032 1.820906e-17
9285.767557 1.789585e-17
9288.617943 1.668976e-17
9291.466299 1.799260e-17
9294.317926 1.586913e-17
9297.170495 1.334875e-17
9300.019355 1.199735e-17
9302.871764 1.181963e-17
9305.721688 1.410773e-17
9308.573456 1.330754e-17
9311.425864 8.959734e-18
9314.278779 1.456441e-17
9317.131274 9.497205e-18
9319.984342 6.041539e-18
9322.837865 7.111825e-18
9325.691301 1.222705e-17
9328.545287 8.769427e-18
9331.398939 1.034958e-17
9334.254011 1.280574e-17
9337.108393 9.666729e-18
9339.963910 6.712762e-18
9342.819289 7.610377e-18
9345.676004 8.231347e-18
9348.530424 1.197299e-17
9351.387239 1.166350e-17
9354.243680 8.332459e-18
9357.099358 8.589477e-18
9359.953842 9.553092e-18
9362.814839 1.198160e-17
9365.671543 9.671844e-18
9368.529445 9.982259e-18
9371.387162 9.665952e-18
9374.245850 1.467144e-17
9377.105104 1.728631e-17
9379.963993 9.217739e-18
9382.823081 1.012993e-17
9385.682543 1.906328e-17
9388.541265 1.831292e-17
9391.401923 1.242209e-17
9394.263627 1.247487e-17
9397.123777 1.393227e-17
9399.984635 1.149202e-17
9402.845461 1.169674e-17
9405.707194 1.376972e-17
9408.567608 9.287614e-18
9411.430606 1.142382e-17
9414.292992 1.059979e-17
9417.155918 9.520975e-18
9420.019276 1.034904e-17
9422.882108 1.121041e-17
9425.744764 7.246447e-18
9428.611395 1.092155e-17
9431.473149 1.153799e-17
9434.337137 8.382483e-18
9437.202387 4.591401e-18
9440.067243 3.299056e-18
9442.932365 7.444079e-18
9445.797621 8.458229e-18
9448.663266 1.494308e-17
9451.529377 1.091695e-17
9454.395648 6.315116e-18
9457.262171 7.343737e-18
9460.129406 8.100644e-18
9462.996637 6.266197e-18
9465.862128 1.418506e-17
9468.732781 1.026624e-17
9471.599997 1.215717e-17
9474.467555 5.756697e-18
9477.336084 9.020232e-18
9480.204871 1.236600e-17
9483.074376 9.301854e-18
9485.944382 9.418716e-18
9488.812716 1.078681e-17
9491.682696 1.032215e-17
9494.554465 7.642915e-18
9497.423481 5.461770e-18
9500.294484 7.816539e-18
9503.165772 8.162655e-18
9506.037119 9.089674e-18
9508.908233 9.794787e-18
9511.782566 9.770898e-18
9514.652197 8.941205e-18
9517.524583 8.006866e-18
9520.397236 6.127771e-18
9523.270624 6.593539e-18
9526.144672 7.590155e-18
9529.019648 8.867439e-18
9531.892869 7.947725e-18
9534.765939 9.094110e-18
9537.638322 8.049459e-18
9540.518243 7.545988e-18
9543.391096 7.564090e-18
9546.269402 8.949923e-18
9549.140562 6.324843e-18
9552.019496 9.017119e-18
9554.892739 6.822680e-18
9557.769127 6.452340e-18
9560.645314 7.068267e-18
9563.522576 9.539189e-18
9566.399761 8.276067e-18
9569.277424 7.705226e-18
9572.155149 5.756000e-18
9575.030944 8.032421e-18
9577.913989 7.810333e-18
9580.795117 7.611287e-18
9583.674651 6.846207e-18
9586.556451 7.082345e-18
9589.431457 6.277054e-18
9592.311530 5.826047e-18
9595.193126 7.099328e-18
9598.074350 8.371007e-18
9600.951018 5.912882e-18
9603.830951 6.276959e-18
9606.710966 7.090434e-18
9609.596014 6.998182e-18
9612.474375 7.465414e-18
9615.355921 8.326406e-18
9618.238302 6.636356e-18
9621.122646 6.746235e-18
9624.003861 6.839118e-18
9626.887684 5.768547e-18
9629.771330 7.361231e-18
9632.655849 8.296143e-18
9635.542485 5.913362e-18
9638.424281 5.538393e-18
9641.307674 7.204680e-18
9644.193393 5.705374e-18
9647.079219 7.476714e-18
9649.963777 7.132908e-18
9652.853261 7.097984e-18
9655.742108 6.200410e-18
9658.624930 6.718821e-18
9661.508357 6.478770e-18
9664.394929 5.295796e-18
9667.282267 6.574947e-18
9670.168953 6.453650e-18
9673.056368 7.565762e-18
9675.944596 7.487511e-18
9678.832690 6.563179e-18
9681.721140 4.358022e-18
9684.609923 6.482807e-18
9687.498951 5.652224e-18
9690.392405 6.196544e-18
9693.278022 7.409365e-18
9696.168195 5.809560e-18
9699.058450 6.368267e-18
9701.949186 6.394122e-18
9704.839902 4.945768e-18
9707.730858 7.166026e-18
9710.621965 6.665034e-18
9713.511374 5.634910e-18
9716.405544 1.696127e-18
9719.297856 4.552614e-18
9722.190681 5.599248e-18
9725.083143 4.418252e-18
9727.977224 7.199404e-18
9730.871295 6.299205e-18
9733.764112 5.040738e-18
9736.657207 5.850412e-18
9739.551707 5.258562e-18
9742.446046 5.686300e-18
9745.341132 6.165451e-18
9748.238385 4.168426e-18
9751.132632 5.390075e-18
9754.029416 5.983972e-18
9756.927540 5.372917e-18
9759.820161 4.908769e-18
9762.718043 5.270711e-18
9765.612734 5.670890e-18
9768.510568 5.351654e-18
9771.408499 6.283837e-18
9774.309514 7.514507e-18
9777.202787 5.118927e-18
9780.105163 4.824479e-18
9783.000013 5.865774e-18
9785.897999 6.275415e-18
9788.796321 4.878461e-18
9791.695720 4.959718e-18
9794.595264 5.030855e-18
9797.495720 4.842711e-18
9800.396006 4.713178e-18
9803.296246 4.495196e-18
9806.198160 5.479650e-18
9809.098977 5.950296e-18
9811.999209 5.468474e-18
9814.901473 4.582931e-18
9817.802807 6.053558e-18
9820.705100 5.413398e-18
9823.609187 5.368135e-18
9826.510469 5.615785e-18
9829.413877 5.379141e-18
9832.318489 4.980881e-18
9835.222069 4.954571e-18
9838.126088 5.184373e-18
9841.032136 5.135833e-18
9843.933019 4.458591e-18
9846.837670 4.968366e-18
9849.742817 4.078200e-18
9852.647872 4.552144e-18
9855.553682 4.142688e-18
9858.460666 4.339178e-18
9861.365883 4.678908e-18
9864.274570 5.117822e-18
9867.178749 2.577013e-18
9870.086150 3.540886e-18
9872.993343 3.418152e-18
9875.900995 3.332212e-18
9878.809012 3.846293e-18
9881.717040 4.671493e-18
9884.626209 4.943029e-18
9887.534810 4.659687e-18
9890.444434 3.156920e-18
9893.352675 3.751515e-18
9896.262692 4.583743e-18
9899.172579 4.623817e-18
9902.083638 4.044642e-18
9904.995597 4.445399e-18
9907.905475 3.792404e-18
9910.815077 2.667503e-18
9913.726267 3.317519e-18
9916.637888 4.369041e-18
9919.550263 4.690835e-18
9922.462343 5.227166e-18
9925.375886 3.886822e-18
9928.289514 4.598113e-18
9931.202200 4.211710e-18
9934.115045 4.764807e-18
9937.028067 3.111730e-18
9939.941710 1.958111e-18
9942.856182 3.380553e-18
9945.770896 4.893063e-18
9948.685529 3.504652e-18
9951.600783 2.943076e-18
9954.516213 3.741220e-18
9957.431743 4.800487e-18
9960.347730 4.415102e-18
9963.264036 4.228987e-18
9966.180871 4.613383e-18
9969.097753 4.446789e-18
9972.014776 3.891811e-18
9974.932121 4.469334e-18
9977.849939 4.101941e-18
9980.767919 3.974106e-18
9983.687126 4.426518e-18
9986.607053 3.978057e-18
9989.525438 4.294716e-18
9992.444778 4.131339e-18
9995.364440 3.973823e-18
9998.282536 3.778074e-18
10001.202456 4.152697e-18
10004.122926 4.369397e-18
10007.043456 5.443720e-18
10009.964643 3.288428e-18
10012.885828 4.634962e-18
10015.807351 5.673792e-18
10018.729058 1.482154e-18
10021.651258 3.585310e-18
10024.573695 4.310494e-18
10027.496417 4.737198e-18
10030.419506 4.248512e-18
10033.343154 3.739575e-18
10036.266505 4.681146e-18
10039.190185 4.362352e-18
10042.114837 4.015739e-18
10045.039650 4.435065e-18
10047.964391 4.824121e-18
10050.889297 4.530592e-18
10053.814861 4.329692e-18
10056.739684 5.018342e-18
10059.665578 4.892535e-18
10062.591816 4.659653e-18
10065.518602 4.793385e-18
10068.445681 4.091683e-18
10071.372453 4.144012e-18
10074.299840 4.687936e-18
10077.228138 4.242638e-18
10080.155514 3.897546e-18
10083.083779 3.597239e-18
10086.012358 4.343814e-18
10088.941265 3.307406e-18
10091.870466 5.524739e-18
10094.800277 4.343835e-18
10097.730126 4.224809e-18
10100.659672 4.462330e-18
10103.590114 4.567180e-18
10106.520797 4.284173e-18
10109.452014 3.710891e-18
10112.383324 4.634328e-18
10115.314633 5.300856e-18
10118.246585 4.715320e-18
10121.178664 4.211291e-18
10124.111000 5.210457e-18
10127.043766 4.636200e-18
10129.976789 3.959777e-18
10132.910127 4.965787e-18
10135.843765 4.194984e-18
10138.777677 4.262432e-18
10141.711896 4.338100e-18
10144.646398 4.242841e-18
10147.581185 4.428406e-18
10150.516298 5.079806e-18
10153.451767 5.523538e-18
10156.387474 3.133599e-18
10159.323544 4.532571e-18
10162.259831 4.976870e-18
10165.196423 3.955228e-18
10168.133339 4.221693e-18
10171.070551 3.852425e-18
10174.008093 3.914194e-18
10176.945866 3.322566e-18
10179.883964 5.121317e-18
10182.822381 3.862949e-18
10185.761105 3.961917e-18
10188.700128 4.537870e-18
10191.639321 4.074236e-18
10194.578997 5.148643e-18
10197.518926 4.188577e-18
10200.459107 4.520716e-18
10203.399708 3.947318e-18
10206.340530 4.494630e-18
10209.281537 4.247815e-18
10212.222959 3.526434e-18
10215.164659 5.088838e-18
10218.106574 4.224205e-18
10221.049007 4.416662e-18
10223.991723 4.792487e-18
10226.934595 5.182617e-18
10229.877160 2.995733e-18
10232.821419 5.188725e-18
10235.765048 5.197856e-18
10238.709031 4.358206e-18
10241.653777 4.035366e-18
10244.598299 5.152270e-18
10247.543316 4.360725e-18
10250.487999 3.805147e-18
10253.433608 4.234894e-18
10256.380418 4.839474e-18
10259.326596 4.807179e-18
10262.272418 4.168382e-18
10265.219631 4.193558e-18
10268.166841 5.338552e-18
10271.113802 4.510013e-18
10274.067796 4.689208e-18
10277.017444 5.441896e-18
10279.965577 5.473941e-18
10282.913508 6.049808e-18
10285.856422 2.337139e-18
10288.805804 2.875037e-18
10291.755508 3.952528e-18
10294.705366 4.365545e-18
10297.655458 5.367431e-18
10300.604990 5.032949e-18
10303.557006 4.273628e-18
10306.508177 4.164648e-18
10309.459814 5.014858e-18
10312.411233 4.403103e-18
10315.364084 4.546015e-18
10318.314328 4.058590e-18
10321.267841 4.495232e-18
10324.220340 4.431444e-18
10327.173136 3.779010e-18
10330.127832 5.133743e-18
10333.080552 4.372184e-18
10336.033413 4.550487e-18
10338.989123 5.094453e-18
10341.945121 4.424677e-18
10344.902140 5.496498e-18
10347.856016 4.800872e-18
10350.812255 4.284745e-18
10353.767895 4.152093e-18
10356.722565 4.056284e-18
10359.681022 4.153414e-18
10362.636602 4.519731e-18
10365.593446 4.295083e-18
10368.551689 4.110994e-18
10371.510438 4.190945e-18
10374.467603 3.338343e-18
10377.427521 4.385618e-18
10380.384946 3.977078e-18
10383.344352 3.935328e-18
10386.305222 3.718351e-18
10389.264153 3.478482e-18
10392.225781 4.964405e-18
10395.185005 3.819478e-18
10398.145801 2.748058e-18
