3645.346825 -2.006158e-16
3646.757570 -2.793779e-16
3648.168345 5.877331e-17
3649.580414 -2.176775e-17
3650.993676 -1.466228e-18
3652.408106 1.167162e-16
3653.823314 9.141690e-17
3655.239482 -5.776638e-17
3656.656573 -7.828569e-18
3658.074668 -8.534194e-17
3659.494067 1.996220e-17
3660.914445 1.202896e-17
3662.335856 3.952811e-17
3663.758190 -7.635270e-18
3665.181590 1.438944e-16
3666.605915 8.839044e-17
3668.031168 2.764439e-18
3669.457826 2.728871e-17
3670.884830 4.047230e-17
3672.313172 5.021423e-17
3673.742302 7.623839e-17
3675.173087 4.518540e-17
3676.604259 4.372544e-18
3678.037019 5.303040e-17
3679.470474 -6.458725e-18
3680.905039 9.725431e-17
3682.339857 -5.125244e-17
3683.777026 8.883645e-17
3685.213925 -1.801578e-17
3686.652745 2.489516e-17
3688.091976 6.468516e-18
3689.532595 9.633537e-17
3690.974139 4.568702e-17
3692.416615 6.654394e-17
3693.860086 6.619128e-17
3695.304117 1.868219e-17
3696.750185 5.347877e-17
3698.196196 1.734609e-17
3699.643918 7.277905e-17
3701.092474 7.747866e-18
3702.541985 1.040846e-16
3703.992269 1.172272e-16
3705.443066 9.448467e-17
3706.895844 8.515587e-18
3708.349898 1.237530e-16
3709.804027 7.311612e-17
3711.260182 -1.074837e-17
3712.715969 4.544649e-17
3714.172958 5.160822e-17
3715.631821 9.268192e-17
3717.091219 9.899195e-17
3718.551577 4.994981e-17
3720.013231 7.649745e-17
3721.475645 1.440776e-16
3722.938658 1.117363e-17
3724.403302 1.081293e-16
3725.868611 2.068908e-17
3727.334753 1.145400e-17
3728.801734 1.800845e-17
3730.270050 4.340908e-17
3731.739377 4.806068e-17
3733.209268 9.247909e-17
3734.682483 1.240929e-16
3736.153851 7.985625e-17
3737.626784 8.038405e-17
3739.101248 6.569142e-17
3740.576990 8.469940e-17
3742.052196 1.789530e-17
3743.529327 1.246966e-16
3745.001438 7.716365e-17
3746.478449 -6.603396e-18
3747.958706 4.234818e-17
3749.439456 4.454555e-17
3750.929596 8.331891e-18
3752.414127 4.795457e-17
3753.897672 7.166248e-18
3755.381572 -3.853123e-17
3756.868043 4.075839e-17
3758.354685 1.507874e-17
3759.841912 -2.767118e-18
3761.332852 6.805299e-17
3762.822216 3.536932e-17
3764.314264 9.062374e-17
3765.805012 1.443890e-17
3767.297782 6.775816e-17
3768.790752 1.888656e-17
3770.286406 9.593868e-17
3771.781808 5.189036e-17
3773.277880 1.867166e-17
3774.778486 7.921004e-17
3776.274442 1.836265e-17
3777.774525 1.098870e-16
3779.274817 5.151005e-17
3780.777279 8.938550e-17
3782.278380 6.526760e-17
3783.783057 4.693317e-17
3785.286823 2.046246e-17
3786.792357 2.272456e-17
3788.299006 4.875884e-17
3789.805210 1.339976e-17
3791.314307 1.294890e-17
3792.824025 2.120785e-17
3794.333864 2.710977e-18
3795.845807 4.664168e-17
3797.357574 5.838511e-17
3798.872921 8.853142e-18
3800.388783 6.904416e-17
3801.906211 5.659144e-17
3803.422281 6.893787e-17
3804.939317 7.436989e-17
3806.453889 2.373774e-17
3807.971211 5.179772e-17
3809.490248 4.401341e-17
3811.010188 4.768806e-17
3812.530842 -2.607120e-18
3814.054942 9.034333e-17
3815.578370 5.945685e-17
3817.103302 9.142990e-17
3818.628803 2.828320e-17
3820.155430 4.502831e-17
3821.682306 4.183752e-17
3823.210558 1.222705e-17
3824.740824 3.367907e-17
3826.270874 3.028017e-17
3827.801571 -2.701261e-17
3829.333533 -2.207434e-17
3830.866665 -7.921768e-18
3832.401975 2.985959e-17
3833.936469 3.832216e-17
3835.471803 9.468831e-18
3837.009478 1.514675e-17
3838.547266 4.584552e-17
3840.086661 6.389494e-17
3841.626239 7.211443e-17
3843.166172 1.820926e-17
3844.708367 4.738787e-17
3846.251893 5.828766e-17
3847.790996 9.993297e-17
3849.337339 4.834775e-17
3850.883626 5.993241e-17
3852.430392 5.502650e-17
3853.977323 4.499019e-17
3855.525791 2.296632e-17
3857.075284 6.582702e-17
3858.624483 2.619864e-17
3860.175307 4.535601e-18
3861.729082 7.479554e-17
3863.281741 4.139993e-17
3864.834724 3.374201e-17
3866.389094 4.124371e-17
3867.944365 6.920332e-18
3869.502870 9.207130e-17
3871.059806 2.268405e-17
3872.619015 6.509389e-17
3874.178960 3.572485e-17
3875.737946 3.983551e-17
3877.299851 2.602049e-17
3878.861839 1.958150e-17
3880.425171 3.558229e-17
3881.989703 1.604604e-17
3883.554901 5.159453e-18
3885.120321 3.060388e-17
3886.687224 1.225622e-17
3888.255156 5.400251e-17
3889.823446 6.313831e-18
3891.393376 5.269688e-17
3892.964664 3.925259e-17
3894.534831 3.500805e-17
3896.108459 2.218654e-17
3897.682054 5.025740e-17
3899.256730 8.730852e-17
3900.831936 8.376683e-17
3902.407711 4.413254e-17
3903.985923 8.674217e-17
3905.563351 4.887278e-17
3907.142092 6.070438e-17
3908.722339 2.480231e-17
3910.302313 7.221541e-17
3911.885160 6.197748e-17
3913.466298 4.953289e-17
3915.050228 4.069174e-17
3916.635846 4.110610e-17
3918.220379 6.074906e-18
3919.806548 7.247385e-17
3921.394857 7.591850e-17
3922.981731 2.561772e-17
3924.570761 7.780604e-17
3926.161187 4.326102e-17
3927.752459 7.818612e-17
3929.344235 5.571156e-17
3930.936668 2.096360e-17
3932.530720 5.454418e-17
3934.125715 4.808319e-17
3935.720353 2.955403e-17
3937.315626 4.390294e-17
3938.912067 4.984172e-17
3940.511183 5.364685e-17
3942.109807 5.833763e-17
3943.709495 2.877393e-17
3945.310442 5.697320e-17
3946.912435 1.374049e-17
3948.515144 2.380511e-17
3950.118763 1.332480e-17
3951.718564 9.092066e-17
3953.324915 2.434831e-17
3954.930925 2.463999e-17
3956.538969 3.308485e-17
3958.146581 4.301766e-17
3959.758925 2.745451e-17
3961.371274 1.926190e-17
3962.980790 3.323211e-17
3964.591851 6.849652e-17
3966.205801 4.551017e-17
3967.818040 3.244932e-17
3969.433467 5.016128e-17
3971.048043 7.940008e-17
3972.663470 6.189717e-17
3974.278556 4.743930e-17
3975.897898 5.857726e-17
3977.516082 7.920982e-17
3979.137308 4.926135e-17
3980.755807 5.637839e-17
3982.379105 1.154153e-16
3984.000416 7.464098e-17
3985.625145 6.679046e-17
3987.248127 4.551492e-17
3988.873567 4.410303e-17
3990.499347 7.670374e-17
3992.126855 7.259915e-17
3993.754762 9.808813e-17
3995.383354 8.471109e-17
3997.012231 7.655630e-17
3998.642414 5.145025e-17
4000.273055 2.711124e-17
4001.905865 4.937810e-17
4003.539050 8.343620e-17
4005.172882 8.140684e-17
4006.804761 4.255587e-17
4008.443992 1.011171e-16
4010.071554 4.151470e-17
4011.717213 5.631293e-17
4013.355970 6.547714e-17
4014.994929 6.491683e-17
4016.634218 1.511308e-17
4018.275887 4.741534e-17
4019.917333 5.029915e-17
4021.559376 4.144740e-17
4023.203835 4.279902e-17
4024.847068 3.077306e-17
4026.493742 9.288130e-17
4028.139138 4.157248e-17
4029.786370 6.925223e-17
4031.425375 8.007729e-17
4033.072926 6.758062e-17
4034.721105 4.199960e-17
4036.371748 3.164931e-17
4038.025500 8.630054e-17
4039.688567 7.817799e-17
4041.340346 2.379027e-17
4042.994400 3.738715e-17
4044.650355 8.375550e-17
4046.304332 9.311236e-17
4047.961974 6.886128e-17
4049.618960 9.266987e-17
4051.276851 6.955041e-17
4052.937097 6.873696e-17
4054.597306 8.850540e-17
4056.254480 3.904867e-17
4057.917047 9.841409e-17
4059.581652 2.832901e-17
4061.245948 6.613139e-17
4062.911832 9.631737e-17
4064.575222 5.954644e-17
4066.241064 5.106985e-17
4067.907993 5.939312e-17
4069.577024 6.675962e-17
4071.252880 5.772746e-17
4072.914209 1.143892e-16
4074.585370 7.506512e-17
4076.251397 4.135520e-17
4077.928888 8.553038e-17
4079.601521 7.284706e-17
4081.275207 6.950555e-17
4082.944637 8.250580e-17
4084.625432 1.034240e-16
4086.301814 6.545955e-17
4087.977869 5.761651e-17
4089.656550 5.923220e-17
4091.335590 8.437270e-17
4093.015817 5.006496e-17
4094.694837 4.783741e-17
4096.377162 3.852192e-17
4098.060570 6.755992e-17
4099.734377 3.131101e-17
4101.420959 6.289744e-17
4103.111633 7.379568e-17
4104.796356 4.986785e-17
4106.483874 7.592258e-17
4108.170926 1.010091e-16
4109.858651 5.083251e-17
4111.548646 7.206033e-17
4113.237884 7.314566e-17
4114.929160 4.846920e-17
4116.620283 7.844347e-17
4118.313530 5.386939e-17
4120.015772 6.321157e-17
4121.697513 6.823397e-17
4123.395118 5.179387e-17
4125.089996 6.937763e-17
4126.787468 5.510991e-17
4128.485164 7.693579e-17
4130.182985 2.403518e-17
4131.882027 5.580680e-17
4133.577691 9.531195e-17
4135.283543 7.117978e-17
4136.978754 1.176115e-16
4138.686982 7.175672e-17
4140.390680 1.301807e-16
4142.094718 6.930537e-17
4143.797573 5.524743e-17
4145.505577 8.774201e-17
4147.210891 6.495201e-17
4148.918565 2.594219e-17
4150.626365 1.956358e-17
4152.334000 7.268467e-17
4154.045181 5.999775e-17
4155.755351 7.857983e-17
4157.461453 4.765036e-17
4159.181254 8.982699e-17
4160.892861 9.515368e-17
4162.606850 5.337352e-17
4164.320337 5.450277e-17
4166.035606 1.059752e-16
4167.752677 7.524740e-17
4169.469948 9.591915e-17
4171.187909 7.768020e-17
4172.907354 6.709464e-17
4174.625881 5.310561e-17
4176.346084 9.405088e-17
4178.068601 1.082267e-16
4179.790318 5.202291e-17
4181.513855 8.271044e-17
4183.237121 7.410850e-17
4184.957573 6.232260e-17
4186.686740 9.256491e-17
4188.414144 1.043266e-16
4190.139332 5.868579e-17
4191.867897 9.602829e-17
4193.596929 7.023899e-17
4195.326589 7.451915e-17
4197.056359 8.745618e-17
4198.788690 9.291297e-17
4200.519320 8.158385e-17
4202.247848 8.432813e-17
4203.985413 1.055268e-16
4205.720206 5.923065e-17
4207.456304 9.090515e-17
4209.191634 7.553760e-17
4210.927321 6.392869e-17
4212.661524 8.551191e-17
4214.403171 6.815674e-17
4216.143500 7.922772e-17
4217.882626 6.374521e-17
4219.623806 7.746682e-17
4221.366153 8.900503e-17
4223.109860 1.041289e-16
4224.851930 8.677710e-17
4226.604899 5.044281e-17
4228.339353 5.674167e-17
4230.084712 6.579108e-17
4231.831362 7.806168e-17
4233.579492 9.508972e-17
4235.326146 7.529507e-17
4237.076314 8.424747e-17
4238.819475 7.848508e-17
4240.575763 7.501384e-17
4242.326308 4.904737e-17
4244.079115 8.100992e-17
4245.832216 7.552791e-17
4247.584610 7.189694e-17
4249.338779 7.159909e-17
4251.093640 5.417480e-17
4252.849741 6.073907e-17
4254.606308 9.483832e-17
4256.360101 8.574407e-17
4258.122621 7.790249e-17
4259.881414 5.650265e-17
4261.640945 8.221203e-17
4263.402103 6.252875e-17
4265.161703 4.518644e-17
4266.925529 7.544347e-17
4268.689220 7.593020e-17
4270.452947 1.037319e-16
4272.216554 8.392354e-17
4273.981150 7.868963e-17
4275.742519 5.399173e-17
4277.514504 1.038618e-16
4279.282761 8.324578e-17
4281.050085 8.655630e-17
4282.820552 6.202607e-17
4284.589327 7.856372e-17
4286.361498 9.885222e-17
4288.132487 1.057881e-16
4289.901037 9.315607e-17
4291.677888 8.677985e-17
4293.450745 9.543504e-17
4295.226354 9.722327e-17
4297.001923 6.648745e-17
4298.777285 7.660990e-17
4300.554534 9.505005e-17
4302.332351 1.010483e-16
4304.110714 8.340814e-17
4305.890186 7.435858e-17
4307.669110 8.594916e-17
4309.450395 8.551005e-17
4311.230880 7.127479e-17
4313.012233 6.921215e-17
4314.796271 7.667736e-17
4316.579974 9.200280e-17
4318.365234 9.957923e-17
4320.147011 1.145495e-16
4321.937787 8.208277e-17
4323.724390 6.138636e-17
4325.511016 6.326323e-17
4327.299002 8.268739e-17
4329.088835 8.614616e-17
4330.878652 1.119114e-16
4332.665579 7.382353e-17
4334.461925 8.828973e-17
4336.255035 9.999816e-17
4338.047518 8.395449e-17
4339.840214 7.834872e-17
4341.634700 7.648813e-17
4343.428793 1.011336e-16
4345.224574 7.710696e-17
4347.022191 1.157010e-16
4348.820522 7.776726e-17
4350.618903 9.526941e-17
4352.417491 1.242130e-16
4354.217385 8.514811e-17
4356.017700 8.435720e-17
4357.818714 8.603676e-17
4359.621091 8.718458e-17
4361.423545 9.767727e-17
4363.226842 6.430601e-17
4365.030653 7.736435e-17
4366.837409 1.089680e-16
4368.642180 6.792151e-17
4370.448934 7.644042e-17
4372.255257 5.108109e-17
4374.063241 9.247179e-17
4375.874355 8.993427e-17
4377.681407 8.462161e-17
4379.493401 1.142020e-16
4381.299487 7.647357e-17
4383.115332 1.021397e-16
4384.927781 8.926941e-17
4386.740820 8.742632e-17
4388.555014 9.581859e-17
4390.369278 9.927755e-17
4392.184583 7.300389e-17
4394.000339 7.559215e-17
4395.817247 1.077577e-16
4397.631789 9.491661e-17
4399.453740 7.317162e-17
4401.273262 1.009757e-16
4403.093040 8.248715e-17
4404.913681 8.829573e-17
4406.734735 7.647792e-17
4408.555918 8.970617e-17
4410.378734 8.573519e-17
4412.202541 7.242672e-17
4414.027206 7.312182e-17
4415.852365 1.128661e-16
4417.677313 7.653550e-17
4419.502775 6.869061e-17
4421.331110 8.906666e-17
4423.153358 7.698508e-17
4424.987112 6.778457e-17
4426.817174 8.821140e-17
4428.647779 1.067918e-16
4430.477055 8.095307e-17
4432.309074 7.324435e-17
4434.140635 8.480479e-17
4435.974336 8.379377e-17
4437.807679 8.755951e-17
4439.641807 6.700553e-17
4441.478101 8.371978e-17
4443.313464 9.260773e-17
4445.144831 6.389613e-17
4446.986643 8.048632e-17
4448.824586 9.843691e-17
4450.664581 1.021746e-16
4452.503423 8.482340e-17
4454.343631 1.024387e-16
4456.184516 1.035884e-16
4458.025559 9.594675e-17
4459.867871 1.071530e-16
4461.711100 8.166638e-17
4463.553673 9.333852e-17
4465.398882 1.202639e-16
4467.244723 1.088616e-16
4469.090149 1.044173e-16
4470.935828 7.631486e-17
4472.783596 1.169141e-16
4474.624246 1.046484e-16
4476.480196 8.447174e-17
4478.329722 6.851297e-17
4480.179338 1.063524e-16
4482.030764 8.087376e-17
4483.880868 7.295905e-17
4485.734923 9.277583e-17
4487.586707 8.648618e-17
4489.441001 1.060701e-16
4491.295447 1.107706e-16
4493.151070 1.114970e-16
4495.005802 1.115362e-16
4496.862992 1.256116e-16
4498.719755 9.833555e-17
4500.576943 8.542418e-17
4502.435708 1.055389e-16
4504.295316 1.008019e-16
4506.154808 1.087742e-16
4508.016347 1.107849e-16
4509.877188 8.594783e-17
4511.739020 1.108913e-16
4513.601992 1.127823e-16
4515.465454 9.674646e-17
4517.328852 9.746718e-17
4519.194130 1.102996e-16
4521.059418 1.026609e-16
4522.926744 1.142133e-16
4524.792385 1.107383e-16
4526.660735 1.091461e-16
4528.528110 9.777457e-17
4530.398015 1.232113e-16
4532.267241 1.023912e-16
4534.134202 1.310708e-16
4536.005361 9.514019e-17
4537.881545 9.292467e-17
4539.749102 1.078038e-16
4541.622321 1.308401e-16
4543.496520 8.735943e-17
4545.370805 1.140819e-16
4547.245759 1.212916e-16
4549.121740 1.012687e-16
4550.999387 1.241983e-16
4552.875596 1.051966e-16
4554.753351 1.292236e-16
4556.632393 1.277455e-16
4558.511353 1.079536e-16
4560.390940 1.013656e-16
4562.268693 1.204254e-16
4564.153351 1.195429e-16
4566.035291 1.226133e-16
4567.917316 1.035662e-16
4569.801181 1.179018e-16
4571.684795 1.117241e-16
4573.569545 9.923962e-17
4575.455040 1.092267e-16
4577.341265 1.010431e-16
4579.227845 1.138613e-16
4581.115704 1.111470e-16
4583.003299 1.123770e-16
4584.891579 1.200012e-16
4586.781360 1.235360e-16
4588.670728 1.063244e-16
4590.561534 1.084364e-16
4592.453750 1.156307e-16
4594.344886 9.988167e-17
4596.237788 1.160256e-16
4598.131782 1.123676e-16
4600.025624 1.188898e-16
4601.919928 1.034956e-16
4603.815062 8.813498e-17
4605.711825 1.213704e-16
4607.607880 1.044117e-16
4609.506100 1.287935e-16
4611.403509 9.166429e-17
4613.303018 1.303412e-16
4615.202572 1.286501e-16
4617.101524 1.068277e-16
4619.002550 1.141091e-16
4620.904417 1.075702e-16
4622.806447 1.223092e-16
4624.708679 1.296918e-16
4626.611663 1.292715e-16
4628.516196 1.085060e-16
4630.420228 1.081420e-16
4632.321023 1.048287e-16
4634.232278 1.198733e-16
4636.138668 1.349373e-16
4638.045938 1.059955e-16
4639.953494 1.064363e-16
4641.862513 1.033146e-16
4643.771749 1.168499e-16
4645.680818 1.111272e-16
4647.592095 1.195513e-16
4649.503557 1.268464e-16
4651.415321 1.294295e-16
4653.327680 1.059794e-16
4655.239817 1.111662e-16
4657.154811 1.192975e-16
4659.068152 9.637749e-17
4660.984239 1.099047e-16
4662.899845 1.156442e-16
4664.816523 1.020967e-16
4666.729591 1.214762e-16
4668.650975 1.073878e-16
4670.568630 1.174458e-16
4672.488345 1.081961e-16
4674.407222 9.676676e-17
4676.327861 1.077050e-16
4678.249205 1.402167e-16
4680.169698 1.027954e-16
4682.092376 1.354962e-16
4684.015128 1.163316e-16
4685.938143 1.173457e-16
4687.862755 1.007096e-16
4689.782199 1.060020e-16
4691.712436 9.852919e-17
4693.638320 1.130192e-16
4695.565693 1.125695e-16
4697.492675 1.153040e-16
4699.421195 1.190474e-16
4701.348075 1.090422e-16
4703.278066 1.180951e-16
4705.207553 1.105995e-16
4707.137897 1.252269e-16
4709.069162 1.150131e-16
4711.001097 1.136633e-16
4712.933113 1.269279e-16
4714.866294 1.325581e-16
4716.799448 1.172730e-16
4718.733258 1.000015e-16
4720.668893 1.239908e-16
4722.603617 1.177311e-16
4724.540749 1.346484e-16
4726.477304 1.095511e-16
4728.413714 1.133714e-16
4730.352315 1.189688e-16
4732.290418 1.116518e-16
4734.229720 9.293967e-17
4736.169528 1.060704e-16
4738.110236 1.199436e-16
4740.050982 1.170633e-16
4741.993260 1.079940e-16
4743.934956 1.093558e-16
4745.877987 1.011826e-16
4747.821505 9.811412e-17
4749.770614 1.176614e-16
4751.710742 1.230960e-16
4753.656573 1.364848e-16
4755.602153 1.068733e-16
4757.548754 1.107939e-16
4759.496272 1.322753e-16
4761.443972 1.295108e-16
4763.392398 1.069122e-16
4765.341201 1.122422e-16
4767.290967 1.242086e-16
4769.241350 1.077266e-16
4771.191811 1.190079e-16
4773.143779 1.052881e-16
4775.095776 1.106316e-16
4777.048743 1.143185e-16
4779.002435 1.116751e-16
4780.956070 1.180131e-16
4782.910749 1.116041e-16
4784.866548 1.233908e-16
4786.822098 1.123214e-16
4788.777841 1.067689e-16
4790.734236 9.338594e-17
4792.692370 1.035940e-16
4794.651076 1.147712e-16
4796.609815 1.093483e-16
4798.568874 1.071128e-16
4800.529176 1.077484e-16
4802.489966 1.151675e-16
4804.451305 1.210703e-16
4806.413363 1.174640e-16
4808.375454 1.086337e-16
4810.338265 1.191899e-16
4812.301880 1.134814e-16
4814.266123 1.138748e-16
4816.201688 9.970336e-17
4818.167480 1.150562e-16
4820.129942 1.020525e-16
4822.109283 1.150185e-16
4824.084679 1.184506e-16
4826.064062 1.061202e-16
4828.033036 1.100360e-16
4830.001589 1.209189e-16
4831.971386 1.087124e-16
4833.941391 1.035683e-16
4835.912260 1.142840e-16
4837.883291 9.435386e-17
4839.852014 1.080424e-16
4841.828285 1.136082e-16
4843.801594 1.112580e-16
4845.774659 1.060376e-16
4847.749344 1.144134e-16
4849.724469 1.167998e-16
4851.699776 1.151157e-16
4853.676130 1.178468e-16
4855.652863 1.097925e-16
4857.630452 1.033687e-16
4859.608085 1.149623e-16
4861.586394 1.130896e-16
4863.564518 1.043017e-16
4865.544370 1.185385e-16
4867.524714 1.141098e-16
4869.505484 9.805791e-17
4871.486840 1.178379e-16
4873.468830 1.142893e-16
4875.450758 1.104611e-16
4877.434355 1.173860e-16
4879.417912 1.082234e-16
4881.402251 1.158489e-16
4883.386933 1.122571e-16
4885.372543 1.187324e-16
4887.358536 1.135147e-16
4889.344744 1.160825e-16
4891.332391 1.150303e-16
4893.319258 1.081191e-16
4895.307713 1.240642e-16
4897.296674 1.171614e-16
4899.286274 1.163641e-16
4901.276066 1.036858e-16
4903.266620 1.137127e-16
4905.257976 1.302635e-16
4907.249815 1.220706e-16
4909.242048 1.106466e-16
4911.234669 1.063737e-16
4913.228272 1.025431e-16
4915.221935 1.041831e-16
4917.217196 1.271797e-16
4919.211799 1.241556e-16
4921.207077 1.191224e-16
4923.203372 1.016427e-16
4925.200317 1.222590e-16
4927.197737 1.185432e-16
4929.195767 1.121780e-16
4931.194546 1.150032e-16
4933.193274 1.056778e-16
4935.192805 1.127615e-16
4937.193197 1.090875e-16
4939.193601 1.007299e-16
4941.194808 1.154259e-16
4943.197068 1.142727e-16
4945.199318 1.173774e-16
4947.202540 1.179679e-16
4949.205878 1.188518e-16
4951.209618 1.142627e-16
4953.214918 1.138601e-16
4955.219768 1.072451e-16
4957.225802 1.226191e-16
4959.232245 1.105821e-16
4961.238895 1.155068e-16
4963.250623 1.168454e-16
4965.254325 1.007192e-16
4967.262781 1.060010e-16
4969.271610 1.129194e-16
4971.280903 1.001291e-16
4973.257292 9.490309e-17
4975.298993 1.213943e-16
4977.316678 1.006495e-16
4979.326066 1.406267e-16
4981.338435 1.250806e-16
4983.350795 1.163141e-16
4985.364328 1.090129e-16
4987.378501 1.140156e-16
4989.393199 1.009751e-16
4991.408387 1.159235e-16
4993.421423 1.128632e-16
4995.437842 9.835235e-17
4997.454493 1.073642e-16
4999.472272 1.121046e-16
5001.489841 1.029050e-16
5003.508049 1.048779e-16
5005.526821 1.067782e-16
5007.546607 1.129676e-16
5009.559436 1.279551e-16
5011.576500 1.233287e-16
5013.608634 1.447163e-16
5015.630885 1.263357e-16
5017.651760 9.954550e-17
5019.674888 1.045122e-16
5021.697849 8.649444e-17
5023.721957 1.101478e-16
5025.746369 1.037565e-16
5027.771135 1.152178e-16
5029.796641 1.095342e-16
5031.822461 9.997134e-17
5033.849128 1.018849e-16
5035.876497 1.163728e-16
5037.904171 1.093632e-16
5039.931450 8.954837e-17
5041.960243 9.732027e-17
5043.989380 1.088680e-16
5046.019692 1.202733e-16
5048.049510 1.124080e-16
5050.080415 1.120053e-16
5052.111522 1.161292e-16
5054.143583 1.186815e-16
5056.175699 1.165512e-16
5058.208597 1.141691e-16
5060.241925 9.603595e-17
5062.276004 1.129057e-16
5064.310530 1.192528e-16
5066.345167 1.165575e-16
5068.380963 1.183994e-16
5070.416590 1.046262e-16
5072.452956 1.054788e-16
5074.490488 1.188864e-16
5076.527808 1.037770e-16
5078.566278 1.141790e-16
5080.604612 1.108926e-16
5082.643798 1.015294e-16
5084.683349 1.184083e-16
5086.724020 1.120442e-16
5088.764193 1.180006e-16
5090.805896 1.065886e-16
5092.847508 1.071170e-16
5094.890150 1.236168e-16
5096.932289 1.019631e-16
5098.976294 1.241781e-16
5101.019825 1.241531e-16
5103.063866 1.125861e-16
5105.108815 1.170515e-16
5107.154635 1.245524e-16
5109.200276 1.191340e-16
5111.246534 1.138219e-16
5113.293483 1.165069e-16
5115.340963 1.277835e-16
5117.388929 1.288650e-16
5119.437728 1.223867e-16
5121.486545 1.343602e-16
5123.535933 1.070209e-16
5125.585514 1.256280e-16
5127.636474 1.191152e-16
5129.687470 1.203175e-16
5131.739010 1.121939e-16
5133.790589 1.140567e-16
5135.843739 1.220003e-16
5137.896356 1.200299e-16
5139.950146 1.155969e-16
5142.003976 1.114222e-16
5144.058624 1.252253e-16
5146.113348 1.178598e-16
5148.169272 1.076781e-16
5150.225157 1.234148e-16
5152.281812 1.112045e-16
5154.338731 1.218211e-16
5156.396442 1.187976e-16
5158.453906 1.095804e-16
5160.513206 1.247688e-16
5162.572111 1.184837e-16
5164.632033 1.240098e-16
5166.692101 1.203583e-16
5168.752787 1.157978e-16
5170.813569 1.170539e-16
5172.874676 1.207243e-16
5174.936680 1.149361e-16
5176.998880 1.167937e-16
5179.062247 1.202589e-16
5181.126651 1.259808e-16
5183.189828 1.111473e-16
5185.254601 1.177134e-16
5187.319346 1.235597e-16
5189.384963 1.194179e-16
5191.451169 1.230668e-16
5193.517654 1.249869e-16
5195.584634 1.120146e-16
5197.651720 1.146481e-16
5199.719998 1.191539e-16
5201.788396 1.228628e-16
5203.857791 1.216825e-16
5205.926998 1.271294e-16
5207.996757 1.216788e-16
5210.067269 1.205361e-16
5212.138280 1.203257e-16
5214.209645 1.251815e-16
5216.281064 1.168585e-16
5218.354009 1.303751e-16
5220.426686 1.297340e-16
5222.500365 1.258505e-16
5224.574027 1.227709e-16
5226.648383 1.208058e-16
5228.723118 1.207892e-16
5230.798005 1.217373e-16
5232.873943 1.248378e-16
5234.950133 1.265033e-16
5237.027028 1.248009e-16
5239.104013 1.173752e-16
5241.181711 1.175666e-16
5243.260155 1.212208e-16
5245.338544 1.285719e-16
5247.417732 1.264883e-16
5249.497379 1.284609e-16
5251.577374 1.297636e-16
5253.657941 1.276310e-16
5255.739151 1.242719e-16
5257.820342 1.204894e-16
5259.902596 1.311369e-16
5261.985271 1.207717e-16
5264.068254 1.327651e-16
5266.151764 1.257958e-16
5268.235201 1.223445e-16
5270.319816 1.250643e-16
5272.404402 1.288938e-16
5274.489586 1.281482e-16
5276.575421 1.331624e-16
5278.661522 1.160988e-16
5280.748335 1.246050e-16
5282.835776 1.189141e-16
5284.923102 1.154941e-16
5287.011361 1.259455e-16
5289.099758 1.306848e-16
5291.188915 1.179824e-16
5293.278794 1.299561e-16
5295.368730 1.229020e-16
5297.459198 1.288254e-16
5299.550042 1.280089e-16
5301.641197 1.301815e-16
5303.733180 1.213918e-16
5305.825100 1.204194e-16
5307.918237 1.248709e-16
5310.011384 1.229577e-16
5312.105632 1.285915e-16
5314.199389 1.288404e-16
5316.294109 1.236750e-16
5318.389269 1.301267e-16
5320.484987 1.316581e-16
5322.580980 1.295062e-16
5324.677579 1.243074e-16
5326.774548 1.246025e-16
5328.871744 1.239452e-16
5330.969613 1.237893e-16
5333.067754 1.206151e-16
5335.166547 1.291397e-16
5337.265953 1.233841e-16
5339.365696 1.280546e-16
5341.465724 1.216177e-16
5343.566262 1.226999e-16
5345.667501 1.332267e-16
5347.769031 1.201877e-16
5349.870893 1.306315e-16
5351.973593 1.333434e-16
5354.075955 1.208188e-16
5356.179532 1.239756e-16
5358.283375 1.306875e-16
5360.387735 1.346993e-16
5362.492587 1.421819e-16
5364.597611 1.327453e-16
5366.703127 1.320484e-16
5368.809525 1.382930e-16
5370.915581 1.264478e-16
5373.022728 1.320085e-16
5375.129913 1.302604e-16
5377.237653 1.356687e-16
5379.346209 1.353044e-16
5381.454992 1.335200e-16
5383.564186 1.482010e-16
5385.673919 1.411502e-16
5387.783710 1.281394e-16
5389.894445 1.373014e-16
5392.005494 1.345117e-16
5394.116670 1.379036e-16
5396.228769 1.467232e-16
5398.343735 1.402930e-16
5400.453011 1.402768e-16
5402.569586 1.418905e-16
5404.680409 1.407851e-16
5406.794607 1.418227e-16
5408.909069 1.414515e-16
5411.023798 1.369340e-16
5413.139140 1.328779e-16
5415.255108 1.410522e-16
5417.371306 1.385118e-16
5419.488052 1.392374e-16
5421.605191 1.370951e-16
5423.722850 1.390891e-16
5425.840896 1.460471e-16
5427.959427 1.311689e-16
5430.077875 1.298586e-16
5432.197412 1.237626e-16
5434.317249 1.321778e-16
5436.437345 1.359401e-16
5438.557899 1.303717e-16
5440.678968 1.354361e-16
5442.800641 1.348393e-16
5444.922588 1.405067e-16
5447.045053 1.453693e-16
5449.167768 1.401585e-16
5451.290914 1.419535e-16
5453.414452 1.413666e-16
5455.538690 1.442798e-16
5457.663404 1.426204e-16
5459.788143 1.399754e-16
5461.913659 1.428736e-16
5464.039383 1.388420e-16
5466.165547 1.416969e-16
5468.292308 1.474497e-16
5470.419272 1.440558e-16
5472.546698 1.430548e-16
5474.674975 1.529648e-16
5476.803245 1.478737e-16
5478.931841 1.385070e-16
5481.061221 1.406889e-16
5483.188700 1.441152e-16
5485.319093 1.521218e-16
5487.449140 1.352622e-16
5489.580209 1.455690e-16
5491.711676 1.465319e-16
5493.843368 1.446170e-16
5495.975614 1.353894e-16
5498.105657 1.375838e-16
5500.241049 1.348882e-16
5502.374814 1.403553e-16
5504.508366 1.409196e-16
5506.642729 1.473755e-16
5508.777569 1.425950e-16
5510.912619 1.387544e-16
5513.048194 1.465958e-16
5515.184215 1.393739e-16
5517.320588 1.403893e-16
5519.457234 1.426977e-16
5521.594531 1.431276e-16
5523.732319 1.450589e-16
5525.870405 1.427198e-16
5528.008776 1.519824e-16
5530.147767 1.422764e-16
5532.287002 1.451653e-16
5534.426610 1.312066e-16
5536.566639 1.384774e-16
5538.707241 1.347741e-16
5540.848075 1.384336e-16
5542.989606 1.403952e-16
5545.131229 1.358872e-16
5547.273468 1.337074e-16
5549.416149 1.456858e-16
5551.559189 1.396521e-16
5553.702673 1.447430e-16
5555.846438 1.374989e-16
5557.990467 1.343307e-16
5560.135114 1.351588e-16
5562.280281 1.337910e-16
5564.425755 1.318885e-16
5566.571323 1.296278e-16
5568.717901 1.330149e-16
5570.864301 1.292824e-16
5573.010966 1.280903e-16
5575.157012 1.241083e-16
5577.305762 1.415436e-16
5579.454452 1.161353e-16
5581.604002 1.463290e-16
5583.754094 1.252636e-16
5585.903121 1.392232e-16
5588.052750 1.354275e-16
5590.202981 1.356141e-16
5592.353734 1.335062e-16
5594.504614 1.335671e-16
5596.656342 1.349446e-16
5598.808363 1.339611e-16
5600.960523 1.273542e-16
5603.113072 1.318555e-16
5605.266285 1.270634e-16
5607.419879 1.281794e-16
5609.573664 1.325919e-16
5611.728089 1.338600e-16
5613.882812 1.324485e-16
5616.038009 1.288089e-16
5618.193601 1.354857e-16
5620.349389 1.332062e-16
5622.503740 1.324977e-16
5624.659420 1.278497e-16
5626.819593 1.303253e-16
5628.976810 1.307489e-16
5631.134756 1.332909e-16
5633.293161 1.302556e-16
5635.451631 1.276279e-16
5637.611192 1.331175e-16
5639.770393 1.317142e-16
5641.930362 1.345015e-16
5644.090485 1.175651e-16
5646.250903 1.241578e-16
5648.412096 1.291286e-16
5650.573511 1.287140e-16
5652.735247 1.243564e-16
5654.897735 1.337695e-16
5657.060244 1.237194e-16
5659.223109 1.309718e-16
5661.386583 1.319566e-16
5663.550108 1.199139e-16
5665.714396 1.271864e-16
5667.879028 1.234387e-16
5670.043823 1.232465e-16
5672.207458 1.256683e-16
5674.372925 1.255602e-16
5676.537092 1.158642e-16
5678.707366 1.201941e-16
5680.874561 1.247592e-16
5683.041365 1.173754e-16
5685.209210 1.248764e-16
5687.377083 1.205843e-16
5689.545681 1.277967e-16
5691.714334 1.337691e-16
5693.883643 1.238699e-16
5696.052917 1.273612e-16
5698.222993 1.239028e-16
5700.393219 1.193080e-16
5702.564019 1.200345e-16
5704.735047 1.164043e-16
5706.906618 1.182943e-16
5709.078467 1.262389e-16
5711.250708 1.229804e-16
5713.423249 1.193838e-16
5715.596324 1.224793e-16
5717.774402 1.236809e-16
5719.943333 1.243834e-16
5722.117287 1.197064e-16
5724.291718 1.172845e-16
5726.466721 1.164655e-16
5728.641937 1.207886e-16
5730.817457 1.209368e-16
5732.993658 1.250195e-16
5735.169942 1.199930e-16
5737.346529 1.204076e-16
5739.523914 1.220746e-16
5741.701108 1.202929e-16
5743.879310 1.224617e-16
5746.057304 1.110387e-16
5748.236097 1.166297e-16
5750.414889 1.185010e-16
5752.592336 1.094539e-16
5754.774104 1.157553e-16
5756.954203 1.188482e-16
5759.134577 1.089745e-16
5761.315460 1.151693e-16
5763.496641 1.064598e-16
5765.678318 1.148014e-16
5767.860394 1.098798e-16
5770.042442 1.074327e-16
5772.225216 1.119764e-16
5774.408267 1.072703e-16
5776.591767 1.085384e-16
5778.775627 1.097875e-16
5780.959777 1.119285e-16
5783.144313 1.112335e-16
5785.329150 1.158354e-16
5787.514596 1.059355e-16
5789.700103 1.130525e-16
5791.886071 1.062207e-16
5794.070684 1.091693e-16
5796.259298 1.080524e-16
5798.446286 1.097525e-16
5800.633830 1.156542e-16
5802.821652 1.114053e-16
5805.009821 1.179157e-16
5807.198424 1.104793e-16
5809.387311 1.146426e-16
5811.576664 1.194973e-16
5813.766278 1.175106e-16
5815.956284 1.176859e-16
5818.146583 1.155949e-16
5820.337406 1.121152e-16
5822.528532 1.153096e-16
5824.719875 1.072936e-16
5826.911737 1.196447e-16
5829.103817 1.147588e-16
5831.296386 1.162353e-16
5833.489220 1.126449e-16
5835.682504 1.107230e-16
5837.876152 1.115501e-16
5840.070007 1.135029e-16
5842.264536 1.170850e-16
5844.457401 1.170540e-16
5846.654216 1.200281e-16
5848.849592 1.247825e-16
5851.045276 1.173622e-16
5853.241403 1.188213e-16
5855.438020 1.187562e-16
5857.634762 1.120639e-16
5859.831814 1.207709e-16
5862.029222 1.112104e-16
5864.227356 1.226056e-16
5866.425472 1.193309e-16
5868.623974 1.116602e-16
5870.822953 1.159354e-16
5873.018373 1.200181e-16
5875.221807 1.142158e-16
5877.422026 1.125973e-16
5879.622241 1.102628e-16
5881.823085 1.186282e-16
5884.023944 1.121086e-16
5886.225313 1.069726e-16
5888.426668 1.040277e-16
5890.628942 1.071716e-16
5892.831263 1.046314e-16
5895.034208 1.094051e-16
5897.237445 1.071627e-16
5899.441127 1.165190e-16
5901.645139 1.150503e-16
5903.849463 1.164581e-16
5906.053919 1.116247e-16
5908.258750 1.215951e-16
5910.463998 1.194040e-16
5912.669579 1.126669e-16
5914.875612 1.175507e-16
5917.081787 1.209138e-16
5919.288289 1.151650e-16
5921.495429 1.183566e-16
5923.702674 1.184598e-16
5925.910319 1.191130e-16
5928.118319 1.189643e-16
5930.326815 1.193849e-16
5932.535125 1.178685e-16
5934.744540 1.181884e-16
5936.953681 1.235353e-16
5939.163566 1.233706e-16
5941.373386 1.169598e-16
5943.583937 1.181339e-16
5945.794749 1.158918e-16
5948.005736 1.197611e-16
5950.217119 1.230484e-16
5952.428865 1.209019e-16
5954.639432 1.207177e-16
5956.853402 1.158553e-16
5959.066219 1.195420e-16
5961.279260 1.175713e-16
5963.492830 1.206131e-16
5965.706341 1.142771e-16
5967.919512 1.246827e-16
5970.135255 1.231525e-16
5972.350106 1.244171e-16
5974.574375 1.229744e-16
5976.789803 1.249174e-16
5978.996631 1.289931e-16
5981.212552 1.200186e-16
5983.429194 1.306131e-16
5985.646185 1.287100e-16
5987.863235 1.301244e-16
5990.080694 1.219479e-16
5992.298568 1.244535e-16
5994.516776 1.242832e-16
5996.735269 1.295284e-16
5998.954025 1.259119e-16
6001.173216 1.322704e-16
6003.392784 1.286154e-16
6005.612600 1.290246e-16
6007.830048 1.310053e-16
6010.053267 1.260850e-16
6012.274136 1.245273e-16
6014.495470 1.310642e-16
6016.716838 1.295619e-16
6018.935758 1.238960e-16
6021.160763 1.315255e-16
6023.383466 1.324732e-16
6025.606291 1.349296e-16
6027.829376 1.308335e-16
6030.052810 1.268431e-16
6032.276728 1.311200e-16
6034.501022 1.382580e-16
6036.724102 1.361526e-16
6038.948969 1.282503e-16
6041.174066 1.278287e-16
6043.399536 1.331430e-16
6045.625402 1.342306e-16
6047.851431 1.318094e-16
6050.077888 1.342646e-16
6052.304751 1.306540e-16
6054.531765 1.311917e-16
6056.759151 1.335036e-16
6058.987055 1.402117e-16
6061.215177 1.446400e-16
6063.443462 1.370269e-16
6065.672219 1.371133e-16
6067.901215 1.300623e-16
6070.130609 1.308021e-16
6072.360311 1.318896e-16
6074.590322 1.224033e-16
6076.820657 1.257162e-16
6079.051291 1.264971e-16
6081.282142 1.201382e-16
6083.513656 1.249322e-16
6085.745254 1.291391e-16
6087.977354 1.375090e-16
6090.209600 1.351115e-16
6092.442046 1.358265e-16
6094.675080 1.343360e-16
6096.908301 1.387686e-16
6099.141947 1.351704e-16
6101.375866 1.372950e-16
6103.610097 1.335599e-16
6105.844629 1.369195e-16
6108.079532 1.375938e-16
6110.314561 1.361097e-16
6112.550114 1.333457e-16
6114.785828 1.331634e-16
6117.022039 1.331652e-16
6119.258523 1.373814e-16
6121.495295 1.360815e-16
6123.732336 1.341875e-16
6125.969776 1.340331e-16
6128.207372 1.350588e-16
6130.445550 1.363477e-16
6132.683842 1.349049e-16
6134.922578 1.330218e-16
6137.161419 1.297965e-16
6139.400775 1.354656e-16
6141.640475 1.379183e-16
6143.880345 1.363570e-16
6146.120536 1.334911e-16
6148.361108 1.306268e-16
6150.602061 1.373533e-16
6152.843252 1.379392e-16
6155.084623 1.295132e-16
6157.326478 1.300469e-16
6159.568639 1.359318e-16
6161.811132 1.313270e-16
6164.053890 1.317152e-16
6166.296949 1.332890e-16
6168.540358 1.338344e-16
6170.784000 1.295842e-16
6173.027981 1.329493e-16
6175.272382 1.331153e-16
6177.516900 1.270394e-16
6179.761853 1.322658e-16
6182.007114 1.329496e-16
6184.252764 1.292067e-16
6186.497236 1.315673e-16
6188.744836 1.299972e-16
6190.991159 1.290081e-16
6193.238012 1.260369e-16
6195.485059 1.235947e-16
6197.732485 1.242421e-16
6199.980227 1.249171e-16
6202.228248 1.323342e-16
6204.476667 1.271484e-16
6206.725259 1.229298e-16
6208.974289 1.282989e-16
6211.223339 1.197601e-16
6213.472939 1.270511e-16
6215.722942 1.248784e-16
6217.973170 1.267348e-16
6220.223659 1.242138e-16
6222.474432 1.264784e-16
6224.725664 1.278031e-16
6226.977046 1.274649e-16
6229.228676 1.190574e-16
6231.480723 1.243487e-16
6233.733052 1.199544e-16
6235.984555 1.255127e-16
6238.238700 1.242789e-16
6240.491918 1.281525e-16
6242.745508 1.247595e-16
6244.999274 1.193650e-16
6247.253599 1.251962e-16
6249.508088 1.218953e-16
6251.762725 1.220726e-16
6254.017818 1.251236e-16
6256.273185 1.202746e-16
6258.528775 1.216770e-16
6260.784895 1.241143e-16
6263.041145 1.180686e-16
6265.297719 1.230814e-16
6267.554605 1.182659e-16
6269.811721 1.212478e-16
6272.069227 1.183674e-16
6274.327108 1.221802e-16
6276.585135 1.104950e-16
6278.843494 1.102427e-16
6281.102294 1.095691e-16
6283.361044 1.013023e-16
6285.620454 1.135171e-16
6287.880137 1.195864e-16
6290.140172 1.175440e-16
6292.400163 1.173607e-16
6294.660655 1.097796e-16
6296.920348 1.134157e-16
6299.182439 1.161132e-16
6301.443769 1.099516e-16
6303.705439 1.147975e-16
6305.967433 1.125371e-16
6308.228630 1.161863e-16
6310.492500 1.187997e-16
6312.754342 1.154536e-16
6315.018574 1.154198e-16
6317.282028 1.145042e-16
6319.545730 1.099998e-16
6321.808921 1.153352e-16
6324.074227 1.171182e-16
6326.338730 1.115701e-16
6328.603677 1.083374e-16
6330.869024 1.145773e-16
6333.134592 1.153312e-16
6335.400433 1.118598e-16
6337.666645 1.142015e-16
6339.933048 1.189985e-16
6342.199803 1.204468e-16
6344.466841 1.178570e-16
6346.734015 1.106986e-16
6349.001732 1.162693e-16
6351.269466 1.116175e-16
6353.537752 1.130579e-16
6355.806174 1.141619e-16
6358.075021 1.174020e-16
6360.344116 1.121033e-16
6362.613372 1.110536e-16
6364.883075 1.115341e-16
6367.151919 1.137306e-16
6369.423283 1.149422e-16
6371.693800 1.139326e-16
6373.964781 1.203655e-16
6376.235819 1.186284e-16
6378.507358 1.184198e-16
6380.778957 1.186891e-16
6383.050832 1.137843e-16
6385.323153 1.125487e-16
6387.594876 1.178578e-16
6389.868688 1.203646e-16
6392.141899 1.219950e-16
6394.415320 1.228834e-16
6396.689076 1.200605e-16
6398.963115 1.219211e-16
6401.237358 1.195211e-16
6403.512058 1.273457e-16
6405.786997 1.246803e-16
6408.062142 1.284609e-16
6410.337598 1.231108e-16
6412.613323 1.205048e-16
6414.888394 1.225819e-16
6417.165803 1.275481e-16
6419.442421 1.252343e-16
6421.719263 1.218174e-16
6423.996389 1.184626e-16
6426.273996 1.256500e-16
6428.551722 1.205206e-16
6430.829758 1.226563e-16
6433.108227 1.241676e-16
6435.386744 1.201092e-16
6437.665740 1.287696e-16
6439.944894 1.228633e-16
6442.224479 1.229548e-16
6444.504173 1.230348e-16
6446.782851 1.246369e-16
6449.064644 1.225965e-16
6451.345309 1.260610e-16
6453.629154 1.245757e-16
6455.907494 1.303331e-16
6458.188917 1.265537e-16
6460.470680 1.261562e-16
6462.752825 1.273027e-16
6465.035128 1.294032e-16
6467.316791 1.282203e-16
6469.600662 1.315579e-16
6471.883942 1.327164e-16
6474.167471 1.315697e-16
6476.451189 1.323504e-16
6478.735219 1.331163e-16
6481.019551 1.306398e-16
6483.304212 1.357396e-16
6485.589169 1.358709e-16
6487.874349 1.334217e-16
6490.159780 1.336715e-16
6492.445573 1.328008e-16
6494.731772 1.343096e-16
6497.016695 1.332196e-16
6499.304569 1.347143e-16
6501.591286 1.328846e-16
6503.878454 1.313101e-16
6506.165883 1.300807e-16
6508.453547 1.287691e-16
6510.742842 1.332939e-16
6513.029881 1.274000e-16
6515.318478 1.284944e-16
6517.607268 1.250455e-16
6519.896485 1.273890e-16
6522.185836 1.297675e-16
6524.475506 1.289331e-16
6526.764026 1.309703e-16
6529.055814 1.301702e-16
6531.346339 1.266609e-16
6533.637173 1.302693e-16
6535.928181 1.237394e-16
6538.219504 1.269652e-16
6540.511221 1.264936e-16
6542.803118 1.201853e-16
6545.095290 1.242359e-16
6547.387092 1.302616e-16
6549.680670 1.251329e-16
6551.973575 1.259255e-16
6554.266968 1.237726e-16
6556.560512 1.247467e-16
6558.854505 1.227813e-16
6561.147483 1.228300e-16
6563.443159 1.234973e-16
6565.736357 1.242305e-16
6568.032854 1.248989e-16
6570.328047 1.226244e-16
6572.623557 1.239141e-16
6574.919249 1.199766e-16
6577.215416 1.202774e-16
6579.511819 1.230667e-16
6581.808449 1.213980e-16
6584.105404 1.188334e-16
6586.402620 1.195758e-16
6588.700102 1.201263e-16
6590.997948 1.204947e-16
6593.295840 1.143328e-16
6595.594147 1.169012e-16
6597.892665 1.163502e-16
6600.191545 1.157558e-16
6602.489315 1.128634e-16
6604.790102 1.163064e-16
6607.089897 1.181604e-16
6609.388832 1.157494e-16
6611.689872 1.064867e-16
6613.990479 1.154982e-16
6616.291153 1.076891e-16
6618.592299 1.058259e-16
6620.893726 1.128913e-16
6623.195378 1.134382e-16
6625.497228 1.095535e-16
6627.799451 1.129051e-16
6630.101795 1.127661e-16
6632.404610 1.065608e-16
6634.706462 1.093491e-16
6637.010843 1.092562e-16
6639.314281 1.110852e-16
6641.618148 1.100690e-16
6643.921310 1.047196e-16
6646.226709 1.126557e-16
6648.531174 1.068467e-16
6650.836157 1.076545e-16
6653.141146 1.063002e-16
6655.446669 1.024255e-16
6657.752446 1.087756e-16
6660.058429 1.055879e-16
6662.364641 1.049018e-16
6664.671235 1.072505e-16
6666.978072 1.091786e-16
6669.285147 1.086171e-16
6671.592420 1.067368e-16
6673.900166 1.081633e-16
6676.207057 1.075806e-16
6678.515287 1.082755e-16
6680.824671 1.095782e-16
6683.133338 1.062981e-16
6685.444008 1.097210e-16
6687.744306 1.048217e-16
6690.057211 1.045783e-16
6692.370885 1.048451e-16
6694.680943 9.950377e-17
6696.991295 1.019705e-16
6699.301895 1.000171e-16
6701.612955 1.025615e-16
6703.924010 1.068425e-16
6706.234531 1.038641e-16
6708.546260 1.016167e-16
6710.858231 1.052074e-16
6713.171335 1.028778e-16
6715.481938 9.844035e-17
6717.796584 1.037201e-16
6720.109762 1.025772e-16
6722.423044 1.034319e-16
6724.735612 1.025013e-16
6727.050505 1.036587e-16
6729.363719 1.009110e-16
6731.678951 1.035198e-16
6733.995357 1.048335e-16
6736.313027 1.049111e-16
6738.628138 1.008458e-16
6740.939192 9.960011e-17
6743.254366 1.011152e-16
6745.571065 1.016499e-16
6747.886023 1.050752e-16
6750.200767 1.124175e-16
6752.518232 1.125616e-16
6754.834424 1.156200e-16
6757.154862 1.079688e-16
6759.471358 9.686500e-17
6761.787332 9.790965e-17
6764.099845 1.375741e-16
6766.407397 2.269827e-16
6768.726242 2.456019e-16
6771.110437 2.399757e-16
6773.385646 1.183342e-16
6775.703080 1.004182e-16
6778.023586 9.521185e-17
6780.343556 9.666286e-17
6782.663163 9.836834e-17
6784.981795 9.725996e-17
6787.303620 1.214682e-16
6789.623824 1.276725e-16
6791.946932 1.297826e-16
6794.265994 1.136578e-16
6796.591346 9.731820e-17
6798.913086 9.936402e-17
6801.235933 9.989047e-17
6803.558757 1.184308e-16
6805.881106 9.827039e-17
6808.204496 9.812586e-17
6810.527043 9.515046e-17
6812.851710 9.149560e-17
6815.175932 9.609859e-17
6817.497433 9.494800e-17
6819.824663 9.336415e-17
6822.149699 9.638436e-17
6824.474736 9.516167e-17
6826.799316 9.335759e-17
6829.125693 9.465256e-17
6831.451534 9.170872e-17
6833.776022 9.304713e-17
6836.104296 9.375914e-17
6838.430989 9.188122e-17
6840.758063 9.246406e-17
6843.085390 9.183813e-17
6845.412777 9.176541e-17
6847.739900 9.387581e-17
6850.066140 9.098489e-17
6852.397089 8.967337e-17
6854.722958 8.694340e-17
6857.053633 9.315066e-17
6859.382448 9.029227e-17
6861.712901 9.270119e-17
6864.041930 8.886668e-17
6866.372469 8.200155e-17
6868.702862 7.520214e-17
6871.033181 6.577933e-17
6873.363891 6.410150e-17
6875.694904 7.151917e-17
6878.025383 7.627571e-17
6880.356561 8.045276e-17
6882.689545 8.397882e-17
6885.021607 8.610766e-17
6887.352875 8.095136e-17
6889.686445 8.153625e-17
6892.018141 7.745562e-17
6894.352384 7.875440e-17
6896.685826 8.057386e-17
6899.018289 7.702383e-17
6901.351315 7.900791e-17
6903.687458 7.905902e-17
6906.021981 8.191752e-17
6908.356599 8.178133e-17
6910.691569 8.058510e-17
6913.026772 8.265193e-17
6915.361258 8.675696e-17
6917.698197 8.485200e-17
6920.034144 8.547027e-17
6922.367033 9.040885e-17
6924.703718 1.076115e-16
6927.039992 9.847474e-17
6929.378936 9.991453e-17
6931.717559 8.595504e-17
6934.054462 8.833064e-17
6936.391288 9.037894e-17
6938.730877 1.010101e-16
6941.066930 9.949033e-17
6943.406552 1.000987e-16
6945.746217 8.643768e-17
6948.086338 8.596248e-17
6950.426534 8.475470e-17
6952.766318 8.224631e-17
6955.104478 8.293314e-17
6957.445802 8.481524e-17
6959.785353 8.012515e-17
6962.127640 8.744433e-17
6964.469898 8.651904e-17
6966.811901 8.800910e-17
6969.151235 8.620506e-17
6971.492752 8.718244e-17
6973.835176 9.156564e-17
6976.178363 8.615173e-17
6978.520923 8.300435e-17
6980.862721 8.808814e-17
6983.206307 8.488287e-17
6985.549796 8.487286e-17
6987.892848 8.341624e-17
6990.238202 8.281649e-17
6992.580925 8.161559e-17
6994.925366 8.317749e-17
6997.271106 8.099025e-17
6999.616708 8.214422e-17
7001.961171 8.284012e-17
7004.306576 8.430338e-17
7006.652757 8.587487e-17
7008.998837 7.919601e-17
7011.345724 8.232013e-17
7013.691820 8.290628e-17
7016.039360 8.510114e-17
7018.384637 8.520374e-17
7020.732311 8.360618e-17
7023.080990 8.299288e-17
7025.432119 8.247420e-17
7027.777064 8.277749e-17
7030.123736 8.276815e-17
7032.473256 7.894368e-17
7034.821952 8.343191e-17
7037.173058 7.844344e-17
7039.522672 8.034368e-17
7041.872175 7.897707e-17
7044.221845 7.849580e-17
7046.572251 7.940535e-17
7048.923419 8.230069e-17
7051.274243 8.159679e-17
7053.623586 8.070166e-17
7055.976211 8.072882e-17
7058.328414 8.133772e-17
7060.679751 8.248589e-17
7063.031855 8.394430e-17
7065.384410 8.518016e-17
7067.735192 8.139028e-17
7070.088523 8.041136e-17
7072.443844 8.311204e-17
7074.796687 7.783926e-17
7077.151081 8.129802e-17
7079.504283 8.476860e-17
7081.858047 8.320678e-17
7084.213093 8.403394e-17
7086.566609 8.196740e-17
7088.923220 8.352877e-17
7091.275863 8.027776e-17
7093.632521 7.914447e-17
7095.990169 8.300327e-17
7098.345473 8.316777e-17
7100.702647 8.607401e-17
7103.058353 8.497074e-17
7105.416185 8.400074e-17
7107.773483 8.573987e-17
7110.130192 8.348444e-17
7112.487939 8.686897e-17
7114.846848 8.207054e-17
7117.203670 8.205708e-17
7119.564059 8.213763e-17
7121.919417 8.133804e-17
7124.279904 7.992185e-17
7126.640595 8.107848e-17
7129.000865 8.397116e-17
7131.359836 8.453437e-17
7133.719119 7.967862e-17
7136.080677 8.354503e-17
7138.441179 8.488658e-17
7140.800598 8.029868e-17
7143.163438 8.414155e-17
7145.523817 8.177997e-17
7147.885793 8.233496e-17
7150.247480 8.131302e-17
7152.610804 8.198536e-17
7154.971943 8.331447e-17
7157.335984 8.182769e-17
7159.699109 8.651947e-17
7162.062398 8.475804e-17
7164.425700 8.415965e-17
7166.789315 8.192675e-17
7169.153951 8.067354e-17
7171.518128 7.974396e-17
7173.883521 8.182168e-17
7176.247345 8.097951e-17
7178.613563 8.225837e-17
7180.977780 8.130149e-17
7183.344237 8.346878e-17
7185.709606 7.791335e-17
7188.075860 7.897830e-17
7190.442806 7.824151e-17
7192.809335 8.142288e-17
7195.177131 7.677453e-17
7197.543922 7.989764e-17
7199.910854 7.882806e-17
7202.279488 8.269341e-17
7204.646828 8.159238e-17
7207.015104 8.129868e-17
7209.384273 8.575008e-17
7211.753362 8.665288e-17
7214.121822 8.874303e-17
7216.491508 8.446438e-17
7218.862203 8.830580e-17
7221.231219 8.598367e-17
7223.602347 8.511809e-17
7225.972863 8.383192e-17
7228.343100 8.850059e-17
7230.714190 8.338450e-17
7233.086016 8.323963e-17
7235.456878 8.115892e-17
7237.828288 8.215717e-17
7240.200757 8.241863e-17
7242.573659 8.163519e-17
7244.946303 8.400811e-17
7247.319317 8.358840e-17
7249.692514 8.551042e-17
7252.064909 8.674229e-17
7254.439738 8.609276e-17
7256.813754 8.600636e-17
7259.186975 8.717126e-17
7261.562197 9.116186e-17
7263.936851 8.781465e-17
7266.312450 8.950814e-17
7268.687752 9.067674e-17
7271.063266 8.341725e-17
7273.438645 8.330054e-17
7275.815115 8.251420e-17
7278.191514 8.070166e-17
7280.567568 8.435514e-17
7282.944250 8.680187e-17
7285.322437 8.696241e-17
7287.699344 8.902296e-17
7290.077393 8.555200e-17
7292.455768 8.637542e-17
7294.833032 8.517795e-17
7297.212538 8.534474e-17
7299.591368 8.414246e-17
7301.970439 8.397863e-17
7304.349816 8.502641e-17
7306.728841 8.537061e-17
7309.109383 8.743226e-17
7311.489561 8.541983e-17
7313.869904 8.766763e-17
7316.251423 8.504260e-17
7318.631521 8.421585e-17
7321.012830 8.516060e-17
7323.394439 8.724659e-17
7325.776183 8.673681e-17
7328.157861 8.533104e-17
7330.540593 8.772121e-17
7332.922792 8.437892e-17
7335.306090 8.607666e-17
7337.688783 8.566565e-17
7340.072484 8.241484e-17
7342.455846 8.344568e-17
7344.839904 8.295771e-17
7347.224448 8.223798e-17
7349.608551 8.472163e-17
7351.993769 8.463672e-17
7354.378519 8.201322e-17
7356.764109 8.357515e-17
7359.149699 8.438234e-17
7361.535578 8.879034e-17
7363.921738 8.420025e-17
7366.307598 8.398429e-17
7368.694726 8.487571e-17
7371.081692 8.559811e-17
7373.468891 8.509887e-17
7375.856469 8.548451e-17
7378.244218 8.433803e-17
7380.632281 8.491191e-17
7383.020179 8.225043e-17
7385.408869 8.487208e-17
7387.796946 8.232240e-17
7390.187172 8.290757e-17
7392.576200 8.618453e-17
7394.965996 8.505106e-17
7397.356209 8.710820e-17
7399.746011 8.422361e-17
7402.137821 8.438062e-17
7404.527391 8.698712e-17
7406.918525 8.567613e-17
7409.310142 8.592645e-17
7411.701714 8.154526e-17
7414.093280 8.160077e-17
7416.485492 8.554331e-17
7418.877645 8.351621e-17
7421.270608 8.274084e-17
7423.663839 8.543216e-17
7426.057064 8.158550e-17
7428.450272 8.072084e-17
7430.844359 8.132251e-17
7433.238199 8.079322e-17
7435.632589 8.069064e-17
7438.027386 8.302890e-17
7440.422276 8.037133e-17
7442.817453 8.319919e-17
7445.212806 8.320471e-17
7447.608316 8.354891e-17
7450.004660 8.185129e-17
7452.400935 8.103148e-17
7454.797487 8.227555e-17
7457.194118 8.048605e-17
7459.591624 8.468410e-17
7461.988759 8.303861e-17
7464.386403 8.460281e-17
7466.784041 8.387979e-17
7469.182641 8.205758e-17
7471.581028 8.394925e-17
7473.979929 8.089059e-17
7476.378842 8.074726e-17
7478.778296 8.150565e-17
7481.177708 8.026226e-17
7483.577587 8.104879e-17
7485.977851 8.195940e-17
7488.378258 7.974651e-17
7490.779008 7.911128e-17
7493.180144 8.223704e-17
7495.581455 8.286151e-17
7497.982972 7.962311e-17
7500.385015 8.197008e-17
7502.786852 8.486086e-17
7505.189255 8.315921e-17
7507.591956 8.192312e-17
7509.994965 8.231871e-17
7512.398127 8.086105e-17
7514.801636 8.011239e-17
7517.205512 8.089785e-17
7519.609475 7.843630e-17
7522.013800 7.770871e-17
7524.418562 7.926761e-17
7526.823361 7.898261e-17
7529.228650 8.142515e-17
7531.634135 7.832128e-17
7534.039912 8.244094e-17
7536.445960 7.809127e-17
7538.852293 8.093591e-17
7541.258881 7.796933e-17
7543.665783 8.109208e-17
7546.072965 8.011609e-17
7548.480430 7.562569e-17
7550.888182 7.668387e-17
7553.296200 7.621777e-17
7555.704485 7.765185e-17
7558.113086 7.747912e-17
7560.521921 7.707991e-17
7562.931069 7.790251e-17
7565.340464 7.854388e-17
7567.750499 7.831009e-17
7570.160269 7.875876e-17
7572.570602 7.429969e-17
7574.981085 7.670032e-17
7577.391930 7.715518e-17
7579.803355 7.385661e-17
7582.214798 7.303474e-17
7584.626246 7.124526e-17
7587.038168 7.250774e-17
7589.450451 7.433957e-17
7591.863143 7.167809e-17
7594.276128 5.768859e-17
7596.689101 4.657853e-17
7599.102476 3.054769e-17
7601.516184 2.439980e-17
7603.930184 2.061383e-17
7606.344445 1.907779e-17
7608.759031 1.899139e-17
7611.174019 2.299705e-17
7613.588982 2.952830e-17
7616.004531 3.879510e-17
7618.420087 5.267204e-17
7620.836085 5.406477e-17
7623.252395 4.966068e-17
7625.669243 4.147417e-17
7628.085878 3.926927e-17
7630.503024 3.754098e-17
7632.920377 3.692922e-17
7635.338188 3.734661e-17
7637.756170 4.183719e-17
7640.174461 4.154643e-17
7642.593262 4.452009e-17
7645.011928 4.468146e-17
7647.431315 4.699270e-17
7649.850823 4.825393e-17
7652.270329 5.222092e-17
7654.690284 5.133521e-17
7657.110662 6.055648e-17
7659.531678 5.485123e-17
7661.952221 5.979676e-17
7664.373434 5.613354e-17
7666.794721 6.656349e-17
7669.217420 6.338886e-17
7671.639030 6.307277e-17
7674.060844 6.442199e-17
7676.483760 6.697457e-17
7678.906729 6.416782e-17
7681.330726 6.837056e-17
7683.753833 6.334543e-17
7686.177253 6.980998e-17
7688.601677 6.810607e-17
7691.026734 6.910110e-17
7693.451856 6.820641e-17
7695.876499 6.501170e-17
7698.301042 6.447682e-17
7700.726787 6.828634e-17
7703.152275 6.977286e-17
7705.578950 6.519111e-17
7708.004934 6.908026e-17
7710.432098 6.692263e-17
7712.860631 6.894999e-17
7715.286308 6.712066e-17
7717.713992 6.973998e-17
7720.141963 6.570424e-17
7722.570138 6.855575e-17
7724.998949 6.730808e-17
7727.427811 6.817666e-17
7729.856515 6.740388e-17
7732.286432 6.594315e-17
7734.716646 6.644059e-17
7737.146092 6.837729e-17
7739.576217 6.879219e-17
7742.007169 6.892948e-17
7744.437364 6.558803e-17
7746.869305 6.579588e-17
7749.300739 6.333139e-17
7751.732185 6.600336e-17
7754.165480 6.721428e-17
7756.597112 6.361034e-17
7759.030018 6.478620e-17
7761.462295 6.729938e-17
7763.895575 6.170242e-17
7766.330237 6.594021e-17
7768.763282 6.849359e-17
7771.197913 6.352214e-17
7773.635229 6.452756e-17
7776.066249 6.511579e-17
7778.501488 6.705927e-17
7780.938582 6.587091e-17
7783.373395 6.362269e-17
7785.811564 6.290366e-17
7788.246833 6.309081e-17
7790.683023 6.526856e-17
7793.118568 6.204008e-17
7795.556892 6.391159e-17
7797.995019 6.071477e-17
7800.432767 6.717555e-17
7802.870444 6.471208e-17
7805.307909 6.447042e-17
7807.746147 6.624340e-17
7810.183098 6.793618e-17
7812.625277 6.516017e-17
7815.065103 6.730966e-17
7817.505896 6.686255e-17
7819.944393 6.365538e-17
7822.385087 6.710477e-17
7824.825991 6.259245e-17
7827.267108 6.654678e-17
7829.709166 6.399248e-17
7832.151421 6.498735e-17
7834.592958 6.292795e-17
7837.039412 6.182472e-17
7839.482017 5.996522e-17
7841.922545 6.376814e-17
7844.365073 6.390369e-17
7846.808633 6.246367e-17
7849.248591 6.430837e-17
7851.696548 6.270616e-17
7854.139441 6.365488e-17
7856.585742 5.860087e-17
7859.030847 6.651948e-17
7861.475628 6.147811e-17
7863.923195 6.777991e-17
7866.372251 6.780753e-17
7868.813683 5.813192e-17
7871.267028 6.760107e-17
7873.709630 5.617591e-17
7876.154678 4.629217e-17
