MJDOBS    51306.0
JDOBS    2.45131e+06
DATE    19990508
AGE_OBS    NaN
TELESCOPE    TILLINGHAST-
DETECTOR    FAST-
SOURCE    Asiago-Catalogue(SUSPECT)
       3569.4038  6.59834e-15
       3570.1525  7.76159e-15
       3570.9013  7.52000e-15
       3571.6500  8.13145e-15
       3572.3988  8.33714e-15
       3573.1475  6.23684e-15
       3573.8963  4.71979e-15
       3574.6450  7.36228e-15
       3575.3938  7.99842e-15
       3576.1425  7.81642e-15
       3576.8913  6.92795e-15
       3577.6400  6.28497e-15
       3578.3887  5.23688e-15
       3579.1375  5.92561e-15
       3579.8862  7.67764e-15
       3580.6350  7.57134e-15
       3581.3837  7.22243e-15
       3582.1325  7.44856e-15
       3582.8812  7.10647e-15
       3583.6300  7.44755e-15
       3584.3787  7.37848e-15
       3585.1275  6.33842e-15
       3585.8762  6.41102e-15
       3586.6250  6.25772e-15
       3587.3737  5.64041e-15
       3588.1224  5.43061e-15
       3588.8712  5.62225e-15
       3589.6199  5.68459e-15
       3590.3687  5.90252e-15
       3591.1174  7.16855e-15
       3591.8662  6.96379e-15
       3592.6149  6.93961e-15
       3593.3637  6.39532e-15
       3594.1124  5.58325e-15
       3594.8612  5.12055e-15
       3595.6099  4.51152e-15
       3596.3587  6.98515e-15
       3597.1074  7.71197e-15
       3597.8562  6.23107e-15
       3598.6049  6.10110e-15
       3599.3536  5.64595e-15
       3600.1024  6.64381e-15
       3600.8511  7.55280e-15
       3601.5999  6.20529e-15
       3602.3486  6.18760e-15
       3603.0974  6.97626e-15
       3603.8461  6.56244e-15
       3604.5949  5.32536e-15
       3605.3436  5.33023e-15
       3606.0924  5.96147e-15
       3606.8411  4.90449e-15
       3607.5899  6.26247e-15
       3608.3386  6.34933e-15
       3609.0873  6.11024e-15
       3609.8361  5.26485e-15
       3610.5848  5.46166e-15
       3611.3336  5.54966e-15
       3612.0823  5.22729e-15
       3612.8311  6.62421e-15
       3613.5798  6.18019e-15
       3614.3286  5.25789e-15
       3615.0773  5.33677e-15
       3615.8261  5.95690e-15
       3616.5748  6.40040e-15
       3617.3236  5.75020e-15
       3618.0723  5.72224e-15
       3618.8210  6.21949e-15
       3619.5698  5.54840e-15
       3620.3185  5.27987e-15
       3621.0673  5.14659e-15
       3621.8160  6.72705e-15
       3622.5648  6.27399e-15
       3623.3135  5.71509e-15
       3624.0623  6.14977e-15
       3624.8110  6.59940e-15
       3625.5598  6.27497e-15
       3626.3085  6.85858e-15
       3627.0573  6.87976e-15
       3627.8060  7.57222e-15
       3628.5548  7.47200e-15
       3629.3035  6.91399e-15
       3630.0522  7.59257e-15
       3630.8010  7.54339e-15
       3631.5497  7.63768e-15
       3632.2985  7.49162e-15
       3633.0472  7.28558e-15
       3633.7960  7.64756e-15
       3634.5447  8.10301e-15
       3635.2935  7.27144e-15
       3636.0422  6.72347e-15
       3636.7910  7.98058e-15
       3637.5397  7.60503e-15
       3638.2885  7.67120e-15
       3639.0372  8.72901e-15
       3639.7859  8.07596e-15
       3640.5347  7.73594e-15
       3641.2834  7.65496e-15
       3642.0322  8.23374e-15
       3642.7809  8.36641e-15
       3643.5297  8.35660e-15
       3644.2784  8.06669e-15
       3645.0272  8.65651e-15
       3645.7759  8.96639e-15
       3646.5247  8.89851e-15
       3647.2734  9.50635e-15
       3648.0222  9.43629e-15
       3648.7709  9.09215e-15
       3649.5197  9.27754e-15
       3650.2684  1.02385e-14
       3651.0171  1.01510e-14
       3651.7659  9.89707e-15
       3652.5146  9.49039e-15
       3653.2634  1.08358e-14
       3654.0121  1.13629e-14
       3654.7609  1.08181e-14
       3655.5096  1.13926e-14
       3656.2584  1.14011e-14
       3657.0071  1.06319e-14
       3657.7559  1.03235e-14
       3658.5046  1.11258e-14
       3659.2534  1.16962e-14
       3660.0021  1.06491e-14
       3660.7508  1.11306e-14
       3661.4996  1.02779e-14
       3662.2483  1.11797e-14
       3662.9971  1.28048e-14
       3663.7458  1.03757e-14
       3664.4946  1.14596e-14
       3665.2433  1.07116e-14
       3665.9921  1.16314e-14
       3666.7408  1.13441e-14
       3667.4896  1.16192e-14
       3668.2383  1.20690e-14
       3668.9871  1.25806e-14
       3669.7358  1.29172e-14
       3670.4845  1.29071e-14
       3671.2333  1.34071e-14
       3671.9820  1.22754e-14
       3672.7308  1.18458e-14
       3673.4795  1.18055e-14
       3674.2283  1.27468e-14
       3674.9770  1.22291e-14
       3675.7258  1.28008e-14
       3676.4745  1.33665e-14
       3677.2233  1.28622e-14
       3677.9720  1.27050e-14
       3678.7208  1.32458e-14
       3679.4695  1.29969e-14
       3680.2183  1.22448e-14
       3680.9670  1.23245e-14
       3681.7157  1.27348e-14
       3682.4645  1.26870e-14
       3683.2132  1.26969e-14
       3683.9620  1.33057e-14
       3684.7107  1.34276e-14
       3685.4595  1.28491e-14
       3686.2082  1.22759e-14
       3686.9570  1.10277e-14
       3687.7057  1.15344e-14
       3688.4545  1.26553e-14
       3689.2032  1.29668e-14
       3689.9520  1.35043e-14
       3690.7007  1.30029e-14
       3691.4494  1.27277e-14
       3692.1982  1.17875e-14
       3692.9469  1.16373e-14
       3693.6957  1.16056e-14
       3694.4444  1.19593e-14
       3695.1932  1.21070e-14
       3695.9419  1.26945e-14
       3696.6907  1.25232e-14
       3697.4394  1.22530e-14
       3698.1882  1.16982e-14
       3698.9369  1.12237e-14
       3699.6857  1.07043e-14
       3700.4344  1.11873e-14
       3701.1831  1.02865e-14
       3701.9319  1.00276e-14
       3702.6806  1.07580e-14
       3703.4294  1.00464e-14
       3704.1781  1.08836e-14
       3704.9269  1.03399e-14
       3705.6756  9.63945e-15
       3706.4244  1.00448e-14
       3707.1731  1.05469e-14
       3707.9219  1.02838e-14
       3708.6706  1.04881e-14
       3709.4194  1.04392e-14
       3710.1681  1.01480e-14
       3710.9169  1.03776e-14
       3711.6656  1.02022e-14
       3712.4143  9.54503e-15
       3713.1631  9.65699e-15
       3713.9118  9.59275e-15
       3714.6606  9.26032e-15
       3715.4093  9.32243e-15
       3716.1581  9.69193e-15
       3716.9068  9.52823e-15
       3717.6556  9.25594e-15
       3718.4043  9.64488e-15
       3719.1531  1.00383e-14
       3719.9018  9.64919e-15
       3720.6506  9.53435e-15
       3721.3993  9.85889e-15
       3722.1480  9.57194e-15
       3722.8968  9.50252e-15
       3723.6455  9.82502e-15
       3724.3943  9.57301e-15
       3725.1430  1.00389e-14
       3725.8918  1.01744e-14
       3726.6405  9.14148e-15
       3727.3893  9.67113e-15
       3728.1380  1.05196e-14
       3728.8868  1.01503e-14
       3729.6355  9.87597e-15
       3730.3843  1.01073e-14
       3731.1330  9.58909e-15
       3731.8817  9.59512e-15
       3732.6305  9.92471e-15
       3733.3792  1.00171e-14
       3734.1280  9.24435e-15
       3734.8767  7.91572e-15
       3735.6255  8.36001e-15
       3736.3742  8.65905e-15
       3737.1230  9.20223e-15
       3737.8717  1.01863e-14
       3738.6205  1.08491e-14
       3739.3692  9.72637e-15
       3740.1180  8.91082e-15
       3740.8667  9.10540e-15
       3741.6155  9.79312e-15
       3742.3642  9.71095e-15
       3743.1129  9.00862e-15
       3743.8617  9.63282e-15
       3744.6104  8.81392e-15
       3745.3592  8.70294e-15
       3746.1079  8.44532e-15
       3746.8567  8.68071e-15
       3747.6054  8.22160e-15
       3748.3542  8.14773e-15
       3749.1029  8.42272e-15
       3749.8517  8.06797e-15
       3750.6004  8.23799e-15
       3751.3492  8.15168e-15
       3752.0979  7.76190e-15
       3752.8466  7.36813e-15
       3753.5954  7.55433e-15
       3754.3441  7.80455e-15
       3755.0929  7.15902e-15
       3755.8416  7.38340e-15
       3756.5904  7.92229e-15
       3757.3391  7.27308e-15
       3758.0879  6.83141e-15
       3758.8366  7.60683e-15
       3759.5854  7.00399e-15
       3760.3341  6.31651e-15
       3761.0829  7.27855e-15
       3761.8316  7.60245e-15
       3762.5804  7.24508e-15
       3763.3291  7.04531e-15
       3764.0778  7.37616e-15
       3764.8266  6.73642e-15
       3765.5753  6.62535e-15
       3766.3241  6.55720e-15
       3767.0728  6.83501e-15
       3767.8216  6.54919e-15
       3768.5703  6.15985e-15
       3769.3191  6.81426e-15
       3770.0678  6.71195e-15
       3770.8166  6.63239e-15
       3771.5653  6.72570e-15
       3772.3141  6.15562e-15
       3773.0628  6.04915e-15
       3773.8115  6.37189e-15
       3774.5603  6.87931e-15
       3775.3090  6.25169e-15
       3776.0578  5.99642e-15
       3776.8065  6.49396e-15
       3777.5553  6.61873e-15
       3778.3040  6.58812e-15
       3779.0528  6.67728e-15
       3779.8015  6.42908e-15
       3780.5503  6.55075e-15
       3781.2990  6.42699e-15
       3782.0478  6.58320e-15
       3782.7965  6.39951e-15
       3783.5452  6.47769e-15
       3784.2940  6.27486e-15
       3785.0427  6.52877e-15
       3785.7915  6.38835e-15
       3786.5402  6.09204e-15
       3787.2890  6.31118e-15
       3788.0377  5.95276e-15
       3788.7865  6.31791e-15
       3789.5352  6.26421e-15
       3790.2840  5.95639e-15
       3791.0327  6.35115e-15
       3791.7815  6.53072e-15
       3792.5302  6.62772e-15
       3793.2790  6.29186e-15
       3794.0277  6.07027e-15
       3794.7764  6.20720e-15
       3795.5252  6.45745e-15
       3796.2739  6.19116e-15
       3797.0227  6.02520e-15
       3797.7714  6.74126e-15
       3798.5202  6.67561e-15
       3799.2689  6.12378e-15
       3800.0177  6.16944e-15
       3800.7664  6.38855e-15
       3801.5152  5.37873e-15
       3802.2639  5.72398e-15
       3803.0127  5.83502e-15
       3803.7614  6.06388e-15
       3804.5101  6.42209e-15
       3805.2589  6.11947e-15
       3806.0076  6.11911e-15
       3806.7564  5.65061e-15
       3807.5051  6.14255e-15
       3808.2539  5.98343e-15
       3809.0026  5.72610e-15
       3809.7514  6.01281e-15
       3810.5001  6.22854e-15
       3811.2489  5.92356e-15
       3811.9976  6.10629e-15
       3812.7464  6.03885e-15
       3813.4951  6.05347e-15
       3814.2438  6.18134e-15
       3814.9926  6.22769e-15
       3815.7413  6.47935e-15
       3816.4901  6.96792e-15
       3817.2388  6.92374e-15
       3817.9876  6.87403e-15
       3818.7363  6.93497e-15
       3819.4851  7.01204e-15
       3820.2338  6.91256e-15
       3820.9826  7.15605e-15
       3821.7313  6.50524e-15
       3822.4801  5.51869e-15
       3823.2288  5.53047e-15
       3823.9776  6.34101e-15
       3824.7263  7.34684e-15
       3825.4750  7.52171e-15
       3826.2238  7.82349e-15
       3826.9725  7.89198e-15
       3827.7213  7.97691e-15
       3828.4700  7.80920e-15
       3829.2188  7.93865e-15
       3829.9675  8.21437e-15
       3830.7163  8.33135e-15
       3831.4650  8.47405e-15
       3832.2138  8.36317e-15
       3832.9625  7.85491e-15
       3833.7113  7.62066e-15
       3834.4600  8.31076e-15
       3835.2087  8.86954e-15
       3835.9575  8.63299e-15
       3836.7062  8.89793e-15
       3837.4550  9.62329e-15
       3838.2037  8.79284e-15
       3838.9525  8.99280e-15
       3839.7012  8.97446e-15
       3840.4500  9.13082e-15
       3841.1987  1.02407e-14
       3841.9475  9.90701e-15
       3842.6962  9.44753e-15
       3843.4450  1.01776e-14
       3844.1937  1.01109e-14
       3844.9424  9.73177e-15
       3845.6912  1.06311e-14
       3846.4399  1.03688e-14
       3847.1887  1.01410e-14
       3847.9374  1.02814e-14
       3848.6862  1.06745e-14
       3849.4349  1.11119e-14
       3850.1837  1.09710e-14
       3850.9324  1.10704e-14
       3851.6812  1.13320e-14
       3852.4299  1.11243e-14
       3853.1787  1.07863e-14
       3853.9274  1.09412e-14
       3854.6762  1.12427e-14
       3855.4249  1.08374e-14
       3856.1736  1.16536e-14
       3856.9224  1.15958e-14
       3857.6711  1.12136e-14
       3858.4199  1.16090e-14
       3859.1686  1.15630e-14
       3859.9174  1.13642e-14
       3860.6661  1.17161e-14
       3861.4149  1.21551e-14
       3862.1636  1.16574e-14
       3862.9124  1.18124e-14
       3863.6611  1.28066e-14
       3864.4099  1.29062e-14
       3865.1586  1.26871e-14
       3865.9073  1.23556e-14
       3866.6561  1.25988e-14
       3867.4048  1.33256e-14
       3868.1536  1.33686e-14
       3868.9023  1.33027e-14
       3869.6511  1.34235e-14
       3870.3998  1.41286e-14
       3871.1486  1.34780e-14
       3871.8973  1.32502e-14
       3872.6461  1.36622e-14
       3873.3948  1.35577e-14
       3874.1436  1.34551e-14
       3874.8923  1.44148e-14
       3875.6410  1.39384e-14
       3876.3898  1.37394e-14
       3877.1385  1.40974e-14
       3877.8873  1.47833e-14
       3878.6360  1.49213e-14
       3879.3848  1.48587e-14
       3880.1335  1.47031e-14
       3880.8823  1.46541e-14
       3881.6310  1.40089e-14
       3882.3798  1.45617e-14
       3883.1285  1.58234e-14
       3883.8773  1.53649e-14
       3884.6260  1.44843e-14
       3885.3748  1.54391e-14
       3886.1235  1.60627e-14
       3886.8722  1.55324e-14
       3887.6210  1.59707e-14
       3888.3697  1.67197e-14
       3889.1185  1.68146e-14
       3889.8672  1.59354e-14
       3890.6160  1.56470e-14
       3891.3647  1.66419e-14
       3892.1135  1.66740e-14
       3892.8622  1.64245e-14
       3893.6110  1.68416e-14
       3894.3597  1.74515e-14
       3895.1085  1.81848e-14
       3895.8572  1.73035e-14
       3896.6059  1.75609e-14
       3897.3547  1.78190e-14
       3898.1034  1.72689e-14
       3898.8522  1.71852e-14
       3899.6009  1.83749e-14
       3900.3497  1.89961e-14
       3901.0984  1.95141e-14
       3901.8472  1.98413e-14
       3902.5959  1.93009e-14
       3903.3447  1.90480e-14
       3904.0934  1.90409e-14
       3904.8422  1.90008e-14
       3905.5909  1.88471e-14
       3906.3397  1.90361e-14
       3907.0884  1.91614e-14
       3907.8371  1.93551e-14
       3908.5859  1.92778e-14
       3909.3346  1.90772e-14
       3910.0834  1.98439e-14
       3910.8321  2.01170e-14
       3911.5809  2.01632e-14
       3912.3296  2.00247e-14
       3913.0784  2.00060e-14
       3913.8271  2.03712e-14
       3914.5759  2.03525e-14
       3915.3246  2.03121e-14
       3916.0734  2.04385e-14
       3916.8221  2.08417e-14
       3917.5708  2.07690e-14
       3918.3196  2.08115e-14
       3919.0683  2.15408e-14
       3919.8171  2.15547e-14
       3920.5658  2.14635e-14
       3921.3146  2.14394e-14
       3922.0633  2.12023e-14
       3922.8121  2.08016e-14
       3923.5608  2.09042e-14
       3924.3096  2.16465e-14
       3925.0583  2.22224e-14
       3925.8071  2.21978e-14
       3926.5558  2.16230e-14
       3927.3045  2.14067e-14
       3928.0533  2.29492e-14
       3928.8020  2.29132e-14
       3929.5508  2.28088e-14
       3930.2995  2.24094e-14
       3931.0483  2.21348e-14
       3931.7970  2.22806e-14
       3932.5458  2.20324e-14
       3933.2945  2.21457e-14
       3934.0433  2.14548e-14
       3934.7920  2.18873e-14
       3935.5408  2.23074e-14
       3936.2895  2.29563e-14
       3937.0383  2.29655e-14
       3937.7870  2.32216e-14
       3938.5357  2.32487e-14
       3939.2845  2.34425e-14
       3940.0332  2.25578e-14
       3940.7820  2.30021e-14
       3941.5307  2.25992e-14
       3942.2795  2.29464e-14
       3943.0282  2.35399e-14
       3943.7770  2.29953e-14
       3944.5257  2.31597e-14
       3945.2745  2.38612e-14
       3946.0232  2.33550e-14
       3946.7720  2.37773e-14
       3947.5207  2.45159e-14
       3948.2694  2.45638e-14
       3949.0182  2.46872e-14
       3949.7669  2.52019e-14
       3950.5157  2.53466e-14
       3951.2644  2.50093e-14
       3952.0132  2.47444e-14
       3952.7619  2.46957e-14
       3953.5107  2.43264e-14
       3954.2594  2.41657e-14
       3955.0082  2.46682e-14
       3955.7569  2.49879e-14
       3956.5057  2.55929e-14
       3957.2544  2.51378e-14
       3958.0031  2.50155e-14
       3958.7519  2.45933e-14
       3959.5006  2.48231e-14
       3960.2494  2.48370e-14
       3960.9981  2.48690e-14
       3961.7469  2.51485e-14
       3962.4956  2.50831e-14
       3963.2444  2.41951e-14
       3963.9931  2.40396e-14
       3964.7419  2.41567e-14
       3965.4906  2.37784e-14
       3966.2394  2.43107e-14
       3966.9881  2.40628e-14
       3967.7369  2.42053e-14
       3968.4856  2.32415e-14
       3969.2343  2.31839e-14
       3969.9831  2.30220e-14
       3970.7318  2.34385e-14
       3971.4806  2.36125e-14
       3972.2293  2.31550e-14
       3972.9781  2.27270e-14
       3973.7268  2.31520e-14
       3974.4756  2.31437e-14
       3975.2243  2.28622e-14
       3975.9731  2.25704e-14
       3976.7218  2.24821e-14
       3977.4706  2.22708e-14
       3978.2193  2.20817e-14
       3978.9680  2.23339e-14
       3979.7168  2.23496e-14
       3980.4655  2.17833e-14
       3981.2143  2.08416e-14
       3981.9630  2.08381e-14
       3982.7118  2.14705e-14
       3983.4605  2.13934e-14
       3984.2093  2.02247e-14
       3984.9580  2.05756e-14
       3985.7068  2.08672e-14
       3986.4555  2.08884e-14
       3987.2043  2.03337e-14
       3987.9530  2.02811e-14
       3988.7017  1.99112e-14
       3989.4505  2.02077e-14
       3990.1992  1.99573e-14
       3990.9480  1.98151e-14
       3991.6967  1.91415e-14
       3992.4455  1.98731e-14
       3993.1942  2.03739e-14
       3993.9430  2.06384e-14
       3994.6917  2.01779e-14
       3995.4405  1.96857e-14
       3996.1892  1.97228e-14
       3996.9380  1.89098e-14
       3997.6867  1.93256e-14
       3998.4355  1.92234e-14
       3999.1842  1.85322e-14
       3999.9329  1.82810e-14
       4000.6817  1.87822e-14
       4001.4304  1.87571e-14
       4002.1792  1.81916e-14
       4002.9279  1.81239e-14
       4003.6767  1.72309e-14
       4004.4254  1.72221e-14
       4005.1742  1.76753e-14
       4005.9229  1.81448e-14
       4006.6717  1.85803e-14
       4007.4204  1.82321e-14
       4008.1692  1.90962e-14
       4008.9179  1.89624e-14
       4009.6666  1.77669e-14
       4010.4154  1.78906e-14
       4011.1641  1.75067e-14
       4011.9129  1.73417e-14
       4012.6616  1.69775e-14
       4013.4104  1.72310e-14
       4014.1591  1.74113e-14
       4014.9079  1.70191e-14
       4015.6566  1.70753e-14
       4016.4054  1.75028e-14
       4017.1541  1.75047e-14
       4017.9029  1.73756e-14
       4018.6516  1.70175e-14
       4019.4004  1.69763e-14
       4020.1491  1.65358e-14
       4020.8978  1.71805e-14
       4021.6466  1.66858e-14
       4022.3953  1.67681e-14
       4023.1441  1.69753e-14
       4023.8928  1.68427e-14
       4024.6416  1.71120e-14
       4025.3903  1.68464e-14
       4026.1391  1.75228e-14
       4026.8878  1.72878e-14
       4027.6366  1.65874e-14
       4028.3853  1.73699e-14
       4029.1341  1.78481e-14
       4029.8828  1.73040e-14
       4030.6315  1.73689e-14
       4031.3803  1.72878e-14
       4032.1290  1.75879e-14
       4032.8778  1.69463e-14
       4033.6265  1.69543e-14
       4034.3753  1.68530e-14
       4035.1240  1.72536e-14
       4035.8728  1.67180e-14
       4036.6215  1.61411e-14
       4037.3703  1.61697e-14
       4038.1190  1.72547e-14
       4038.8678  1.76002e-14
       4039.6165  1.71294e-14
       4040.3652  1.72891e-14
       4041.1140  1.77602e-14
       4041.8627  1.74193e-14
       4042.6115  1.73211e-14
       4043.3602  1.79271e-14
       4044.1090  1.74654e-14
       4044.8577  1.75011e-14
       4045.6065  1.75581e-14
       4046.3552  1.78224e-14
       4047.1040  1.69370e-14
       4047.8527  1.77032e-14
       4048.6015  1.76776e-14
       4049.3502  1.72145e-14
       4050.0990  1.76401e-14
       4050.8477  1.76240e-14
       4051.5964  1.83519e-14
       4052.3452  1.79797e-14
       4053.0939  1.71384e-14
       4053.8427  1.71611e-14
       4054.5914  1.73176e-14
       4055.3402  1.74164e-14
       4056.0889  1.77425e-14
       4056.8377  1.75073e-14
       4057.5864  1.77192e-14
       4058.3352  1.79627e-14
       4059.0839  1.73945e-14
       4059.8327  1.76371e-14
       4060.5814  1.79258e-14
       4061.3301  1.71859e-14
       4062.0789  1.76078e-14
       4062.8276  1.82588e-14
       4063.5764  1.75765e-14
       4064.3251  1.76135e-14
       4065.0739  1.77573e-14
       4065.8226  1.75805e-14
       4066.5714  1.77272e-14
       4067.3201  1.78474e-14
       4068.0689  1.76354e-14
       4068.8176  1.78351e-14
       4069.5664  1.71490e-14
       4070.3151  1.64360e-14
       4071.0638  1.64661e-14
       4071.8126  1.63020e-14
       4072.5613  1.61655e-14
       4073.3101  1.64827e-14
       4074.0588  1.64715e-14
       4074.8076  1.60152e-14
       4075.5563  1.54737e-14
       4076.3051  1.53197e-14
       4077.0538  1.57151e-14
       4077.8026  1.55010e-14
       4078.5513  1.56704e-14
       4079.3001  1.53170e-14
       4080.0488  1.53727e-14
       4080.7976  1.55855e-14
       4081.5463  1.58428e-14
       4082.2950  1.58396e-14
       4083.0438  1.60636e-14
       4083.7925  1.57537e-14
       4084.5413  1.60698e-14
       4085.2900  1.60413e-14
       4086.0388  1.58134e-14
       4086.7875  1.63313e-14
       4087.5363  1.64330e-14
       4088.2850  1.67473e-14
       4089.0338  1.67794e-14
       4089.7825  1.68609e-14
       4090.5313  1.68843e-14
       4091.2800  1.71759e-14
       4092.0287  1.71333e-14
       4092.7775  1.69828e-14
       4093.5262  1.72696e-14
       4094.2750  1.69650e-14
       4095.0237  1.68847e-14
       4095.7725  1.69048e-14
       4096.5212  1.72354e-14
       4097.2700  1.74132e-14
       4098.0187  1.71149e-14
       4098.7675  1.79488e-14
       4099.5162  1.78638e-14
       4100.2650  1.77440e-14
       4101.0137  1.77969e-14
       4101.7624  1.80694e-14
       4102.5112  1.82507e-14
       4103.2599  1.76707e-14
       4104.0087  1.74662e-14
       4104.7574  1.76378e-14
       4105.5062  1.78042e-14
       4106.2549  1.81269e-14
       4107.0037  1.80031e-14
       4107.7524  1.83681e-14
       4108.5012  1.77651e-14
       4109.2499  1.79547e-14
       4109.9987  1.82071e-14
       4110.7474  1.73256e-14
       4111.4962  1.75074e-14
       4112.2449  1.74737e-14
       4112.9936  1.75852e-14
       4113.7424  1.70400e-14
       4114.4911  1.69492e-14
       4115.2399  1.68357e-14
       4115.9886  1.67181e-14
       4116.7374  1.61814e-14
       4117.4861  1.64957e-14
       4118.2349  1.60477e-14
       4118.9836  1.55216e-14
       4119.7324  1.57012e-14
       4120.4811  1.55324e-14
       4121.2299  1.53769e-14
       4121.9786  1.53719e-14
       4122.7273  1.50908e-14
       4123.4761  1.51974e-14
       4124.2248  1.51582e-14
       4124.9736  1.49630e-14
       4125.7223  1.45565e-14
       4126.4711  1.40094e-14
       4127.2198  1.39132e-14
       4127.9686  1.42505e-14
       4128.7173  1.42504e-14
       4129.4661  1.39679e-14
       4130.2148  1.38800e-14
       4130.9636  1.35835e-14
       4131.7123  1.28452e-14
       4132.4611  1.27115e-14
       4133.2098  1.30249e-14
       4133.9585  1.35651e-14
       4134.7073  1.31240e-14
       4135.4560  1.21693e-14
       4136.2048  1.25206e-14
       4136.9535  1.28617e-14
       4137.7023  1.23085e-14
       4138.4510  1.21885e-14
       4139.1998  1.22860e-14
       4139.9485  1.19936e-14
       4140.6973  1.17813e-14
       4141.4460  1.15827e-14
       4142.1948  1.17889e-14
       4142.9435  1.20927e-14
       4143.6922  1.20190e-14
       4144.4410  1.18412e-14
       4145.1897  1.15051e-14
       4145.9385  1.16516e-14
       4146.6872  1.16317e-14
       4147.4360  1.16956e-14
       4148.1847  1.18322e-14
       4148.9335  1.13538e-14
       4149.6822  1.17192e-14
       4150.4310  1.14252e-14
       4151.1797  1.14750e-14
       4151.9285  1.19601e-14
       4152.6772  1.17266e-14
       4153.4259  1.17313e-14
       4154.1747  1.18542e-14
       4154.9234  1.17594e-14
       4155.6722  1.15294e-14
       4156.4209  1.15804e-14
       4157.1697  1.14495e-14
       4157.9184  1.13442e-14
       4158.6672  1.18826e-14
       4159.4159  1.17438e-14
       4160.1647  1.18588e-14
       4160.9134  1.17415e-14
       4161.6622  1.12555e-14
       4162.4109  1.16654e-14
       4163.1597  1.18159e-14
       4163.9084  1.14908e-14
       4164.6571  1.13894e-14
       4165.4059  1.18795e-14
       4166.1546  1.18262e-14
       4166.9034  1.21269e-14
       4167.6521  1.21789e-14
       4168.4009  1.18015e-14
       4169.1496  1.20363e-14
       4169.8984  1.19553e-14
       4170.6471  1.20873e-14
       4171.3959  1.18580e-14
       4172.1446  1.27790e-14
       4172.8934  1.24320e-14
       4173.6421  1.22998e-14
       4174.3908  1.28006e-14
       4175.1396  1.28589e-14
       4175.8883  1.31128e-14
       4176.6371  1.30030e-14
       4177.3858  1.26373e-14
       4178.1346  1.31168e-14
       4178.8833  1.30618e-14
       4179.6321  1.32364e-14
       4180.3808  1.36179e-14
       4181.1296  1.33671e-14
       4181.8783  1.38982e-14
       4182.6271  1.37065e-14
       4183.3758  1.44990e-14
       4184.1245  1.43058e-14
       4184.8733  1.44712e-14
       4185.6220  1.48876e-14
       4186.3708  1.48799e-14
       4187.1195  1.51838e-14
       4187.8683  1.48760e-14
       4188.6170  1.47936e-14
       4189.3658  1.51060e-14
       4190.1145  1.52807e-14
       4190.8633  1.57456e-14
       4191.6120  1.55769e-14
       4192.3608  1.52290e-14
       4193.1095  1.50824e-14
       4193.8583  1.54105e-14
       4194.6070  1.53741e-14
       4195.3557  1.51980e-14
       4196.1045  1.53142e-14
       4196.8532  1.51913e-14
       4197.6020  1.53387e-14
       4198.3507  1.57430e-14
       4199.0995  1.57560e-14
       4199.8482  1.58887e-14
       4200.5970  1.57503e-14
       4201.3457  1.55843e-14
       4202.0945  1.56273e-14
       4202.8432  1.58445e-14
       4203.5920  1.58474e-14
       4204.3407  1.55942e-14
       4205.0894  1.58781e-14
       4205.8382  1.64360e-14
       4206.5869  1.62570e-14
       4207.3357  1.59356e-14
       4208.0844  1.61051e-14
       4208.8332  1.59010e-14
       4209.5819  1.53864e-14
       4210.3307  1.55493e-14
       4211.0794  1.55746e-14
       4211.8282  1.56088e-14
       4212.5769  1.53935e-14
       4213.3257  1.49081e-14
       4214.0744  1.47623e-14
       4214.8231  1.48938e-14
       4215.5719  1.48971e-14
       4216.3206  1.45717e-14
       4217.0694  1.41544e-14
       4217.8181  1.41568e-14
       4218.5669  1.34509e-14
       4219.3156  1.34069e-14
       4220.0644  1.38111e-14
       4220.8131  1.39951e-14
       4221.5619  1.37963e-14
       4222.3106  1.36194e-14
       4223.0594  1.32045e-14
       4223.8081  1.28099e-14
       4224.5569  1.30658e-14
       4225.3056  1.33146e-14
       4226.0543  1.31094e-14
       4226.8031  1.32232e-14
       4227.5518  1.31096e-14
       4228.3006  1.28515e-14
       4229.0493  1.27690e-14
       4229.7981  1.29086e-14
       4230.5468  1.31208e-14
       4231.2956  1.29798e-14
       4232.0443  1.30427e-14
       4232.7931  1.28386e-14
       4233.5418  1.28429e-14
       4234.2906  1.24377e-14
       4235.0393  1.26084e-14
       4235.7880  1.25178e-14
       4236.5368  1.26194e-14
       4237.2855  1.25354e-14
       4238.0343  1.26229e-14
       4238.7830  1.26417e-14
       4239.5318  1.26752e-14
       4240.2805  1.28393e-14
       4241.0293  1.30745e-14
       4241.7780  1.27459e-14
       4242.5268  1.31029e-14
       4243.2755  1.31920e-14
       4244.0243  1.35321e-14
       4244.7730  1.34072e-14
       4245.5217  1.32232e-14
       4246.2705  1.37079e-14
       4247.0192  1.37718e-14
       4247.7680  1.35979e-14
       4248.5167  1.35859e-14
       4249.2655  1.39741e-14
       4250.0142  1.43885e-14
       4250.7630  1.45668e-14
       4251.5117  1.41677e-14
       4252.2605  1.42106e-14
       4253.0092  1.43103e-14
       4253.7580  1.42125e-14
       4254.5067  1.45562e-14
       4255.2555  1.45682e-14
       4256.0042  1.47948e-14
       4256.7529  1.50307e-14
       4257.5017  1.46670e-14
       4258.2504  1.44046e-14
       4258.9992  1.46866e-14
       4259.7479  1.46972e-14
       4260.4967  1.41087e-14
       4261.2454  1.46130e-14
       4261.9942  1.44463e-14
       4262.7429  1.39524e-14
       4263.4917  1.46039e-14
       4264.2404  1.45414e-14
       4264.9892  1.41031e-14
       4265.7379  1.42613e-14
       4266.4866  1.45067e-14
       4267.2354  1.49498e-14
       4267.9841  1.45084e-14
       4268.7329  1.43243e-14
       4269.4816  1.38211e-14
       4270.2304  1.40451e-14
       4270.9791  1.40262e-14
       4271.7279  1.44147e-14
       4272.4766  1.44996e-14
       4273.2254  1.39354e-14
       4273.9741  1.42318e-14
       4274.7229  1.39333e-14
       4275.4716  1.38173e-14
       4276.2204  1.39480e-14
       4276.9691  1.39939e-14
       4277.7178  1.42667e-14
       4278.4666  1.43189e-14
       4279.2153  1.40888e-14
       4279.9641  1.38895e-14
       4280.7128  1.36440e-14
       4281.4616  1.37633e-14
       4282.2103  1.37892e-14
       4282.9591  1.36231e-14
       4283.7078  1.35786e-14
       4284.4566  1.37025e-14
       4285.2053  1.38941e-14
       4285.9541  1.34396e-14
       4286.7028  1.36506e-14
       4287.4515  1.36077e-14
       4288.2003  1.35619e-14
       4288.9490  1.39878e-14
       4289.6978  1.38040e-14
       4290.4465  1.33737e-14
       4291.1953  1.33181e-14
       4291.9440  1.32840e-14
       4292.6928  1.29179e-14
       4293.4415  1.32515e-14
       4294.1903  1.31022e-14
       4294.9390  1.29621e-14
       4295.6878  1.31460e-14
       4296.4365  1.26083e-14
       4297.1852  1.20258e-14
       4297.9340  1.24072e-14
       4298.6827  1.25669e-14
       4299.4315  1.26302e-14
       4300.1802  1.23856e-14
       4300.9290  1.20080e-14
       4301.6777  1.20175e-14
       4302.4265  1.23082e-14
       4303.1752  1.20932e-14
       4303.9240  1.14280e-14
       4304.6727  1.16036e-14
       4305.4215  1.16730e-14
       4306.1702  1.17220e-14
       4306.9190  1.18548e-14
       4307.6677  1.14309e-14
       4308.4164  1.11919e-14
       4309.1652  1.12777e-14
       4309.9139  1.16152e-14
       4310.6627  1.15025e-14
       4311.4114  1.13676e-14
       4312.1602  1.11640e-14
       4312.9089  1.12940e-14
       4313.6577  1.14124e-14
       4314.4064  1.14705e-14
       4315.1552  1.13402e-14
       4315.9039  1.11623e-14
       4316.6527  1.13917e-14
       4317.4014  1.13289e-14
       4318.1501  1.13207e-14
       4318.8989  1.12708e-14
       4319.6476  1.14288e-14
       4320.3964  1.12916e-14
       4321.1451  1.07848e-14
       4321.8939  1.10324e-14
       4322.6426  1.11323e-14
       4323.3914  1.16441e-14
       4324.1401  1.17975e-14
       4324.8889  1.13018e-14
       4325.6376  1.08506e-14
       4326.3864  1.10678e-14
       4327.1351  1.12935e-14
       4327.8838  1.14682e-14
       4328.6326  1.13097e-14
       4329.3813  1.16449e-14
       4330.1301  1.20469e-14
       4330.8788  1.17668e-14
       4331.6276  1.14828e-14
       4332.3763  1.17111e-14
       4333.1251  1.18366e-14
       4333.8738  1.21611e-14
       4334.6226  1.19687e-14
       4335.3713  1.22619e-14
       4336.1201  1.23242e-14
       4336.8688  1.21184e-14
       4337.6176  1.24127e-14
       4338.3663  1.22276e-14
       4339.1150  1.25897e-14
       4339.8638  1.26914e-14
       4340.6125  1.28006e-14
       4341.3613  1.26192e-14
       4342.1100  1.25318e-14
       4342.8588  1.25632e-14
       4343.6075  1.24537e-14
       4344.3563  1.23634e-14
       4345.1050  1.23929e-14
       4345.8538  1.24626e-14
       4346.6025  1.24451e-14
       4347.3513  1.24577e-14
       4348.1000  1.19466e-14
       4348.8487  1.18865e-14
       4349.5975  1.20572e-14
       4350.3462  1.23918e-14
       4351.0950  1.23261e-14
       4351.8437  1.23739e-14
       4352.5925  1.18828e-14
       4353.3412  1.19938e-14
       4354.0900  1.19710e-14
       4354.8387  1.21463e-14
       4355.5875  1.18408e-14
       4356.3362  1.21209e-14
       4357.0850  1.22245e-14
       4357.8337  1.17806e-14
       4358.5824  1.20583e-14
       4359.3312  1.21700e-14
       4360.0799  1.17753e-14
       4360.8287  1.17379e-14
       4361.5774  1.17057e-14
       4362.3262  1.17640e-14
       4363.0749  1.19040e-14
       4363.8237  1.12279e-14
       4364.5724  1.15567e-14
       4365.3212  1.21115e-14
       4366.0699  1.20173e-14
       4366.8187  1.13605e-14
       4367.5674  1.18386e-14
       4368.3162  1.12612e-14
       4369.0649  1.13830e-14
       4369.8136  1.15389e-14
       4370.5624  1.13924e-14
       4371.3111  1.13852e-14
       4372.0599  1.15517e-14
       4372.8086  1.16748e-14
       4373.5574  1.14927e-14
       4374.3061  1.15459e-14
       4375.0549  1.10990e-14
       4375.8036  1.11186e-14
       4376.5524  1.13430e-14
       4377.3011  1.14232e-14
       4378.0499  1.12820e-14
       4378.7986  1.11070e-14
       4379.5473  1.15188e-14
       4380.2961  1.14722e-14
       4381.0448  1.13887e-14
       4381.7936  1.11736e-14
       4382.5423  1.11200e-14
       4383.2911  1.09849e-14
       4384.0398  1.09211e-14
       4384.7886  1.12681e-14
       4385.5373  1.09233e-14
       4386.2861  1.14208e-14
       4387.0348  1.12849e-14
       4387.7836  1.14894e-14
       4388.5323  1.15887e-14
       4389.2811  1.14261e-14
       4390.0298  1.15114e-14
       4390.7785  1.13531e-14
       4391.5273  1.14574e-14
       4392.2760  1.13812e-14
       4393.0248  1.13938e-14
       4393.7735  1.16202e-14
       4394.5223  1.16303e-14
       4395.2710  1.14774e-14
       4396.0198  1.16372e-14
       4396.7685  1.19519e-14
       4397.5173  1.17493e-14
       4398.2660  1.19673e-14
       4399.0148  1.20653e-14
       4399.7635  1.21935e-14
       4400.5122  1.19851e-14
       4401.2610  1.20921e-14
       4402.0097  1.24642e-14
       4402.7585  1.21946e-14
       4403.5072  1.22983e-14
       4404.2560  1.23719e-14
       4405.0047  1.26356e-14
       4405.7535  1.25188e-14
       4406.5022  1.20816e-14
       4407.2510  1.27110e-14
       4407.9997  1.26945e-14
       4408.7485  1.29891e-14
       4409.4972  1.29299e-14
       4410.2459  1.30719e-14
       4410.9947  1.34483e-14
       4411.7434  1.34818e-14
       4412.4922  1.33243e-14
       4413.2409  1.35562e-14
       4413.9897  1.31090e-14
       4414.7384  1.34111e-14
       4415.4872  1.36074e-14
       4416.2359  1.38675e-14
       4416.9847  1.37372e-14
       4417.7334  1.42285e-14
       4418.4822  1.42989e-14
       4419.2309  1.42217e-14
       4419.9797  1.45393e-14
       4420.7284  1.47236e-14
       4421.4771  1.45504e-14
       4422.2259  1.46995e-14
       4422.9746  1.48279e-14
       4423.7234  1.44666e-14
       4424.4721  1.48594e-14
       4425.2209  1.48361e-14
       4425.9696  1.49966e-14
       4426.7184  1.53257e-14
       4427.4671  1.52567e-14
       4428.2159  1.53404e-14
       4428.9646  1.54549e-14
       4429.7134  1.52162e-14
       4430.4621  1.54285e-14
       4431.2108  1.62438e-14
       4431.9596  1.61603e-14
       4432.7083  1.61376e-14
       4433.4571  1.62092e-14
       4434.2058  1.61942e-14
       4434.9546  1.64110e-14
       4435.7033  1.64669e-14
       4436.4521  1.60854e-14
       4437.2008  1.60698e-14
       4437.9496  1.63244e-14
       4438.6983  1.65194e-14
       4439.4471  1.62287e-14
       4440.1958  1.59785e-14
       4440.9445  1.67011e-14
       4441.6933  1.71916e-14
       4442.4420  1.68381e-14
       4443.1908  1.69427e-14
       4443.9395  1.71057e-14
       4444.6883  1.75210e-14
       4445.4370  1.77283e-14
       4446.1858  1.74475e-14
       4446.9345  1.75069e-14
       4447.6833  1.75968e-14
       4448.4320  1.76759e-14
       4449.1808  1.79874e-14
       4449.9295  1.78283e-14
       4450.6783  1.79559e-14
       4451.4270  1.80756e-14
       4452.1757  1.82526e-14
       4452.9245  1.86773e-14
       4453.6732  1.84747e-14
       4454.4220  1.85244e-14
       4455.1707  1.87617e-14
       4455.9195  1.86066e-14
       4456.6682  1.85898e-14
       4457.4170  1.88115e-14
       4458.1657  1.90658e-14
       4458.9145  1.92713e-14
       4459.6632  1.96518e-14
       4460.4120  1.91747e-14
       4461.1607  1.87456e-14
       4461.9094  1.89818e-14
       4462.6582  1.91867e-14
       4463.4069  1.94991e-14
       4464.1557  1.95968e-14
       4464.9044  1.95277e-14
       4465.6532  1.94834e-14
       4466.4019  1.98563e-14
       4467.1507  1.97075e-14
       4467.8994  1.96736e-14
       4468.6482  1.96429e-14
       4469.3969  1.95314e-14
       4470.1457  1.98745e-14
       4470.8944  1.99252e-14
       4471.6431  1.98042e-14
       4472.3919  1.98046e-14
       4473.1406  2.03203e-14
       4473.8894  2.06111e-14
       4474.6381  2.01437e-14
       4475.3869  1.99358e-14
       4476.1356  2.02766e-14
       4476.8844  2.01565e-14
       4477.6331  2.04749e-14
       4478.3819  2.02003e-14
       4479.1306  1.99296e-14
       4479.8794  2.04113e-14
       4480.6281  2.06854e-14
       4481.3769  2.10002e-14
       4482.1256  2.09983e-14
       4482.8743  2.08762e-14
       4483.6231  2.09832e-14
       4484.3718  2.07190e-14
       4485.1206  2.11085e-14
       4485.8693  2.14591e-14
       4486.6181  2.14550e-14
       4487.3668  2.18489e-14
       4488.1156  2.17394e-14
       4488.8643  2.15894e-14
       4489.6131  2.17403e-14
       4490.3618  2.20721e-14
       4491.1106  2.21483e-14
       4491.8593  2.22326e-14
       4492.6080  2.23501e-14
       4493.3568  2.21318e-14
       4494.1055  2.17808e-14
       4494.8543  2.21422e-14
       4495.6030  2.30863e-14
       4496.3518  2.35339e-14
       4497.1005  2.33839e-14
       4497.8493  2.36329e-14
       4498.5980  2.36187e-14
       4499.3468  2.31971e-14
       4500.0955  2.34354e-14
       4500.8443  2.35477e-14
       4501.5930  2.35668e-14
       4502.3417  2.35114e-14
       4503.0905  2.36083e-14
       4503.8392  2.43281e-14
       4504.5880  2.42245e-14
       4505.3367  2.39787e-14
       4506.0855  2.41967e-14
       4506.8342  2.41113e-14
       4507.5830  2.39083e-14
       4508.3317  2.40938e-14
       4509.0805  2.45589e-14
       4509.8292  2.40879e-14
       4510.5780  2.39106e-14
       4511.3267  2.39788e-14
       4512.0755  2.41393e-14
       4512.8242  2.39404e-14
       4513.5729  2.34453e-14
       4514.3217  2.37243e-14
       4515.0704  2.41606e-14
       4515.8192  2.39058e-14
       4516.5679  2.40307e-14
       4517.3167  2.44375e-14
       4518.0654  2.41825e-14
       4518.8142  2.42214e-14
       4519.5629  2.41723e-14
       4520.3117  2.35825e-14
       4521.0604  2.40100e-14
       4521.8092  2.42495e-14
       4522.5579  2.42046e-14
       4523.3066  2.44869e-14
       4524.0554  2.44658e-14
       4524.8041  2.42096e-14
       4525.5529  2.47830e-14
       4526.3016  2.45855e-14
       4527.0504  2.46816e-14
       4527.7991  2.48380e-14
       4528.5479  2.46673e-14
       4529.2966  2.47426e-14
       4530.0454  2.48552e-14
       4530.7941  2.46198e-14
       4531.5429  2.52294e-14
       4532.2916  2.54942e-14
       4533.0404  2.50870e-14
       4533.7891  2.48799e-14
       4534.5378  2.51378e-14
       4535.2866  2.54777e-14
       4536.0353  2.55542e-14
       4536.7841  2.52538e-14
       4537.5328  2.53961e-14
       4538.2816  2.53693e-14
       4539.0303  2.57984e-14
       4539.7791  2.62735e-14
       4540.5278  2.62997e-14
       4541.2766  2.62559e-14
       4542.0253  2.60190e-14
       4542.7741  2.62356e-14
       4543.5228  2.63316e-14
       4544.2715  2.63589e-14
       4545.0203  2.65352e-14
       4545.7690  2.67423e-14
       4546.5178  2.68889e-14
       4547.2665  2.67357e-14
       4548.0153  2.65500e-14
       4548.7640  2.64947e-14
       4549.5128  2.70534e-14
       4550.2615  2.70129e-14
       4551.0103  2.70380e-14
       4551.7590  2.69604e-14
       4552.5078  2.69773e-14
       4553.2565  2.75594e-14
       4554.0052  2.81773e-14
       4554.7540  2.77474e-14
       4555.5027  2.75958e-14
       4556.2515  2.77135e-14
       4557.0002  2.85550e-14
       4557.7490  2.83661e-14
       4558.4977  2.86143e-14
       4559.2465  2.87222e-14
       4559.9952  2.84858e-14
       4560.7440  2.84205e-14
       4561.4927  2.80947e-14
       4562.2415  2.82043e-14
       4562.9902  2.80640e-14
       4563.7390  2.82617e-14
       4564.4877  2.81663e-14
       4565.2364  2.78441e-14
       4565.9852  2.82930e-14
       4566.7339  2.85572e-14
       4567.4827  2.86251e-14
       4568.2314  2.86552e-14
       4568.9802  2.81778e-14
       4569.7289  2.82129e-14
       4570.4777  2.83562e-14
       4571.2264  2.79894e-14
       4571.9752  2.75741e-14
       4572.7239  2.78646e-14
       4573.4727  2.77977e-14
       4574.2214  2.71019e-14
       4574.9701  2.72748e-14
       4575.7189  2.74676e-14
       4576.4676  2.70816e-14
       4577.2164  2.71232e-14
       4577.9651  2.67552e-14
       4578.7139  2.68520e-14
       4579.4626  2.68445e-14
       4580.2114  2.68556e-14
       4580.9601  2.66923e-14
       4581.7089  2.63224e-14
       4582.4576  2.61013e-14
       4583.2064  2.63309e-14
       4583.9551  2.64672e-14
       4584.7038  2.62100e-14
       4585.4526  2.64440e-14
       4586.2013  2.60308e-14
       4586.9501  2.56822e-14
       4587.6988  2.60002e-14
       4588.4476  2.55951e-14
       4589.1963  2.54425e-14
       4589.9451  2.57343e-14
       4590.6938  2.52822e-14
       4591.4426  2.50153e-14
       4592.1913  2.51338e-14
       4592.9401  2.52120e-14
       4593.6888  2.49680e-14
       4594.4376  2.48870e-14
       4595.1863  2.49808e-14
       4595.9350  2.52993e-14
       4596.6838  2.51504e-14
       4597.4325  2.46048e-14
       4598.1813  2.49203e-14
       4598.9300  2.51112e-14
       4599.6788  2.50535e-14
       4600.4275  2.45522e-14
       4601.1763  2.45252e-14
       4601.9250  2.48557e-14
       4602.6738  2.49203e-14
       4603.4225  2.42074e-14
       4604.1713  2.42621e-14
       4604.9200  2.48443e-14
       4605.6687  2.47450e-14
       4606.4175  2.44041e-14
       4607.1662  2.42195e-14
       4607.9150  2.44039e-14
       4608.6637  2.45452e-14
       4609.4125  2.49263e-14
       4610.1612  2.46783e-14
       4610.9100  2.41427e-14
       4611.6587  2.40839e-14
       4612.4075  2.41982e-14
       4613.1562  2.40966e-14
       4613.9050  2.38500e-14
       4614.6537  2.37318e-14
       4615.4024  2.36975e-14
       4616.1512  2.38666e-14
       4616.8999  2.37745e-14
       4617.6487  2.37044e-14
       4618.3974  2.42891e-14
       4619.1462  2.41017e-14
       4619.8949  2.40067e-14
       4620.6437  2.36960e-14
       4621.3924  2.36375e-14
       4622.1412  2.35257e-14
       4622.8899  2.35649e-14
       4623.6387  2.39384e-14
       4624.3874  2.39962e-14
       4625.1362  2.38593e-14
       4625.8849  2.36510e-14
       4626.6336  2.41627e-14
       4627.3824  2.39111e-14
       4628.1311  2.33683e-14
       4628.8799  2.35901e-14
       4629.6286  2.37983e-14
       4630.3774  2.40056e-14
       4631.1261  2.39416e-14
       4631.8749  2.39540e-14
       4632.6236  2.38721e-14
       4633.3724  2.37180e-14
       4634.1211  2.34977e-14
       4634.8699  2.33147e-14
       4635.6186  2.35537e-14
       4636.3673  2.36626e-14
       4637.1161  2.34669e-14
       4637.8648  2.36079e-14
       4638.6136  2.35821e-14
       4639.3623  2.35578e-14
       4640.1111  2.35319e-14
       4640.8598  2.35760e-14
       4641.6086  2.38891e-14
       4642.3573  2.39706e-14
       4643.1061  2.38199e-14
       4643.8548  2.38942e-14
       4644.6036  2.37485e-14
       4645.3523  2.35713e-14
       4646.1011  2.39755e-14
       4646.8498  2.40940e-14
       4647.5985  2.40179e-14
       4648.3473  2.41863e-14
       4649.0960  2.40144e-14
       4649.8448  2.38212e-14
       4650.5935  2.40233e-14
       4651.3423  2.40316e-14
       4652.0910  2.36631e-14
       4652.8398  2.34585e-14
       4653.5885  2.37371e-14
       4654.3373  2.40034e-14
       4655.0860  2.36245e-14
       4655.8348  2.36668e-14
       4656.5835  2.38342e-14
       4657.3322  2.32972e-14
       4658.0810  2.31198e-14
       4658.8297  2.35522e-14
       4659.5785  2.35406e-14
       4660.3272  2.30356e-14
       4661.0760  2.27988e-14
       4661.8247  2.27420e-14
       4662.5735  2.25606e-14
       4663.3222  2.25135e-14
       4664.0710  2.25762e-14
       4664.8197  2.22951e-14
       4665.5685  2.23685e-14
       4666.3172  2.26502e-14
       4667.0659  2.24700e-14
       4667.8147  2.19165e-14
       4668.5634  2.16520e-14
       4669.3122  2.21143e-14
       4670.0609  2.18183e-14
       4670.8097  2.14180e-14
       4671.5584  2.15441e-14
       4672.3072  2.08287e-14
       4673.0559  2.05127e-14
       4673.8047  2.08829e-14
       4674.5534  2.10286e-14
       4675.3022  2.08015e-14
       4676.0509  2.08779e-14
       4676.7997  2.07776e-14
       4677.5484  2.05140e-14
       4678.2971  2.03615e-14
       4679.0459  2.02691e-14
       4679.7946  2.04997e-14
       4680.5434  2.03576e-14
       4681.2921  1.99840e-14
       4682.0409  1.98019e-14
       4682.7896  2.00242e-14
       4683.5384  2.00533e-14
       4684.2871  1.97056e-14
       4685.0359  1.93733e-14
       4685.7846  1.97078e-14
       4686.5334  1.95191e-14
       4687.2821  1.91950e-14
       4688.0308  1.90160e-14
       4688.7796  1.90160e-14
       4689.5283  1.92868e-14
       4690.2771  1.92748e-14
       4691.0258  1.91521e-14
       4691.7746  1.87666e-14
       4692.5233  1.89252e-14
       4693.2721  1.91475e-14
       4694.0208  1.92432e-14
       4694.7696  1.91130e-14
       4695.5183  1.90274e-14
       4696.2671  1.87290e-14
       4697.0158  1.89336e-14
       4697.7645  1.90571e-14
       4698.5133  1.85636e-14
       4699.2620  1.88972e-14
       4700.0108  1.89071e-14
       4700.7595  1.87895e-14
       4701.5083  1.86842e-14
       4702.2570  1.85312e-14
       4703.0058  1.82910e-14
       4703.7545  1.87938e-14
       4704.5033  1.88338e-14
       4705.2520  1.85555e-14
       4706.0008  1.84457e-14
       4706.7495  1.88697e-14
       4707.4983  1.88400e-14
       4708.2470  1.85471e-14
       4708.9957  1.82829e-14
       4709.7445  1.82880e-14
       4710.4932  1.89031e-14
       4711.2420  1.88036e-14
       4711.9907  1.85614e-14
       4712.7395  1.88588e-14
       4713.4882  1.88106e-14
       4714.2370  1.88120e-14
       4714.9857  1.84851e-14
       4715.7345  1.83009e-14
       4716.4832  1.87189e-14
       4717.2320  1.82999e-14
       4717.9807  1.80731e-14
       4718.7294  1.88870e-14
       4719.4782  1.89911e-14
       4720.2269  1.85621e-14
       4720.9757  1.84357e-14
       4721.7244  1.85806e-14
       4722.4732  1.87743e-14
       4723.2219  1.88418e-14
       4723.9707  1.88345e-14
       4724.7194  1.84483e-14
       4725.4682  1.86821e-14
       4726.2169  1.88044e-14
       4726.9657  1.87971e-14
       4727.7144  1.89164e-14
       4728.4631  1.90096e-14
       4729.2119  1.90646e-14
       4729.9606  1.93240e-14
       4730.7094  1.88117e-14
       4731.4581  1.89968e-14
       4732.2069  1.92182e-14
       4732.9556  1.91547e-14
       4733.7044  1.93875e-14
       4734.4531  1.93657e-14
       4735.2019  1.91810e-14
       4735.9506  1.94401e-14
       4736.6994  1.92189e-14
       4737.4481  1.95516e-14
       4738.1969  1.97419e-14
       4738.9456  1.95023e-14
       4739.6943  1.95049e-14
       4740.4431  1.96218e-14
       4741.1918  1.98856e-14
       4741.9406  1.94522e-14
       4742.6893  1.95113e-14
       4743.4381  1.95119e-14
       4744.1868  1.93320e-14
       4744.9356  1.92879e-14
       4745.6843  1.93926e-14
       4746.4331  1.95269e-14
       4747.1818  1.93700e-14
       4747.9306  1.92930e-14
       4748.6793  1.95095e-14
       4749.4280  1.93875e-14
       4750.1768  1.94064e-14
       4750.9255  1.92763e-14
       4751.6743  1.91106e-14
       4752.4230  1.93470e-14
       4753.1718  1.90908e-14
       4753.9205  1.92394e-14
       4754.6693  1.91713e-14
       4755.4180  1.93022e-14
       4756.1668  1.92661e-14
       4756.9155  1.93602e-14
       4757.6643  1.91118e-14
       4758.4130  1.91818e-14
       4759.1617  1.91543e-14
       4759.9105  1.91467e-14
       4760.6592  1.88147e-14
       4761.4080  1.86980e-14
       4762.1567  1.91832e-14
       4762.9055  1.86500e-14
       4763.6542  1.85604e-14
       4764.4030  1.86111e-14
       4765.1517  1.88560e-14
       4765.9005  1.85499e-14
       4766.6492  1.85490e-14
       4767.3980  1.86192e-14
       4768.1467  1.82345e-14
       4768.8955  1.82270e-14
       4769.6442  1.83585e-14
       4770.3929  1.82755e-14
       4771.1417  1.85651e-14
       4771.8904  1.83044e-14
       4772.6392  1.84173e-14
       4773.3879  1.86944e-14
       4774.1367  1.84726e-14
       4774.8854  1.83257e-14
       4775.6342  1.85297e-14
       4776.3829  1.80772e-14
       4777.1317  1.84574e-14
       4777.8804  1.84959e-14
       4778.6292  1.83841e-14
       4779.3779  1.78463e-14
       4780.1266  1.79001e-14
       4780.8754  1.83749e-14
       4781.6241  1.86997e-14
       4782.3729  1.86683e-14
       4783.1216  1.87156e-14
       4783.8704  1.90366e-14
       4784.6191  1.87291e-14
       4785.3679  1.82064e-14
       4786.1166  1.85689e-14
       4786.8654  1.87240e-14
       4787.6141  1.86808e-14
       4788.3629  1.87387e-14
       4789.1116  1.88954e-14
       4789.8604  1.87963e-14
       4790.6091  1.86190e-14
       4791.3578  1.85918e-14
       4792.1066  1.86765e-14
       4792.8553  1.88397e-14
       4793.6041  1.90566e-14
       4794.3528  1.89379e-14
       4795.1016  1.88310e-14
       4795.8503  1.88475e-14
       4796.5991  1.88250e-14
       4797.3478  1.86874e-14
       4798.0966  1.87837e-14
       4798.8453  1.89461e-14
       4799.5941  1.90307e-14
       4800.3428  1.90991e-14
       4801.0915  1.91424e-14
       4801.8403  1.91934e-14
       4802.5890  1.91572e-14
       4803.3378  1.89849e-14
       4804.0865  1.90945e-14
       4804.8353  1.88846e-14
       4805.5840  1.89701e-14
       4806.3328  1.88223e-14
       4807.0815  1.89317e-14
       4807.8303  1.90054e-14
       4808.5790  1.91344e-14
       4809.3278  1.90746e-14
       4810.0765  1.92356e-14
       4810.8252  1.91490e-14
       4811.5740  1.91316e-14
       4812.3227  1.91812e-14
       4813.0715  1.92283e-14
       4813.8202  1.92680e-14
       4814.5690  1.92190e-14
       4815.3177  1.92906e-14
       4816.0665  1.93154e-14
       4816.8152  1.93875e-14
       4817.5640  1.94795e-14
       4818.3127  1.94561e-14
       4819.0615  1.93231e-14
       4819.8102  1.90809e-14
       4820.5590  1.91454e-14
       4821.3077  1.92905e-14
       4822.0564  1.94787e-14
       4822.8052  1.97901e-14
       4823.5539  1.97062e-14
       4824.3027  1.95433e-14
       4825.0514  1.93481e-14
       4825.8002  1.91286e-14
       4826.5489  1.91571e-14
       4827.2977  1.91438e-14
       4828.0464  1.93543e-14
       4828.7952  1.93955e-14
       4829.5439  1.91418e-14
       4830.2927  1.93088e-14
       4831.0414  1.95457e-14
       4831.7901  1.93651e-14
       4832.5389  1.90832e-14
       4833.2876  1.93074e-14
       4834.0364  1.92360e-14
       4834.7851  1.90931e-14
       4835.5339  1.92239e-14
       4836.2826  1.89893e-14
       4837.0314  1.90885e-14
       4837.7801  1.91676e-14
       4838.5289  1.87368e-14
       4839.2776  1.85141e-14
       4840.0264  1.85546e-14
       4840.7751  1.82903e-14
       4841.5238  1.85541e-14
       4842.2726  1.85465e-14
       4843.0213  1.87395e-14
       4843.7701  1.86888e-14
       4844.5188  1.83968e-14
       4845.2676  1.82607e-14
       4846.0163  1.82321e-14
       4846.7651  1.78719e-14
       4847.5138  1.76494e-14
       4848.2626  1.78305e-14
       4849.0113  1.75912e-14
       4849.7601  1.72369e-14
       4850.5088  1.75041e-14
       4851.2576  1.76515e-14
       4852.0063  1.69935e-14
       4852.7550  1.70183e-14
       4853.5038  1.68303e-14
       4854.2525  1.67169e-14
       4855.0013  1.65085e-14
       4855.7500  1.64239e-14
       4856.4988  1.66760e-14
       4857.2475  1.64335e-14
       4857.9963  1.59559e-14
       4858.7450  1.56901e-14
       4859.4938  1.53412e-14
       4860.2425  1.57633e-14
       4860.9913  1.54511e-14
       4861.7400  1.51924e-14
       4862.4887  1.51126e-14
       4863.2375  1.48379e-14
       4863.9862  1.49153e-14
       4864.7350  1.47800e-14
       4865.4837  1.46899e-14
       4866.2325  1.44973e-14
       4866.9812  1.43383e-14
       4867.7300  1.46496e-14
       4868.4787  1.45393e-14
       4869.2275  1.45229e-14
       4869.9762  1.41018e-14
       4870.7250  1.42081e-14
       4871.4737  1.39013e-14
       4872.2224  1.36414e-14
       4872.9712  1.37966e-14
       4873.7199  1.38743e-14
       4874.4687  1.38103e-14
       4875.2174  1.36839e-14
       4875.9662  1.35850e-14
       4876.7149  1.35564e-14
       4877.4637  1.34614e-14
       4878.2124  1.33777e-14
       4878.9612  1.35583e-14
       4879.7099  1.35821e-14
       4880.4587  1.34208e-14
       4881.2074  1.31166e-14
       4881.9562  1.34205e-14
       4882.7049  1.28184e-14
       4883.4536  1.31634e-14
       4884.2024  1.31011e-14
       4884.9511  1.31834e-14
       4885.6999  1.31141e-14
       4886.4486  1.31090e-14
       4887.1974  1.33289e-14
       4887.9461  1.32372e-14
       4888.6949  1.31897e-14
       4889.4436  1.29747e-14
       4890.1924  1.31993e-14
       4890.9411  1.31538e-14
       4891.6899  1.35418e-14
       4892.4386  1.33060e-14
       4893.1873  1.35218e-14
       4893.9361  1.34835e-14
       4894.6848  1.34323e-14
       4895.4336  1.35810e-14
       4896.1823  1.33956e-14
       4896.9311  1.34745e-14
       4897.6798  1.35638e-14
       4898.4286  1.36909e-14
       4899.1773  1.35646e-14
       4899.9261  1.36459e-14
       4900.6748  1.40609e-14
       4901.4236  1.40447e-14
       4902.1723  1.38398e-14
       4902.9211  1.38926e-14
       4903.6698  1.40830e-14
       4904.4185  1.42275e-14
       4905.1673  1.43417e-14
       4905.9160  1.42790e-14
       4906.6648  1.44336e-14
       4907.4135  1.45562e-14
       4908.1623  1.47671e-14
       4908.9110  1.46464e-14
       4909.6598  1.47807e-14
       4910.4085  1.48791e-14
       4911.1573  1.47594e-14
       4911.9060  1.49832e-14
       4912.6548  1.50989e-14
       4913.4035  1.49366e-14
       4914.1522  1.47751e-14
       4914.9010  1.50294e-14
       4915.6497  1.50330e-14
       4916.3985  1.50230e-14
       4917.1472  1.54590e-14
       4917.8960  1.55447e-14
       4918.6447  1.53116e-14
       4919.3935  1.53489e-14
       4920.1422  1.57200e-14
       4920.8910  1.58770e-14
       4921.6397  1.56415e-14
       4922.3885  1.55072e-14
       4923.1372  1.57060e-14
       4923.8859  1.57400e-14
       4924.6347  1.59105e-14
       4925.3834  1.62319e-14
       4926.1322  1.62169e-14
       4926.8809  1.60897e-14
       4927.6297  1.60311e-14
       4928.3784  1.61142e-14
       4929.1272  1.61792e-14
       4929.8759  1.64060e-14
       4930.6247  1.63536e-14
       4931.3734  1.63017e-14
       4932.1222  1.63785e-14
       4932.8709  1.65071e-14
       4933.6197  1.66874e-14
       4934.3684  1.64308e-14
       4935.1171  1.64486e-14
       4935.8659  1.65642e-14
       4936.6146  1.65791e-14
       4937.3634  1.65592e-14
       4938.1121  1.66986e-14
       4938.8609  1.66701e-14
       4939.6096  1.67680e-14
       4940.3584  1.69329e-14
       4941.1071  1.66939e-14
       4941.8559  1.68197e-14
       4942.6046  1.69234e-14
       4943.3534  1.68484e-14
       4944.1021  1.71205e-14
       4944.8508  1.67987e-14
       4945.5996  1.67818e-14
       4946.3483  1.68835e-14
       4947.0971  1.66611e-14
       4947.8458  1.70676e-14
       4948.5946  1.72466e-14
       4949.3433  1.72035e-14
       4950.0921  1.68881e-14
       4950.8408  1.72261e-14
       4951.5896  1.70479e-14
       4952.3383  1.70030e-14
       4953.0871  1.69066e-14
       4953.8358  1.69436e-14
       4954.5845  1.70150e-14
       4955.3333  1.71196e-14
       4956.0820  1.67389e-14
       4956.8308  1.69512e-14
       4957.5795  1.68855e-14
       4958.3283  1.65326e-14
       4959.0770  1.67344e-14
       4959.8258  1.67389e-14
       4960.5745  1.68755e-14
       4961.3233  1.67946e-14
       4962.0720  1.70058e-14
       4962.8208  1.66932e-14
       4963.5695  1.66021e-14
       4964.3183  1.68241e-14
       4965.0670  1.65835e-14
       4965.8157  1.66400e-14
       4966.5645  1.61700e-14
       4967.3132  1.62286e-14
       4968.0620  1.60961e-14
       4968.8107  1.60954e-14
       4969.5595  1.58977e-14
       4970.3082  1.59464e-14
       4971.0570  1.56401e-14
       4971.8057  1.59952e-14
       4972.5545  1.57397e-14
       4973.3032  1.55019e-14
       4974.0520  1.57668e-14
       4974.8007  1.58851e-14
       4975.5494  1.55515e-14
       4976.2982  1.54224e-14
       4977.0469  1.51288e-14
       4977.7957  1.47696e-14
       4978.5444  1.48413e-14
       4979.2932  1.50929e-14
       4980.0419  1.49837e-14
       4980.7907  1.47174e-14
       4981.5394  1.47713e-14
       4982.2882  1.48369e-14
       4983.0369  1.45197e-14
       4983.7857  1.46018e-14
       4984.5344  1.46143e-14
       4985.2831  1.44090e-14
       4986.0319  1.44508e-14
       4986.7806  1.42859e-14
       4987.5294  1.42321e-14
       4988.2781  1.43857e-14
       4989.0269  1.42263e-14
       4989.7756  1.42412e-14
       4990.5244  1.41889e-14
       4991.2731  1.39532e-14
       4992.0219  1.38980e-14
       4992.7706  1.41661e-14
       4993.5194  1.40548e-14
       4994.2681  1.38484e-14
       4995.0169  1.38492e-14
       4995.7656  1.37848e-14
       4996.5143  1.38579e-14
       4997.2631  1.39439e-14
       4998.0118  1.39583e-14
       4998.7606  1.39826e-14
       4999.5093  1.39695e-14
       5000.2581  1.37022e-14
       5001.0068  1.34148e-14
       5001.7556  1.36342e-14
       5002.5043  1.35198e-14
       5003.2531  1.34088e-14
       5004.0018  1.37295e-14
       5004.7506  1.36901e-14
       5005.4993  1.35160e-14
       5006.2480  1.35157e-14
       5006.9968  1.37838e-14
       5007.7455  1.35308e-14
       5008.4943  1.36480e-14
       5009.2430  1.35560e-14
       5009.9918  1.34639e-14
       5010.7405  1.37925e-14
       5011.4893  1.38429e-14
       5012.2380  1.40225e-14
       5012.9868  1.37600e-14
       5013.7355  1.36872e-14
       5014.4843  1.38144e-14
       5015.2330  1.37131e-14
       5015.9818  1.37987e-14
       5016.7305  1.37542e-14
       5017.4792  1.39672e-14
       5018.2280  1.37387e-14
       5018.9767  1.36498e-14
       5019.7255  1.35234e-14
       5020.4742  1.37296e-14
       5021.2230  1.39706e-14
       5021.9717  1.37720e-14
       5022.7205  1.37192e-14
       5023.4692  1.36840e-14
       5024.2180  1.37312e-14
       5024.9667  1.37647e-14
       5025.7155  1.39026e-14
       5026.4642  1.38317e-14
       5027.2129  1.38293e-14
       5027.9617  1.41209e-14
       5028.7104  1.40651e-14
       5029.4592  1.39733e-14
       5030.2079  1.39753e-14
       5030.9567  1.42231e-14
       5031.7054  1.39881e-14
       5032.4542  1.39132e-14
       5033.2029  1.39565e-14
       5033.9517  1.38902e-14
       5034.7004  1.41642e-14
       5035.4492  1.42307e-14
       5036.1979  1.44500e-14
       5036.9466  1.41627e-14
       5037.6954  1.42676e-14
       5038.4441  1.44278e-14
       5039.1929  1.42605e-14
       5039.9416  1.46230e-14
       5040.6904  1.44023e-14
       5041.4391  1.43750e-14
       5042.1879  1.48730e-14
       5042.9366  1.45691e-14
       5043.6854  1.46775e-14
       5044.4341  1.49483e-14
       5045.1829  1.47626e-14
       5045.9316  1.48302e-14
       5046.6804  1.47386e-14
       5047.4291  1.49393e-14
       5048.1778  1.48116e-14
       5048.9266  1.49806e-14
       5049.6753  1.56483e-14
       5050.4241  1.53625e-14
       5051.1728  1.51045e-14
       5051.9216  1.54810e-14
       5052.6703  1.54462e-14
       5053.4191  1.53797e-14
       5054.1678  1.51536e-14
       5054.9166  1.51969e-14
       5055.6653  1.54257e-14
       5056.4141  1.51706e-14
       5057.1628  1.53789e-14
       5057.9115  1.57032e-14
       5058.6603  1.55957e-14
       5059.4090  1.54217e-14
       5060.1578  1.54548e-14
       5060.9065  1.54136e-14
       5061.6553  1.55978e-14
       5062.4040  1.60272e-14
       5063.1528  1.55825e-14
       5063.9015  1.55173e-14
       5064.6503  1.58425e-14
       5065.3990  1.56745e-14
       5066.1478  1.53657e-14
       5066.8965  1.53812e-14
       5067.6452  1.57349e-14
       5068.3940  1.57041e-14
       5069.1427  1.57316e-14
       5069.8915  1.56142e-14
       5070.6402  1.55543e-14
       5071.3890  1.55449e-14
       5072.1377  1.57445e-14
       5072.8865  1.58748e-14
       5073.6352  1.57903e-14
       5074.3840  1.59956e-14
       5075.1327  1.58104e-14
       5075.8815  1.60381e-14
       5076.6302  1.63011e-14
       5077.3790  1.62040e-14
       5078.1277  1.62360e-14
       5078.8764  1.61927e-14
       5079.6252  1.62342e-14
       5080.3739  1.62758e-14
       5081.1227  1.63216e-14
       5081.8714  1.64555e-14
       5082.6202  1.62647e-14
       5083.3689  1.67082e-14
       5084.1177  1.67832e-14
       5084.8664  1.66005e-14
       5085.6152  1.64756e-14
       5086.3639  1.66448e-14
       5087.1127  1.67923e-14
       5087.8614  1.65579e-14
       5088.6101  1.67048e-14
       5089.3589  1.67505e-14
       5090.1076  1.70261e-14
       5090.8564  1.65851e-14
       5091.6051  1.70290e-14
       5092.3539  1.68627e-14
       5093.1026  1.67763e-14
       5093.8514  1.70688e-14
       5094.6001  1.68293e-14
       5095.3489  1.66724e-14
       5096.0976  1.70299e-14
       5096.8464  1.71275e-14
       5097.5951  1.74929e-14
       5098.3438  1.71594e-14
       5099.0926  1.70293e-14
       5099.8413  1.71466e-14
       5100.5901  1.72343e-14
       5101.3388  1.71763e-14
       5102.0876  1.71777e-14
       5102.8363  1.70683e-14
       5103.5851  1.72318e-14
       5104.3338  1.70199e-14
       5105.0826  1.72342e-14
       5105.8313  1.71439e-14
       5106.5801  1.72640e-14
       5107.3288  1.76133e-14
       5108.0776  1.74436e-14
       5108.8263  1.73900e-14
       5109.5750  1.76345e-14
       5110.3238  1.72658e-14
       5111.0725  1.69948e-14
       5111.8213  1.72899e-14
       5112.5700  1.73012e-14
       5113.3188  1.72893e-14
       5114.0675  1.72582e-14
       5114.8163  1.73817e-14
       5115.5650  1.75384e-14
       5116.3138  1.74070e-14
       5117.0625  1.72523e-14
       5117.8113  1.73019e-14
       5118.5600  1.74933e-14
       5119.3087  1.75423e-14
       5120.0575  1.74855e-14
       5120.8062  1.74263e-14
       5121.5550  1.73325e-14
       5122.3037  1.73759e-14
       5123.0525  1.77837e-14
       5123.8012  1.79745e-14
       5124.5500  1.77010e-14
       5125.2987  1.76663e-14
       5126.0475  1.77370e-14
       5126.7962  1.76352e-14
       5127.5450  1.75034e-14
       5128.2937  1.75595e-14
       5129.0424  1.74258e-14
       5129.7912  1.72312e-14
       5130.5399  1.75271e-14
       5131.2887  1.76850e-14
       5132.0374  1.75797e-14
       5132.7862  1.76221e-14
       5133.5349  1.79483e-14
       5134.2837  1.79708e-14
       5135.0324  1.75575e-14
       5135.7812  1.74192e-14
       5136.5299  1.79480e-14
       5137.2787  1.78581e-14
       5138.0274  1.77858e-14
       5138.7762  1.76806e-14
       5139.5249  1.77246e-14
       5140.2736  1.78898e-14
       5141.0224  1.79757e-14
       5141.7711  1.79901e-14
       5142.5199  1.78094e-14
       5143.2686  1.83193e-14
       5144.0174  1.80684e-14
       5144.7661  1.80474e-14
       5145.5149  1.82580e-14
       5146.2636  1.79209e-14
       5147.0124  1.78626e-14
       5147.7611  1.77429e-14
       5148.5099  1.78649e-14
       5149.2586  1.78080e-14
       5150.0073  1.80986e-14
       5150.7561  1.81822e-14
       5151.5048  1.78252e-14
       5152.2536  1.77928e-14
       5153.0023  1.78786e-14
       5153.7511  1.80021e-14
       5154.4998  1.82278e-14
       5155.2486  1.81268e-14
       5155.9973  1.77287e-14
       5156.7461  1.77697e-14
       5157.4948  1.81373e-14
       5158.2436  1.84374e-14
       5158.9923  1.83389e-14
       5159.7411  1.79955e-14
       5160.4898  1.80423e-14
       5161.2385  1.80816e-14
       5161.9873  1.80275e-14
       5162.7360  1.79418e-14
       5163.4848  1.81169e-14
       5164.2335  1.80420e-14
       5164.9823  1.82671e-14
       5165.7310  1.82250e-14
       5166.4798  1.82151e-14
       5167.2285  1.78939e-14
       5167.9773  1.79727e-14
       5168.7260  1.81560e-14
       5169.4748  1.80605e-14
       5170.2235  1.83285e-14
       5170.9722  1.82227e-14
       5171.7210  1.79710e-14
       5172.4697  1.80898e-14
       5173.2185  1.80655e-14
       5173.9672  1.81598e-14
       5174.7160  1.83348e-14
       5175.4647  1.83913e-14
       5176.2135  1.84726e-14
       5176.9622  1.83279e-14
       5177.7110  1.82086e-14
       5178.4597  1.83686e-14
       5179.2085  1.81905e-14
       5179.9572  1.80588e-14
       5180.7059  1.81582e-14
       5181.4547  1.79614e-14
       5182.2034  1.79760e-14
       5182.9522  1.81926e-14
       5183.7009  1.84458e-14
       5184.4497  1.83886e-14
       5185.1984  1.84293e-14
       5185.9472  1.82617e-14
       5186.6959  1.83603e-14
       5187.4447  1.80956e-14
       5188.1934  1.83035e-14
       5188.9422  1.85571e-14
       5189.6909  1.84198e-14
       5190.4397  1.83515e-14
       5191.1884  1.83112e-14
       5191.9371  1.83660e-14
       5192.6859  1.81532e-14
       5193.4346  1.85202e-14
       5194.1834  1.85746e-14
       5194.9321  1.81270e-14
       5195.6809  1.83944e-14
       5196.4296  1.88904e-14
       5197.1784  1.83591e-14
       5197.9271  1.83501e-14
       5198.6759  1.86692e-14
       5199.4246  1.84451e-14
       5200.1734  1.86489e-14
       5200.9221  1.82247e-14
       5201.6708  1.84352e-14
       5202.4196  1.85242e-14
       5203.1683  1.84799e-14
       5203.9171  1.82316e-14
       5204.6658  1.82253e-14
       5205.4146  1.82060e-14
       5206.1633  1.84238e-14
       5206.9121  1.82688e-14
       5207.6608  1.82777e-14
       5208.4096  1.84566e-14
       5209.1583  1.85074e-14
       5209.9071  1.83312e-14
       5210.6558  1.82876e-14
       5211.4045  1.85279e-14
       5212.1533  1.85449e-14
       5212.9020  1.82732e-14
       5213.6508  1.84853e-14
       5214.3995  1.87864e-14
       5215.1483  1.87037e-14
       5215.8970  1.87007e-14
       5216.6458  1.84691e-14
       5217.3945  1.86679e-14
       5218.1433  1.85989e-14
       5218.8920  1.85699e-14
       5219.6408  1.87451e-14
       5220.3895  1.87355e-14
       5221.1383  1.85198e-14
       5221.8870  1.84429e-14
       5222.6357  1.86933e-14
       5223.3845  1.86725e-14
       5224.1332  1.87370e-14
       5224.8820  1.89016e-14
       5225.6307  1.90692e-14
       5226.3795  1.90722e-14
       5227.1282  1.90656e-14
       5227.8770  1.91906e-14
       5228.6257  1.89320e-14
       5229.3745  1.92497e-14
       5230.1232  1.93080e-14
       5230.8720  1.90101e-14
       5231.6207  1.91678e-14
       5232.3694  1.93260e-14
       5233.1182  1.93881e-14
       5233.8669  1.96728e-14
       5234.6157  1.96538e-14
       5235.3644  1.94416e-14
       5236.1132  1.91827e-14
       5236.8619  1.87972e-14
       5237.6107  1.92590e-14
       5238.3594  1.96531e-14
       5239.1082  1.96794e-14
       5239.8569  1.94708e-14
       5240.6057  1.95406e-14
       5241.3544  1.97716e-14
       5242.1031  1.95987e-14
       5242.8519  1.96234e-14
       5243.6006  1.98296e-14
       5244.3494  1.98656e-14
       5245.0981  1.97924e-14
       5245.8469  2.05401e-14
       5246.5956  2.02524e-14
       5247.3444  1.97618e-14
       5248.0931  1.97760e-14
       5248.8419  1.98669e-14
       5249.5906  2.00738e-14
       5250.3394  1.97517e-14
       5251.0881  1.96995e-14
       5251.8369  1.98948e-14
       5252.5856  2.00116e-14
       5253.3343  1.99796e-14
       5254.0831  2.01221e-14
       5254.8318  2.01888e-14
       5255.5806  2.02472e-14
       5256.3293  2.00573e-14
       5257.0781  1.98004e-14
       5257.8268  2.02452e-14
       5258.5756  2.03304e-14
       5259.3243  2.02446e-14
       5260.0731  2.01603e-14
       5260.8218  2.00358e-14
       5261.5706  1.97769e-14
       5262.3193  1.99705e-14
       5263.0680  1.99905e-14
       5263.8168  1.99596e-14
       5264.5655  1.97883e-14
       5265.3143  1.97723e-14
       5266.0630  2.00489e-14
       5266.8118  1.98799e-14
       5267.5605  1.99785e-14
       5268.3093  2.00089e-14
       5269.0580  1.98495e-14
       5269.8068  1.97746e-14
       5270.5555  1.93605e-14
       5271.3043  1.90724e-14
       5272.0530  1.91394e-14
       5272.8018  1.93978e-14
       5273.5505  1.92284e-14
       5274.2992  1.87540e-14
       5275.0480  1.88839e-14
       5275.7967  1.90962e-14
       5276.5455  1.90775e-14
       5277.2942  1.91363e-14
       5278.0430  1.87037e-14
       5278.7917  1.90693e-14
       5279.5405  1.87980e-14
       5280.2892  1.86121e-14
       5281.0380  1.87560e-14
       5281.7867  1.86082e-14
       5282.5355  1.87017e-14
       5283.2842  1.82980e-14
       5284.0329  1.84258e-14
       5284.7817  1.87197e-14
       5285.5304  1.85595e-14
       5286.2792  1.82999e-14
       5287.0279  1.83766e-14
       5287.7767  1.83031e-14
       5288.5254  1.80565e-14
       5289.2742  1.79139e-14
       5290.0229  1.78101e-14
       5290.7717  1.79317e-14
       5291.5204  1.78755e-14
       5292.2692  1.78526e-14
       5293.0179  1.79748e-14
       5293.7666  1.76074e-14
       5294.5154  1.76036e-14
       5295.2641  1.75152e-14
       5296.0129  1.74203e-14
       5296.7616  1.79003e-14
       5297.5104  1.74347e-14
       5298.2591  1.71274e-14
       5299.0079  1.74226e-14
       5299.7566  1.73577e-14
       5300.5054  1.73595e-14
       5301.2541  1.66340e-14
       5302.0029  1.69159e-14
       5302.7516  1.72427e-14
       5303.5004  1.67275e-14
       5304.2491  1.68154e-14
       5304.9978  1.70627e-14
       5305.7466  1.68151e-14
       5306.4953  1.69364e-14
       5307.2441  1.69632e-14
       5307.9928  1.69013e-14
       5308.7416  1.68067e-14
       5309.4903  1.67579e-14
       5310.2391  1.66694e-14
       5310.9878  1.65062e-14
       5311.7366  1.66831e-14
       5312.4853  1.67662e-14
       5313.2341  1.66184e-14
       5313.9828  1.64533e-14
       5314.7315  1.63295e-14
       5315.4803  1.63657e-14
       5316.2290  1.64242e-14
       5316.9778  1.63853e-14
       5317.7265  1.64301e-14
       5318.4753  1.63220e-14
       5319.2240  1.62031e-14
       5319.9728  1.60350e-14
       5320.7215  1.58684e-14
       5321.4703  1.59880e-14
       5322.2190  1.63225e-14
       5322.9678  1.64542e-14
       5323.7165  1.63538e-14
       5324.4652  1.59206e-14
       5325.2140  1.57667e-14
       5325.9627  1.59454e-14
       5326.7115  1.63204e-14
       5327.4602  1.63526e-14
       5328.2090  1.60583e-14
       5328.9577  1.60636e-14
       5329.7065  1.61666e-14
       5330.4552  1.63660e-14
       5331.2040  1.65154e-14
       5331.9527  1.62623e-14
       5332.7015  1.60552e-14
       5333.4502  1.61723e-14
       5334.1990  1.61571e-14
       5334.9477  1.59358e-14
       5335.6964  1.59507e-14
       5336.4452  1.62881e-14
       5337.1939  1.61241e-14
       5337.9427  1.59470e-14
       5338.6914  1.60472e-14
       5339.4402  1.60192e-14
       5340.1889  1.60625e-14
       5340.9377  1.62839e-14
       5341.6864  1.61659e-14
       5342.4352  1.59783e-14
       5343.1839  1.59509e-14
       5343.9327  1.62704e-14
       5344.6814  1.60934e-14
       5345.4301  1.60335e-14
       5346.1789  1.58589e-14
       5346.9276  1.56461e-14
       5347.6764  1.57981e-14
       5348.4251  1.59791e-14
       5349.1739  1.59371e-14
       5349.9226  1.58619e-14
       5350.6714  1.61036e-14
       5351.4201  1.61781e-14
       5352.1689  1.59518e-14
       5352.9176  1.58815e-14
       5353.6664  1.61386e-14
       5354.4151  1.63894e-14
       5355.1638  1.62743e-14
       5355.9126  1.58800e-14
       5356.6613  1.58316e-14
       5357.4101  1.63117e-14
       5358.1588  1.61395e-14
       5358.9076  1.62274e-14
       5359.6563  1.61238e-14
       5360.4051  1.59631e-14
       5361.1538  1.61301e-14
       5361.9026  1.60950e-14
       5362.6513  1.59011e-14
       5363.4001  1.61174e-14
       5364.1488  1.59753e-14
       5364.8976  1.63311e-14
       5365.6463  1.61835e-14
       5366.3950  1.61902e-14
       5367.1438  1.59971e-14
       5367.8925  1.59506e-14
       5368.6413  1.58870e-14
       5369.3900  1.59926e-14
       5370.1388  1.58648e-14
       5370.8875  1.59321e-14
       5371.6363  1.62000e-14
       5372.3850  1.60964e-14
       5373.1338  1.55311e-14
       5373.8825  1.58219e-14
       5374.6313  1.57677e-14
       5375.3800  1.59434e-14
       5376.1287  1.60294e-14
       5376.8775  1.58284e-14
       5377.6262  1.58697e-14
       5378.3750  1.57658e-14
       5379.1237  1.57469e-14
       5379.8725  1.58332e-14
       5380.6212  1.54992e-14
       5381.3700  1.55120e-14
       5382.1187  1.59507e-14
       5382.8675  1.60225e-14
       5383.6162  1.60072e-14
       5384.3650  1.59804e-14
       5385.1137  1.60642e-14
       5385.8624  1.62080e-14
       5386.6112  1.59534e-14
       5387.3599  1.59630e-14
       5388.1087  1.61951e-14
       5388.8574  1.62440e-14
       5389.6062  1.61536e-14
       5390.3549  1.60353e-14
       5391.1037  1.62098e-14
       5391.8524  1.61145e-14
       5392.6012  1.59214e-14
       5393.3499  1.61384e-14
       5394.0987  1.60143e-14
       5394.8474  1.60818e-14
       5395.5962  1.63298e-14
       5396.3449  1.60358e-14
       5397.0936  1.59130e-14
       5397.8424  1.60124e-14
       5398.5911  1.60424e-14
       5399.3399  1.61095e-14
       5400.0886  1.63480e-14
       5400.8374  1.63349e-14
       5401.5861  1.62668e-14
       5402.3349  1.62062e-14
       5403.0836  1.60591e-14
       5403.8324  1.60213e-14
       5404.5811  1.62765e-14
       5405.3299  1.60990e-14
       5406.0786  1.59308e-14
       5406.8273  1.61994e-14
       5407.5761  1.58920e-14
       5408.3248  1.60647e-14
       5409.0736  1.59006e-14
       5409.8223  1.58606e-14
       5410.5711  1.59628e-14
       5411.3198  1.58224e-14
       5412.0686  1.59996e-14
       5412.8173  1.58192e-14
       5413.5661  1.57815e-14
       5414.3148  1.60477e-14
       5415.0636  1.58304e-14
       5415.8123  1.59987e-14
       5416.5611  1.57925e-14
       5417.3098  1.56230e-14
       5418.0585  1.58627e-14
       5418.8073  1.58513e-14
       5419.5560  1.56461e-14
       5420.3048  1.54817e-14
       5421.0535  1.55782e-14
       5421.8023  1.56843e-14
       5422.5510  1.57914e-14
       5423.2998  1.55538e-14
       5424.0485  1.55605e-14
       5424.7973  1.56183e-14
       5425.5460  1.52771e-14
       5426.2948  1.56003e-14
       5427.0435  1.56166e-14
       5427.7922  1.52833e-14
       5428.5410  1.54901e-14
       5429.2897  1.54306e-14
       5430.0385  1.53663e-14
       5430.7872  1.52954e-14
       5431.5360  1.52177e-14
       5432.2847  1.53602e-14
       5433.0335  1.55845e-14
       5433.7822  1.56536e-14
       5434.5310  1.53457e-14
       5435.2797  1.55724e-14
       5436.0285  1.57920e-14
       5436.7772  1.55010e-14
       5437.5259  1.50795e-14
       5438.2747  1.48378e-14
       5439.0234  1.51472e-14
       5439.7722  1.54139e-14
       5440.5209  1.51949e-14
       5441.2697  1.53198e-14
       5442.0184  1.50759e-14
       5442.7672  1.48519e-14
       5443.5159  1.53111e-14
       5444.2647  1.51976e-14
       5445.0134  1.48420e-14
       5445.7622  1.49316e-14
       5446.5109  1.50065e-14
       5447.2597  1.48461e-14
       5448.0084  1.46360e-14
       5448.7571  1.47257e-14
       5449.5059  1.45764e-14
       5450.2546  1.45182e-14
       5451.0034  1.44624e-14
       5451.7521  1.44166e-14
       5452.5009  1.41560e-14
       5453.2496  1.42354e-14
       5453.9984  1.40786e-14
       5454.7471  1.39411e-14
       5455.4959  1.41201e-14
       5456.2446  1.43999e-14
       5456.9934  1.40562e-14
       5457.7421  1.37862e-14
       5458.4908  1.38824e-14
       5459.2396  1.37775e-14
       5459.9883  1.37221e-14
       5460.7371  1.34341e-14
       5461.4858  1.35601e-14
       5462.2346  1.39777e-14
       5462.9833  1.35932e-14
       5463.7321  1.32354e-14
       5464.4808  1.34040e-14
       5465.2296  1.34943e-14
       5465.9783  1.32321e-14
       5466.7271  1.33238e-14
       5467.4758  1.37696e-14
       5468.2245  1.36030e-14
       5468.9733  1.33868e-14
       5469.7220  1.32952e-14
       5470.4708  1.31641e-14
       5471.2195  1.33919e-14
       5471.9683  1.32503e-14
       5472.7170  1.34387e-14
       5473.4658  1.33750e-14
       5474.2145  1.30983e-14
       5474.9633  1.28858e-14
       5475.7120  1.30671e-14
       5476.4608  1.30993e-14
       5477.2095  1.31749e-14
       5477.9583  1.31517e-14
       5478.7070  1.32366e-14
       5479.4557  1.31805e-14
       5480.2045  1.33964e-14
       5480.9532  1.34132e-14
       5481.7020  1.33440e-14
       5482.4507  1.32188e-14
       5483.1995  1.32333e-14
       5483.9482  1.34477e-14
       5484.6970  1.30839e-14
       5485.4457  1.28037e-14
       5486.1945  1.31337e-14
       5486.9432  1.31470e-14
       5487.6920  1.31593e-14
       5488.4407  1.31808e-14
       5489.1894  1.30662e-14
       5489.9382  1.30164e-14
       5490.6869  1.28501e-14
       5491.4357  1.30586e-14
       5492.1844  1.29707e-14
       5492.9332  1.26536e-14
       5493.6819  1.25920e-14
       5494.4307  1.25386e-14
       5495.1794  1.23472e-14
       5495.9282  1.22868e-14
       5496.6769  1.24188e-14
       5497.4257  1.25366e-14
       5498.1744  1.22979e-14
       5498.9231  1.19800e-14
       5499.6719  1.22640e-14
       5500.4206  1.24165e-14
       5501.1694  1.22031e-14
       5501.9181  1.20316e-14
       5502.6669  1.22194e-14
       5503.4156  1.21870e-14
       5504.1644  1.23001e-14
       5504.9131  1.21991e-14
       5505.6619  1.20816e-14
       5506.4106  1.21244e-14
       5507.1594  1.21468e-14
       5507.9081  1.21657e-14
       5508.6569  1.21019e-14
       5509.4056  1.20940e-14
       5510.1543  1.16309e-14
       5510.9031  1.20434e-14
       5511.6518  1.17560e-14
       5512.4006  1.16156e-14
       5513.1493  1.18500e-14
       5513.8981  1.20058e-14
       5514.6468  1.21758e-14
       5515.3956  1.22260e-14
       5516.1443  1.21293e-14
       5516.8931  1.20326e-14
       5517.6418  1.21612e-14
       5518.3906  1.20140e-14
       5519.1393  1.19238e-14
       5519.8880  1.18535e-14
       5520.6368  1.17761e-14
       5521.3855  1.15251e-14
       5522.1343  1.17383e-14
       5522.8830  1.18430e-14
       5523.6318  1.18590e-14
       5524.3805  1.18836e-14
       5525.1293  1.17947e-14
       5525.8780  1.19879e-14
       5526.6268  1.21045e-14
       5527.3755  1.19455e-14
       5528.1243  1.20580e-14
       5528.8730  1.20990e-14
       5529.6218  1.20411e-14
       5530.3705  1.20340e-14
       5531.1192  1.17886e-14
       5531.8680  1.19256e-14
       5532.6167  1.20870e-14
       5533.3655  1.20645e-14
       5534.1142  1.24025e-14
       5534.8630  1.22867e-14
       5535.6117  1.23381e-14
       5536.3605  1.26142e-14
       5537.1092  1.25223e-14
       5537.8580  1.25110e-14
       5538.6067  1.25769e-14
       5539.3555  1.27490e-14
       5540.1042  1.27880e-14
       5540.8529  1.25022e-14
       5541.6017  1.30133e-14
       5542.3504  1.29630e-14
       5543.0992  1.28533e-14
       5543.8479  1.29626e-14
       5544.5967  1.32191e-14
       5545.3454  1.31598e-14
       5546.0942  1.30243e-14
       5546.8429  1.29483e-14
       5547.5917  1.32544e-14
       5548.3404  1.32687e-14
       5549.0892  1.32650e-14
       5549.8379  1.33031e-14
       5550.5866  1.33370e-14
       5551.3354  1.32167e-14
       5552.0841  1.33330e-14
       5552.8329  1.34037e-14
       5553.5816  1.35018e-14
       5554.3304  1.37153e-14
       5555.0791  1.37695e-14
       5555.8279  1.38320e-14
       5556.5766  1.39390e-14
       5557.3254  1.40150e-14
       5558.0741  1.39058e-14
       5558.8229  1.37497e-14
       5559.5716  1.35768e-14
       5560.3204  1.37025e-14
       5561.0691  1.38983e-14
       5561.8178  1.39344e-14
       5562.5666  1.40406e-14
       5563.3153  1.40948e-14
       5564.0641  1.42026e-14
       5564.8128  1.40722e-14
       5565.5616  1.41676e-14
       5566.3103  1.44678e-14
       5567.0591  1.45484e-14
       5567.8078  1.46922e-14
       5568.5566  1.46383e-14
       5569.3053  1.46250e-14
       5570.0541  1.45112e-14
       5570.8028  1.46709e-14
       5571.5515  1.45475e-14
       5572.3003  1.47277e-14
       5573.0490  1.49796e-14
       5573.7978  1.47781e-14
       5574.5465  1.47540e-14
       5575.2953  1.49378e-14
