#wave  flux  flux_err
3245.0  8.13484e-16  
3249.68592316514  1.782951e-15  
3254.37184633027  1.709813e-16  
3259.05776949541  1.395845e-15  
3263.74369266055  1.152758e-15  
3268.42961582569  3.9722140000000004e-17  
3273.11553899083  7.380771e-16  
3277.80146215596  -3.280742e-16  
3282.4873853211  2.165815e-16  
3287.17330848624  1.051817e-15  
3291.85923165138  6.359544e-16  
3296.54515481651  -2.320179e-16  
3301.23107798165  5.45734e-16  
3305.91700114679  2.875866e-16  
3310.60292431193  4.078159e-16  
3315.28884747706  7.937779e-16  
3319.9747706422  5.497332e-16  
3324.66069380734  5.185344e-16  
3329.34661697248  5.658388e-16  
3334.03254013761  3.780302e-16  
3338.71846330275  4.722787e-16  
3343.40438646789  6.877568e-16  
3348.09030963303  7.843045e-16  
3352.77623279816  5.496779e-16  
3357.4621559633  5.391369e-16  
3362.14807912844  6.883873e-16  
3366.83400229358  5.116721e-16  
3371.51992545872  4.80058e-16  
3376.20584862385  6.244289e-16  
3380.89177178899  6.41323e-16  
3385.57769495413  5.896729e-16  
3390.26361811927  6.801751e-16  
3394.9495412844  5.634663e-16  
3399.63546444954  5.831795e-16  
3404.32138761468  5.911406e-16  
3409.00731077982  6.636867e-16  
3413.69323394495  6.168898e-16  
3418.37915711009  6.438491e-16  
3423.06508027523  7.57126e-16  
3427.75100344037  6.38009e-16  
3432.4369266055  5.691898e-16  
3437.12284977064  6.29043e-16  
3441.80877293578  5.757261e-16  
3446.49469610092  6.247328e-16  
3451.18061926606  7.215701e-16  
3455.86654243119  5.332815e-16  
3460.55246559633  5.428681e-16  
3465.23838876147  6.021205e-16  
3469.92431192661  4.924368e-16  
3474.61023509174  5.956592e-16  
3479.29615825688  6.335395e-16  
3483.98208142202  5.696206e-16  
3488.66800458716  4.837218e-16  
3493.35392775229  4.820213e-16  
3498.03985091743  5.222543e-16  
3502.72577408257  4.127695e-16  
3507.41169724771  4.787761e-16  
3512.09762041284  4.433608e-16  
3516.78354357798  5.162659e-16  
3521.46946674312  4.472756e-16  
3526.15538990826  5.351087e-16  
3530.84131307339  5.811455e-16  
3535.52723623853  4.34492e-16  
3540.21315940367  3.957776e-16  
3544.89908256881  4.636662e-16  
3549.58500573394  5.351811e-16  
3554.27092889908  5.609631e-16  
3558.95685206422  4.696374e-16  
3563.64277522936  4.128025e-16  
3568.32869839449  4.629996e-16  
3573.01462155963  5.111852e-16  
3577.70054472477  4.597234e-16  
3582.38646788991  5.245921e-16  
3587.07239105505  5.349154e-16  
3591.75831422018  5.533818e-16  
3596.44423738532  5.44114e-16  
3601.13016055046  5.132706e-16  
3605.8160837156  4.427605e-16  
3610.50200688073  5.374531e-16  
3615.18793004587  5.544697e-16  
3619.87385321101  5.779029e-16  
3624.55977637615  5.561659e-16  
3629.24569954128  4.68244e-16  
3633.93162270642  4.949922e-16  
3638.61754587156  5.366511e-16  
3643.3034690367  5.016168e-16  
3647.98939220183  4.958595e-16  
3652.67531536697  4.644744e-16  
3657.36123853211  4.188202e-16  
3662.04716169725  4.468432e-16  
3666.73308486238  4.1821e-16  
3671.41900802752  3.434948e-16  
3676.10493119266  3.603351e-16  
3680.7908543578  3.488562e-16  
3685.47677752293  3.521877e-16  
3690.16270068807  3.058034e-16  
3694.84862385321  2.950031e-16  
3699.53454701835  2.356633e-16  
3704.22047018349  2.646912e-16  
3708.90639334862  2.375078e-16  
3713.59231651376  2.373038e-16  
3718.2782396789  2.292715e-16  
3722.96416284404  2.10175e-16  
3727.65008600917  1.393741e-16  
3732.33600917431  8.274360000000001e-17  
3737.02193233945  9.287882000000001e-17  
3741.70785550459  2.100867e-16  
3746.39377866972  3.369333e-16  
3751.07970183486  3.774414e-16  
3755.765625  3.889281e-16  
3760.45154816514  3.867848e-16  
3765.13747133027  3.675516e-16  
3769.82339449541  4.633931e-16  
3774.50931766055  4.785537e-16  
3779.19524082569  4.932281e-16  
3783.88116399082  5.522669e-16  
3788.56708715596  6.043643e-16  
3793.2530103211  6.172097e-16  
3797.93893348624  7.114301e-16  
3802.62485665138  7.485998e-16  
3807.31077981651  8.270996e-16  
3811.99670298165  8.631564e-16  
3816.68262614679  9.125512e-16  
3821.36854931193  9.996864e-16  
3826.05447247706  1.046743e-15  
3830.7403956422  1.060061e-15  
3835.42631880734  1.22946e-15  
3840.11224197248  1.319502e-15  
3844.79816513761  1.318247e-15  
3849.48408830275  1.417799e-15  
3854.17001146789  1.401156e-15  
3858.85593463303  1.366157e-15  
3863.54185779816  1.466205e-15  
3868.2277809633  1.488367e-15  
3872.91370412844  1.45709e-15  
3877.59962729358  1.516821e-15  
3882.28555045871  1.44864e-15  
3886.97147362385  1.426565e-15  
3891.65739678899  1.495744e-15  
3896.34331995413  1.493492e-15  
3901.02924311927  1.496405e-15  
3905.7151662844  1.496673e-15  
3910.40108944954  1.580619e-15  
3915.08701261468  1.59969e-15  
3919.77293577982  1.584184e-15  
3924.45885894495  1.552641e-15  
3929.14478211009  1.542655e-15  
3933.83070527523  1.545284e-15  
3938.51662844037  1.586744e-15  
3943.2025516055  1.628576e-15  
3947.88847477064  1.674148e-15  
3952.57439793578  1.743918e-15  
3957.26032110092  1.751109e-15  
3961.94624426605  1.765514e-15  
3966.63216743119  1.762438e-15  
3971.31809059633  1.797647e-15  
3976.00401376147  1.774534e-15  
3980.6899369266  1.800372e-15  
3985.37586009174  1.872541e-15  
3990.06178325688  1.889456e-15  
3994.74770642202  1.850286e-15  
3999.43362958715  1.773074e-15  
4004.11955275229  1.76029e-15  
4008.80547591743  1.73314e-15  
4013.49139908257  1.691461e-15  
4018.17732224771  1.702369e-15  
4022.86324541284  1.712343e-15  
4027.54916857798  1.633906e-15  
4032.23509174312  1.605244e-15  
4036.92101490826  1.58578e-15  
4041.60693807339  1.568071e-15  
4046.29286123853  1.515834e-15  
4050.97878440367  1.462208e-15  
4055.66470756881  1.459282e-15  
4060.35063073394  1.426359e-15  
4065.03655389908  1.345187e-15  
4069.72247706422  1.341444e-15  
4074.40840022936  1.318853e-15  
4079.09432339449  1.308846e-15  
4083.78024655963  1.212885e-15  
4088.46616972477  1.250173e-15  
4093.15209288991  1.22013e-15  
4097.83801605505  1.17332e-15  
4102.52393922018  1.12477e-15  
4107.20986238532  1.067297e-15  
4111.89578555046  1.091992e-15  
4116.5817087156  1.075496e-15  
4121.26763188073  9.812995e-16  
4125.95355504587  9.810243e-16  
4130.63947821101  9.99335e-16  
4135.32540137615  9.995167e-16  
4140.01132454128  1.000327e-15  
4144.69724770642  9.741562e-16  
4149.38317087156  9.822954e-16  
4154.06909403669  1.039225e-15  
4158.75501720183  1.053935e-15  
4163.44094036697  1.079953e-15  
4168.12686353211  1.189658e-15  
4172.81278669725  1.19596e-15  
4177.49870986238  1.190316e-15  
4182.18463302752  1.289163e-15  
4186.87055619266  1.292247e-15  
4191.5564793578  1.341573e-15  
4196.24240252293  1.403587e-15  
4200.92832568807  1.420192e-15  
4205.61424885321  1.425152e-15  
4210.30017201835  1.451587e-15  
4214.98609518348  1.534319e-15  
4219.67201834862  1.58397e-15  
4224.35794151376  1.580152e-15  
4229.0438646789  1.612836e-15  
4233.72978784404  1.602502e-15  
4238.41571100917  1.609566e-15  
4243.10163417431  1.642192e-15  
4247.78755733945  1.672567e-15  
4252.47348050459  1.648989e-15  
4257.15940366972  1.694976e-15  
4261.84532683486  1.692087e-15  
4266.53125  1.659704e-15  
4271.21717316514  1.709247e-15  
4275.90309633027  1.692581e-15  
4280.58901949541  1.641901e-15  
4285.27494266055  1.630502e-15  
4289.96086582569  1.594299e-15  
4294.64678899082  1.577362e-15  
4299.33271215596  1.551298e-15  
4304.0186353211  1.499644e-15  
4308.70455848624  1.485844e-15  
4313.39048165137  1.504734e-15  
4318.07640481651  1.465074e-15  
4322.76232798165  1.451969e-15  
4327.44825114679  1.401761e-15  
4332.13417431192  1.429034e-15  
4336.82009747706  1.410788e-15  
4341.5060206422  1.463789e-15  
4346.19194380734  1.427861e-15  
4350.87786697247  1.372382e-15  
4355.56379013761  1.361821e-15  
4360.24971330275  1.407993e-15  
4364.93563646789  1.397717e-15  
4369.62155963303  1.411033e-15  
4374.30748279816  1.435997e-15  
4378.9934059633  1.430741e-15  
4383.67932912844  1.507649e-15  
4388.36525229358  1.460476e-15  
4393.05117545871  1.497537e-15  
4397.73709862385  1.583415e-15  
4402.42302178899  1.547883e-15  
4407.10894495413  1.544046e-15  
4411.79486811926  1.577532e-15  
4416.4807912844  1.598771e-15  
4421.16671444954  1.660217e-15  
4425.85263761468  1.639719e-15  
4430.53856077981  1.63351e-15  
4435.22448394495  1.704212e-15  
4439.91040711009  1.754213e-15  
4444.59633027523  1.73376e-15  
4449.28225344036  1.721882e-15  
4453.9681766055  1.799985e-15  
4458.65409977064  1.835012e-15  
4463.34002293578  1.848384e-15  
4468.02594610092  1.856278e-15  
4472.71186926605  1.909888e-15  
4477.39779243119  1.923655e-15  
4482.08371559633  1.912604e-15  
4486.76963876147  1.888281e-15  
4491.4555619266  1.855838e-15  
4496.14148509174  1.876321e-15  
4500.82740825688  1.874441e-15  
4505.51333142202  1.881746e-15  
4510.19925458715  1.83597e-15  
4514.88517775229  1.783568e-15  
4519.57110091743  1.762735e-15  
4524.25702408257  1.698025e-15  
4528.9429472477  1.668414e-15  
4533.62887041284  1.611153e-15  
4538.31479357798  1.571091e-15  
4543.00071674312  1.546086e-15  
4547.68663990826  1.514798e-15  
4552.37256307339  1.437935e-15  
4557.05848623853  1.388676e-15  
4561.74440940367  1.3186e-15  
4566.43033256881  1.29999e-15  
4571.11625573394  1.26129e-15  
4575.80217889908  1.228805e-15  
4580.48810206422  1.171309e-15  
4585.17402522936  1.105941e-15  
4589.85994839449  1.081152e-15  
4594.54587155963  1.030028e-15  
4599.23179472477  1.025158e-15  
4603.91771788991  9.44195e-16  
4608.60364105504  9.182835e-16  
4613.28956422018  9.11115e-16  
4617.97548738532  8.673685e-16  
4622.66141055046  8.794345e-16  
4627.34733371559  9.037177e-16  
4632.03325688073  9.075271e-16  
4636.71918004587  9.195686e-16  
4641.40510321101  9.522165e-16  
4646.09102637615  1.02799e-15  
4650.77694954128  1.073402e-15  
4655.46287270642  1.072015e-15  
4660.14879587156  1.157079e-15  
4664.8347190367  1.274672e-15  
4669.52064220183  1.336602e-15  
4674.20656536697  1.393846e-15  
4678.89248853211  1.418662e-15  
4683.57841169725  1.508463e-15  
4688.26433486238  1.554876e-15  
4692.95025802752  1.604222e-15  
4697.63618119266  1.639768e-15  
4702.3221043578  1.662243e-15  
4707.00802752293  1.718749e-15  
4711.69395068807  1.737681e-15  
4716.37987385321  1.711953e-15  
4721.06579701835  1.738411e-15  
4725.75172018348  1.767725e-15  
4730.43764334862  1.803322e-15  
4735.12356651376  1.798446e-15  
4739.8094896789  1.834566e-15  
4744.49541284403  1.8856e-15  
4749.18133600917  1.869383e-15  
4753.86725917431  1.875577e-15  
4758.55318233945  1.865435e-15  
4763.23910550458  1.899195e-15  
4767.92502866972  1.941267e-15  
4772.61095183486  1.911086e-15  
4777.296875  1.918367e-15  
4781.98279816514  1.925823e-15  
4786.66872133027  1.905168e-15  
4791.35464449541  1.901265e-15  
4796.04056766055  1.930703e-15  
4800.72649082569  1.936413e-15  
4805.41241399082  1.945094e-15  
4810.09833715596  1.970048e-15  
4814.7842603211  1.948211e-15  
4819.47018348624  1.983064e-15  
4824.15610665137  2.027349e-15  
4828.84202981651  2.014879e-15  
4833.52795298165  2.069854e-15  
4838.21387614679  2.079167e-15  
4842.89979931192  2.083467e-15  
4847.58572247706  2.119723e-15  
4852.2716456422  2.179107e-15  
4856.95756880734  2.159149e-15  
4861.64349197247  2.154233e-15  
4866.32941513761  2.125987e-15  
4871.01533830275  2.090943e-15  
4875.70126146789  2.09075e-15  
4880.38718463302  2.226839e-15  
4885.07310779816  2.248993e-15  
4889.7590309633  2.258762e-15  
4894.44495412844  2.251738e-15  
4899.13087729357  2.251482e-15  
4903.81680045871  2.173478e-15  
4908.50272362385  2.171318e-15  
4913.18864678899  2.221699e-15  
4917.87456995413  2.188922e-15  
4922.56049311926  2.131359e-15  
4927.2464162844  2.12279e-15  
4931.93233944954  2.080895e-15  
4936.61826261468  2.045518e-15  
4941.30418577981  2.061754e-15  
4945.99010894495  2.003587e-15  
4950.67603211009  1.948424e-15  
4955.36195527523  1.950682e-15  
4960.04787844036  1.948479e-15  
4964.7338016055  1.927963e-15  
4969.41972477064  1.917328e-15  
4974.10564793578  1.912924e-15  
4978.79157110092  1.950315e-15  
4983.47749426605  1.975199e-15  
4988.16341743119  1.97836e-15  
4992.84934059633  1.963741e-15  
4997.53526376147  1.980136e-15  
5002.2211869266  1.97018e-15  
5006.90711009174  1.941552e-15  
5011.59303325688  1.894905e-15  
5016.27895642202  1.878085e-15  
5020.96487958715  1.886256e-15  
5025.65080275229  1.938621e-15  
5030.33672591743  2.013698e-15  
5035.02264908257  2.042808e-15  
5039.7085722477  2.071345e-15  
5044.39449541284  2.099598e-15  
5049.08041857798  2.059978e-15  
5053.76634174312  2.084512e-15  
5058.45226490825  2.045996e-15  
5063.13818807339  2.040105e-15  
5067.82411123853  2.078226e-15  
5072.51003440367  2.093471e-15  
5077.1959575688  2.132037e-15  
5081.88188073394  2.165009e-15  
5086.56780389908  2.149234e-15  
5091.25372706422  2.159332e-15  
5095.93965022936  2.118086e-15  
5100.62557339449  2.110261e-15  
5105.31149655963  2.119681e-15  
5109.99741972477  2.137825e-15  
5114.68334288991  2.141062e-15  
5119.36926605504  2.12904e-15  
5124.05518922018  2.179972e-15  
5128.74111238532  2.207453e-15  
5133.42703555046  2.230404e-15  
5138.11295871559  2.274065e-15  
5142.79888188073  2.290091e-15  
5147.48480504587  2.302897e-15  
5152.17072821101  2.271194e-15  
5156.85665137614  2.304076e-15  
5161.54257454128  2.308136e-15  
5166.22849770642  2.342227e-15  
5170.91442087156  2.334649e-15  
5175.60034403669  2.351977e-15  
5180.28626720183  2.409032e-15  
5184.97219036697  2.395412e-15  
5189.65811353211  2.390915e-15  
5194.34403669725  2.381467e-15  
5199.02995986238  2.406045e-15  
5203.71588302752  2.406258e-15  
5208.40180619266  2.439842e-15  
5213.0877293578  2.477421e-15  
5217.77365252293  2.438886e-15  
5222.45957568807  2.455045e-15  
5227.14549885321  2.501596e-15  
5231.83142201835  2.497391e-15  
5236.51734518348  2.454303e-15  
5241.20326834862  2.463449e-15  
5245.88919151376  2.487102e-15  
5250.5751146789  2.482272e-15  
5255.26103784403  2.483917e-15  
5259.94696100917  2.462814e-15  
5264.63288417431  2.454171e-15  
5269.31880733945  2.435909e-15  
5274.00473050458  2.464376e-15  
5278.69065366972  2.473766e-15  
5283.37657683486  2.443158e-15  
5288.0625  2.45898e-15  
5292.74842316513  2.482311e-15  
5297.43434633027  2.465976e-15  
5302.12026949541  2.464071e-15  
5306.80619266055  2.498929e-15  
5311.49211582568  2.463671e-15  
5316.17803899082  2.455495e-15  
5320.86396215596  2.426206e-15  
5325.5498853211  2.417101e-15  
5330.23580848623  2.399095e-15  
5334.92173165137  2.402341e-15  
5339.60765481651  2.441513e-15  
5344.29357798165  2.397668e-15  
5348.97950114678  2.394168e-15  
5353.66542431192  2.418075e-15  
5358.35134747706  2.383634e-15  
5363.0372706422  2.446645e-15  
5367.72319380734  2.431532e-15  
5372.40911697247  2.415947e-15  
5377.09504013761  2.423224e-15  
5381.78096330275  2.437182e-15  
5386.46688646789  2.459301e-15  
5391.15280963302  2.422828e-15  
5395.83873279816  2.474437e-15  
5400.5246559633  2.46162e-15  
5405.21057912844  2.445145e-15  
5409.89650229358  2.470035e-15  
5414.58242545871  2.474146e-15  
5419.26834862385  2.462013e-15  
5423.95427178899  2.432197e-15  
5428.64019495413  2.391306e-15  
5433.32611811926  2.386313e-15  
5438.0120412844  2.41621e-15  
5442.69796444954  2.425096e-15  
5447.38388761468  2.379695e-15  
5452.06981077981  2.348355e-15  
5456.75573394495  2.359086e-15  
5461.44165711009  2.325177e-15  
5466.12758027523  2.323992e-15  
5470.81350344036  2.355091e-15  
5475.4994266055  2.311432e-15  
5480.18534977064  2.32336e-15  
5484.87127293578  2.35423e-15  
5489.55719610091  2.333593e-15  
5494.24311926605  2.284545e-15  
5498.92904243119  2.256078e-15  
5503.61496559633  2.294628e-15  
5508.30088876146  2.259072e-15  
5512.9868119266  2.277133e-15  
5517.67273509174  2.29277e-15  
5522.35865825688  2.308173e-15  
5527.04458142201  2.270515e-15  
5531.73050458715  2.254607e-15  
5536.41642775229  2.230861e-15  
5541.10235091743  2.208286e-15  
5545.78827408256  2.248112e-15  
5550.4741972477  2.252242e-15  
5555.16012041284  2.299063e-15  
5559.84604357798  2.299809e-15  
5564.53196674312  2.246194e-15  
5569.21788990825  2.2336e-15  
5573.90381307339  2.276806e-15  
5578.58973623853  2.283506e-15  
5583.27565940367  2.253511e-15  
5587.9615825688  2.225707e-15  
5592.64750573394  2.242952e-15  
5597.33342889908  2.186896e-15  
5602.01935206422  2.147899e-15  
5606.70527522935  2.121857e-15  
5611.39119839449  2.125932e-15  
5616.07712155963  2.101134e-15  
5620.76304472477  2.092518e-15  
5625.4489678899  2.014943e-15  
5630.13489105504  1.90424e-15  
5634.82081422018  1.877134e-15  
5639.50673738532  1.833648e-15  
5644.19266055045  1.792367e-15  
5648.87858371559  1.816706e-15  
5653.56450688073  1.847699e-15  
5658.25043004587  1.81053e-15  
5662.936353211  1.780778e-15  
5667.62227637615  1.839847e-15  
5672.30819954128  1.868389e-15  
5676.99412270642  1.843246e-15  
5681.68004587156  1.857253e-15  
5686.36596903669  1.889185e-15  
5691.05189220183  1.921215e-15  
5695.73781536697  1.947383e-15  
5700.42373853211  1.945111e-15  
5705.10966169725  1.97961e-15  
5709.79558486238  2.091624e-15  
5714.48150802752  2.115096e-15  
5719.16743119266  2.124279e-15  
5723.8533543578  2.121777e-15  
5728.53927752293  2.122088e-15  
5733.22520068807  2.144058e-15  
5737.91112385321  2.126811e-15  
5742.59704701835  2.163396e-15  
5747.28297018348  2.180504e-15  
5751.96889334862  2.175504e-15  
5756.65481651376  2.257957e-15  
5761.3407396789  2.269601e-15  
5766.02666284403  2.26639e-15  
5770.71258600917  2.296313e-15  
5775.39850917431  2.295797e-15  
5780.08443233945  2.307796e-15  
5784.77035550458  2.324407e-15  
5789.45627866972  2.281814e-15  
5794.14220183486  2.273394e-15  
5798.828125  2.289399e-15  
5803.51404816513  2.282125e-15  
5808.19997133027  2.292235e-15  
5812.88589449541  2.295674e-15  
5817.57181766055  2.264255e-15  
5822.25774082568  2.270508e-15  
5826.94366399082  2.301219e-15  
5831.62958715596  2.293304e-15  
5836.3155103211  2.283537e-15  
5841.00143348623  2.270556e-15  
5845.68735665137  2.252692e-15  
5850.37327981651  2.238496e-15  
5855.05920298165  2.232828e-15  
5859.74512614679  2.213285e-15  
5864.43104931192  2.211731e-15  
5869.11697247706  2.154506e-15  
5873.8028956422  2.175277e-15  
5878.48881880733  2.197791e-15  
5883.17474197247  2.151793e-15  
5887.86066513761  2.095096e-15  
5892.54658830275  2.064669e-15  
5897.23251146789  1.968344e-15  
5901.91843463302  1.874319e-15  
5906.60435779816  1.895719e-15  
5911.2902809633  1.995719e-15  
5915.97620412844  2.054142e-15  
5920.66212729358  2.078884e-15  
5925.34805045871  2.082955e-15  
5930.03397362385  2.111194e-15  
5934.71989678899  2.086961e-15  
5939.40581995413  2.041894e-15  
5944.09174311926  1.974176e-15  
5948.7776662844  1.988739e-15  
5953.46358944954  1.962333e-15  
5958.14951261468  1.906834e-15  
5962.83543577981  1.88796e-15  
5967.52135894495  1.861695e-15  
5972.20728211009  1.816248e-15  
5976.89320527523  1.793522e-15  
5981.57912844036  1.771578e-15  
5986.2650516055  1.733164e-15  
5990.95097477064  1.714374e-15  
5995.63689793578  1.700827e-15  
6000.32282110091  1.661067e-15  
6005.00874426605  1.612511e-15  
6009.69466743119  1.60655e-15  
6014.38059059633  1.570055e-15  
6019.06651376146  1.486039e-15  
6023.7524369266  1.471706e-15  
6028.43836009174  1.429204e-15  
6033.12428325688  1.391625e-15  
6037.81020642201  1.332329e-15  
6042.49612958715  1.286942e-15  
6047.18205275229  1.266788e-15  
6051.86797591743  1.215337e-15  
6056.55389908256  1.139695e-15  
6061.2398222477  1.060057e-15  
6065.92574541284  1.005504e-15  
6070.61166857798  9.336265e-16  
6075.29759174311  8.944721e-16  
6079.98351490825  8.697184e-16  
6084.66943807339  8.021778e-16  
6089.35536123853  7.528889e-16  
6094.04128440367  7.1885e-16  
6098.7272075688  7.049908e-16  
6103.41313073394  6.591086e-16  
6108.09905389908  6.282217e-16  
6112.78497706422  6.229821e-16  
6117.47090022935  5.93528e-16  
6122.15682339449  5.836768e-16  
6126.84274655963  5.993661e-16  
6131.52866972477  5.986323e-16  
6136.2145928899  5.948004e-16  
6140.90051605504  6.154721e-16  
6145.58643922018  6.299503e-16  
6150.27236238532  5.926127e-16  
6154.95828555045  5.860025e-16  
6159.64420871559  6.356999e-16  
6164.33013188073  6.519277e-16  
6169.01605504587  6.516413e-16  
6173.701978211  6.676749e-16  
6178.38790137614  6.694852e-16  
6183.07382454128  6.780061e-16  
6187.75974770642  7.16964e-16  
6192.44567087156  7.331762e-16  
6197.13159403669  7.479198e-16  
6201.81751720183  7.643778e-16  
6206.50344036697  7.963111e-16  
6211.18936353211  8.561887e-16  
6215.87528669724  9.217793e-16  
6220.56120986238  9.726641e-16  
6225.24713302752  1.027074e-15  
6229.93305619266  1.040805e-15  
6234.61897935779  1.097947e-15  
6239.30490252293  1.165589e-15  
6243.99082568807  1.199086e-15  
6248.67674885321  1.255579e-15  
6253.36267201834  1.316093e-15  
6258.04859518348  1.382291e-15  
6262.73451834862  1.429348e-15  
6267.42044151376  1.504692e-15  
6272.10636467889  1.562237e-15  
6276.79228784403  1.604652e-15  
6281.47821100917  1.662904e-15  
6286.16413417431  1.76919e-15  
6290.85005733945  1.843407e-15  
6295.53598050458  1.90204e-15  
6300.22190366972  1.958852e-15  
6304.90782683486  2.044649e-15  
6309.59375  2.146674e-15  
6314.27967316513  2.230735e-15  
6318.96559633027  2.333873e-15  
6323.65151949541  2.389216e-15  
6328.33744266055  2.456514e-15  
6333.02336582568  2.566129e-15  
6337.70928899082  2.626008e-15  
6342.39521215596  2.679454e-15  
6347.0811353211  2.748974e-15  
6351.76705848623  2.846769e-15  
6356.45298165137  2.907812e-15  
6361.13890481651  2.912455e-15  
6365.82482798165  2.954336e-15  
6370.51075114678  3.021056e-15  
6375.19667431192  3.030648e-15  
6379.88259747706  3.09636e-15  
6384.5685206422  3.132651e-15  
6389.25444380733  3.149504e-15  
6393.94036697247  3.15386e-15  
6398.62629013761  3.174007e-15  
6403.31221330275  3.156002e-15  
6407.99813646788  3.162593e-15  
6412.68405963302  3.117242e-15  
6417.36998279816  3.18064e-15  
6422.0559059633  3.17477e-15  
6426.74182912844  3.190909e-15  
6431.42775229357  3.157629e-15  
6436.11367545871  3.109815e-15  
6440.79959862385  3.124148e-15  
6445.48552178898  3.133321e-15  
6450.17144495413  3.162664e-15  
6454.85736811926  3.188712e-15  
6459.5432912844  3.194892e-15  
6464.22921444954  3.182941e-15  
6468.91513761467  3.179425e-15  
6473.60106077981  3.190139e-15  
6478.28698394495  3.199741e-15  
6482.97290711009  3.189302e-15  
6487.65883027523  3.263166e-15  
6492.34475344036  3.289915e-15  
6497.0306766055  3.269561e-15  
6501.71659977064  3.311351e-15  
6506.40252293578  3.335925e-15  
6511.08844610091  3.312146e-15  
6515.77436926605  3.306265e-15  
6520.46029243119  3.298737e-15  
6525.14621559633  3.279753e-15  
6529.83213876146  3.283858e-15  
6534.5180619266  3.237074e-15  
6539.20398509174  3.250085e-15  
6543.88990825688  3.289418e-15  
6548.57583142201  3.301423e-15  
6553.26175458715  3.245478e-15  
6557.94767775229  3.26112e-15  
6562.63360091743  3.252402e-15  
6567.31952408256  3.13142e-15  
6572.0054472477  2.926345e-15  
6576.69137041284  2.902464e-15  
6581.37729357798  2.980626e-15  
6586.06321674311  3.045796e-15  
6590.74913990825  3.140083e-15  
6595.43506307339  3.128274e-15  
6600.12098623853  3.077765e-15  
6604.80690940366  3.100911e-15  
6609.4928325688  3.159843e-15  
6614.17875573394  3.118062e-15  
6618.86467889908  3.133085e-15  
6623.55060206422  3.093077e-15  
6628.23652522935  3.117873e-15  
6632.92244839449  3.117428e-15  
6637.60837155963  3.098838e-15  
6642.29429472477  3.047849e-15  
6646.9802178899  3.028841e-15  
6651.66614105504  3.053645e-15  
6656.35206422018  3.019546e-15  
6661.03798738532  2.976906e-15  
6665.72391055045  2.944266e-15  
6670.40983371559  2.9271e-15  
6675.09575688073  2.94196e-15  
6679.78168004587  2.942673e-15  
6684.467603211  2.933452e-15  
6689.15352637614  2.889304e-15  
6693.83944954128  2.874198e-15  
6698.52537270642  2.891194e-15  
6703.21129587155  2.853604e-15  
6707.89721903669  2.813249e-15  
6712.58314220183  2.781006e-15  
6717.26906536697  2.785476e-15  
6721.9549885321  2.764547e-15  
6726.64091169724  2.660133e-15  
6731.32683486238  2.638924e-15  
6736.01275802752  2.686053e-15  
6740.69868119265  2.633755e-15  
6745.38460435779  2.569097e-15  
6750.07052752293  2.604969e-15  
6754.75645068807  2.560449e-15  
6759.44237385321  2.564766e-15  
6764.12829701834  2.534278e-15  
6768.81422018348  2.56332e-15  
6773.50014334862  2.526721e-15  
6778.18606651376  2.442428e-15  
6782.87198967889  2.385428e-15  
6787.55791284403  2.406646e-15  
6792.24383600917  2.37158e-15  
6796.92975917431  2.365782e-15  
6801.61568233944  2.308095e-15  
6806.30160550458  2.290834e-15  
6810.98752866972  2.324349e-15  
6815.67345183486  2.285473e-15  
6820.359375  2.231373e-15  
6825.04529816513  2.231271e-15  
6829.73122133027  2.256911e-15  
6834.41714449541  2.230259e-15  
6839.10306766054  2.219583e-15  
6843.78899082568  2.237337e-15  
6848.47491399082  2.273439e-15  
6853.16083715596  2.269628e-15  
6857.8467603211  2.208924e-15  
6862.53268348623  2.233359e-15  
6867.21860665137  2.223303e-15  
6871.90452981651  2.203567e-15  
6876.59045298165  2.202217e-15  
6881.27637614678  2.230616e-15  
6885.96229931192  2.244412e-15  
6890.64822247706  2.206773e-15  
6895.3341456422  2.216359e-15  
6900.02006880733  2.21327e-15  
6904.70599197247  2.222994e-15  
6909.39191513761  2.212811e-15  
6914.07783830275  2.155192e-15  
6918.76376146788  2.188252e-15  
6923.44968463302  2.188245e-15  
6928.13560779816  2.162867e-15  
6932.8215309633  2.17484e-15  
6937.50745412843  2.137515e-15  
6942.19337729357  2.12233e-15  
6946.87930045871  2.146138e-15  
6951.56522362385  2.141389e-15  
6956.25114678898  2.111625e-15  
6960.93706995412  2.068593e-15  
6965.62299311926  2.08998e-15  
6970.3089162844  2.053781e-15  
6974.99483944953  1.990756e-15  
6979.68076261467  1.992144e-15  
6984.36668577981  2.006813e-15  
6989.05260894495  1.995322e-15  
6993.73853211008  1.963687e-15  
6998.42445527522  1.96334e-15  
7003.11037844036  1.961711e-15  
7007.7963016055  1.9159e-15  
7012.48222477064  1.909222e-15  
7017.16814793578  1.882191e-15  
7021.85407110091  1.883127e-15  
7026.53999426605  1.892749e-15  
7031.22591743119  1.857907e-15  
7035.91184059633  1.849673e-15  
7040.59776376146  1.846488e-15  
7045.2836869266  1.838765e-15  
7049.96961009174  1.821124e-15  
7054.65553325688  1.791889e-15  
7059.34145642201  1.815521e-15  
7064.02737958715  1.84781e-15  
7068.71330275229  1.833975e-15  
7073.39922591743  1.826228e-15  
7078.08514908256  1.787255e-15  
7082.7710722477  1.776591e-15  
7087.45699541284  1.787471e-15  
7092.14291857798  1.807334e-15  
7096.82884174311  1.759584e-15  
7101.51476490825  1.749549e-15  
7106.20068807339  1.780105e-15  
7110.88661123853  1.756325e-15  
7115.57253440366  1.760931e-15  
7120.2584575688  1.780202e-15  
7124.94438073394  1.745217e-15  
7129.63030389908  1.730679e-15  
7134.31622706421  1.747514e-15  
7139.00215022935  1.737338e-15  
7143.68807339449  1.730168e-15  
7148.37399655963  1.701618e-15  
7153.05991972476  1.692523e-15  
7157.7458428899  1.709052e-15  
7162.43176605504  1.712878e-15  
7167.11768922018  1.73829e-15  
7171.80361238531  1.732866e-15  
7176.48953555045  1.750846e-15  
7181.17545871559  1.736285e-15  
7185.86138188073  1.760095e-15  
7190.54730504587  1.717717e-15  
7195.233228211  1.735145e-15  
7199.91915137614  1.748471e-15  
7204.60507454128  1.731676e-15  
7209.29099770642  1.736065e-15  
7213.97692087156  1.653977e-15  
7218.66284403669  1.659858e-15  
7223.34876720183  1.691513e-15  
7228.03469036697  1.686513e-15  
7232.72061353211  1.688633e-15  
7237.40653669724  1.722815e-15  
7242.09245986238  1.676951e-15  
7246.77838302752  1.672603e-15  
7251.46430619266  1.706656e-15  
7256.15022935779  1.721021e-15  
7260.83615252293  1.698982e-15  
7265.52207568807  1.64463e-15  
7270.20799885321  1.636606e-15  
7274.89392201834  1.699877e-15  
7279.57984518348  1.683211e-15  
7284.26576834862  1.694709e-15  
7288.95169151375  1.667575e-15  
7293.63761467889  1.619944e-15  
7298.32353784403  1.6314e-15  
7303.00946100917  1.611918e-15  
7307.69538417431  1.62184e-15  
7312.38130733944  1.629797e-15  
7317.06723050458  1.631772e-15  
7321.75315366972  1.647796e-15  
7326.43907683485  1.582192e-15  
7331.12499999999  1.634714e-15  
7335.81092316513  1.581948e-15  
7340.49684633027  1.601533e-15  
7345.18276949541  1.613516e-15  
7349.86869266055  1.585215e-15  
7354.55461582568  1.590232e-15  
7359.24053899082  1.57797e-15  
7363.92646215596  1.585242e-15  
7368.6123853211  1.595474e-15  
7373.29830848623  1.549643e-15  
7377.98423165137  1.579883e-15  
7382.67015481651  1.588136e-15  
7387.35607798165  1.57732e-15  
7392.04200114678  1.58905e-15  
7396.72792431192  1.576429e-15  
7401.41384747706  1.585034e-15  
7406.0997706422  1.57563e-15  
7410.78569380733  1.579649e-15  
7415.47161697247  1.5704e-15  
7420.15754013761  1.567289e-15  
7424.84346330275  1.553599e-15  
7429.52938646788  1.551013e-15  
7434.21530963302  1.564271e-15  
7438.90123279816  1.538428e-15  
7443.5871559633  1.535823e-15  
7448.27307912843  1.555729e-15  
7452.95900229357  1.566748e-15  
7457.64492545871  1.544843e-15  
7462.33084862385  1.532091e-15  
7467.01677178898  1.549621e-15  
7471.70269495412  1.520009e-15  
7476.38861811926  1.522794e-15  
7481.0745412844  1.534584e-15  
7485.76046444954  1.497525e-15  
7490.44638761467  1.489066e-15  
7495.13231077981  1.472758e-15  
7499.81823394495  1.468969e-15  
7504.50415711008  1.459617e-15  
7509.19008027522  1.493647e-15  
7513.87600344036  1.462865e-15  
7518.5619266055  1.438676e-15  
7523.24784977064  1.462121e-15  
7527.93377293577  1.495457e-15  
7532.61969610091  1.499831e-15  
7537.30561926605  1.463835e-15  
7541.99154243119  1.43938e-15  
7546.67746559632  1.470333e-15  
7551.36338876146  1.440709e-15  
7556.0493119266  1.431811e-15  
7560.73523509174  1.447169e-15  
7565.42115825687  1.450937e-15  
7570.10708142201  1.416574e-15  
7574.79300458715  1.419692e-15  
7579.47892775229  1.404868e-15  
7584.16485091743  1.413915e-15  
7588.85077408256  1.429547e-15  
7593.5366972477  1.42508e-15  
7598.22262041284  1.400447e-15  
7602.90854357798  1.409447e-15  
7607.59446674311  1.456437e-15  
7612.28038990825  1.46417e-15  
7616.96631307339  1.493648e-15  
7621.65223623852  1.502726e-15  
7626.33815940366  1.451301e-15  
7631.0240825688  1.446423e-15  
7635.71000573394  1.498866e-15  
7640.39592889908  1.439873e-15  
7645.08185206421  1.456631e-15  
7649.76777522935  1.482712e-15  
7654.45369839449  1.493732e-15  
7659.13962155963  1.48203e-15  
7663.82554472476  1.461516e-15  
7668.5114678899  1.430546e-15  
7673.19739105504  1.418519e-15  
7677.88331422018  1.459607e-15  
7682.56923738531  1.455413e-15  
7687.25516055045  1.393568e-15  
7691.94108371559  1.437918e-15  
7696.62700688073  1.401928e-15  
7701.31293004586  1.397635e-15  
7705.998853211  1.411461e-15  
7710.68477637614  1.39195e-15  
7715.37069954128  1.408311e-15  
7720.05662270641  1.424292e-15  
7724.74254587155  1.399242e-15  
7729.42846903669  1.394094e-15  
7734.11439220183  1.422782e-15  
7738.80031536696  1.416168e-15  
7743.4862385321  1.436116e-15  
7748.17216169724  1.420884e-15  
7752.85808486238  1.394436e-15  
7757.54400802751  1.433575e-15  
7762.22993119265  1.422048e-15  
7766.91585435779  1.410463e-15  
7771.60177752293  1.432702e-15  
7776.28770068807  1.386079e-15  
7780.97362385321  1.375662e-15  
7785.65954701834  1.353762e-15  
7790.34547018348  1.359592e-15  
7795.03139334862  1.376205e-15  
7799.71731651376  1.367581e-15  
7804.40323967889  1.383742e-15  
7809.08916284403  1.38628e-15  
7813.77508600917  1.397998e-15  
7818.46100917431  1.37898e-15  
7823.14693233944  1.387696e-15  
7827.83285550458  1.338278e-15  
7832.51877866972  1.322736e-15  
7837.20470183486  1.361254e-15  
7841.89062499999  1.358436e-15  
7846.57654816513  1.352611e-15  
7851.26247133027  1.339524e-15  
7855.94839449541  1.310924e-15  
7860.63431766054  1.295772e-15  
7865.32024082568  1.26695e-15  
7870.00616399082  1.26973e-15  
7874.69208715596  1.267473e-15  
7879.37801032109  1.261829e-15  
7884.06393348623  1.275655e-15  
7888.74985665137  1.265912e-15  
7893.43577981651  1.219708e-15  
7898.12170298164  1.231275e-15  
7902.80762614678  1.238696e-15  
7907.49354931192  1.253548e-15  
7912.17947247706  1.213314e-15  
7916.86539564219  1.20545e-15  
7921.55131880733  1.214689e-15  
7926.23724197247  1.209467e-15  
7930.92316513761  1.161879e-15  
7935.60908830275  1.158381e-15  
7940.29501146788  1.182328e-15  
7944.98093463302  1.155609e-15  
7949.66685779816  1.141677e-15  
7954.35278096329  1.134245e-15  
7959.03870412843  1.122538e-15  
7963.72462729357  1.104286e-15  
7968.41055045871  1.090788e-15  
7973.09647362385  1.086775e-15  
7977.78239678898  1.068218e-15  
7982.46831995412  1.085826e-15  
7987.15424311926  1.073141e-15  
7991.8401662844  1.04882e-15  
7996.52608944953  1.001314e-15  
8001.21201261467  9.700848e-16  
8005.89793577981  9.638607e-16  
8010.58385894495  9.518703e-16  
8015.26978211008  9.369032e-16  
8019.95570527522  8.68022e-16  
8024.64162844036  8.456925e-16  
8029.3275516055  8.321336e-16  
8034.01347477064  8.200403e-16  
8038.69939793577  8.064919e-16  
8043.38532110091  7.399333e-16  
8048.07124426605  7.219804e-16  
8052.75716743119  7.497452e-16  
8057.44309059632  7.124348e-16  
8062.12901376146  6.715265e-16  
8066.8149369266  6.591484e-16  
8071.50086009174  6.647836e-16  
8076.18678325687  6.36082e-16  
8080.87270642201  6.134075e-16  
8085.55862958715  5.959615e-16  
8090.24455275229  6.089252e-16  
8094.93047591742  6.14705e-16  
8099.61639908256  5.701606e-16  
8104.3023222477  5.884906e-16  
8108.98824541284  5.734833e-16  
8113.67416857797  5.565823e-16  
8118.36009174311  5.793948e-16  
8123.04601490825  5.690923e-16  
8127.73193807339  5.42286e-16  
8132.41786123852  5.568008e-16  
8137.10378440366  5.456167e-16  
8141.7897075688  5.480501e-16  
8146.47563073394  5.583455e-16  
8151.16155389907  5.529121e-16  
8155.84747706421  5.434996e-16  
8160.53340022935  5.667209e-16  
8165.21932339449  5.740925e-16  
8169.90524655963  5.678829e-16  
8174.59116972476  5.701855e-16  
8179.2770928899  5.661407e-16  
8183.96301605504  5.758553e-16  
8188.64893922018  5.555111e-16  
8193.33486238531  5.547646e-16  
8198.02078555045  5.524753e-16  
8202.70670871559  5.665506e-16  
8207.39263188073  5.534853e-16  
8212.07855504586  5.874124e-16  
8216.764478211  5.861355e-16  
8221.45040137614  6.019906e-16  
8226.13632454128  6.12224e-16  
8230.82224770641  6.074818e-16  
8235.50817087155  6.209212e-16  
8240.19409403669  6.333892e-16  
8244.88001720183  5.98633e-16  
8249.56594036696  6.348645e-16  
8254.2518635321  6.41926e-16  
8258.93778669724  6.123232e-16  
8263.62370986238  6.016239e-16  
8268.30963302752  6.108104e-16  
8272.99555619265  6.214822e-16  
8277.68147935779  6.490419e-16  
8282.36740252293  7.174649e-16  
8287.05332568806  7.079415e-16  
8291.7392488532  7.291466e-16  
8296.42517201834  7.018678e-16  
8301.11109518348  7.286005e-16  
8305.79701834862  7.768388e-16  
8310.48294151375  7.673865e-16  
8315.16886467889  7.646276e-16  
8319.85478784403  7.884059e-16  
8324.54071100917  7.999877e-16  
8329.2266341743  8.318401e-16  
8333.91255733944  8.544185e-16  
8338.59848050458  9.121718e-16  
8343.28440366972  9.076016e-16  
8347.97032683485  8.633336e-16  
8352.65624999999  9.29341e-16  
8357.34217316513  9.338494e-16  
8362.02809633027  9.974818e-16  
8366.7140194954  9.413526e-16  
8371.39994266054  9.804073e-16  
8376.08586582568  9.599505e-16  
8380.77178899082  9.825313e-16  
8385.45771215595  1.026867e-15  
8390.14363532109  1.002075e-15  
8394.82955848623  1.010774e-15  
8399.51548165137  1.072587e-15  
8404.20140481651  1.080406e-15  
8408.88732798164  1.087395e-15  
8413.57325114678  1.071344e-15  
8418.25917431192  1.073942e-15  
8422.94509747706  1.084985e-15  
8427.63102064219  1.092504e-15  
8432.31694380733  1.126234e-15  
8437.00286697247  1.131051e-15  
8441.68879013761  1.138166e-15  
8446.37471330274  1.186241e-15  
8451.06063646788  1.160897e-15  
8455.74655963302  1.193514e-15  
8460.43248279816  1.197618e-15  
8465.11840596329  1.167143e-15  
8469.80432912843  1.19078e-15  
8474.49025229357  1.171076e-15  
8479.17617545871  1.186162e-15  
8483.86209862384  1.20148e-15  
8488.54802178898  1.184543e-15  
8493.23394495412  1.223448e-15  
8497.91986811926  1.249257e-15  
8502.6057912844  1.238951e-15  
8507.29171444953  1.242655e-15  
8511.97763761467  1.237298e-15  
8516.66356077981  1.267733e-15  
8521.34948394495  1.273106e-15  
8526.03540711008  1.23934e-15  
8530.72133027522  1.239592e-15  
8535.40725344036  1.227224e-15  
8540.0931766055  1.2363e-15  
8544.77909977063  1.211687e-15  
8549.46502293577  1.211061e-15  
8554.15094610091  1.268466e-15  
8558.83686926605  1.256641e-15  
8563.52279243118  1.268322e-15  
8568.20871559632  1.249677e-15  
8572.89463876146  1.24619e-15  
8577.5805619266  1.24054e-15  
8582.26648509173  1.221454e-15  
8586.95240825687  1.272936e-15  
8591.63833142201  1.277595e-15  
8596.32425458715  1.265863e-15  
8601.01017775228  1.225475e-15  
8605.69610091742  1.255635e-15  
8610.38202408256  1.222174e-15  
8615.0679472477  1.21555e-15  
8619.75387041283  1.248479e-15  
8624.43979357797  1.243797e-15  
8629.12571674311  1.245728e-15  
8633.81163990825  1.270611e-15  
8638.49756307339  1.234135e-15  
8643.18348623852  1.223192e-15  
8647.86940940366  1.23369e-15  
8652.5553325688  1.211326e-15  
8657.24125573394  1.219925e-15  
8661.92717889907  1.176781e-15  
8666.61310206421  1.188643e-15  
8671.29902522935  1.194281e-15  
8675.98494839449  1.20357e-15  
8680.67087155962  1.188697e-15  
8685.35679472476  1.210939e-15  
8690.0427178899  1.170038e-15  
8694.72864105504  1.143111e-15  
8699.41456422017  1.168494e-15  
8704.10048738531  1.153281e-15  
8708.78641055045  1.151897e-15  
8713.47233371559  1.128686e-15  
8718.15825688072  1.175007e-15  
8722.84418004586  1.159866e-15  
8727.530103211  1.140623e-15  
8732.21602637614  1.15058e-15  
8736.90194954128  1.133699e-15  
8741.58787270641  1.117774e-15  
8746.27379587155  1.118042e-15  
8750.95971903669  1.110829e-15  
8755.64564220183  1.117079e-15  
8760.33156536696  1.132948e-15  
8765.0174885321  1.110157e-15  
8769.70341169724  1.102874e-15  
8774.38933486237  1.12716e-15  
8779.07525802751  1.115602e-15  
8783.76118119265  1.068803e-15  
8788.44710435779  1.076194e-15  
8793.13302752293  1.117324e-15  
8797.81895068806  1.096642e-15  
8802.5048738532  1.033692e-15  
8807.19079701834  1.014655e-15  
8811.87672018348  1.035041e-15  
8816.56264334861  1.066697e-15  
8821.24856651375  1.080676e-15  
8825.93448967889  1.018934e-15  
8830.62041284403  1.074833e-15  
8835.30633600916  1.056703e-15  
8839.9922591743  1.013073e-15  
8844.67818233944  9.542498e-16  
8849.36410550458  9.555356e-16  
8854.05002866971  1.001716e-15  
8858.73595183485  9.96495e-16  
8863.42187499999  9.811787e-16  
