3588.882  -1.691659E-17
3590.972  2.593044E-17
3593.063  3.433598E-17
3595.154  2.963144E-18
3597.245  -2.943014E-17
3599.336  -2.281146E-17
3601.427  -3.683516E-18
3603.518  9.073634E-18
3605.609  8.679146E-18
3607.699  3.526990E-18
3609.79  -1.244403E-18
3611.881  4.897787E-18
3613.972  5.843416E-18
3616.063  1.583931E-17
3618.154  1.419409E-17
3620.245  2.816322E-17
3622.336  1.123418E-17
3624.427  3.889690E-18
3626.517  1.117993E-17
3628.608  1.424501E-17
3630.699  1.047355E-17
3632.79  3.545542E-18
3634.881  1.410579E-17
3636.972  1.414561E-17
3639.063  7.060645E-18
3641.154  -2.167427E-18
3643.244  1.290934E-18
3645.335  -5.454719E-18
3647.426  1.144551E-17
3649.517  1.000996E-17
3651.608  6.883856E-18
3653.699  7.840040E-18
3655.79  5.520417E-18
3657.881  8.064554E-18
3659.971  8.067172E-18
3662.062  1.138714E-17
3664.153  1.609073E-18
3666.244  3.428205E-18
3668.335  -1.275456E-19
3670.426  2.160914E-17
3672.517  1.766046E-17
3674.608  -9.865993E-19
3676.698  2.101160E-18
3678.79  1.494618E-17
3680.88  1.854095E-17
3682.971  1.664427E-17
3685.062  6.690145E-18
3687.153  -1.926800E-19
3689.244  6.263307E-18
3691.335  4.162612E-18
3693.426  1.257384E-17
3695.517  1.199501E-17
3697.607  3.276535E-18
3699.698  1.022824E-17
3701.789  1.216977E-17
3703.88  1.742625E-17
3705.971  7.089108E-18
3708.062  9.944321E-18
3710.153  1.579334E-17
3712.244  1.805060E-17
3714.334  1.482009E-17
3716.425  2.512150E-18
3718.516  -5.159370E-19
3720.607  2.676110E-18
3722.698  7.858389E-18
3724.789  5.607296E-18
3726.88  4.494908E-18
3728.971  7.716228E-18
3731.062  4.975423E-18
3733.152  8.015154E-18
3735.243  8.489075E-18
3737.334  8.321851E-18
3739.425  3.193387E-18
3741.516  1.012328E-17
3743.607  1.190521E-17
3745.698  4.347005E-18
3747.789  2.541047E-18
3749.879  1.383753E-17
3751.97  1.490996E-17
3754.061  3.493438E-18
3756.152  1.299582E-18
3758.243  6.429276E-18
3760.334  1.353949E-17
3762.425  3.851449E-18
3764.516  1.145696E-18
3766.606  9.842199E-18
3768.697  1.250799E-17
3770.788  1.286607E-17
3772.879  1.217786E-17
3774.97  8.571405E-18
3777.061  4.184363E-18
3779.152  3.912526E-18
3781.243  1.107298E-17
3783.333  8.837680E-18
3785.424  4.424350E-18
3787.515  5.675537E-18
3789.606  6.130543E-18
3791.697  5.084570E-18
3793.788  6.234875E-18
3795.879  7.488462E-18
3797.97  6.472347E-18
3800.061  3.811057E-18
3802.151  3.048979E-19
3804.242  -1.687107E-18
3806.333  3.975349E-18
3808.424  6.972678E-18
3810.515  6.020856E-18
3812.606  6.695171E-18
3814.697  7.140319E-18
3816.788  6.910651E-18
3818.878  2.233973E-18
3820.969  7.582225E-18
3823.06  1.243119E-17
3825.151  8.451858E-18
3827.242  3.068885E-18
3829.333  5.382875E-18
3831.424  1.199082E-17
3833.515  1.250129E-17
3835.605  7.511656E-18
3837.697  7.622033E-18
3839.787  3.482857E-18
3841.878  7.056197E-18
3843.969  9.709461E-18
3846.06  8.353045E-18
3848.151  6.981304E-18
3850.242  6.981304E-18
3852.333  6.981304E-18
3854.424  6.981304E-18
3856.514  6.981304E-18
3858.605  2.560629E-17
3860.696  1.246523E-17
3862.787  6.992053E-18
3864.878  7.163328E-18
3866.969  9.085913E-18
3869.06  6.936392E-18
3871.151  8.979209E-18
3873.241  1.160482E-17
3875.332  9.527565E-18
3877.423  1.053956E-17
3879.514  1.320786E-17
3881.605  1.564331E-17
3883.696  1.638990E-17
3885.787  1.480209E-17
3887.878  1.245990E-17
3889.969  1.255105E-17
3892.059  9.108245E-18
3894.15  8.993615E-18
3896.241  1.803988E-17
3898.332  1.690584E-17
3900.423  1.337220E-17
3902.514  1.167016E-17
3904.605  1.502329E-17
3906.696  1.324343E-17
3908.786  1.227384E-17
3910.877  1.090803E-17
3912.968  1.379515E-17
3915.059  1.253521E-17
3917.15  1.111500E-17
3919.241  1.416202E-17
3921.332  1.466350E-17
3923.423  1.342342E-17
3925.513  1.622460E-17
3927.604  1.400158E-17
3929.695  1.391766E-17
3931.786  1.040442E-17
3933.877  8.308401E-18
3935.968  1.148031E-17
3938.059  1.156730E-17
3940.15  8.643445E-18
3942.24  1.071034E-17
3944.331  1.736130E-17
3946.422  1.305099E-17
3948.513  8.412025E-18
3950.604  9.146319E-18
3952.695  9.457991E-18
3954.786  1.184619E-17
3956.877  1.255296E-17
3958.968  1.271758E-17
3961.058  1.036650E-17
3963.149  6.160687E-18
3965.24  1.140877E-18
3967.331  3.238512E-18
3969.422  7.992623E-18
3971.513  6.211958E-18
3973.604  5.211134E-18
3975.695  5.969356E-18
3977.785  6.725783E-18
3979.876  9.722956E-18
3981.967  1.195007E-17
3984.058  1.108703E-17
3986.149  1.037528E-17
3988.24  7.815990E-18
3990.331  1.212895E-17
3992.422  1.151795E-17
3994.512  1.379821E-17
3996.604  1.583035E-17
3998.694  1.549813E-17
4000.785  1.153323E-17
4002.876  9.197405E-18
4004.967  1.262164E-17
4007.058  1.465646E-17
4009.149  1.475678E-17
4011.24  1.602547E-17
4013.331  1.452860E-17
4015.421  1.140080E-17
4017.512  1.443492E-17
4019.603  1.572012E-17
4021.694  1.609039E-17
4023.785  1.219458E-17
4025.876  9.758867E-18
4027.967  8.865449E-18
4030.058  9.429388E-18
4032.148  1.037728E-17
4034.239  9.539334E-18
4036.33  9.913038E-18
4038.421  1.070427E-17
4040.512  9.600627E-18
4042.603  1.371006E-17
4044.694  1.592942E-17
4046.785  1.552901E-17
4048.875  1.488326E-17
4050.966  1.514027E-17
4053.057  1.588539E-17
4055.148  1.357860E-17
4057.239  1.171775E-17
4059.33  1.328446E-17
4061.421  1.422962E-17
4063.512  1.291586E-17
4065.603  1.241179E-17
4067.693  1.384241E-17
4069.784  1.403174E-17
4071.875  1.159122E-17
4073.966  1.363749E-17
4076.057  1.687575E-17
4078.148  1.205206E-17
4080.239  1.002594E-17
4082.33  1.140935E-17
4084.42  1.538180E-17
4086.511  1.619664E-17
4088.602  1.578592E-17
4090.693  1.567914E-17
4092.784  1.602957E-17
4094.875  1.648632E-17
4096.966  1.708711E-17
4099.057  1.811736E-17
4101.147  1.789996E-17
4103.238  1.835295E-17
4105.329  1.829498E-17
4107.42  2.254410E-17
4109.511  2.019519E-17
4111.602  1.627089E-17
4113.693  1.378786E-17
4115.784  1.258546E-17
4117.875  1.077667E-17
4119.965  1.062045E-17
4122.056  1.335159E-17
4124.147  1.220030E-17
4126.238  1.448425E-17
4128.329  1.540704E-17
4130.42  1.398629E-17
4132.511  1.606396E-17
4134.602  1.829340E-17
4136.692  2.021001E-17
4138.783  2.098757E-17
4140.875  2.067154E-17
4142.965  1.864938E-17
4145.056  1.566100E-17
4147.147  1.793279E-17
4149.238  2.089555E-17
4151.329  1.966155E-17
4153.419  2.199835E-17
4155.51  1.984378E-17
4157.602  1.868939E-17
4159.692  1.729086E-17
4161.783  1.469779E-17
4163.874  1.719196E-17
4165.965  1.876260E-17
4168.056  1.959201E-17
4170.146  1.858638E-17
4172.237  1.497683E-17
4174.329  1.585178E-17
4176.419  1.749919E-17
4178.51  1.716523E-17
4180.601  1.688480E-17
4182.692  1.728679E-17
4184.783  1.767330E-17
4186.874  1.752203E-17
4188.964  1.618099E-17
4191.056  1.654905E-17
4193.146  1.790728E-17
4195.237  1.856309E-17
4197.328  1.805120E-17
4199.419  1.927083E-17
4201.51  1.805881E-17
4203.601  1.748345E-17
4205.691  1.827521E-17
4207.783  1.875114E-17
4209.874  1.850124E-17
4211.964  1.826563E-17
4214.055  1.859591E-17
4216.146  1.645559E-17
4218.237  1.876156E-17
4220.328  1.967288E-17
4222.418  1.821624E-17
4224.51  1.935163E-17
4226.601  1.896649E-17
4228.691  1.908924E-17
4230.782  2.066658E-17
4232.873  2.072304E-17
4234.964  1.964359E-17
4237.055  2.052048E-17
4239.146  1.932862E-17
4241.237  1.784957E-17
4243.328  1.851573E-17
4245.418  1.929664E-17
4247.509  1.780575E-17
4249.6  1.744524E-17
4251.691  2.005269E-17
4253.782  2.129972E-17
4255.873  1.742697E-17
4257.964  1.501195E-17
4260.055  1.579133E-17
4262.146  1.852584E-17
4264.236  1.890729E-17
4266.327  1.835240E-17
4268.418  1.833744E-17
4270.509  1.751069E-17
4272.6  1.588147E-17
4274.691  1.625639E-17
4276.782  1.769363E-17
4278.873  1.750576E-17
4280.963  1.583850E-17
4283.054  1.412796E-17
4285.145  1.738303E-17
4287.236  1.783912E-17
4289.327  1.783912E-17
4291.418  1.783912E-17
4293.509  1.783912E-17
4295.6  1.783912E-17
4297.69  1.621698E-17
4299.781  1.657940E-17
4301.872  1.756732E-17
4303.963  1.878667E-17
4306.054  1.879359E-17
4308.145  2.027111E-17
4310.236  1.829518E-17
4312.327  1.599789E-17
4314.417  1.633337E-17
4316.508  1.857259E-17
4318.599  1.787439E-17
4320.69  1.694799E-17
4322.781  1.885519E-17
4324.872  1.620387E-17
4326.963  1.452415E-17
4329.054  1.590998E-17
4331.145  1.466931E-17
4333.235  1.495266E-17
4335.326  1.600031E-17
4337.417  1.653323E-17
4339.508  1.468397E-17
4341.599  1.507195E-17
4343.69  1.646202E-17
4345.781  1.775217E-17
4347.872  1.601536E-17
4349.962  1.495616E-17
4352.053  1.558802E-17
4354.144  1.535538E-17
4356.235  1.475059E-17
4358.326  1.581722E-17
4360.417  1.909500E-17
4362.508  1.764795E-17
4364.599  1.516092E-17
4366.689  1.652771E-17
4368.78  1.845736E-17
4370.871  1.813370E-17
4372.962  1.754680E-17
4375.053  1.775902E-17
4377.144  2.086090E-17
4379.235  2.106636E-17
4381.326  1.830837E-17
4383.417  1.888735E-17
4385.507  1.703583E-17
4387.598  1.666971E-17
4389.689  1.845443E-17
4391.78  1.650578E-17
4393.871  1.560950E-17
4395.962  1.742336E-17
4398.053  1.799615E-17
4400.144  1.674934E-17
4402.234  1.523932E-17
4404.325  1.451421E-17
4406.417  1.243508E-17
4408.507  1.267031E-17
4410.598  1.467386E-17
4412.689  1.462434E-17
4414.78  1.493551E-17
4416.871  1.503032E-17
4418.961  1.600712E-17
4421.052  1.587454E-17
4423.144  1.609737E-17
4425.234  1.500850E-17
4427.325  1.397403E-17
4429.416  1.336745E-17
4431.507  1.342024E-17
4433.598  1.431106E-17
4435.688  1.486208E-17
4437.779  1.483015E-17
4439.871  1.539554E-17
4441.961  1.548371E-17
4444.052  1.326899E-17
4446.143  1.325309E-17
4448.234  1.321566E-17
4450.325  1.424420E-17
4452.416  1.564213E-17
4454.506  1.452875E-17
4456.598  1.528128E-17
4458.688  1.489933E-17
4460.779  1.377772E-17
4462.87  1.414696E-17
4464.961  1.436681E-17
4467.052  1.443245E-17
4469.143  1.388582E-17
4471.233  1.438120E-17
4473.325  1.705387E-17
4475.416  1.721451E-17
4477.506  1.676651E-17
4479.597  1.571656E-17
4481.688  1.610889E-17
4483.779  1.589371E-17
4485.87  1.462915E-17
4487.96  1.611223E-17
4490.052  1.517038E-17
4492.143  1.353219E-17
4494.233  1.325106E-17
4496.324  1.448784E-17
4498.415  1.646465E-17
4500.506  1.715170E-17
4502.597  1.574106E-17
4504.687  1.373537E-17
4506.779  1.320790E-17
4508.87  1.469974E-17
4510.96  1.449067E-17
4513.051  1.441782E-17
4515.142  1.467639E-17
4517.233  1.454377E-17
4519.324  1.416723E-17
4521.415  1.491265E-17
4523.506  1.637025E-17
4525.597  1.608380E-17
4527.688  1.575386E-17
4529.778  1.841555E-17
4531.869  1.763788E-17
4533.96  1.537980E-17
4536.051  1.503289E-17
4538.142  1.509011E-17
4540.233  1.407010E-17
4542.324  1.480513E-17
4544.415  1.516641E-17
4546.505  1.450103E-17
4548.596  1.582679E-17
4550.687  1.726127E-17
4552.778  1.664278E-17
4554.869  1.571053E-17
4556.96  1.597410E-17
4559.051  1.693371E-17
4561.142  1.656985E-17
4563.232  1.613787E-17
4565.323  1.694914E-17
4567.414  1.657827E-17
4569.505  1.584747E-17
4571.596  1.627113E-17
4573.687  1.676577E-17
4575.778  1.700787E-17
4577.869  1.633876E-17
4579.959  1.557484E-17
4582.05  1.603266E-17
4584.141  1.656454E-17
4586.232  1.680870E-17
4588.323  1.778164E-17
4590.414  1.681697E-17
4592.505  1.607235E-17
4594.596  1.758242E-17
4596.687  1.788588E-17
4598.777  1.800371E-17
4600.868  1.953856E-17
4602.959  1.880106E-17
4605.05  1.766806E-17
4607.141  1.857089E-17
4609.232  1.908002E-17
4611.323  1.763713E-17
4613.414  1.674283E-17
4615.504  1.660722E-17
4617.595  1.693833E-17
4619.686  1.718317E-17
4621.777  1.615488E-17
4623.868  1.655892E-17
4625.959  1.710009E-17
4628.05  1.629040E-17
4630.141  1.626078E-17
4632.231  1.626078E-17
4634.322  1.626078E-17
4636.413  1.626078E-17
4638.504  1.626078E-17
4640.595  1.429175E-17
4642.686  1.612195E-17
4644.777  1.621739E-17
4646.868  1.555668E-17
4648.958  1.554357E-17
4651.049  1.593331E-17
4653.14  1.551393E-17
4655.231  1.680407E-17
4657.322  1.681453E-17
4659.413  1.597708E-17
4661.504  1.592800E-17
4663.595  1.575916E-17
4665.686  1.565607E-17
4667.776  1.568701E-17
4669.867  1.612795E-17
4671.958  1.626607E-17
4674.049  1.794891E-17
4676.14  1.670659E-17
4678.231  1.441015E-17
4680.322  1.491938E-17
4682.413  1.469294E-17
4684.503  1.471550E-17
4686.594  1.512693E-17
4688.685  1.637663E-17
4690.776  1.717582E-17
4692.867  1.730195E-17
4694.958  1.637687E-17
4697.049  1.620607E-17
4699.14  1.598827E-17
4701.23  1.584060E-17
4703.321  1.582597E-17
4705.413  1.600598E-17
4707.503  1.690366E-17
4709.594  1.740412E-17
4711.685  1.857881E-17
4713.776  1.942651E-17
4715.867  1.823422E-17
4717.958  1.737672E-17
4720.048  1.833893E-17
4722.14  1.921590E-17
4724.23  1.892819E-17
4726.321  1.999505E-17
4728.412  2.234973E-17
4730.503  2.269183E-17
4732.594  2.272600E-17
4734.685  2.292496E-17
4736.775  2.328501E-17
4738.867  2.241269E-17
4740.958  2.164308E-17
4743.048  2.186384E-17
4745.139  2.097943E-17
4747.23  2.111617E-17
4749.321  2.248294E-17
4751.412  2.155070E-17
4753.502  2.043828E-17
4755.594  1.922415E-17
4757.685  1.958137E-17
4759.775  1.914606E-17
4761.866  1.923508E-17
4763.957  2.187291E-17
4766.048  2.131570E-17
4768.139  2.004482E-17
4770.229  2.025753E-17
4772.321  2.153508E-17
4774.412  2.267890E-17
4776.502  2.320659E-17
4778.593  2.235111E-17
4780.684  2.135670E-17
4782.775  2.117443E-17
4784.866  2.066127E-17
4786.957  2.052302E-17
4789.048  2.188195E-17
4791.139  2.124592E-17
4793.229  2.092271E-17
4795.32  2.131075E-17
4797.411  2.093380E-17
4799.502  2.128743E-17
4801.593  2.184967E-17
4803.684  2.109480E-17
4805.775  2.047637E-17
4807.866  2.144393E-17
4809.957  2.168378E-17
4812.047  2.231731E-17
4814.138  2.309288E-17
4816.229  2.223745E-17
4818.32  2.185078E-17
4820.411  2.313085E-17
4822.502  2.392777E-17
4824.593  2.411640E-17
4826.684  2.305710E-17
4828.774  2.281061E-17
4830.865  2.276652E-17
4832.956  2.169953E-17
4835.047  1.989399E-17
4837.138  1.994307E-17
4839.229  2.088174E-17
4841.32  2.269246E-17
4843.411  2.330480E-17
4845.501  2.226696E-17
4847.592  2.240246E-17
4849.683  2.230448E-17
4851.774  2.212950E-17
4853.865  2.230148E-17
4855.956  2.181286E-17
4858.047  2.155135E-17
4860.138  2.096258E-17
4862.229  1.990185E-17
4864.319  2.015269E-17
4866.41  1.981027E-17
4868.501  1.979444E-17
4870.592  2.129916E-17
4872.683  2.109698E-17
4874.774  2.070275E-17
4876.865  2.142176E-17
4878.956  2.166802E-17
4881.046  2.256635E-17
4883.137  2.194786E-17
4885.228  2.056325E-17
4887.319  2.150915E-17
4889.41  2.120297E-17
4891.501  2.064194E-17
4893.592  2.157734E-17
4895.683  2.145887E-17
4897.773  2.034881E-17
4899.864  2.017810E-17
4901.955  2.050313E-17
4904.046  2.047652E-17
4906.137  2.054752E-17
4908.228  2.073527E-17
4910.319  2.039952E-17
4912.41  2.068628E-17
4914.5  2.146089E-17
4916.591  2.051515E-17
4918.682  1.959126E-17
4920.773  2.019466E-17
4922.864  1.964180E-17
4924.955  1.840115E-17
4927.046  1.837752E-17
4929.137  1.952117E-17
4931.228  1.898368E-17
4933.318  1.872938E-17
4935.409  1.797250E-17
4937.5  1.703477E-17
4939.591  1.724677E-17
4941.682  1.656179E-17
4943.773  1.600988E-17
4945.864  1.615585E-17
4947.955  1.544445E-17
4950.045  1.576611E-17
4952.136  1.728444E-17
4954.227  1.774559E-17
4956.318  1.740506E-17
4958.409  1.587840E-17
4960.5  1.444545E-17
4962.591  1.515049E-17
4964.682  1.538393E-17
4966.772  1.548253E-17
4968.863  1.819840E-17
4970.954  1.855889E-17
4973.045  1.656104E-17
4975.136  1.599841E-17
4977.227  1.662075E-17
4979.318  1.530962E-17
4981.409  1.397915E-17
4983.5  1.524412E-17
4985.59  1.522625E-17
4987.681  1.424658E-17
4989.772  1.487273E-17
4991.863  1.628250E-17
4993.954  1.778327E-17
4996.045  1.919470E-17
4998.136  1.914276E-17
5000.227  1.509520E-17
5002.317  1.139953E-17
5004.408  1.498951E-17
5006.5  1.939841E-17
5008.59  1.955267E-17
5010.681  2.051960E-17
5012.772  2.193109E-17
5014.863  2.349019E-17
5016.954  2.269923E-17
5019.044  2.178940E-17
5021.135  2.201587E-17
5023.227  2.182849E-17
5025.317  2.168618E-17
5027.408  2.144860E-17
5029.499  2.217184E-17
5031.59  2.183325E-17
5033.681  1.966797E-17
5035.771  1.897049E-17
5037.862  1.972010E-17
5039.954  1.819103E-17
5042.044  1.791747E-17
5044.135  1.818554E-17
5046.226  1.635172E-17
5048.317  1.629608E-17
5050.408  1.719335E-17
5052.499  1.761285E-17
5054.59  1.750532E-17
5056.681  1.727254E-17
5058.771  1.730252E-17
5060.862  1.793654E-17
5062.953  1.949948E-17
5065.044  2.014629E-17
5067.135  1.935405E-17
5069.226  1.823279E-17
5071.317  1.910273E-17
5073.408  2.115333E-17
5075.499  2.183894E-17
5077.589  2.116499E-17
5079.68  2.135506E-17
5081.771  2.134462E-17
5083.862  2.151993E-17
5085.953  2.200129E-17
5088.044  2.292360E-17
5090.135  2.426444E-17
5092.226  2.494050E-17
5094.316  2.500582E-17
5096.407  2.378800E-17
5098.498  2.299649E-17
5100.589  2.363828E-17
5102.68  2.407258E-17
5104.771  2.418168E-17
5106.862  2.551681E-17
5108.953  2.477274E-17
5111.043  2.470885E-17
5113.134  2.374128E-17
5115.225  2.256611E-17
5117.316  2.289639E-17
5119.407  2.233131E-17
5121.498  2.182751E-17
5123.589  2.189880E-17
5125.68  2.150341E-17
5127.771  2.089303E-17
5129.861  2.123054E-17
5131.952  2.104597E-17
5134.043  1.977653E-17
5136.134  1.940051E-17
5138.225  1.928964E-17
5140.316  2.081576E-17
5142.407  2.143106E-17
5144.498  2.070629E-17
5146.588  1.862665E-17
5148.679  1.715712E-17
5150.77  1.706779E-17
5152.861  1.631137E-17
5154.952  1.579898E-17
5157.043  1.650426E-17
5159.134  1.724916E-17
5161.225  1.830748E-17
5163.315  1.949409E-17
5165.406  1.941377E-17
5167.497  1.960965E-17
5169.588  2.002320E-17
5171.679  1.945387E-17
5173.77  1.968977E-17
5175.861  2.118891E-17
5177.952  2.208549E-17
5180.042  2.231768E-17
5182.133  2.203577E-17
5184.224  2.115064E-17
5186.315  2.086564E-17
5188.406  2.278914E-17
5190.497  2.343276E-17
5192.588  2.157468E-17
5194.679  2.188636E-17
5196.77  2.250132E-17
5198.86  2.303793E-17
5200.951  2.408214E-17
5203.042  2.412455E-17
5205.133  2.276345E-17
5207.224  2.272457E-17
5209.315  2.266530E-17
5211.406  2.153495E-17
5213.497  2.188702E-17
5215.587  2.281509E-17
5217.678  2.270397E-17
5219.769  2.228094E-17
5221.86  2.274751E-17
5223.951  2.284100E-17
5226.042  2.166060E-17
5228.133  2.042835E-17
5230.224  2.016549E-17
5232.314  2.119819E-17
5234.405  2.180238E-17
5236.496  2.134746E-17
5238.587  2.141415E-17
5240.678  2.170112E-17
5242.769  2.130565E-17
5244.86  2.202616E-17
5246.951  2.254697E-17
5249.042  2.168545E-17
5251.132  2.052158E-17
5253.223  1.957733E-17
5255.314  1.992713E-17
5257.405  2.069971E-17
5259.496  2.037087E-17
5261.587  1.979343E-17
5263.678  1.961189E-17
5265.769  1.909311E-17
5267.859  1.816318E-17
5269.95  1.864392E-17
5272.042  1.832905E-17
5274.132  1.886738E-17
5276.223  2.010962E-17
5278.314  1.915325E-17
5280.405  1.887371E-17
5282.496  1.962191E-17
5284.586  1.921842E-17
5286.677  1.894795E-17
5288.769  1.830420E-17
5290.859  1.697886E-17
5292.95  1.612095E-17
5295.041  1.608375E-17
5297.132  1.575725E-17
5299.223  1.466526E-17
5301.313  1.387190E-17
5303.404  1.413175E-17
5305.496  1.560842E-17
5307.586  1.661492E-17
5309.677  1.619415E-17
5311.768  1.498431E-17
5313.859  1.467710E-17
5315.95  1.511385E-17
5318.041  1.645822E-17
5320.131  1.640086E-17
5322.223  1.585630E-17
5324.313  1.664123E-17
5326.404  1.755810E-17
5328.495  1.750702E-17
5330.586  1.718720E-17
5332.677  1.748166E-17
5334.768  1.779565E-17
5336.858  1.793613E-17
5338.95  1.786752E-17
5341.041  1.743455E-17
5343.131  1.785128E-17
5345.222  1.869053E-17
5347.313  1.963010E-17
5349.404  1.964847E-17
5351.495  1.871428E-17
5353.585  1.912474E-17
5355.677  2.015215E-17
5357.768  2.003163E-17
5359.858  1.897431E-17
5361.949  1.831390E-17
5364.04  1.810470E-17
5366.131  1.827477E-17
5368.222  1.906306E-17
5370.312  1.967394E-17
5372.404  1.931263E-17
5374.495  1.835198E-17
5376.585  1.773633E-17
5378.676  1.775315E-17
5380.767  1.859996E-17
5382.858  1.893370E-17
5384.949  1.865387E-17
5387.04  1.831046E-17
5389.131  1.837001E-17
5391.222  1.970445E-17
5393.312  2.076208E-17
5395.403  2.006854E-17
5397.494  1.898140E-17
5399.585  1.859566E-17
5401.676  1.850527E-17
5403.767  1.946336E-17
5405.858  2.037071E-17
5407.949  2.017732E-17
5410.04  2.000236E-17
5412.13  1.958966E-17
5414.221  1.976969E-17
5416.312  2.006019E-17
5418.403  1.907069E-17
5420.494  1.806640E-17
5422.585  1.864664E-17
5424.676  1.930366E-17
5426.767  1.945333E-17
5428.857  1.915021E-17
5430.948  1.895046E-17
5433.039  2.020035E-17
5435.13  2.080263E-17
5437.221  2.014281E-17
5439.312  2.063638E-17
5441.403  2.043571E-17
5443.494  1.948652E-17
5445.584  1.968925E-17
5447.675  2.012208E-17
5449.766  1.944951E-17
5451.857  2.063801E-17
5453.948  1.995134E-17
5456.039  1.847790E-17
5458.13  1.765202E-17
5460.221  1.809599E-17
5462.312  1.806455E-17
5464.402  1.757838E-17
5466.493  1.698176E-17
5468.584  1.704404E-17
5470.675  1.797591E-17
5472.766  1.929408E-17
5474.857  1.916722E-17
5476.948  1.849473E-17
5479.039  1.877058E-17
5481.129  1.893511E-17
5483.22  1.924365E-17
5485.311  2.008910E-17
5487.402  2.053291E-17
5489.493  2.012479E-17
5491.584  2.030859E-17
5493.675  2.023578E-17
5495.766  2.045647E-17
5497.856  2.103450E-17
5499.947  2.123097E-17
5502.038  2.119333E-17
5504.129  2.118215E-17
5506.22  2.165377E-17
5508.311  2.228051E-17
5510.402  2.132258E-17
5512.493  2.014799E-17
5514.583  2.008995E-17
5516.674  2.038406E-17
5518.765  2.034078E-17
5520.856  1.999032E-17
5522.947  2.034015E-17
5525.038  2.029751E-17
5527.129  1.967863E-17
5529.22  1.991444E-17
5531.311  2.112734E-17
5533.401  2.237075E-17
5535.492  2.223274E-17
5537.583  2.172707E-17
5539.674  2.152210E-17
5541.765  2.101746E-17
5543.856  2.118282E-17
5545.947  2.155611E-17
5548.038  2.123312E-17
5550.128  2.128172E-17
5552.219  2.111964E-17
5554.311  2.090438E-17
5556.401  2.225013E-17
5558.492  2.204476E-17
5560.583  2.155074E-17
5562.674  2.134503E-17
5564.765  2.094231E-17
5566.855  2.080074E-17
5568.946  2.179146E-17
5571.038  2.259377E-17
5573.128  2.088817E-17
5575.219  2.152231E-17
5577.31  2.123322E-17
5579.401  2.180062E-17
5581.492  2.116370E-17
5583.583  2.136957E-17
5585.673  2.137776E-17
5587.765  2.111808E-17
5589.855  2.145739E-17
5591.946  2.160561E-17
5594.037  2.169495E-17
5596.128  2.182327E-17
5598.219  2.131495E-17
5600.31  2.112723E-17
5602.4  2.148678E-17
5604.492  2.198504E-17
5606.583  2.201630E-17
5608.673  2.134570E-17
5610.764  2.154287E-17
5612.855  2.150250E-17
5614.946  2.212275E-17
5617.037  2.294719E-17
5619.127  2.239507E-17
5621.219  2.160948E-17
5623.31  2.174109E-17
5625.4  2.213696E-17
5627.491  2.211933E-17
5629.582  2.225545E-17
5631.673  2.200410E-17
5633.764  2.162485E-17
5635.854  2.117202E-17
5637.946  2.088415E-17
5640.037  2.120056E-17
5642.127  2.145101E-17
5644.218  2.155610E-17
5646.309  2.160317E-17
5648.4  2.043074E-17
5650.491  1.982604E-17
5652.582  2.061179E-17
5654.673  2.076203E-17
5656.764  2.015441E-17
5658.854  2.059500E-17
5660.945  2.152743E-17
5663.036  2.151500E-17
5665.127  2.139410E-17
5667.218  2.098198E-17
5669.309  2.052689E-17
5671.4  2.098618E-17
5673.491  2.046257E-17
5675.582  1.966316E-17
5677.672  1.928847E-17
5679.763  1.891264E-17
5681.854  1.787029E-17
5683.945  1.780367E-17
5686.036  1.908336E-17
5688.127  2.014583E-17
5690.218  2.030127E-17
5692.309  2.014157E-17
5694.399  1.999896E-17
5696.49  2.002703E-17
5698.581  2.018928E-17
5700.672  1.991832E-17
5702.763  2.018336E-17
5704.854  2.057503E-17
5706.945  2.044168E-17
5709.036  2.041330E-17
5711.126  2.057090E-17
5713.217  2.056851E-17
5715.308  2.049439E-17
5717.399  2.060367E-17
5719.49  2.095163E-17
5721.581  2.092265E-17
5723.672  2.052093E-17
5725.763  2.148733E-17
5727.854  2.227430E-17
5729.944  2.102116E-17
5732.035  2.191300E-17
5734.126  2.277196E-17
5736.217  2.107328E-17
5738.308  1.974855E-17
5740.399  1.944035E-17
5742.49  2.018415E-17
5744.581  2.114512E-17
5746.671  2.096106E-17
5748.762  2.045692E-17
5750.853  1.940952E-17
5752.944  1.944417E-17
5755.035  2.071788E-17
5757.126  2.125380E-17
5759.217  2.126142E-17
5761.308  1.994139E-17
5763.398  1.978410E-17
5765.489  2.034170E-17
5767.58  1.935664E-17
5769.671  1.885802E-17
5771.762  1.956159E-17
5773.853  1.958319E-17
5775.944  1.899313E-17
5778.035  1.891181E-17
5780.125  1.910710E-17
5782.216  1.932951E-17
5784.307  1.983708E-17
5786.398  1.904232E-17
5788.489  1.730999E-17
5790.58  1.708146E-17
5792.671  1.797742E-17
5794.762  1.838587E-17
5796.853  1.776825E-17
5798.943  1.725351E-17
5801.034  1.722452E-17
5803.125  1.787359E-17
5805.216  1.894803E-17
5807.307  1.840601E-17
5809.398  1.722803E-17
5811.489  1.736011E-17
5813.58  1.803535E-17
5815.67  1.862710E-17
5817.761  1.881708E-17
5819.853  1.855748E-17
5821.943  1.867527E-17
5824.034  1.879471E-17
5826.125  1.794496E-17
5828.216  1.737784E-17
5830.307  1.829871E-17
5832.397  1.793006E-17
5834.488  1.734517E-17
5836.58  1.741560E-17
5838.67  1.834172E-17
5840.761  1.873530E-17
5842.852  1.819673E-17
5844.943  1.830557E-17
5847.034  1.908321E-17
5849.125  1.905925E-17
5851.215  1.832205E-17
5853.307  1.831824E-17
5855.397  1.834584E-17
5857.488  1.853843E-17
5859.579  1.896044E-17
5861.67  1.859495E-17
5863.761  1.878747E-17
5865.852  2.039242E-17
5867.942  2.077235E-17
5870.034  1.906922E-17
5872.125  1.775659E-17
5874.215  1.818897E-17
5876.306  1.994630E-17
5878.397  2.087112E-17
5880.488  1.993072E-17
5882.579  1.888118E-17
5884.669  1.810441E-17
5886.761  1.815008E-17
5888.852  1.782582E-17
5890.942  1.830229E-17
5893.033  1.912318E-17
5895.124  1.843936E-17
5897.215  1.785175E-17
5899.306  1.757879E-17
5901.396  1.703738E-17
5903.488  1.732145E-17
5905.579  1.882556E-17
5907.669  1.990604E-17
5909.76  1.924957E-17
5911.851  1.866757E-17
5913.942  1.867554E-17
5916.033  1.863662E-17
5918.124  1.864408E-17
5920.215  1.794981E-17
5922.306  1.746639E-17
5924.396  1.823490E-17
5926.487  1.867030E-17
5928.578  1.857019E-17
5930.669  1.753731E-17
5932.76  1.738670E-17
5934.851  1.831450E-17
5936.942  1.939254E-17
5939.033  1.937838E-17
5941.124  1.955929E-17
5943.214  2.022102E-17
5945.305  1.862254E-17
5947.396  1.629913E-17
5949.487  1.638657E-17
5951.578  1.752411E-17
5953.669  1.803337E-17
5955.76  1.745871E-17
5957.851  1.680739E-17
5959.941  1.753115E-17
5962.032  1.822598E-17
5964.123  1.846998E-17
5966.214  1.841865E-17
5968.305  1.896214E-17
5970.396  1.838141E-17
5972.487  1.750263E-17
5974.578  1.707315E-17
5976.668  1.720408E-17
5978.759  1.820677E-17
5980.85  1.878839E-17
5982.941  1.839653E-17
5985.032  1.805993E-17
5987.123  1.805283E-17
5989.214  1.811296E-17
5991.305  1.759774E-17
5993.396  1.778888E-17
5995.486  1.753100E-17
5997.577  1.727586E-17
5999.668  1.746749E-17
6001.759  1.839847E-17
6003.85  1.839603E-17
6005.941  1.667282E-17
6008.032  1.586883E-17
6010.123  1.643811E-17
6012.213  1.685025E-17
6014.304  1.703891E-17
6016.395  1.707628E-17
6018.486  1.722086E-17
6020.577  1.766203E-17
6022.668  1.714530E-17
6024.759  1.626114E-17
6026.85  1.625733E-17
6028.94  1.672412E-17
6031.031  1.641009E-17
6033.122  1.629850E-17
6035.213  1.599494E-17
6037.304  1.530381E-17
6039.395  1.569176E-17
6041.486  1.606849E-17
6043.577  1.605387E-17
6045.667  1.595987E-17
6047.758  1.524499E-17
6049.849  1.450192E-17
6051.94  1.449477E-17
6054.031  1.469526E-17
6056.122  1.445788E-17
6058.213  1.411963E-17
6060.304  1.493621E-17
6062.395  1.505798E-17
6064.485  1.579746E-17
6066.576  1.663848E-17
6068.667  1.663917E-17
6070.758  1.637265E-17
6072.849  1.581896E-17
6074.94  1.616448E-17
6077.031  1.685687E-17
6079.122  1.759926E-17
6081.212  1.801343E-17
6083.303  1.861112E-17
6085.395  1.945619E-17
6087.485  1.935557E-17
6089.576  1.963226E-17
6091.667  2.048207E-17
6093.758  2.087593E-17
6095.849  2.097921E-17
6097.939  2.032226E-17
6100.03  2.005230E-17
6102.122  2.002698E-17
6104.212  1.955430E-17
6106.303  1.887929E-17
6108.394  1.856310E-17
6110.485  1.903675E-17
6112.576  1.915992E-17
6114.667  1.896841E-17
6116.757  1.878605E-17
6118.849  1.823859E-17
6120.939  1.841235E-17
6123.03  1.874785E-17
6125.121  1.854505E-17
6127.212  1.902352E-17
6129.303  1.922922E-17
6131.394  1.690187E-17
6133.484  1.618629E-17
6135.576  1.675750E-17
6137.667  1.850764E-17
6139.757  1.934339E-17
6141.848  1.930002E-17
6143.939  1.893945E-17
6146.03  1.817697E-17
6148.121  1.815969E-17
6150.211  1.882692E-17
6152.303  1.874282E-17
6154.394  1.806850E-17
6156.484  1.811188E-17
6158.575  1.848547E-17
6160.666  1.852246E-17
6162.757  1.816151E-17
6164.848  1.890961E-17
6166.938  1.902878E-17
6169.03  1.813278E-17
6171.121  1.765349E-17
6173.211  1.756554E-17
6175.302  1.764042E-17
6177.393  1.767624E-17
6179.484  1.765370E-17
6181.575  1.780373E-17
6183.666  1.777384E-17
6185.757  1.827925E-17
6187.848  1.782644E-17
6189.938  1.689074E-17
6192.029  1.764629E-17
6194.12  1.828791E-17
6196.211  1.789846E-17
6198.302  1.797229E-17
6200.393  1.796066E-17
6202.484  1.773317E-17
6204.575  1.770015E-17
6206.666  1.764415E-17
6208.756  1.773453E-17
6210.847  1.815212E-17
6212.938  1.853115E-17
6215.029  1.845723E-17
6217.12  1.816925E-17
6219.211  1.855952E-17
6221.302  1.867840E-17
6223.393  1.860723E-17
6225.483  1.852207E-17
6227.574  1.849355E-17
6229.665  1.848243E-17
6231.756  1.855139E-17
6233.847  1.859703E-17
6235.938  1.822844E-17
6238.029  1.768808E-17
6240.12  1.800770E-17
6242.21  1.874417E-17
6244.301  1.824865E-17
6246.392  1.803606E-17
6248.483  1.825603E-17
6250.574  1.821018E-17
6252.665  1.758956E-17
6254.756  1.740438E-17
6256.847  1.763919E-17
6258.938  1.786801E-17
6261.028  1.848589E-17
6263.119  1.840087E-17
6265.21  1.748130E-17
6267.301  1.742362E-17
6269.392  1.768091E-17
6271.483  1.799778E-17
6273.574  1.833901E-17
6275.665  1.737049E-17
6277.755  1.691760E-17
6279.846  1.740521E-17
6281.937  1.755131E-17
6284.028  1.743407E-17
6286.119  1.706586E-17
6288.21  1.686123E-17
6290.301  1.723508E-17
6292.392  1.690382E-17
6294.482  1.588419E-17
6296.573  1.613666E-17
6298.664  1.694113E-17
6300.755  1.741055E-17
6302.846  1.761263E-17
6304.937  1.703619E-17
6307.028  1.626736E-17
6309.119  1.646517E-17
6311.209  1.625426E-17
6313.3  1.606397E-17
6315.391  1.669757E-17
6317.482  1.714007E-17
6319.573  1.707255E-17
6321.664  1.702227E-17
6323.755  1.672089E-17
6325.846  1.649562E-17
6327.937  1.677095E-17
6330.027  1.738431E-17
6332.118  1.761086E-17
6334.209  1.687093E-17
6336.3  1.673440E-17
6338.391  1.732455E-17
6340.482  1.771409E-17
6342.573  1.782304E-17
6344.664  1.787721E-17
6346.754  1.786012E-17
6348.845  1.786399E-17
6350.936  1.796633E-17
6353.027  1.806837E-17
6355.118  1.805095E-17
6357.209  1.820601E-17
6359.3  1.889858E-17
6361.391  1.926433E-17
6363.481  1.890883E-17
6365.572  1.793256E-17
6367.663  1.785576E-17
6369.754  1.873749E-17
6371.845  1.907574E-17
6373.936  1.863877E-17
6376.027  1.792877E-17
6378.118  1.779832E-17
6380.208  1.856382E-17
6382.299  1.844342E-17
6384.39  1.852843E-17
6386.481  1.843266E-17
6388.572  1.773897E-17
6390.663  1.710332E-17
6392.754  1.734030E-17
6394.845  1.763596E-17
6396.936  1.726292E-17
6399.026  1.689485E-17
6401.117  1.650245E-17
6403.208  1.620797E-17
6405.299  1.702499E-17
6407.39  1.748432E-17
6409.481  1.698730E-17
6411.572  1.677332E-17
6413.663  1.628966E-17
6415.753  1.573434E-17
6417.844  1.590018E-17
6419.936  1.674212E-17
6422.026  1.650787E-17
6424.117  1.508703E-17
6426.208  1.528441E-17
6428.299  1.655150E-17
6430.39  1.682852E-17
6432.48  1.734053E-17
6434.572  1.698065E-17
6436.663  1.666459E-17
6438.753  1.699687E-17
6440.844  1.771206E-17
6442.935  1.792977E-17
6445.026  1.758600E-17
6447.117  1.751147E-17
6449.208  1.776235E-17
6451.299  1.793005E-17
6453.39  1.821647E-17
6455.48  1.825796E-17
6457.571  1.800712E-17
6459.662  1.737969E-17
6461.753  1.676456E-17
6463.844  1.727459E-17
6465.935  1.758044E-17
6468.026  1.694226E-17
6470.117  1.667400E-17
6472.208  1.702882E-17
6474.298  1.723176E-17
6476.389  1.741268E-17
6478.48  1.766747E-17
6480.571  1.802575E-17
6482.662  1.776089E-17
6484.753  1.699375E-17
6486.844  1.685953E-17
6488.935  1.720195E-17
6491.025  1.721456E-17
6493.116  1.696209E-17
6495.207  1.689716E-17
6497.298  1.698701E-17
6499.389  1.706047E-17
6501.48  1.704648E-17
6503.571  1.670974E-17
6505.662  1.616929E-17
6507.752  1.627986E-17
6509.843  1.682153E-17
6511.934  1.677646E-17
6514.025  1.630487E-17
6516.116  1.609804E-17
6518.207  1.600471E-17
6520.298  1.590663E-17
6522.389  1.581166E-17
6524.479  1.620027E-17
6526.57  1.621768E-17
6528.661  1.597616E-17
6530.752  1.598493E-17
6532.843  1.589274E-17
6534.934  1.603279E-17
6537.025  1.641269E-17
6539.116  1.655919E-17
6541.207  1.640973E-17
6543.297  1.608030E-17
6545.388  1.618813E-17
6547.479  1.641584E-17
6549.57  1.711783E-17
6551.666  1.493470E-17
6554.25  1.477296E-17
6556.833  1.555046E-17
6559.416  1.536414E-17
6562.  1.495662E-17
6564.583  1.621824E-17
6567.167  1.610277E-17
6569.75  1.550871E-17
6572.333  1.599719E-17
6574.917  1.568613E-17
6577.5  1.624912E-17
6580.084  1.700963E-17
6582.667  1.669147E-17
6585.25  1.590408E-17
6587.834  1.553788E-17
6590.417  1.592379E-17
6593.001  1.540209E-17
6595.584  1.501081E-17
6598.168  1.569921E-17
6600.751  1.655472E-17
6603.335  1.598898E-17
6605.918  1.556595E-17
6608.501  1.553165E-17
6611.085  1.526947E-17
6613.668  1.461101E-17
6616.252  1.447651E-17
6618.835  1.514909E-17
6621.419  1.471401E-17
6624.002  1.473703E-17
6626.586  1.466649E-17
6629.169  1.441047E-17
6631.753  1.423074E-17
6634.336  1.392945E-17
6636.919  1.273378E-17
6639.503  1.204565E-17
6642.086  1.206560E-17
6644.67  1.201922E-17
6647.253  1.231096E-17
6649.837  1.157111E-17
6652.42  9.821707E-18
6655.004  9.614982E-18
6657.587  1.043099E-17
6660.17  1.070092E-17
6662.754  1.085420E-17
6665.337  1.107918E-17
6667.921  1.052484E-17
6670.504  1.124290E-17
6673.088  9.650627E-18
6675.671  1.110293E-17
6678.255  9.964719E-18
6680.838  1.013257E-17
6683.421  1.070423E-17
6686.005  1.066104E-17
6688.588  9.936815E-18
6691.172  9.955600E-18
6693.755  1.007373E-17
6696.339  1.002111E-17
6698.922  1.002164E-17
6701.506  1.028304E-17
6704.089  1.051163E-17
6706.673  1.024878E-17
6709.256  1.083120E-17
6711.839  1.140584E-17
6714.423  1.096273E-17
6717.006  1.126233E-17
6719.59  1.203243E-17
6722.173  1.228398E-17
6724.757  1.291423E-17
6727.34  1.337822E-17
6729.924  1.356994E-17
6732.507  1.426328E-17
6735.09  1.470511E-17
6737.674  1.534423E-17
6740.257  1.650975E-17
6742.841  1.802616E-17
6745.424  1.939532E-17
6748.008  2.087431E-17
6750.591  2.185185E-17
6753.175  2.283760E-17
6755.758  2.290895E-17
6758.341  2.363160E-17
6760.925  2.484767E-17
6763.508  2.555492E-17
6766.092  2.646032E-17
6768.675  2.686843E-17
6771.259  2.737118E-17
6773.842  2.845204E-17
6776.426  2.847393E-17
6779.009  2.797492E-17
6781.593  2.832033E-17
6784.176  2.836864E-17
6786.759  2.864657E-17
6789.343  2.969891E-17
6791.926  3.058530E-17
6794.51  3.044390E-17
6797.093  2.713784E-17
6799.677  2.812316E-17
6802.26  2.479561E-17
6804.844  2.911740E-17
6807.427  2.574028E-17
6810.01  2.567596E-17
6812.594  2.744263E-17
6815.177  2.633910E-17
6817.761  2.693347E-17
6820.344  2.689314E-17
6822.928  2.610907E-17
6825.511  2.675401E-17
6828.095  2.731447E-17
6830.678  2.613093E-17
6833.261  2.745807E-17
6835.845  2.668289E-17
6838.428  2.550270E-17
6841.012  2.548327E-17
6843.595  2.571961E-17
6846.179  2.437942E-17
6848.762  2.301259E-17
6851.346  2.122890E-17
6853.929  2.109884E-17
6856.513  2.164251E-17
6859.096  2.261305E-17
6861.679  2.399408E-17
6864.263  2.500710E-17
6866.846  2.381306E-17
6869.43  2.024928E-17
6872.013  1.766357E-17
6874.597  1.738210E-17
6877.18  1.886137E-17
6879.764  2.021664E-17
6882.347  2.072936E-17
6884.93  2.083935E-17
6887.514  1.954514E-17
6890.097  1.835709E-17
6892.681  1.806337E-17
6895.264  1.818157E-17
6897.848  1.795937E-17
6900.431  1.804738E-17
6903.015  1.833827E-17
6905.598  1.822420E-17
6908.181  1.837804E-17
6910.765  1.803216E-17
6913.348  1.776801E-17
6915.932  1.768828E-17
6918.515  1.731868E-17
6921.099  1.769340E-17
6923.682  1.785847E-17
6926.266  1.753012E-17
6928.849  1.695323E-17
6931.433  1.700957E-17
6934.016  1.722602E-17
6936.599  1.629944E-17
6939.183  1.586639E-17
6941.766  1.530492E-17
6944.35  1.627385E-17
6946.933  1.664986E-17
6949.517  1.656628E-17
6952.1  1.663090E-17
6954.684  1.646224E-17
6957.267  1.631892E-17
6959.85  1.617893E-17
6962.434  1.601094E-17
6965.017  1.681031E-17
6967.601  1.589762E-17
6970.184  1.640206E-17
6972.768  1.613818E-17
6975.351  1.514285E-17
6977.935  1.587469E-17
6980.518  1.604300E-17
6983.101  1.548701E-17
6985.685  1.607805E-17
6988.268  1.590067E-17
6990.852  1.565831E-17
6993.435  1.564599E-17
6996.019  1.584959E-17
6998.602  1.523237E-17
7001.186  1.501878E-17
7003.769  1.571537E-17
7006.353  1.561560E-17
7008.936  1.561980E-17
7011.519  1.541289E-17
7014.103  1.528485E-17
7016.686  1.532260E-17
7019.27  1.471979E-17
7021.853  1.517730E-17
7024.437  1.548389E-17
7027.02  1.541042E-17
7029.604  1.513478E-17
7032.187  1.499210E-17
7034.77  1.592790E-17
7037.354  1.582247E-17
7039.937  1.506696E-17
7042.521  1.521727E-17
7045.104  1.499192E-17
7047.687  1.448557E-17
7050.271  1.496084E-17
7052.854  1.512009E-17
7055.438  1.512678E-17
7058.021  1.512875E-17
7060.604  1.527449E-17
7063.188  1.581835E-17
7065.771  1.599033E-17
7068.355  1.558536E-17
7070.938  1.554590E-17
7073.522  1.528451E-17
7076.105  1.523351E-17
7078.689  1.521967E-17
7081.272  1.525568E-17
7083.855  1.524388E-17
7086.439  1.527326E-17
7089.022  1.532435E-17
7091.606  1.549915E-17
7094.189  1.531974E-17
7096.773  1.532784E-17
7099.356  1.544581E-17
7101.94  1.505786E-17
7104.523  1.553936E-17
7107.107  1.592567E-17
7109.69  1.551590E-17
7112.273  1.545490E-17
7114.857  1.557781E-17
7117.44  1.511415E-17
7120.024  1.503165E-17
7122.607  1.480376E-17
7125.191  1.510556E-17
7127.774  1.514314E-17
7130.358  1.542574E-17
7132.941  1.554862E-17
7135.524  1.551572E-17
7138.108  1.551058E-17
7140.691  1.511613E-17
7143.275  1.562838E-17
7145.858  1.551952E-17
7148.442  1.536231E-17
7151.025  1.508169E-17
7153.609  1.509736E-17
7156.192  1.520343E-17
7158.775  1.565389E-17
7161.359  1.576009E-17
7163.942  1.524544E-17
7166.526  1.495373E-17
7169.109  1.467824E-17
7171.693  1.483343E-17
7174.276  1.479187E-17
7176.86  1.455039E-17
7179.443  1.494970E-17
7182.027  1.513944E-17
7184.61  1.486488E-17
7187.193  1.425899E-17
7189.777  1.400608E-17
7192.36  1.389092E-17
7194.944  1.410130E-17
7197.527  1.498261E-17
7200.111  1.464398E-17
7202.694  1.422108E-17
7205.278  1.435941E-17
7207.861  1.425330E-17
7210.444  1.464167E-17
7213.028  1.425869E-17
7215.611  1.298015E-17
7218.195  1.344004E-17
7220.778  1.476965E-17
7223.362  1.441906E-17
7225.945  1.294551E-17
7228.529  1.266617E-17
7231.112  1.248593E-17
7233.695  1.353903E-17
7236.279  1.424363E-17
7238.862  1.494874E-17
7241.446  1.575500E-17
7244.029  1.557132E-17
7246.613  1.520121E-17
7249.196  1.385433E-17
7251.78  1.346240E-17
7254.363  1.352948E-17
7256.947  1.474336E-17
7259.53  1.492876E-17
7262.113  1.405525E-17
7264.697  1.389724E-17
7267.28  1.321729E-17
7269.864  1.266987E-17
7272.447  1.411312E-17
7275.031  1.556973E-17
7277.614  1.563570E-17
7280.198  1.469995E-17
7282.781  1.398715E-17
7285.364  1.353497E-17
7287.948  1.073810E-17
7290.531  8.625542E-18
7293.115  1.170521E-17
7295.698  1.398609E-17
7298.282  1.445266E-17
7300.865  1.487216E-17
7303.449  1.540174E-17
7306.032  1.511725E-17
7308.615  1.434792E-17
7311.199  1.367661E-17
7313.782  1.450785E-17
7316.366  1.556442E-17
7318.949  1.553056E-17
7321.533  1.368855E-17
7324.116  1.366802E-17
7326.7  1.423400E-17
7329.283  1.420075E-17
7331.867  1.416358E-17
7334.45  1.299736E-17
7337.033  1.357810E-17
7339.617  1.528540E-17
7342.2  1.645185E-17
7344.784  1.555112E-17
7347.367  1.350433E-17
7349.951  1.342611E-17
7352.534  1.437507E-17
7355.118  1.476927E-17
7357.701  1.459671E-17
7360.284  1.402455E-17
7362.868  1.378561E-17
7365.451  1.422898E-17
7368.035  1.435965E-17
7370.618  1.470265E-17
7373.202  1.448926E-17
7375.785  1.393519E-17
7378.369  1.422784E-17
7380.952  1.443032E-17
7383.535  1.403659E-17
7386.119  1.407177E-17
7388.702  1.450580E-17
7391.286  1.438388E-17
7393.869  1.337317E-17
7396.453  1.372807E-17
7399.036  1.497136E-17
7401.62  1.475626E-17
7404.203  1.416239E-17
7406.787  1.415509E-17
7409.37  1.394010E-17
7411.953  1.387750E-17
7414.537  1.446686E-17
7417.12  1.452284E-17
7419.704  1.390041E-17
7422.287  1.385293E-17
7424.871  1.427925E-17
7427.454  1.463730E-17
7430.038  1.475763E-17
7432.621  1.447743E-17
7435.204  1.418072E-17
7437.788  1.409935E-17
7440.371  1.468826E-17
7442.955  1.504346E-17
7445.538  1.427515E-17
7448.122  1.396500E-17
7450.705  1.449724E-17
7453.289  1.462813E-17
7455.872  1.435651E-17
7458.455  1.382601E-17
7461.039  1.389941E-17
7463.622  1.462992E-17
7466.206  1.491476E-17
7468.789  1.478367E-17
7471.373  1.508307E-17
7473.956  1.526490E-17
7476.54  1.477614E-17
7479.123  1.439747E-17
7481.707  1.462029E-17
7484.29  1.514865E-17
7486.873  1.503176E-17
7489.457  1.428494E-17
7492.04  1.394443E-17
7494.624  1.379627E-17
7497.207  1.379026E-17
7499.791  1.386787E-17
7502.374  1.421218E-17
7504.958  1.404137E-17
7507.541  1.417602E-17
7510.124  1.412339E-17
7512.708  1.390081E-17
7515.291  1.373352E-17
7517.875  1.482235E-17
7520.458  1.487005E-17
7523.042  1.406897E-17
7525.625  1.431779E-17
7528.208  1.449493E-17
7530.792  1.414680E-17
7533.375  1.444504E-17
7535.958  1.456166E-17
7538.542  1.453425E-17
7541.125  1.464829E-17
7543.709  1.467364E-17
7546.292  1.510028E-17
7548.876  1.486155E-17
7551.459  1.427685E-17
7554.043  1.448772E-17
7556.626  1.438106E-17
7559.209  1.426682E-17
7561.793  1.427828E-17
7564.376  1.378087E-17
7566.96  1.355979E-17
7569.543  1.389029E-17
7572.127  1.462901E-17
7574.71  1.501127E-17
7577.294  1.498875E-17
7579.877  1.494152E-17
7582.46  1.477309E-17
7585.044  1.512012E-17
7587.627  1.650435E-17
7590.211  1.828053E-17
7592.794  1.921471E-17
7595.378  1.871283E-17
7597.961  1.663236E-17
7600.545  1.455507E-17
7603.128  1.170533E-17
7605.712  9.224428E-18
7608.295  8.317792E-18
7610.878  8.796060E-18
7613.462  1.056577E-17
7616.045  1.345032E-17
7618.629  1.496001E-17
7621.212  1.531733E-17
7623.796  1.438895E-17
7626.379  1.351493E-17
7628.963  1.243549E-17
7631.546  1.178344E-17
7634.129  1.170333E-17
7636.713  1.148738E-17
7639.296  1.088277E-17
7641.88  1.294166E-17
7644.463  1.166897E-17
7647.047  1.318407E-17
7649.63  1.216698E-17
7652.214  1.249291E-17
7654.797  1.323912E-17
7657.38  1.294476E-17
7659.964  1.247268E-17
7662.547  1.278307E-17
7665.131  1.359933E-17
7667.714  1.372168E-17
7670.298  1.374997E-17
7672.881  1.406849E-17
7675.465  1.407182E-17
7678.048  1.404272E-17
7680.632  1.408768E-17
7683.215  1.377928E-17
7685.798  1.352536E-17
7688.382  1.330619E-17
7690.965  1.374208E-17
7693.549  1.413445E-17
7696.132  1.362285E-17
7698.716  1.332763E-17
7701.299  1.380065E-17
7703.883  1.366942E-17
7706.466  1.350390E-17
7709.049  1.311450E-17
7711.633  1.367699E-17
7714.216  1.561243E-17
7716.8  1.510518E-17
7719.383  1.445583E-17
7721.967  1.378631E-17
7724.55  1.327115E-17
7727.134  1.398999E-17
7729.717  1.413305E-17
7732.3  1.381750E-17
7734.884  1.419979E-17
7737.467  1.460436E-17
7740.051  1.390621E-17
7742.634  1.228947E-17
7745.218  1.210680E-17
7747.801  1.382697E-17
7750.385  1.419660E-17
7752.968  1.316855E-17
7755.552  1.308156E-17
7758.135  1.381945E-17
7760.718  1.443307E-17
7763.302  1.364765E-17
7765.885  1.330021E-17
7768.469  1.345408E-17
7771.052  1.374350E-17
7773.636  1.349524E-17
7776.219  1.376899E-17
7778.803  1.403971E-17
7781.386  1.387853E-17
7783.969  1.383689E-17
7786.553  1.306023E-17
7789.136  1.361029E-17
7791.72  1.484118E-17
7794.303  1.472660E-17
7796.887  1.394258E-17
7799.47  1.276510E-17
7802.054  1.214236E-17
7804.637  1.289907E-17
7807.22  1.329847E-17
7809.804  1.332833E-17
7812.387  1.264225E-17
7814.971  1.252830E-17
7817.554  1.368718E-17
7820.138  1.438792E-17
7822.721  1.507288E-17
7825.305  1.507419E-17
7827.888  1.345420E-17
7830.472  1.304261E-17
7833.055  1.391698E-17
7835.638  1.389116E-17
7838.222  1.345226E-17
7840.805  1.371149E-17
7843.389  1.333030E-17
7845.972  1.138760E-17
7848.556  1.222251E-17
7851.139  1.403139E-17
7853.723  1.408862E-17
7856.306  1.436433E-17
7858.889  1.386364E-17
7861.473  1.345336E-17
7864.056  1.243927E-17
7866.64  1.275427E-17
7869.223  1.366436E-17
7871.807  1.418329E-17
7874.39  1.351194E-17
7876.974  1.242776E-17
7879.557  1.275809E-17
7882.14  1.276382E-17
7884.724  1.282217E-17
7887.307  1.336690E-17
7889.891  1.326911E-17
7892.474  1.353866E-17
7895.058  1.357097E-17
7897.641  1.262253E-17
7900.225  1.185211E-17
7902.808  1.203978E-17
7905.392  1.223077E-17
7907.975  1.179958E-17
7910.558  1.151616E-17
7913.142  1.224557E-17
7915.725  1.357892E-17
7918.309  1.312943E-17
7920.892  1.028793E-17
7923.476  9.285422E-18
7926.059  1.007421E-17
7928.643  1.096080E-17
7931.226  1.236231E-17
7933.809  1.386325E-17
7936.393  1.316676E-17
7938.976  1.212091E-17
7941.56  1.205680E-17
7944.143  1.222910E-17
7946.727  1.258612E-17
7949.31  1.262630E-17
7951.894  1.255846E-17
7954.477  1.267870E-17
7957.061  1.240016E-17
7959.644  1.315551E-17
7962.227  1.461540E-17
7964.811  1.418145E-17
7967.394  1.384430E-17
7969.978  1.343142E-17
7972.561  1.253620E-17
7975.145  1.201894E-17
7977.728  1.195618E-17
7980.312  1.200294E-17
7982.895  1.192602E-17
7985.478  1.129207E-17
7988.062  1.147463E-17
7990.645  1.212300E-17
7993.229  1.223520E-17
7995.812  1.180618E-17
7998.396  1.114556E-17
8000.979  1.067051E-17
8003.563  1.133009E-17
8006.146  1.166396E-17
8008.729  1.151439E-17
8011.312  1.217451E-17
8013.896  1.236958E-17
8016.479  1.187651E-17
8019.063  1.132907E-17
8021.646  1.163000E-17
8024.23  1.182388E-17
8026.813  1.228063E-17
8029.397  1.320175E-17
8031.98  1.260903E-17
8034.563  1.184446E-17
8037.147  1.237144E-17
8039.73  1.252708E-17
8042.314  1.256398E-17
8044.897  1.273832E-17
8047.481  1.305885E-17
8050.064  1.302152E-17
8052.648  1.280148E-17
8055.231  1.261181E-17
8057.814  1.280661E-17
8060.398  1.343296E-17
8062.981  1.380394E-17
8065.565  1.330099E-17
8068.148  1.247871E-17
8070.732  1.238074E-17
8073.315  1.247986E-17
8075.899  1.261078E-17
8078.482  1.289660E-17
8081.066  1.296160E-17
8083.649  1.277610E-17
8086.232  1.244054E-17
8088.816  1.265080E-17
8091.399  1.286926E-17
8093.983  1.274649E-17
8096.566  1.247451E-17
8099.15  1.229729E-17
8101.733  1.104237E-17
8104.317  1.157008E-17
8106.9  1.259118E-17
8109.483  1.195399E-17
8112.067  1.159417E-17
8114.65  1.192769E-17
8117.234  1.200221E-17
8119.817  1.239205E-17
8122.401  1.272522E-17
8124.984  1.255414E-17
8127.568  1.217355E-17
8130.151  1.224185E-17
8132.734  1.243010E-17
8135.318  1.251326E-17
8137.901  1.230034E-17
8140.485  1.205229E-17
8143.068  1.155263E-17
8145.652  1.129482E-17
8148.235  1.151516E-17
8150.819  1.195931E-17
8153.402  1.198796E-17
8155.986  1.152261E-17
8158.569  1.170283E-17
8161.152  1.197997E-17
8163.736  1.189568E-17
8166.319  1.185780E-17
8168.903  1.165587E-17
8171.486  1.163598E-17
8174.07  1.152419E-17
8176.653  1.146670E-17
8179.237  1.154447E-17
8181.82  1.184092E-17
8184.403  1.228664E-17
8186.987  1.199918E-17
8189.57  1.205954E-17
8192.154  1.228834E-17
8194.737  1.203959E-17
8197.32  1.195806E-17
8199.904  1.217077E-17
8202.487  1.192164E-17
8205.071  1.112126E-17
8207.654  1.110225E-17
8210.238  1.188313E-17
8212.821  1.191646E-17
8215.405  1.160125E-17
8217.988  1.173517E-17
8220.571  1.211439E-17
8223.155  1.199258E-17
8225.738  1.131668E-17
8228.322  1.104334E-17
8230.905  1.070166E-17
8233.489  1.045880E-17
8236.072  1.104192E-17
8238.656  1.162385E-17
8241.239  1.159927E-17
8243.823  1.184945E-17
8246.406  1.234034E-17
8248.989  1.094179E-17
8251.573  9.700235E-18
8254.156  1.053268E-17
8256.74  1.163808E-17
8259.323  1.176789E-17
8261.907  1.172815E-17
8264.49  1.183241E-17
8267.074  1.206846E-17
8269.657  1.173064E-17
8272.24  1.108480E-17
8274.824  1.071285E-17
8277.407  1.091944E-17
8279.991  1.116959E-17
8282.574  1.193579E-17
8285.158  1.241285E-17
8287.741  1.179507E-17
8290.325  1.128265E-17
8292.908  1.096776E-17
8295.491  1.117859E-17
8298.075  1.226193E-17
8300.658  1.315277E-17
8303.242  1.205442E-17
8305.825  1.056015E-17
8308.409  1.075962E-17
8310.992  1.145490E-17
8313.576  1.245475E-17
8316.159  1.229217E-17
8318.743  1.140134E-17
8321.326  1.120558E-17
8323.909  1.120954E-17
8326.493  1.113676E-17
8329.076  1.096145E-17
8331.66  1.124615E-17
8334.243  1.184992E-17
8336.827  1.116492E-17
8339.41  1.048430E-17
8341.994  1.140317E-17
8344.577  1.281480E-17
8347.16  1.321046E-17
8349.744  1.204284E-17
8352.327  1.201404E-17
8354.911  1.280796E-17
8357.494  1.195196E-17
8360.078  1.110093E-17
8362.661  1.164785E-17
8365.245  1.198833E-17
8367.828  1.173618E-17
8370.411  1.109524E-17
8372.995  1.099611E-17
8375.578  1.118181E-17
8378.162  1.136765E-17
8380.745  1.168908E-17
8383.329  1.143922E-17
8385.912  1.084977E-17
8388.496  1.080998E-17
8391.079  1.083930E-17
8393.663  1.026397E-17
8396.246  8.828166E-18
8398.829  9.864573E-18
8401.413  1.183722E-17
8403.996  1.062388E-17
8406.58  9.459137E-18
8409.163  1.033376E-17
8411.747  1.152604E-17
8414.33  1.191104E-17
8416.914  1.194035E-17
8419.497  1.165011E-17
8422.08  1.009655E-17
8424.664  9.708954E-18
8427.247  1.207934E-17
8429.831  1.386346E-17
8432.414  1.405126E-17
8434.998  1.261867E-17
8437.581  1.113036E-17
8440.165  1.104547E-17
8442.748  1.068017E-17
8445.331  1.032632E-17
8447.915  1.081507E-17
8450.498  1.139630E-17
8453.082  1.188627E-17
8455.665  1.187273E-17
8458.249  1.133163E-17
8460.832  1.162887E-17
8463.416  1.013501E-17
8465.999  1.171465E-17
8468.583  1.087967E-17
8471.166  1.201713E-17
8473.749  1.008854E-17
8476.333  1.101726E-17
8478.916  1.112780E-17
8481.5  1.094420E-17
8484.083  1.113976E-17
8486.667  1.126751E-17
8489.25  1.118690E-17
8491.834  1.172471E-17
8494.417  1.181271E-17
8497.  1.084260E-17
8499.584  1.035427E-17
8502.167  1.067972E-17
8504.751  1.099688E-17
8507.334  1.118396E-17
8509.918  1.111221E-17
8512.501  1.137930E-17
8515.085  1.143674E-17
8517.668  1.012756E-17
8520.251  9.960793E-18
8522.835  1.022665E-17
8525.418  1.049204E-17
8528.002  1.071599E-17
8530.585  1.118152E-17
8533.169  1.117349E-17
8535.752  1.088162E-17
8538.336  1.090007E-17
8540.919  1.067486E-17
8543.503  1.040694E-17
8546.086  1.065099E-17
8548.669  1.070828E-17
8551.253  1.079862E-17
8553.836  1.112869E-17
8556.42  1.097125E-17
8559.003  1.100233E-17
8561.587  1.079298E-17
8564.17  1.048561E-17
8566.754  1.050233E-17
8569.337  1.086081E-17
8571.92  1.051910E-17
8574.504  1.024597E-17
8577.087  1.085384E-17
8579.671  1.103548E-17
8582.254  1.073220E-17
8584.838  1.056102E-17
8587.421  1.060271E-17
8590.005  1.077262E-17
8592.588  1.084620E-17
8595.171  1.136067E-17
8597.755  1.142364E-17
8600.338  1.139713E-17
8602.922  1.101831E-17
8605.505  1.045278E-17
8608.089  1.001320E-17
8610.672  1.038060E-17
8613.256  1.065649E-17
8615.839  9.878257E-18
8618.423  1.000922E-17
8621.006  1.077514E-17
8623.589  1.081968E-17
8626.173  1.013301E-17
8628.756  9.600329E-18
8631.34  1.033777E-17
8633.923  1.128655E-17
8636.507  1.184693E-17
8639.09  1.059164E-17
8641.674  8.473647E-18
8644.257  7.452219E-18
8646.84  7.667618E-18
8649.424  8.770566E-18
8652.007  9.491874E-18
8654.591  8.390417E-18
8657.174  7.438621E-18
8659.758  7.834319E-18
8662.341  9.101805E-18
8664.925  9.330794E-18
8667.508  8.895738E-18
8670.091  8.289593E-18
8672.675  5.791539E-18
8675.258  5.085877E-18
8677.842  6.180386E-18
8680.425  6.129402E-18
8683.009  5.697196E-18
8685.592  5.552056E-18
8688.176  5.245681E-18
8690.759  5.354280E-18
8693.343  5.920292E-18
8695.926  6.353801E-18
8698.509  6.343238E-18
8701.093  6.051240E-18
8703.676  5.893554E-18
8706.26  5.810138E-18
8708.843  5.907435E-18
8711.427  5.782726E-18
8714.01  5.513872E-18
8716.594  4.890115E-18
8719.177  4.063108E-18
8721.76  4.274482E-18
8724.344  5.077760E-18
8726.927  6.041198E-18
8729.511  6.412072E-18
8732.094  6.389165E-18
8734.678  6.476497E-18
8737.261  5.998359E-18
8739.845  4.872034E-18
8742.428  4.202990E-18
8745.011  4.944540E-18
8747.595  6.031901E-18
8750.178  6.364579E-18
8752.762  6.169027E-18
8755.345  5.692657E-18
8757.929  6.109522E-18
8760.512  6.324818E-18
8763.096  6.152770E-18
8765.679  6.623913E-18
8768.263  6.115013E-18
8770.846  6.146103E-18
8773.429  6.814750E-18
8776.013  6.920998E-18
8778.596  6.635405E-18
8781.18  6.714476E-18
8783.763  6.885401E-18
8786.347  8.061039E-18
8788.93  9.925911E-18
8791.514  1.043227E-17
8794.097  1.037825E-17
8796.68  1.025767E-17
8799.264  9.536152E-18
8801.847  9.792881E-18
8804.431  1.013248E-17
8807.014  1.036623E-17
8809.598  1.046950E-17
8812.181  1.046101E-17
8814.765  1.024138E-17
8817.348  1.000079E-17
8819.931  9.537139E-18
8822.515  8.562966E-18
8825.098  9.304218E-18
8827.682  9.997678E-18
8830.265  8.385922E-18
8832.849  8.079549E-18
8835.432  9.824979E-18
8838.016  1.041008E-17
8840.599  9.250370E-18
8843.183  8.789053E-18
8845.766  8.832893E-18
8848.349  8.786063E-18
8850.933  9.119540E-18
8853.516  8.585502E-18
8856.1  7.406825E-18
8858.683  6.708880E-18
8861.267  7.136249E-18
8863.85  7.917095E-18
8866.434  8.723488E-18
8869.017  9.828102E-18
8871.6  9.532634E-18
8874.184  8.450330E-18
8876.767  7.602020E-18
8879.351  7.069204E-18
8881.934  7.438074E-18
8884.518  9.201110E-18
8887.101  1.066425E-17
8889.685  8.451241E-18
8892.268  6.812270E-18
8894.851  7.712690E-18
8897.435  9.053281E-18
8900.018  9.844410E-18
8902.602  1.025949E-17
8905.185  9.835278E-18
8907.769  9.214941E-18
8910.352  9.109086E-18
8912.936  9.020509E-18
8915.519  9.949441E-18
8918.103  1.279943E-17
8920.686  1.389414E-17
8923.269  1.156746E-17
8925.853  1.014353E-17
8928.436  1.046752E-17
8931.02  1.039985E-17
8933.603  1.030090E-17
8936.187  1.051256E-17
8938.77  1.109464E-17
8941.354  1.149686E-17
8943.937  1.129507E-17
8946.52  1.144444E-17
8949.104  1.185987E-17
8951.687  1.194758E-17
8954.271  1.201457E-17
8956.854  1.276346E-17
8959.438  1.190113E-17
8962.021  1.031233E-17
8964.604  1.093527E-17
8967.188  1.327869E-17
8969.771  1.455437E-17
8972.354  1.416219E-17
8974.937  1.346365E-17
8977.521  1.339522E-17
8980.104  1.392209E-17
8982.688  1.359590E-17
8985.271  1.243723E-17
8987.855  1.136203E-17
8990.438  1.107607E-17
8993.022  1.101091E-17
8995.605  1.203255E-17
8998.188  1.287101E-17
9000.772  1.396546E-17
9003.355  1.548823E-17
9005.939  1.499315E-17
9008.522  1.337999E-17
9011.106  1.230239E-17
9013.689  1.193194E-17
9016.273  1.201851E-17
9018.856  1.247539E-17
9021.439  1.296918E-17
9024.023  1.278629E-17
9026.606  1.259969E-17
9029.19  1.222336E-17
9031.773  1.206176E-17
9034.357  1.295393E-17
9036.94  1.362279E-17
9039.524  1.343156E-17
9042.107  1.298877E-17
9044.69  1.222027E-17
9047.274  1.073280E-17
9049.857  1.015537E-17
9052.441  1.049442E-17
9055.024  1.084196E-17
9057.608  1.138292E-17
9060.191  1.181980E-17
9062.775  1.144160E-17
9065.358  1.081256E-17
9067.942  1.053274E-17
9070.525  1.026416E-17
9073.108  1.024553E-17
9075.692  1.039068E-17
9078.275  1.039446E-17
9080.859  1.024790E-17
9083.442  1.005363E-17
9086.026  1.022855E-17
9088.609  9.621734E-18
9091.193  8.043451E-18
9093.776  7.841591E-18
9096.359  8.878091E-18
9098.943  8.660753E-18
9101.526  8.177226E-18
9104.11  7.502456E-18
9106.693  7.807716E-18
9109.277  8.305647E-18
9111.86  8.708882E-18
9114.444  8.843917E-18
9117.027  8.733641E-18
9119.61  9.213853E-18
9122.194  9.627697E-18
9124.777  9.054585E-18
9127.361  9.103187E-18
9129.944  9.159451E-18
9132.528  8.819303E-18
9135.111  8.588815E-18
9137.695  8.250056E-18
9140.278  8.362036E-18
9142.862  8.765805E-18
9145.445  9.110439E-18
9148.028  9.243388E-18
9150.612  8.724532E-18
9153.195  7.702194E-18
9155.779  7.341286E-18
9158.362  8.193322E-18
9160.946  9.113423E-18
9163.529  8.610744E-18
9166.113  7.814668E-18
9168.696  7.988629E-18
9171.279  8.259421E-18
9173.863  8.124654E-18
9176.446  7.499388E-18
9179.03  6.925874E-18
9181.613  7.331633E-18
9184.197  7.626047E-18
9186.78  7.462410E-18
9189.364  7.913831E-18
9191.947  8.039754E-18
9194.53  7.745125E-18
9197.114  7.621528E-18
9199.697  7.505881E-18
9202.281  7.309434E-18
9204.864  7.515974E-18
9207.448  8.236864E-18
9210.031  8.591912E-18
9212.615  8.135969E-18
9215.198  7.926217E-18
9217.782  7.608120E-18
9220.365  7.365409E-18
9222.948  7.816290E-18
9225.532  8.436220E-18
9228.115  8.610354E-18
9230.699  8.494758E-18
9233.282  8.369875E-18
9235.866  7.988992E-18
9238.449  7.449638E-18
9241.033  7.590224E-18
9243.616  8.055789E-18
9246.199  7.949154E-18
9248.783  7.669277E-18
9251.366  7.690257E-18
9253.95  7.581061E-18
9256.533  7.399215E-18
9259.117  7.483827E-18
9261.7  7.461982E-18
9264.284  7.251054E-18
9266.867  7.549780E-18
9269.45  8.102934E-18
9272.034  7.947207E-18
9274.617  6.968181E-18
9277.201  6.187771E-18
9279.784  6.159424E-18
9282.368  6.597788E-18
9284.951  6.596546E-18
9287.535  6.914219E-18
9290.118  7.680472E-18
9292.702  7.325456E-18
9295.285  6.632748E-18
9297.868  5.953714E-18
9300.452  5.055207E-18
9303.035  5.650400E-18
9305.619  7.258387E-18
9308.202  9.557500E-18
9310.786  1.096640E-17
9313.369  9.668814E-18
9315.953  6.212047E-18
9318.536  2.673861E-18
9321.119  8.565782E-19
9323.703  1.528368E-18
9326.286  3.086076E-18
9328.87  3.973078E-18
9331.453  4.366376E-18
9334.037  4.121467E-18
9336.62  3.763468E-18
9339.204  3.528619E-18
9341.787  3.193427E-18
9344.371  3.220300E-18
9346.954  3.700794E-18
9349.537  3.854662E-18
9352.121  4.136570E-18
9354.704  4.021276E-18
9357.288  3.846249E-18
9359.871  3.739028E-18
9362.455  3.932001E-18
9365.038  4.063896E-18
9367.622  3.969601E-18
9370.205  4.495078E-18
9372.788  5.496012E-18
9375.372  5.237606E-18
9377.955  3.555748E-18
9380.539  1.963601E-18
9383.122  2.904122E-18
9385.706  4.396789E-18
9388.289  5.129274E-18
9390.873  5.560177E-18
9393.456  5.208991E-18
9396.039  4.449060E-18
9398.623  4.284176E-18
9401.206  4.155763E-18
9403.79  4.403649E-18
9406.373  5.137278E-18
9408.957  5.776439E-18
9411.54  5.972307E-18
9414.124  5.193655E-18
9416.707  4.012953E-18
9419.291  3.119065E-18
9421.874  3.137184E-18
9424.457  4.015733E-18
9427.041  4.545357E-18
9429.624  4.661000E-18
9432.208  5.303596E-18
9434.791  6.364183E-18
9437.375  7.172032E-18
9439.958  5.236194E-18
9442.542  2.454856E-18
9445.125  2.265787E-18
9447.708  3.651128E-18
9450.292  4.394958E-18
9452.875  4.932923E-18
9455.459  5.361782E-18
9458.042  5.214679E-18
9460.626  3.813119E-18
9463.209  2.694974E-18
9465.793  3.161259E-18
9468.376  3.995462E-18
9470.959  5.440125E-18
9473.543  7.330964E-18
9476.126  8.494591E-18
9478.71  7.849337E-18
9481.293  4.639288E-18
9483.877  2.823997E-18
9486.46  2.916989E-18
9489.044  3.439547E-18
9491.627  3.492130E-18
9494.211  3.390746E-18
9496.794  3.759368E-18
9499.377  4.598438E-18
9501.961  4.979794E-18
9504.544  4.215690E-18
9507.128  3.046739E-18
9509.711  2.563370E-18
9512.295  3.483680E-18
9514.878  4.256505E-18
9517.462  5.002695E-18
9520.045  4.707696E-18
9522.628  3.974361E-18
9525.212  3.592884E-18
9527.795  2.965219E-18
9530.379  2.650963E-18
9532.962  3.308315E-18
9535.546  3.670705E-18
9538.129  3.911785E-18
9540.713  4.173742E-18
9543.296  3.966154E-18
9545.879  3.866992E-18
9548.463  4.120190E-18
9551.046  4.065415E-18
9553.63  3.374930E-18
9556.213  2.548345E-18
9558.797  2.421215E-18
9561.38  3.276235E-18
9563.964  4.204528E-18
9566.547  4.389926E-18
9569.131  4.997977E-18
9571.714  5.458311E-18
9574.297  4.587604E-18
9576.881  3.343500E-18
9579.464  2.861240E-18
9582.048  2.859678E-18
9584.631  3.261560E-18
9587.215  3.196784E-18
9589.798  3.011602E-18
9592.382  3.089112E-18
9594.965  3.023302E-18
9597.548  3.386604E-18
9600.132  3.808220E-18
9602.715  3.501345E-18
9605.299  3.039379E-18
9607.882  2.918425E-18
9610.466  3.031406E-18
9613.049  3.192835E-18
9615.633  2.826703E-18
9618.216  1.889075E-18
9620.799  1.963239E-18
9623.383  2.931082E-18
9625.966  3.355470E-18
9628.55  3.145040E-18
9631.133  3.235277E-18
9633.717  3.608256E-18
9636.3  3.346166E-18
9638.884  2.772704E-18
9641.467  2.551866E-18
9644.051  2.624898E-18
9646.634  2.794397E-18
9649.217  3.113177E-18
9651.801  3.315180E-18
9654.384  3.220049E-18
9656.968  3.300476E-18
9659.551  3.599821E-18
9662.135  3.405388E-18
9664.718  2.502010E-18
9667.302  2.073751E-18
9669.885  2.150749E-18
9672.468  2.400972E-18
9675.052  2.988011E-18
9677.635  3.555699E-18
9680.219  3.692963E-18
9682.802  3.655224E-18
9685.386  3.203751E-18
9687.969  3.210644E-18
9690.553  3.043608E-18
9693.136  2.541072E-18
9695.719  2.086232E-18
9698.303  2.178703E-18
9700.886  2.759972E-18
9703.47  3.307295E-18
9706.053  3.592765E-18
9708.637  3.769399E-18
9711.22  3.925470E-18
9713.804  3.466089E-18
9716.387  2.854993E-18
9718.971  2.470102E-18
9721.554  2.061249E-18
9724.137  1.859678E-18
9726.721  2.024485E-18
9729.304  2.558034E-18
9731.888  3.518900E-18
9734.471  3.730927E-18
9737.055  3.606845E-18
9739.638  3.729031E-18
9742.222  3.152356E-18
9744.805  2.641155E-18
9747.388  2.552639E-18
9749.972  2.512566E-18
9752.555  2.416657E-18
9755.139  2.144656E-18
9757.722  2.054452E-18
9760.306  2.256966E-18
9762.889  2.373562E-18
9765.473  2.527488E-18
9768.056  2.532755E-18
9770.639  2.330994E-18
9773.223  2.015351E-18
9775.806  1.941866E-18
9778.39  2.263304E-18
9780.973  2.498008E-18
9783.557  3.074943E-18
9786.14  4.253575E-18
9788.724  4.543066E-18
9791.307  3.933129E-18
9793.891  2.688072E-18
9796.474  1.644355E-18
9799.057  1.453480E-18
9801.641  1.652031E-18
9804.224  1.926133E-18
9806.808  2.327734E-18
9809.391  2.447152E-18
9811.975  2.721287E-18
9814.558  3.017873E-18
9817.142  2.762359E-18
9819.725  2.271979E-18
9822.308  2.171608E-18
9824.892  2.313935E-18
9827.475  2.243963E-18
9830.059  2.069002E-18
9832.642  2.205446E-18
9835.226  2.518772E-18
9837.809  2.642497E-18
9840.393  2.553092E-18
9842.976  2.581763E-18
9845.559  2.665817E-18
9848.143  2.464547E-18
9850.726  2.207830E-18
9853.31  2.299207E-18
9855.893  2.329058E-18
9858.477  2.152469E-18
9861.06  2.126044E-18
9863.644  2.644775E-18
9866.227  3.618106E-18
9868.811  4.115776E-18
9871.394  3.501624E-18
9873.977  2.451459E-18
9876.561  1.827963E-18
9879.144  1.608351E-18
9881.728  1.877028E-18
9884.311  2.510652E-18
9886.895  2.777545E-18
9889.478  2.863425E-18
9892.062  3.011189E-18
9894.645  2.748803E-18
9897.228  2.032382E-18
9899.812  1.738308E-18
9902.395  2.075005E-18
9904.979  2.063041E-18
9907.562  1.918018E-18
9910.146  1.612870E-18
9912.729  1.467042E-18
9915.313  1.759406E-18
9917.896  2.104174E-18
9920.479  2.019518E-18
9923.063  1.686820E-18
9925.646  1.626867E-18
9928.229  1.751010E-18
9930.812  1.596666E-18
9933.396  1.648040E-18
9935.979  2.356519E-18
9938.563  2.762966E-18
9941.146  2.408747E-18
9943.73  1.933800E-18
9946.313  1.522951E-18
9948.896  1.314798E-18
9951.48  1.304479E-18
9954.063  9.178646E-19
9956.647  8.596767E-19
9959.23  1.243453E-18
9961.814  1.423899E-18
9964.397  1.305457E-18
9966.981  1.206178E-18
9969.564  1.068326E-18
9972.147  9.255260E-19
9974.731  1.146314E-18
9977.314  1.524632E-18
9979.898  1.631942E-18
9982.481  1.553860E-18
9985.065  1.569689E-18
9987.648  1.582738E-18
9990.232  1.494432E-18
9992.815  1.468509E-18
9995.398  1.407590E-18
9997.982  1.294781E-18
10000.57  1.194407E-18
10003.15  1.501611E-18
10005.73  1.572886E-18
10008.32  1.165132E-18
10010.9  8.833150E-19
10013.48  7.949629E-19
10016.07  7.718839E-19
10018.65  1.428411E-18
10021.23  2.123674E-18
10023.82  2.489708E-18
10026.4  2.047465E-18
10028.98  1.349921E-18
10031.57  1.140493E-18
10034.15  1.496651E-18
10036.73  1.876467E-18
10039.32  1.875754E-18
10041.9  1.880654E-18
10044.48  1.761348E-18
10047.07  1.571387E-18
10049.65  1.471190E-18
10052.23  1.482448E-18
10054.82  1.691030E-18
10057.4  1.996910E-18
10059.99  2.126469E-18
10062.57  2.084926E-18
10065.15  1.966473E-18
10067.74  1.775163E-18
10070.32  1.672270E-18
10072.9  1.645339E-18
10075.49  1.464955E-18
10078.07  1.278376E-18
10080.65  1.377776E-18
10083.24  1.532374E-18
10085.82  1.453041E-18
10088.4  1.516833E-18
10090.99  1.679795E-18
10093.57  1.707599E-18
10096.15  1.512588E-18
10098.74  1.343417E-18
10101.32  1.415240E-18
10103.9  1.573844E-18
10106.49  1.549775E-18
10109.07  1.389620E-18
10111.65  1.334868E-18
10114.24  1.406403E-18
10116.82  1.402325E-18
10119.4  1.342649E-18
10121.99  1.633936E-18
10124.57  1.807256E-18
10127.15  1.505236E-18
10129.74  1.277586E-18
10132.32  1.140080E-18
10134.91  1.299281E-18
10137.49  1.463515E-18
10140.07  1.468712E-18
10142.66  1.389651E-18
10145.24  1.397981E-18
10147.82  1.480132E-18
10150.41  1.522571E-18
10152.99  1.500439E-18
10155.57  1.410174E-18
10158.16  1.421296E-18
10160.74  1.522644E-18
10163.32  1.704271E-18
10165.91  1.819011E-18
10168.49  1.792569E-18
10171.07  1.838435E-18
10173.66  1.810738E-18
10176.24  1.342167E-18
10178.82  1.043008E-18
10181.41  1.084862E-18
10183.99  1.103990E-18
10186.57  1.085922E-18
10189.16  1.325971E-18
10191.74  1.639161E-18
10194.32  1.600613E-18
10196.91  1.352934E-18
10199.49  1.257744E-18
10202.07  1.147549E-18
10204.66  1.133976E-18
10207.24  9.936011E-19
10209.83  1.204121E-18
10212.41  1.475400E-18
10214.99  1.558680E-18
10217.58  1.645602E-18
10220.16  1.522849E-18
10222.74  1.288183E-18
10225.33  1.383520E-18
10227.91  1.049780E-18
10230.49  8.798887E-19
10233.08  1.024289E-18
10235.66  1.088465E-18
10238.24  1.149493E-18
10240.83  1.430873E-18
10243.41  1.638899E-18
10245.99  1.504699E-18
10248.58  1.281751E-18
10251.16  1.315693E-18
10253.74  1.485606E-18
10256.33  1.498129E-18
10258.91  1.290367E-18
10261.49  1.120331E-18
10264.08  1.183876E-18
10266.66  1.247342E-18
10269.24  1.078651E-18
10271.83  9.246947E-19
10274.41  1.058244E-18
10276.99  1.201187E-18
10279.58  1.002198E-18
10282.16  8.145635E-19
10284.75  1.107693E-18
10287.33  1.442579E-18
10289.91  1.336628E-18
10292.5  1.487096E-18
10295.08  1.469992E-18
10297.66  1.115022E-18
10300.25  9.537516E-19
10302.83  1.090692E-18
10305.41  1.145750E-18
10308.  1.183129E-18
10310.58  1.396121E-18
10313.16  1.231944E-18
10315.75  9.580128E-19
10318.33  1.173599E-18
10320.91  1.281483E-18
10323.5  1.032879E-18
10326.08  9.087978E-19
10328.66  1.113537E-18
10331.25  1.383812E-18
10333.83  1.509894E-18
10336.41  1.450505E-18
10339.  1.358692E-18
10341.58  1.361582E-18
10344.16  1.555670E-18
10346.75  1.638498E-18
10349.33  1.436623E-18
10351.91  1.174147E-18
10354.5  1.099305E-18
10357.08  1.465005E-18
10359.67  1.655658E-18
10362.25  1.779072E-18
10364.83  1.881794E-18
10367.42  1.958479E-18
10370.  1.840773E-18
10372.58  1.614749E-18
10375.17  1.650733E-18
10377.75  1.729458E-18
