3634.851  4.844233E-17
3636.301  1.695037E-16
3637.751  1.309488E-16
3639.204  1.284826E-16
3640.655  1.071708E-16
3642.111  1.157235E-16
3643.566  1.231530E-16
3645.022  9.438827E-17
3646.48  8.745485E-17
3647.936  1.055775E-16
3649.396  9.871205E-17
3650.856  5.677024E-17
3652.315  1.285553E-16
3653.777  7.973824E-17
3655.239  9.572741E-17
3656.702  1.151163E-16
3658.167  1.067254E-16
3659.632  9.478374E-17
3661.098  9.928177E-17
3662.57  1.068251E-16
3664.047  1.009110E-16
3665.515  1.161689E-16
3666.986  1.163462E-16
3668.448  1.036390E-16
3669.915  1.301519E-16
3671.389  8.504317E-17
3672.86  1.176437E-16
3674.334  1.130623E-16
3675.811  1.041490E-16
3677.286  1.343941E-16
3678.778  1.312307E-16
3680.32  1.558682E-16
3681.8  8.767154E-17
3683.258  1.435646E-16
3684.683  1.029601E-16
3686.164  6.388942E-17
3687.646  9.248122E-17
3689.13  8.230640E-17
3690.614  1.055704E-16
3692.101  1.007357E-16
3693.587  1.354004E-16
3695.073  9.542434E-17
3696.561  8.628880E-17
3698.051  9.505410E-17
3699.541  1.293184E-16
3701.031  1.045488E-16
3702.523  8.177710E-17
3704.017  9.353133E-17
3705.51  8.889620E-17
3707.005  1.263085E-16
3708.5  1.151358E-16
3709.998  1.235918E-16
3711.494  1.153466E-16
3712.992  1.131751E-16
3714.493  1.220353E-16
3715.991  1.110450E-16
3717.493  1.309286E-16
3718.995  1.298760E-16
3720.498  9.991450E-17
3722.002  1.083102E-16
3723.505  1.123533E-16
3725.012  1.204984E-16
3726.518  1.174082E-16
3728.024  9.982079E-17
3729.534  9.575740E-17
3731.042  1.035102E-16
3732.552  1.210481E-16
3734.063  9.099853E-17
3735.575  1.200769E-16
3737.087  1.075849E-16
3738.601  1.013485E-16
3740.116  1.259876E-16
3741.632  1.267690E-16
3743.147  9.558287E-17
3744.664  1.215348E-16
3746.181  1.286445E-16
3747.701  1.029791E-16
3749.222  9.036717E-17
3750.742  1.228031E-16
3752.263  1.190314E-16
3753.786  1.127178E-16
3755.308  9.808635E-17
3756.833  1.204375E-16
3758.359  1.032695E-16
3759.883  1.161327E-16
3761.411  1.175845E-16
3762.937  1.071474E-16
3764.467  1.202868E-16
3765.998  1.348693E-16
3767.527  9.580295E-17
3769.059  1.064481E-16
3770.592  1.179900E-16
3772.125  1.375100E-16
3773.659  1.361995E-16
3775.193  1.201897E-16
3776.73  1.263902E-16
3778.266  1.222458E-16
3779.803  8.802464E-17
3781.341  1.143519E-16
3782.883  1.250567E-16
3784.42  1.051261E-16
3785.963  1.154727E-16
3787.506  9.825050E-17
3789.047  1.056362E-16
3790.591  1.509839E-16
3792.135  1.352611E-16
3793.681  1.525921E-16
3795.228  1.173459E-16
3796.775  1.101666E-16
3798.324  1.016664E-16
3799.874  1.081879E-16
3801.421  1.264469E-16
3802.973  1.247258E-16
3804.524  1.029445E-16
3806.076  1.294150E-16
3807.631  1.233138E-16
3809.184  1.283820E-16
3810.739  1.246240E-16
3812.295  1.200980E-16
3813.853  1.215326E-16
3815.409  1.222512E-16
3816.969  1.295086E-16
3818.528  1.216377E-16
3820.088  1.213390E-16
3821.648  1.190401E-16
3823.21  1.289867E-16
3824.773  1.307060E-16
3826.338  1.267416E-16
3827.902  1.105819E-16
3829.467  1.411308E-16
3831.034  1.146045E-16
3832.601  1.276042E-16
3834.17  1.165484E-16
3835.738  1.279982E-16
3837.308  1.242888E-16
3838.877  1.222556E-16
3840.45  1.464698E-16
3842.022  1.240599E-16
3843.595  1.467290E-16
3845.169  1.394899E-16
3846.744  1.211146E-16
3848.32  1.244973E-16
3849.897  1.233734E-16
3851.474  1.112844E-16
3853.053  1.200516E-16
3854.631  1.328907E-16
3856.212  1.217421E-16
3857.791  1.191416E-16
3859.373  1.272229E-16
3860.957  1.213001E-16
3862.54  1.145126E-16
3864.125  1.115403E-16
3865.709  1.269762E-16
3867.296  1.445064E-16
3868.882  1.299702E-16
3870.469  1.185795E-16
3872.059  1.315028E-16
3873.647  1.315042E-16
3875.238  1.323929E-16
3876.828  1.254787E-16
3878.421  1.366021E-16
3880.014  1.230434E-16
3881.607  1.244987E-16
3883.203  1.242924E-16
3884.797  1.136431E-16
3886.394  1.389765E-16
3887.99  1.368261E-16
3889.589  1.433836E-16
3891.186  1.289248E-16
3892.788  1.485087E-16
3894.387  1.166985E-16
3895.988  1.375290E-16
3897.59  1.302413E-16
3899.193  1.241511E-16
3900.796  1.228802E-16
3902.401  1.301808E-16
3904.007  1.246972E-16
3905.612  1.239311E-16
3907.22  1.248900E-16
3908.828  1.285422E-16
3910.436  1.230592E-16
3912.046  1.278670E-16
3913.657  1.078048E-16
3915.268  1.209499E-16
3916.878  1.143471E-16
3918.492  1.079064E-16
3920.106  1.315090E-16
3921.721  1.121861E-16
3923.336  1.179219E-16
3924.952  1.288094E-16
3926.569  1.214096E-16
3928.187  1.164988E-16
3929.805  1.175987E-16
3931.425  1.171570E-16
3933.045  1.169058E-16
3934.667  1.136168E-16
3936.288  1.181277E-16
3937.911  1.242367E-16
3939.535  1.106988E-16
3941.159  1.177451E-16
3942.784  1.143659E-16
3944.412  1.190117E-16
3946.038  1.181408E-16
3947.665  1.209667E-16
3949.295  1.199513E-16
3950.923  1.239523E-16
3952.554  1.066786E-16
3954.184  1.129043E-16
3955.816  1.180470E-16
3957.451  1.190361E-16
3959.087  1.252793E-16
3960.721  1.272713E-16
3962.354  1.138788E-16
3963.991  1.187943E-16
3965.625  1.210226E-16
3967.261  1.089644E-16
3968.9  1.192411E-16
3970.539  1.337557E-16
3972.18  1.221070E-16
3973.82  1.252625E-16
3975.462  1.185929E-16
3977.104  1.290640E-16
3978.748  1.300356E-16
3980.391  1.198560E-16
3982.036  1.358138E-16
3983.682  1.278529E-16
3985.328  1.266244E-16
3986.976  1.303463E-16
3988.624  1.133330E-16
3990.272  1.195559E-16
3991.922  1.274574E-16
3993.574  1.250830E-16
3995.224  1.147811E-16
3996.876  1.296375E-16
3998.528  1.153468E-16
4000.184  1.160974E-16
4001.836  1.206606E-16
4003.493  1.244030E-16
4005.148  1.162240E-16
4006.8  1.220376E-16
4008.463  1.187496E-16
4010.121  1.186947E-16
4011.781  1.219000E-16
4013.441  1.114817E-16
4015.102  1.048060E-16
4016.764  1.179738E-16
4018.427  1.245690E-16
4020.089  1.157164E-16
4021.754  1.233574E-16
4023.419  1.179405E-16
4025.083  1.176318E-16
4026.75  1.170471E-16
4028.416  1.192173E-16
4030.086  1.303437E-16
4031.754  1.232320E-16
4033.424  1.310836E-16
4035.094  1.266613E-16
4036.765  1.271972E-16
4038.438  1.263685E-16
4040.111  1.173301E-16
4041.785  1.206956E-16
4043.459  1.300424E-16
4045.134  1.169013E-16
4046.81  1.265346E-16
4048.487  1.278074E-16
4050.164  1.208912E-16
4051.842  1.151631E-16
4053.521  1.136963E-16
4055.201  1.161418E-16
4056.882  1.197074E-16
4058.564  1.226141E-16
4060.247  1.207632E-16
4061.929  1.155473E-16
4063.613  1.305290E-16
4065.297  1.286325E-16
4066.983  1.191584E-16
4068.669  1.201064E-16
4070.356  1.279425E-16
4072.043  1.276481E-16
4073.732  1.339596E-16
4075.421  1.307919E-16
4077.111  1.297406E-16
4078.802  1.266812E-16
4080.494  1.233084E-16
4082.187  1.192037E-16
4083.879  1.352508E-16
4085.573  1.275709E-16
4087.268  1.212159E-16
4088.963  1.168445E-16
4090.66  1.233341E-16
4092.357  1.224957E-16
4094.054  1.201316E-16
4095.753  1.321669E-16
4097.453  1.245366E-16
4099.151  1.291822E-16
4100.854  1.258897E-16
4102.555  1.186962E-16
4104.257  1.274602E-16
4105.96  1.331551E-16
4107.664  1.245041E-16
4109.369  1.257998E-16
4111.075  1.249568E-16
4112.781  1.254226E-16
4114.487  1.376177E-16
4116.196  1.270307E-16
4117.905  1.345579E-16
4119.614  1.305422E-16
4121.324  1.267223E-16
4123.036  1.310375E-16
4124.746  1.400165E-16
4126.458  1.315221E-16
4128.172  1.271327E-16
4129.886  1.328779E-16
4131.6  1.326710E-16
4133.316  1.409846E-16
4135.033  1.322325E-16
4136.749  1.297719E-16
4138.467  1.372386E-16
4140.186  1.384132E-16
4141.904  1.344097E-16
4143.625  1.233521E-16
4145.345  1.273226E-16
4147.066  1.209043E-16
4148.789  1.306761E-16
4150.513  1.316188E-16
4152.235  1.332548E-16
4153.96  1.274031E-16
4155.686  1.261294E-16
4157.411  1.239033E-16
4159.138  1.359464E-16
4160.866  1.303458E-16
4162.594  1.265489E-16
4164.323  1.349643E-16
4166.053  1.309950E-16
4167.784  1.322278E-16
4169.514  1.315399E-16
4171.247  1.298299E-16
4172.979  1.215417E-16
4174.713  1.291771E-16
4176.447  1.335091E-16
4178.182  1.284055E-16
4179.918  1.256734E-16
4181.654  1.286335E-16
4183.392  1.355355E-16
4185.13  1.263804E-16
4186.869  1.376817E-16
4188.608  1.222334E-16
4190.347  1.276450E-16
4192.089  1.333833E-16
4193.83  1.326625E-16
4195.574  1.279002E-16
4197.316  1.247349E-16
4199.06  1.345763E-16
4200.805  1.312309E-16
4202.55  1.308974E-16
4204.296  1.389473E-16
4206.043  1.350166E-16
4207.791  1.285049E-16
4209.54  1.322898E-16
4211.289  1.329744E-16
4213.038  1.343591E-16
4214.789  1.289131E-16
4216.54  1.292606E-16
4218.292  1.292636E-16
4220.044  1.248198E-16
4221.798  1.283759E-16
4223.553  1.170229E-16
4225.307  1.291837E-16
4227.063  1.295703E-16
4228.82  1.210184E-16
4230.577  1.266707E-16
4232.335  1.297568E-16
4234.093  1.302718E-16
4235.853  1.331812E-16
4237.613  1.253094E-16
4239.374  1.339682E-16
4241.136  1.344301E-16
4242.897  1.293698E-16
4244.66  1.242654E-16
4246.423  1.261135E-16
4248.188  1.277937E-16
4249.954  1.224115E-16
4251.719  1.302535E-16
4253.486  1.329420E-16
4255.253  1.292636E-16
4257.022  1.252582E-16
4258.79  1.250853E-16
4260.56  1.274943E-16
4262.331  1.236780E-16
4264.101  1.293676E-16
4265.872  1.256800E-16
4267.645  1.251203E-16
4269.418  1.322920E-16
4271.192  1.347622E-16
4272.966  1.270970E-16
4274.741  1.286794E-16
4276.518  1.315590E-16
4278.294  1.290503E-16
4280.072  1.203872E-16
4281.85  1.199743E-16
4283.628  1.302856E-16
4285.408  1.294821E-16
4287.188  1.331799E-16
4288.97  1.319697E-16
4290.751  1.308242E-16
4292.534  1.301179E-16
4294.317  1.235494E-16
4296.1  1.277169E-16
4297.885  1.209254E-16
4299.67  1.224965E-16
4301.457  1.207531E-16
4303.242  1.211864E-16
4305.03  1.234734E-16
4306.818  1.146019E-16
4308.607  1.164691E-16
4310.396  1.233745E-16
4312.188  1.301686E-16
4313.978  1.246811E-16
4315.769  1.216920E-16
4317.562  1.282006E-16
4319.354  1.274355E-16
4321.148  1.202939E-16
4322.943  1.238675E-16
4324.738  1.267558E-16
4326.534  1.250289E-16
4328.33  1.205493E-16
4330.128  1.245562E-16
4331.926  1.188190E-16
4333.724  1.261474E-16
4335.523  1.223200E-16
4337.324  1.262903E-16
4339.125  1.226553E-16
4340.926  1.177495E-16
4342.728  1.147746E-16
4344.531  1.226399E-16
4346.334  1.170915E-16
4348.139  1.249186E-16
4349.943  1.190765E-16
4351.749  1.251835E-16
4353.555  1.195151E-16
4355.363  1.193180E-16
4357.169  1.126275E-16
4358.979  1.156442E-16
4360.788  1.167852E-16
4362.597  1.157219E-16
4364.408  1.197157E-16
4366.219  1.174324E-16
4368.031  1.197637E-16
4369.843  1.117643E-16
4371.657  1.144217E-16
4373.471  1.221017E-16
4375.286  1.178161E-16
4377.101  1.213864E-16
4378.917  1.181067E-16
4380.734  1.169665E-16
4382.551  1.089319E-16
4384.369  1.104198E-16
4386.187  1.132801E-16
4388.007  1.142274E-16
4389.827  1.145039E-16
4391.648  1.159745E-16
4393.469  1.127837E-16
4395.292  1.116561E-16
4397.114  1.191845E-16
4398.938  1.117160E-16
4400.762  1.105436E-16
4402.587  1.138143E-16
4404.413  1.138300E-16
4406.239  1.101259E-16
4408.065  1.119118E-16
4409.894  1.149540E-16
4411.722  1.104981E-16
4413.551  1.094807E-16
4415.38  1.057435E-16
4417.211  1.131446E-16
4419.042  1.073768E-16
4420.874  1.151646E-16
4422.707  1.077738E-16
4424.539  1.088348E-16
4426.373  1.111093E-16
4428.207  1.069128E-16
4430.042  1.106277E-16
4431.877  1.092039E-16
4433.714  1.105949E-16
4435.551  1.080418E-16
4437.389  1.074271E-16
4439.228  1.053929E-16
4441.066  1.049247E-16
4442.906  1.098487E-16
4444.747  1.075570E-16
4446.588  1.055996E-16
4448.43  1.086838E-16
4450.272  1.073300E-16
4452.116  1.124010E-16
4453.959  1.104238E-16
4455.804  1.089441E-16
4457.648  1.050841E-16
4459.495  1.135284E-16
4461.341  1.084058E-16
4463.188  1.143197E-16
4465.036  1.090296E-16
4466.884  1.112257E-16
4468.733  1.077755E-16
4470.583  1.084580E-16
4472.433  1.157682E-16
4474.285  1.158670E-16
4476.136  1.080770E-16
4477.989  1.085759E-16
4479.841  1.078245E-16
4481.695  1.140719E-16
4483.55  1.125594E-16
4485.405  1.147627E-16
4487.261  1.067404E-16
4489.117  1.119121E-16
4490.974  1.106865E-16
4492.832  1.127163E-16
4494.69  1.205738E-16
4496.55  1.180321E-16
4498.409  1.093099E-16
4500.27  1.187824E-16
4502.13  1.147359E-16
4503.992  1.144381E-16
4505.854  1.136007E-16
4507.716  1.133304E-16
4509.581  1.134870E-16
4511.445  1.131627E-16
4513.31  1.154574E-16
4515.175  1.106698E-16
4517.042  1.150296E-16
4518.908  1.147790E-16
4520.776  1.153886E-16
4522.644  1.085160E-16
4524.513  1.106572E-16
4526.382  1.153190E-16
4528.252  1.144809E-16
4530.123  1.151068E-16
4531.994  1.152811E-16
4533.866  1.170948E-16
4535.739  1.151663E-16
4537.613  1.182066E-16
4539.486  1.142334E-16
4541.361  1.200906E-16
4543.236  1.167410E-16
4545.112  1.199951E-16
4546.989  1.176434E-16
4548.866  1.182341E-16
4550.744  1.180935E-16
4552.622  1.188304E-16
4554.501  1.134176E-16
4556.381  1.124328E-16
4558.261  1.171993E-16
4560.143  1.170186E-16
4562.024  1.148809E-16
4563.906  1.163143E-16
4565.789  1.135349E-16
4567.673  1.188722E-16
4569.557  1.200544E-16
4571.442  1.152893E-16
4573.327  1.180449E-16
4575.214  1.218350E-16
4577.1  1.161717E-16
4578.988  1.153312E-16
4580.875  1.196088E-16
4582.765  1.206680E-16
4584.654  1.184222E-16
4586.544  1.172702E-16
4588.434  1.181927E-16
4590.325  1.207868E-16
4592.217  1.173693E-16
4594.11  1.169574E-16
4596.003  1.224652E-16
4597.896  1.182339E-16
4599.791  1.114622E-16
4601.686  1.160569E-16
4603.581  1.169077E-16
4605.478  1.219206E-16
4607.375  1.151796E-16
4609.272  1.222158E-16
4611.17  1.188120E-16
4613.069  1.256597E-16
4614.968  1.141266E-16
4616.868  1.206801E-16
4618.769  1.214691E-16
4620.67  1.239122E-16
4622.572  1.207809E-16
4624.474  1.219462E-16
4626.378  1.231787E-16
4628.281  1.203726E-16
4630.186  1.199506E-16
4632.091  1.181533E-16
4633.996  1.234793E-16
4635.902  1.204507E-16
4637.809  1.245808E-16
4639.717  1.216322E-16
4641.625  1.229886E-16
4643.534  1.273514E-16
4645.443  1.245176E-16
4647.353  1.270683E-16
4649.264  1.243556E-16
4651.175  1.255261E-16
4653.086  1.222179E-16
4654.999  1.194201E-16
4656.912  1.209583E-16
4658.826  1.221098E-16
4660.74  1.228300E-16
4662.655  1.220477E-16
4664.57  1.128594E-16
4666.485  1.160587E-16
4668.403  1.162062E-16
4670.32  1.133073E-16
4672.238  1.172409E-16
4674.156  1.187286E-16
4676.075  1.180005E-16
4677.996  1.233314E-16
4679.916  1.182922E-16
4681.837  1.155917E-16
4683.759  1.214474E-16
4685.681  1.190911E-16
4687.604  1.232897E-16
4689.527  1.177858E-16
4691.451  1.149443E-16
4693.375  1.170317E-16
4695.301  1.177444E-16
4697.227  1.208919E-16
4699.153  1.146555E-16
4701.08  1.219300E-16
4703.008  1.187313E-16
4704.936  1.213302E-16
4706.865  1.192913E-16
4708.794  1.179279E-16
4710.725  1.194466E-16
4712.655  1.211101E-16
4714.585  1.258380E-16
4716.518  1.209503E-16
4718.451  1.187224E-16
4720.383  1.169829E-16
4722.318  1.165778E-16
4724.251  1.149745E-16
4726.187  1.143055E-16
4728.122  1.178903E-16
4730.058  1.179212E-16
4731.995  1.152174E-16
4733.932  1.172006E-16
4735.87  1.132197E-16
4737.809  1.178090E-16
4739.747  1.191136E-16
4741.687  1.179206E-16
4743.627  1.135029E-16
4745.568  1.172096E-16
4747.509  1.168517E-16
4749.452  1.234311E-16
4751.394  1.206992E-16
4753.337  1.226684E-16
4755.281  1.192975E-16
4757.226  1.132931E-16
4759.17  1.180596E-16
4761.116  1.189877E-16
4763.062  1.202677E-16
4765.009  1.177660E-16
4766.956  1.218142E-16
4768.904  1.210770E-16
4770.853  1.169031E-16
4772.801  1.180788E-16
4774.751  1.157708E-16
4776.701  1.164829E-16
4778.652  1.219725E-16
4780.604  1.151591E-16
4782.555  1.179247E-16
4784.509  1.214775E-16
4786.462  1.168081E-16
4788.416  1.188076E-16
4790.37  1.190469E-16
4792.325  1.131909E-16
4794.28  1.157598E-16
4796.237  1.196009E-16
4798.193  1.135243E-16
4800.151  1.164841E-16
4802.108  1.162457E-16
4804.067  1.189792E-16
4806.026  1.199834E-16
4807.986  1.170128E-16
4809.946  1.118399E-16
4811.907  1.206676E-16
4813.868  1.170605E-16
4815.83  1.172644E-16
4817.792  1.182310E-16
4819.755  1.141859E-16
4821.719  1.166447E-16
4823.684  1.162264E-16
4825.647  1.159799E-16
4827.613  1.163870E-16
4829.58  1.175176E-16
4831.546  1.145910E-16
4833.513  1.169106E-16
4835.48  1.172647E-16
4837.449  1.165919E-16
4839.417  1.166427E-16
4841.387  1.166434E-16
4843.357  1.145988E-16
4845.328  1.161639E-16
4847.299  1.140603E-16
4849.27  1.148457E-16
4851.242  1.199273E-16
4853.215  1.163619E-16
4855.188  1.140949E-16
4857.162  1.167269E-16
4859.137  1.114119E-16
4861.112  1.155300E-16
4863.088  1.145007E-16
4865.064  1.168370E-16
4867.041  1.177144E-16
4869.018  1.179095E-16
4870.996  1.118047E-16
4872.975  1.185734E-16
4874.954  1.135354E-16
4876.933  1.090909E-16
4878.913  1.132121E-16
4880.894  1.147990E-16
4882.875  1.133621E-16
4884.856  1.121296E-16
4886.839  1.121586E-16
4888.821  1.125625E-16
4890.806  1.147893E-16
4892.79  1.091193E-16
4894.774  1.111239E-16
4896.76  1.102507E-16
4898.746  1.086807E-16
4900.731  1.133732E-16
4902.719  1.136967E-16
4904.706  1.092458E-16
4906.694  1.110722E-16
4908.683  1.102148E-16
4910.672  1.104760E-16
4912.661  1.108293E-16
4914.652  1.085208E-16
4916.642  1.112664E-16
4918.634  1.106806E-16
4920.625  1.077169E-16
4922.618  1.119841E-16
4924.611  1.112382E-16
4926.604  1.100235E-16
4928.599  1.129633E-16
4930.593  1.104909E-16
4932.588  1.062866E-16
4934.584  1.100102E-16
4936.581  1.077189E-16
4938.577  1.075505E-16
4940.575  1.108090E-16
4942.573  1.093307E-16
4944.571  1.088887E-16
4946.57  1.122890E-16
4948.57  1.105782E-16
4950.57  1.101396E-16
4952.57  1.101853E-16
4954.572  1.049205E-16
4956.573  1.097818E-16
4958.577  1.092818E-16
4960.579  1.104893E-16
4962.582  1.113872E-16
4964.586  1.141321E-16
4966.591  1.066523E-16
4968.595  1.091595E-16
4970.597  1.077250E-16
4972.604  1.066796E-16
4974.614  1.058310E-16
4976.622  1.048635E-16
4978.629  1.096901E-16
4980.638  1.094340E-16
4982.646  1.097037E-16
4984.656  1.078973E-16
4986.665  1.094134E-16
4988.676  1.090323E-16
4990.687  1.033727E-16
4992.699  1.041803E-16
4994.711  1.073169E-16
4996.723  1.066069E-16
4998.736  1.011854E-16
5000.75  1.019023E-16
5002.764  9.959384E-17
5004.78  9.796528E-17
5006.794  1.035222E-16
5008.812  1.068967E-16
5010.841  9.732505E-17
5012.843  1.070984E-16
5014.861  1.012652E-16
5016.878  9.845061E-17
5018.897  9.750497E-17
5020.916  1.009041E-16
5022.936  9.972371E-17
5024.956  9.704391E-17
5026.977  1.027761E-16
5028.998  1.038974E-16
5031.02  1.034768E-16
5033.042  1.051764E-16
5035.064  1.010361E-16
5037.087  9.908711E-17
5039.111  1.038484E-16
5041.136  1.034091E-16
5043.16  1.013860E-16
5045.185  1.016749E-16
5047.212  1.016842E-16
5049.239  1.007632E-16
5051.265  1.053168E-16
5053.292  1.067936E-16
5055.321  1.030485E-16
5057.348  1.027905E-16
5059.378  1.019063E-16
5061.408  1.031925E-16
5063.438  1.043525E-16
5065.468  9.928298E-17
5067.499  1.009956E-16
5069.531  1.031835E-16
5071.564  1.028884E-16
5073.596  1.020201E-16
5075.628  9.982119E-17
5077.663  1.024652E-16
5079.697  1.019903E-16
5081.731  1.055881E-16
5083.768  1.002502E-16
5085.803  1.016091E-16
5087.84  1.041093E-16
5089.877  1.008136E-16
5091.914  1.030484E-16
5093.952  1.031606E-16
5095.99  1.032742E-16
5098.028  1.047923E-16
5100.069  1.041635E-16
5102.108  1.003031E-16
5104.149  1.016324E-16
5106.19  1.040697E-16
5108.231  1.009667E-16
5110.273  1.001266E-16
5112.315  1.036810E-16
5114.359  1.013332E-16
5116.402  1.020317E-16
5118.446  9.999585E-17
5120.491  1.036144E-16
5122.537  1.044584E-16
5124.581  1.037137E-16
5126.627  1.034753E-16
5128.674  1.031446E-16
5130.722  1.008449E-16
5132.77  9.753551E-17
5134.818  1.019064E-16
5136.866  9.564008E-17
5138.916  1.013006E-16
5140.964  1.005973E-16
5143.015  1.002870E-16
5145.066  9.931134E-17
5147.117  1.014361E-16
5149.167  9.961921E-17
5151.219  1.028184E-16
5153.274  1.009083E-16
5155.327  9.789044E-17
5157.381  1.010516E-16
5159.434  1.042807E-16
5161.489  1.068878E-16
5163.544  1.028162E-16
5165.6  1.011212E-16
5167.657  1.012594E-16
5169.713  1.000180E-16
5171.771  1.019470E-16
5173.829  1.025211E-16
5175.886  1.004096E-16
5177.945  1.025917E-16
5180.005  1.021784E-16
5182.064  1.028115E-16
5184.124  1.035246E-16
5186.185  1.027570E-16
5188.244  1.045240E-16
5190.309  1.022850E-16
5192.37  1.023333E-16
5194.433  1.041975E-16
5196.496  9.815472E-17
5198.56  1.034151E-16
5200.624  9.976620E-17
5202.688  1.030375E-16
5204.753  1.031099E-16
5206.819  1.011777E-16
5208.885  1.074280E-16
5210.952  1.056373E-16
5213.02  1.081395E-16
5215.087  1.030535E-16
5217.154  1.015745E-16
5219.222  1.037515E-16
5221.292  1.049993E-16
5223.363  1.035864E-16
5225.432  1.017884E-16
5227.503  1.021893E-16
5229.574  9.871382E-17
5231.646  1.036959E-16
5233.716  9.975793E-17
5235.791  1.033713E-16
5237.864  9.987133E-17
5239.937  1.018027E-16
5242.01  9.586198E-17
5244.085  1.032611E-16
5246.161  9.883821E-17
5248.236  1.027773E-16
5250.312  1.055135E-16
5252.389  1.053142E-16
5254.465  9.997245E-17
5256.542  9.945765E-17
5258.621  9.753288E-17
5260.699  1.033211E-16
5262.778  1.014686E-16
5264.857  1.020189E-16
5266.937  1.011022E-16
5269.017  1.022483E-16
5271.098  1.040410E-16
5273.18  1.032417E-16
5275.261  1.018403E-16
5277.343  1.013515E-16
5279.426  1.021373E-16
5281.509  1.002750E-16
5283.593  1.024909E-16
5285.677  9.908302E-17
5287.762  1.000972E-16
5289.847  9.645422E-17
5291.932  9.889596E-17
5294.018  1.027778E-16
5296.105  1.009908E-16
5298.192  1.016284E-16
5300.28  9.931041E-17
5302.367  9.950815E-17
5304.456  1.011322E-16
5306.545  1.006812E-16
5308.634  1.023742E-16
5310.724  9.951933E-17
5312.814  1.034011E-16
5314.905  1.039617E-16
5316.996  1.018747E-16
5319.087  1.006377E-16
5321.18  1.026388E-16
5323.273  1.001883E-16
5325.367  1.005522E-16
5327.46  9.616441E-17
5329.554  9.333202E-17
5331.649  9.645625E-17
5333.743  1.010977E-16
5335.839  9.937759E-17
5337.935  1.002387E-16
5340.031  1.012161E-16
5342.129  9.801023E-17
5344.226  9.866118E-17
5346.324  1.002735E-16
5348.422  9.993266E-17
5350.521  1.003708E-16
5352.621  1.008898E-16
5354.719  1.015043E-16
5356.82  1.023047E-16
5358.92  1.023668E-16
5361.021  1.026946E-16
5363.123  1.043083E-16
5365.225  1.022600E-16
5367.328  1.030060E-16
5369.431  1.042573E-16
5371.534  1.033821E-16
5373.638  1.036296E-16
5375.742  1.054048E-16
5377.847  1.050285E-16
5379.951  1.001086E-16
5382.058  1.034600E-16
5384.164  1.015461E-16
5386.271  1.056469E-16
5388.378  1.060448E-16
5390.486  1.033079E-16
5392.593  1.035190E-16
5394.701  1.027306E-16
5396.812  1.032765E-16
5398.92  1.050258E-16
5401.03  1.048256E-16
5403.141  1.069162E-16
5405.251  1.050057E-16
5407.362  1.108274E-16
5409.473  1.055197E-16
5411.586  1.051650E-16
5413.699  1.049498E-16
5415.811  1.035038E-16
5417.925  1.051118E-16
5420.04  1.046418E-16
5422.154  1.052007E-16
5424.269  1.064821E-16
5426.384  1.032859E-16
5428.5  1.017924E-16
5430.616  1.003561E-16
5432.732  1.014064E-16
5434.85  1.006890E-16
5436.967  1.051004E-16
5439.085  1.016680E-16
5441.204  1.052602E-16
5443.323  1.040926E-16
5445.442  1.038630E-16
5447.562  1.021721E-16
5449.682  1.052215E-16
5451.802  1.044634E-16
5453.923  1.060616E-16
5456.045  1.068535E-16
5458.167  1.034522E-16
5460.289  1.053020E-16
5462.413  1.019341E-16
5464.536  9.992306E-17
5466.659  1.013736E-16
5468.783  1.045991E-16
5470.908  1.056744E-16
5473.033  1.064440E-16
5475.16  1.026645E-16
5477.286  1.002564E-16
5479.412  1.006232E-16
5481.54  1.006884E-16
5483.667  1.010615E-16
5485.794  1.024619E-16
5487.923  1.002621E-16
5490.05  9.761700E-17
5492.18  9.918887E-17
5494.31  1.026791E-16
5496.44  1.015715E-16
5498.57  1.010339E-16
5500.701  1.006027E-16
5502.833  1.042568E-16
5504.964  1.010158E-16
5507.097  1.030492E-16
5509.229  1.004765E-16
5511.362  9.775340E-17
5513.496  9.941377E-17
5515.629  1.001171E-16
5517.763  1.011040E-16
5519.898  1.014142E-16
5522.034  9.999712E-17
5524.169  1.020229E-16
5526.305  1.016629E-16
5528.443  1.014669E-16
5530.58  9.981061E-17
5532.717  1.019428E-16
5534.854  9.938946E-17
5536.993  1.026208E-16
5539.131  1.023064E-16
5541.271  1.011684E-16
5543.411  1.000542E-16
5545.551  1.029902E-16
5547.691  1.027084E-16
5549.832  1.008761E-16
5551.974  1.026283E-16
5554.114  1.024402E-16
5556.256  1.013139E-16
5558.399  1.011212E-16
5560.543  9.899508E-17
5562.687  9.634976E-17
5564.829  1.019818E-16
5566.974  1.011648E-16
5569.119  1.003804E-16
5571.265  9.886243E-17
5573.41  9.669371E-17
5575.557  9.963896E-17
5577.703  1.000174E-16
5579.851  1.036783E-16
5581.998  1.007743E-16
5584.145  1.057990E-16
5586.292  9.976105E-17
5588.44  1.014947E-16
5590.589  9.907866E-17
5592.739  9.826756E-17
5594.889  9.921130E-17
5597.04  9.877936E-17
5599.19  1.014844E-16
5601.34  1.008608E-16
5603.493  9.945072E-17
5605.644  9.882226E-17
5607.796  9.816267E-17
5609.949  9.673987E-17
5612.102  1.005941E-16
5614.257  1.000993E-16
5616.41  9.473776E-17
5618.564  9.767499E-17
5620.719  9.818562E-17
5622.875  9.752374E-17
5625.03  9.766865E-17
5627.186  9.768223E-17
5629.343  9.984646E-17
5631.5  9.689721E-17
5633.658  9.758419E-17
5635.815  9.997995E-17
5637.973  9.601810E-17
5640.131  9.900648E-17
5642.291  9.883251E-17
5644.451  9.758059E-17
5646.611  9.801091E-17
5648.77  9.578773E-17
5650.932  9.586539E-17
5653.092  9.585726E-17
5655.253  9.963230E-17
5657.416  1.000664E-16
5659.578  9.609181E-17
5661.74  9.755170E-17
5663.904  9.691053E-17
5666.067  9.700484E-17
5668.231  9.852038E-17
5670.396  9.609151E-17
5672.561  9.893925E-17
5674.726  9.702033E-17
5676.891  9.616273E-17
5679.058  9.752196E-17
5681.224  9.906946E-17
5683.39  9.913685E-17
5685.558  9.806481E-17
5687.725  9.529089E-17
5689.893  9.647756E-17
5692.062  9.634545E-17
5694.23  9.757425E-17
5696.4  9.613253E-17
5698.569  9.461368E-17
5700.74  9.328855E-17
5702.911  9.215280E-17
5705.08  9.358553E-17
5707.252  9.565665E-17
5709.424  9.716279E-17
5711.597  9.567894E-17
5713.769  9.726470E-17
5715.941  9.466044E-17
5718.115  9.464220E-17
5720.288  9.681087E-17
5722.463  9.533400E-17
5724.637  9.339865E-17
5726.812  9.583280E-17
5728.987  9.732302E-17
5731.163  9.625748E-17
5733.337  9.404584E-17
5735.515  9.397141E-17
5737.692  9.403955E-17
5739.87  9.160107E-17
5742.047  9.195823E-17
5744.225  9.479133E-17
5746.404  9.537699E-17
5748.583  9.211193E-17
5750.761  9.368246E-17
5752.942  9.306470E-17
5755.122  9.538232E-17
5757.303  9.701541E-17
5759.483  9.194094E-17
5761.664  9.519128E-17
5763.846  9.323995E-17
5766.026  9.431634E-17
5768.21  9.201992E-17
5770.393  9.582724E-17
5772.577  9.158283E-17
5774.76  9.294949E-17
5776.944  9.597818E-17
5779.128  8.994121E-17
5781.313  9.403127E-17
5783.499  9.705004E-17
5785.684  9.669260E-17
5787.87  9.349754E-17
5790.056  9.463560E-17
5792.243  8.931691E-17
5794.431  9.033464E-17
5796.618  9.226766E-17
5798.806  9.484798E-17
5800.994  9.339892E-17
5803.183  9.523391E-17
5805.372  9.439135E-17
5807.56  9.167189E-17
5809.75  9.096450E-17
5811.941  9.219776E-17
5814.132  9.159982E-17
5816.323  9.374419E-17
5818.514  9.398173E-17
5820.706  9.230024E-17
5822.898  9.480351E-17
5825.089  9.054255E-17
5827.284  9.273271E-17
5829.477  9.552483E-17
5831.67  9.433690E-17
5833.863  9.284377E-17
5836.059  9.057792E-17
5838.254  9.216483E-17
5840.449  9.343382E-17
5842.645  9.296917E-17
5844.841  9.141099E-17
5847.037  9.576920E-17
5849.234  9.437137E-17
5851.431  9.180066E-17
5853.627  9.262767E-17
5855.825  9.347185E-17
5858.024  9.755941E-17
5860.223  9.259428E-17
5862.422  9.301937E-17
5864.622  9.226468E-17
5866.822  9.354059E-17
5869.022  9.336459E-17
5871.222  9.508266E-17
5873.422  9.070248E-17
5875.625  9.509000E-17
5877.826  9.259231E-17
5880.028  9.254355E-17
5882.23  9.241028E-17
5884.434  8.817641E-17
5886.637  8.459766E-17
5888.841  8.022422E-17
5891.045  8.289989E-17
5893.25  8.394527E-17
5895.454  8.233138E-17
5897.659  8.743326E-17
5899.864  8.475255E-17
5902.069  9.217163E-17
5904.275  9.131412E-17
5906.481  9.088931E-17
5908.689  9.032401E-17
5910.895  9.008757E-17
5913.103  9.463333E-17
5915.312  8.872414E-17
5917.52  9.030361E-17
5919.728  8.959317E-17
5921.938  8.866318E-17
5924.147  9.168351E-17
5926.357  9.324325E-17
5928.568  9.017185E-17
5930.778  8.900847E-17
5932.989  9.231403E-17
5935.201  8.598047E-17
5937.412  8.943086E-17
5939.624  9.088860E-17
5941.836  8.766151E-17
5944.05  8.799372E-17
5946.263  8.945112E-17
5948.476  8.885282E-17
5950.69  8.864899E-17
5952.904  9.277738E-17
5955.119  8.769337E-17
5957.334  8.718244E-17
5959.548  8.597802E-17
5961.765  8.647469E-17
5963.981  8.622519E-17
5966.197  8.633878E-17
5968.414  8.753733E-17
5970.631  8.662708E-17
5972.849  8.778285E-17
5975.067  9.088154E-17
5977.284  8.966791E-17
5979.504  8.660106E-17
5981.723  8.972867E-17
5983.941  9.011695E-17
5986.162  8.975160E-17
5988.382  8.941875E-17
5990.601  8.538159E-17
5992.822  8.710468E-17
5995.043  8.649174E-17
5997.265  9.031952E-17
5999.487  9.281325E-17
6001.709  9.064506E-17
6003.931  8.842061E-17
6006.155  8.898313E-17
6008.378  8.999316E-17
6010.602  8.790467E-17
6012.825  8.749305E-17
6015.05  8.720038E-17
6017.274  8.652094E-17
6019.499  8.814152E-17
6021.725  8.820127E-17
6023.951  8.886984E-17
6026.176  9.001287E-17
6028.403  8.954321E-17
6030.63  8.731044E-17
6032.858  8.982655E-17
6035.085  9.009906E-17
6037.313  8.850746E-17
6039.542  8.540664E-17
6041.77  8.791670E-17
6043.998  8.499060E-17
6046.228  8.761701E-17
6048.457  8.782054E-17
6050.688  8.939977E-17
6052.917  8.733376E-17
6055.149  9.097246E-17
6057.379  9.396692E-17
6059.611  9.147365E-17
6061.843  9.094595E-17
6064.074  9.146056E-17
6066.308  9.147163E-17
6068.54  8.457899E-17
6070.773  8.178315E-17
6073.007  8.445867E-17
6075.24  8.056810E-17
6077.474  8.299424E-17
6079.709  8.219956E-17
6081.943  8.403996E-17
6084.179  8.506646E-17
6086.415  8.809590E-17
6088.651  8.545605E-17
6090.887  8.911002E-17
6093.123  8.755439E-17
6095.361  8.610359E-17
6097.598  8.586944E-17
6099.835  8.537540E-17
6102.073  8.862784E-17
6104.312  8.740463E-17
6106.55  8.704190E-17
6108.789  8.612310E-17
6111.029  9.135511E-17
6113.269  8.724560E-17
6115.508  8.726918E-17
6117.749  8.735748E-17
6119.989  8.605020E-17
6122.229  8.844831E-17
6124.471  8.771698E-17
6126.713  8.696558E-17
6128.956  8.739675E-17
6131.197  8.531915E-17
6133.44  8.762580E-17
6135.683  8.793579E-17
6137.926  8.675982E-17
6140.171  8.622614E-17
6142.415  8.600081E-17
6144.659  8.969396E-17
6146.904  8.608011E-17
6149.148  8.617828E-17
6151.395  8.730255E-17
6153.641  9.058743E-17
6155.886  8.693863E-17
6158.132  8.566219E-17
6160.379  8.557380E-17
6162.626  8.524527E-17
6164.874  8.723593E-17
6167.122  8.472565E-17
6169.37  8.600043E-17
6171.618  8.586102E-17
6173.868  8.707255E-17
6176.117  8.688289E-17
6178.366  8.868995E-17
6180.614  8.436170E-17
6182.865  8.559932E-17
6185.116  8.647652E-17
6187.365  8.626118E-17
6189.617  8.561074E-17
6191.87  8.791179E-17
6194.121  8.611275E-17
6196.374  8.500458E-17
6198.626  8.631691E-17
6200.878  8.559246E-17
6203.132  8.437202E-17
6205.384  8.414149E-17
6207.638  8.244460E-17
6209.892  8.688624E-17
6212.147  8.620413E-17
6214.402  8.998726E-17
6216.656  8.797628E-17
6218.912  8.821583E-17
6221.167  8.584555E-17
6223.423  8.366329E-17
6225.68  8.750510E-17
6227.937  8.767945E-17
6230.193  8.773938E-17
6232.452  8.504219E-17
6234.708  8.605403E-17
6236.967  8.333903E-17
6239.226  8.293145E-17
6241.483  8.405493E-17
6243.742  8.393520E-17
6246.002  8.676946E-17
6248.261  8.358197E-17
6250.521  8.858514E-17
6252.781  8.544334E-17
6255.042  8.394709E-17
6257.303  8.434200E-17
6259.564  8.439761E-17
6261.826  8.713158E-17
6264.088  8.634883E-17
6266.35  8.390879E-17
6268.612  8.434839E-17
6270.875  8.320187E-17
6273.138  8.122976E-17
6275.401  8.170048E-17
6277.665  8.144130E-17
6279.929  7.966270E-17
6282.193  8.150357E-17
6284.458  8.316455E-17
6286.724  8.490198E-17
6288.989  8.272388E-17
6291.255  8.230750E-17
6293.521  8.115590E-17
6295.787  7.976977E-17
6298.054  7.758902E-17
6300.321  7.911902E-17
6302.588  7.751018E-17
6304.856  8.008650E-17
6307.124  8.247780E-17
6309.391  7.962062E-17
6311.66  8.293088E-17
6313.929  8.237648E-17
6316.198  8.197044E-17
6318.467  8.230556E-17
6320.737  8.227011E-17
6323.007  8.257337E-17
6325.278  8.338199E-17
6327.548  8.103722E-17
6329.819  8.079958E-17
6332.093  8.496291E-17
6334.362  8.192930E-17
6336.634  8.160813E-17
6338.907  8.446249E-17
6341.18  8.454656E-17
6343.452  8.004104E-17
6345.725  8.105730E-17
6347.998  8.313319E-17
6350.272  7.808852E-17
6352.547  8.016109E-17
6354.821  7.997479E-17
6357.096  8.001404E-17
6359.371  7.908118E-17
6361.646  7.970548E-17
6363.922  8.124752E-17
6366.198  7.896656E-17
6368.474  8.051503E-17
6370.75  7.949126E-17
6373.027  8.034798E-17
6375.304  8.299750E-17
6377.582  8.115408E-17
6379.86  7.945930E-17
6382.138  8.121806E-17
6384.416  8.221739E-17
6386.695  7.927564E-17
6388.975  8.093372E-17
6391.254  8.175327E-17
6393.533  8.429720E-17
6395.813  8.032352E-17
6398.093  7.983436E-17
6400.374  8.220737E-17
6402.655  8.120647E-17
6404.936  7.959083E-17
6407.217  7.946653E-17
6409.499  7.940080E-17
6411.781  8.000592E-17
6414.063  7.938969E-17
6416.346  8.155318E-17
6418.629  8.018372E-17
6420.912  7.640400E-17
6423.196  7.799946E-17
6425.479  7.930201E-17
6427.764  7.901611E-17
6430.049  7.799760E-17
6432.333  7.815184E-17
6434.618  7.820662E-17
6436.903  7.624419E-17
6439.189  7.869453E-17
6441.475  7.877990E-17
6443.761  7.783752E-17
6446.048  7.846146E-17
6448.335  7.851378E-17
6450.622  7.953120E-17
6452.909  8.008950E-17
6455.197  7.841946E-17
6457.485  7.875953E-17
6459.773  8.014578E-17
6462.062  8.089657E-17
6464.351  7.831876E-17
6466.641  7.877774E-17
6468.93  7.755331E-17
6471.219  7.817076E-17
6473.509  7.857097E-17
6475.8  7.694564E-17
6478.091  7.880634E-17
6480.382  7.813178E-17
6482.673  8.044169E-17
6484.964  7.603792E-17
6487.256  7.909797E-17
6489.549  7.853093E-17
6491.841  7.835539E-17
6494.132  8.069118E-17
6496.427  8.096841E-17
6498.72  7.936900E-17
6501.014  7.740367E-17
6503.308  7.752538E-17
6505.602  7.796962E-17
6507.896  7.705141E-17
6510.191  7.674294E-17
6512.486  7.713044E-17
6514.782  7.751147E-17
6517.077  7.679251E-17
6519.373  7.723556E-17
6521.669  7.839476E-17
6523.965  7.761723E-17
6526.262  7.784783E-17
6528.559  7.839717E-17
6530.857  7.664975E-17
6533.155  7.802830E-17
6535.453  7.743808E-17
6537.75  7.695298E-17
6540.049  7.543836E-17
6542.348  7.608343E-17
6544.647  7.692032E-17
6546.947  7.583644E-17
6549.246  7.606711E-17
6551.932  7.600061E-17
6554.389  7.710705E-17
6556.848  7.566099E-17
6559.305  7.684030E-17
6561.764  7.670898E-17
6564.225  7.724844E-17
6566.683  7.701119E-17
6569.143  7.682455E-17
6571.604  7.794728E-17
6574.065  7.700992E-17
6576.529  7.737456E-17
6578.991  7.639047E-17
6581.45  7.485269E-17
6583.914  7.607286E-17
6586.378  7.607124E-17
6588.843  7.806672E-17
6591.313  7.744188E-17
6593.779  7.920601E-17
6596.245  7.639042E-17
6598.712  7.879287E-17
6601.177  7.947462E-17
6603.645  7.748583E-17
6606.118  7.686748E-17
6608.587  7.754849E-17
6611.057  7.870704E-17
6613.528  7.544311E-17
6615.999  7.867341E-17
6618.471  7.734835E-17
6620.943  7.759865E-17
6623.416  7.997885E-17
6625.886  7.619777E-17
6628.36  7.604563E-17
6630.835  7.627744E-17
6633.31  7.526825E-17
6635.786  7.786432E-17
6638.262  7.505887E-17
6640.739  7.760182E-17
6643.216  7.722218E-17
6645.697  7.593870E-17
6648.172  7.473059E-17
6650.654  7.565904E-17
6653.131  7.643090E-17
6655.614  7.575746E-17
6658.092  7.631556E-17
6660.573  7.469415E-17
6663.058  7.758792E-17
6665.537  7.578837E-17
6668.02  7.690536E-17
6670.503  7.616173E-17
6672.987  7.573300E-17
6675.472  7.668098E-17
6677.957  7.712599E-17
6680.443  7.523509E-17
6682.931  7.740574E-17
6685.416  7.536090E-17
6687.905  7.449589E-17
6690.39  7.754692E-17
6692.879  7.441760E-17
6695.367  7.206196E-17
6697.857  7.505378E-17
6700.347  7.418077E-17
6702.837  7.374593E-17
6705.328  7.559557E-17
6707.82  7.566873E-17
6710.312  7.638023E-17
6712.805  7.625483E-17
6715.298  7.429430E-17
6717.792  7.633424E-17
6720.286  7.656481E-17
6722.781  7.710981E-17
6725.276  7.618246E-17
6727.772  7.393178E-17
6730.268  7.603886E-17
6732.766  7.250186E-17
6735.263  7.621986E-17
6737.761  7.506858E-17
6740.262  7.484549E-17
6742.758  7.518450E-17
6745.258  7.524001E-17
6747.761  7.530443E-17
6750.262  7.458167E-17
6752.761  7.521618E-17
6755.262  7.503347E-17
6757.765  7.436794E-17
6760.29  7.444377E-17
6762.809  7.420404E-17
6765.303  7.421389E-17
6767.803  7.375705E-17
6770.299  7.407582E-17
6772.79  7.403600E-17
6775.295  7.298499E-17
6777.802  7.205013E-17
6780.312  7.325383E-17
6782.828  7.256939E-17
6785.336  7.348261E-17
6787.845  7.283535E-17
6790.354  7.280328E-17
6792.853  7.268427E-17
6795.362  7.355855E-17
6797.873  7.324557E-17
6800.384  7.195278E-17
6802.893  6.941256E-17
6805.409  7.172922E-17
6807.921  7.300603E-17
6810.435  7.245969E-17
6812.949  7.267112E-17
6815.464  7.228682E-17
6817.978  7.242022E-17
6820.493  7.459035E-17
6823.01  7.215155E-17
6825.526  7.188858E-17
6828.044  7.100967E-17
6830.561  7.004330E-17
6833.081  7.083815E-17
6835.598  7.032265E-17
6838.118  7.147845E-17
6840.637  6.918978E-17
6843.149  7.021834E-17
6845.675  6.978644E-17
6848.197  7.123417E-17
6850.716  7.120351E-17
6853.238  7.206661E-17
6855.761  7.239957E-17
6858.287  7.146511E-17
6860.811  7.306404E-17
6863.336  7.267474E-17
6865.862  7.153636E-17
6868.387  7.226178E-17
6870.911  7.246185E-17
6873.437  7.290449E-17
6875.96  7.080131E-17
6878.491  7.232524E-17
6881.018  7.408658E-17
6883.547  7.216918E-17
6886.076  7.098465E-17
6888.605  7.004271E-17
6891.135  6.684112E-17
6893.665  7.269373E-17
6896.193  7.037617E-17
6898.727  7.012623E-17
6901.259  6.725480E-17
6903.791  7.014420E-17
6906.321  6.795130E-17
6908.854  6.750454E-17
6911.391  6.709629E-17
6913.925  6.656580E-17
6916.46  6.696636E-17
6918.993  6.723349E-17
6921.53  7.097018E-17
6924.068  7.178224E-17
6926.604  6.949827E-17
6929.14  6.666703E-17
6931.677  6.448983E-17
6934.215  6.607245E-17
6936.758  6.909149E-17
6939.298  7.049453E-17
6941.835  7.066812E-17
6944.376  6.673964E-17
6946.917  6.667857E-17
6949.458  6.745002E-17
6952.  6.724660E-17
6954.542  6.737665E-17
6957.084  6.854631E-17
6959.625  6.859358E-17
6962.169  6.682518E-17
6964.715  6.920936E-17
6967.258  6.831385E-17
6969.804  6.910533E-17
6972.35  7.037527E-17
6974.898  6.861554E-17
6977.445  6.518793E-17
6979.99  6.588197E-17
6982.538  6.878695E-17
6985.086  6.528202E-17
6987.634  6.698667E-17
6990.183  6.742221E-17
6992.733  6.765856E-17
6995.283  6.746106E-17
6997.833  6.788976E-17
7000.385  6.663031E-17
7002.936  6.820402E-17
7005.488  6.658912E-17
7008.041  6.754836E-17
7010.596  6.852378E-17
7013.147  6.749880E-17
7015.701  6.642616E-17
7018.256  6.716083E-17
7020.81  6.696599E-17
7023.366  6.783751E-17
7025.922  6.624224E-17
7028.479  6.626563E-17
7031.035  6.685846E-17
7033.589  6.944731E-17
7036.15  6.909410E-17
7038.709  6.614351E-17
7041.268  6.615338E-17
7043.827  6.668819E-17
7046.387  6.736990E-17
7048.947  6.642857E-17
7051.509  6.733015E-17
7054.066  6.648142E-17
7056.631  6.698142E-17
7059.189  6.623598E-17
7061.755  6.700582E-17
7064.318  6.767666E-17
7066.882  6.562595E-17
7069.446  6.636945E-17
7072.01  6.553730E-17
7074.576  6.566235E-17
7077.141  6.655684E-17
7079.707  6.926586E-17
7082.273  6.770640E-17
7084.837  6.606824E-17
7087.407  6.547300E-17
7089.972  6.441719E-17
7092.543  6.648196E-17
7095.112  6.735741E-17
7097.681  6.621317E-17
7100.251  6.786647E-17
7102.818  6.557049E-17
7105.392  6.652422E-17
7107.96  6.343504E-17
7110.534  6.544802E-17
7113.106  6.536974E-17
7115.667  7.000012E-17
7118.231  6.892412E-17
7120.813  7.185162E-17
7123.387  6.935054E-17
7125.973  6.818497E-17
7128.545  6.527597E-17
7131.121  6.441879E-17
7133.697  6.313005E-17
7136.273  6.492158E-17
7138.852  6.611297E-17
7141.429  6.586607E-17
7144.007  6.824078E-17
7146.584  6.362449E-17
7149.164  6.564300E-17
7151.74  6.517793E-17
7154.322  6.829478E-17
7156.902  6.318584E-17
7159.479  6.685268E-17
7162.06  6.458709E-17
7164.641  6.501406E-17
7167.226  6.554366E-17
7169.805  6.592952E-17
7172.388  6.662518E-17
7174.973  6.677313E-17
7177.555  6.711209E-17
7180.141  6.852063E-17
7182.726  6.743332E-17
7185.308  6.361692E-17
7187.896  6.639037E-17
7190.479  6.122327E-17
7193.066  6.477915E-17
7195.654  6.686688E-17
7198.239  6.544578E-17
7200.829  6.606730E-17
7203.417  6.551554E-17
7206.003  6.320410E-17
7208.594  6.522590E-17
7211.182  6.275636E-17
7213.771  6.576835E-17
7216.361  6.351600E-17
7218.952  6.473491E-17
7221.546  6.501486E-17
7224.136  6.473418E-17
7226.728  6.527731E-17
7229.32  6.564782E-17
7231.915  6.487303E-17
7234.508  6.296008E-17
7237.103  6.217835E-17
7239.697  6.039792E-17
7242.293  6.270775E-17
7244.888  5.892572E-17
7247.484  6.546745E-17
7250.08  6.216544E-17
7252.676  6.316660E-17
7255.271  6.225022E-17
7257.87  6.499405E-17
7260.465  6.405447E-17
7263.063  6.562233E-17
7265.663  6.248870E-17
7268.262  6.493439E-17
7270.863  6.343141E-17
7273.464  6.199505E-17
7276.065  5.754969E-17
7278.666  5.662556E-17
7281.268  6.121777E-17
7283.869  6.035046E-17
7286.471  6.180039E-17
7289.072  5.967436E-17
7291.675  6.017978E-17
7294.278  6.177663E-17
7296.882  6.192935E-17
7299.488  6.316225E-17
7302.092  5.960327E-17
7304.698  5.833489E-17
7307.303  5.909632E-17
7309.91  5.933949E-17
7312.517  6.091377E-17
7315.125  5.865063E-17
7317.731  5.836708E-17
7320.34  5.851490E-17
7322.948  5.865055E-17
7325.555  6.041606E-17
7328.164  5.836121E-17
7330.775  5.718551E-17
7333.384  5.895625E-17
7335.996  5.516280E-17
7338.607  5.960692E-17
7341.218  5.696641E-17
7343.831  5.652294E-17
7346.442  5.535204E-17
7349.054  5.619872E-17
7351.666  5.777487E-17
7354.281  5.872891E-17
7356.895  5.945270E-17
7359.51  5.807773E-17
7362.124  5.773758E-17
7364.738  5.500905E-17
7367.355  5.721593E-17
7369.972  5.489422E-17
7372.588  5.513813E-17
7375.206  5.774950E-17
7377.821  5.706157E-17
7380.438  5.733105E-17
7383.057  5.853123E-17
7385.675  5.742948E-17
7388.294  5.683989E-17
7390.915  5.571453E-17
7393.535  5.699854E-17
7396.154  5.543219E-17
7398.775  5.404725E-17
7401.396  5.657384E-17
7404.018  5.573899E-17
7406.641  5.905707E-17
7409.262  5.539745E-17
7411.884  5.757065E-17
7414.507  5.637659E-17
7417.131  5.725160E-17
7419.755  5.852202E-17
7422.377  5.719727E-17
7425.004  5.767527E-17
7427.63  5.864591E-17
7430.255  5.780589E-17
7432.883  5.581151E-17
7435.508  5.752894E-17
7438.137  5.812391E-17
7440.763  5.682902E-17
7443.392  5.635334E-17
7446.019  5.659154E-17
7448.645  5.760357E-17
7451.273  5.829394E-17
7453.903  5.643276E-17
7456.533  5.580028E-17
7459.166  5.781755E-17
7461.794  5.766156E-17
7464.425  5.577868E-17
7467.059  5.748474E-17
7469.691  5.750599E-17
7472.324  5.787905E-17
7474.957  5.569892E-17
7477.59  5.682741E-17
7480.224  5.549432E-17
7482.858  5.590116E-17
7485.493  5.813217E-17
7488.125  5.694638E-17
7490.759  5.572821E-17
7493.395  5.664501E-17
7496.033  5.685392E-17
7498.667  5.574154E-17
7501.307  5.831796E-17
7503.941  5.671359E-17
7506.579  5.739469E-17
7509.217  5.682243E-17
7511.855  5.609224E-17
7514.494  5.549674E-17
7517.136  5.840134E-17
7519.775  5.547463E-17
7522.416  5.546549E-17
7525.057  5.635075E-17
7527.697  5.620447E-17
7530.34  5.609705E-17
7532.979  5.482662E-17
7535.623  5.749429E-17
7538.265  5.661943E-17
7540.908  5.728293E-17
7543.548  5.706841E-17
7546.193  5.711452E-17
7548.837  5.657108E-17
7551.481  5.815268E-17
7554.125  5.681069E-17
7556.773  5.875641E-17
7559.417  5.732602E-17
7562.065  5.877239E-17
7564.709  5.815661E-17
7567.356  5.570735E-17
7570.005  5.839492E-17
7572.653  5.589624E-17
7575.302  5.816349E-17
7577.949  5.666028E-17
7580.597  5.548062E-17
7583.246  5.520976E-17
7585.897  5.546581E-17
7588.546  5.623720E-17
7591.196  5.552822E-17
7593.847  5.637061E-17
7596.5  5.480371E-17
7599.153  5.710541E-17
7601.805  5.775687E-17
7604.458  5.765250E-17
7607.11  5.735199E-17
7609.762  5.704478E-17
7612.417  5.682188E-17
7615.07  5.675601E-17
7617.725  5.689583E-17
7620.379  5.857484E-17
7623.034  5.532646E-17
7625.69  5.537545E-17
7628.346  5.547779E-17
7631.003  5.556330E-17
7633.66  5.558102E-17
7636.316  5.550522E-17
7638.974  5.533283E-17
7641.629  5.507693E-17
7644.289  5.487383E-17
7646.948  5.445035E-17
7649.605  5.402726E-17
7652.265  5.481332E-17
7654.926  5.442147E-17
7657.586  5.583244E-17
7660.247  5.772169E-17
7662.908  5.601391E-17
7665.567  5.367248E-17
7668.229  5.770326E-17
7670.892  5.383681E-17
7673.553  6.081205E-17
7676.216  6.014113E-17
7678.886  5.966901E-17
7681.543  5.639136E-17
7684.208  5.676258E-17
7686.872  5.794926E-17
7689.537  5.681506E-17
7692.202  5.713051E-17
7694.868  5.489799E-17
7697.531  5.777855E-17
7700.201  5.686554E-17
7702.867  5.818394E-17
7705.535  5.650216E-17
7708.202  5.603558E-17
7710.871  5.637019E-17
7713.539  5.506203E-17
7716.208  5.455270E-17
7718.877  5.477454E-17
7721.546  5.547624E-17
7724.216  5.539193E-17
7726.886  5.631361E-17
7729.555  5.359582E-17
7732.226  5.576079E-17
7734.898  5.649568E-17
7737.568  5.687913E-17
7740.24  5.866203E-17
7742.913  5.741083E-17
7745.586  5.846282E-17
7748.26  5.392077E-17
7750.934  5.743118E-17
7753.608  5.735873E-17
7756.283  5.617082E-17
7758.957  5.325657E-17
7761.631  5.544621E-17
7764.307  5.623323E-17
7766.981  5.825471E-17
7769.658  5.733293E-17
7772.334  5.840860E-17
7775.01  5.732045E-17
7777.687  5.708782E-17
7780.365  5.695934E-17
7783.043  5.549117E-17
7785.723  5.492052E-17
7788.401  5.804173E-17
7791.08  5.558998E-17
7793.76  5.558601E-17
7796.44  5.531534E-17
7799.121  5.550114E-17
7801.801  5.553353E-17
7804.48  5.631565E-17
7807.162  5.540565E-17
7809.843  5.468818E-17
7812.525  5.512972E-17
7815.209  5.750187E-17
7817.89  5.299024E-17
7820.575  5.712786E-17
7823.259  5.286624E-17
7825.943  5.689254E-17
7828.627  5.101470E-17
7831.31  5.407597E-17
7833.994  5.721324E-17
7836.68  5.650428E-17
7839.365  5.438876E-17
7842.053  5.524399E-17
7844.739  5.421920E-17
7847.425  5.617865E-17
7850.113  5.244290E-17
7852.801  5.572730E-17
7855.489  5.230639E-17
7858.177  5.362580E-17
7860.866  5.340566E-17
7863.555  5.478163E-17
7866.243  5.256650E-17
7868.933  5.406707E-17
7871.624  5.393287E-17
7874.313  5.381327E-17
7877.005  5.437855E-17
7879.696  5.288572E-17
7882.387  5.533059E-17
7885.079  5.253169E-17
7887.771  5.483171E-17
7890.464  5.093323E-17
7893.157  5.322008E-17
7895.851  5.528937E-17
7898.543  5.055399E-17
7901.236  5.325219E-17
7903.931  5.256135E-17
7906.625  5.377299E-17
7909.321  5.236652E-17
7912.017  5.154047E-17
7914.713  5.338389E-17
7917.409  5.485650E-17
7920.106  5.361219E-17
7922.803  5.069032E-17
7925.5  5.498663E-17
7928.198  5.228438E-17
7930.895  5.392783E-17
7933.594  5.462972E-17
7936.292  5.710968E-17
7938.991  5.349295E-17
7941.689  5.464818E-17
7944.389  5.342130E-17
7947.09  5.387353E-17
7949.79  5.176310E-17
7952.49  5.123433E-17
7955.192  5.378641E-17
7957.893  5.498945E-17
7960.594  5.158739E-17
7963.298  5.366351E-17
7966.  5.253884E-17
7968.704  5.014926E-17
7971.407  5.126645E-17
7974.109  5.319612E-17
7976.813  5.354686E-17
7979.518  5.337295E-17
7982.223  5.429201E-17
7984.928  5.176740E-17
7987.63  5.453783E-17
7990.338  5.086656E-17
7993.045  5.345551E-17
7995.751  5.265221E-17
7998.458  5.121102E-17
8001.166  5.044770E-17
8003.87  5.230703E-17
8006.577  5.385297E-17
8009.287  5.577808E-17
8011.995  5.273787E-17
8014.705  5.346143E-17
8017.414  5.245343E-17
8020.123  5.510402E-17
8022.833  5.196974E-17
8025.544  5.242172E-17
8028.255  5.264660E-17
8030.965  5.213999E-17
8033.677  5.199063E-17
8036.387  5.229154E-17
8039.097  5.461464E-17
8041.81  5.460132E-17
8044.522  5.380174E-17
8047.237  5.519466E-17
8049.95  5.391864E-17
8052.664  5.467206E-17
8055.378  5.295257E-17
8058.092  5.426123E-17
8060.807  5.339919E-17
8063.522  5.316134E-17
8066.238  5.433333E-17
8068.953  5.279136E-17
8071.667  5.495743E-17
8074.383  5.460170E-17
8077.1  5.390086E-17
8079.819  5.406114E-17
8082.535  5.460929E-17
8085.252  5.406457E-17
8087.97  5.636270E-17
8090.689  5.432799E-17
8093.408  5.535776E-17
8096.127  5.461650E-17
8098.848  5.634991E-17
8101.566  5.359893E-17
8104.288  5.327934E-17
8107.007  5.336078E-17
8109.729  5.477105E-17
8112.448  5.356112E-17
8115.171  5.543960E-17
8117.892  5.323839E-17
8120.613  5.713117E-17
8123.337  5.583151E-17
8126.059  5.433306E-17
8128.782  5.569972E-17
8131.507  5.396743E-17
8134.229  5.638958E-17
8136.954  5.436044E-17
8139.68  5.726336E-17
8142.404  5.610952E-17
8145.129  5.407973E-17
8147.854  5.343936E-17
8150.58  5.352634E-17
8153.306  5.335630E-17
8156.032  5.485069E-17
8158.759  5.505281E-17
8161.486  5.530378E-17
8164.215  5.592595E-17
8166.943  5.457111E-17
8169.669  5.650743E-17
8172.398  5.668894E-17
8175.127  5.612606E-17
8177.857  5.627467E-17
8180.585  5.280376E-17
8183.315  5.498614E-17
8186.046  5.414076E-17
8188.777  5.391516E-17
8191.507  5.400408E-17
8194.239  5.510186E-17
8196.971  5.373617E-17
8199.703  5.317089E-17
8202.435  5.579271E-17
8205.166  5.562516E-17
8207.898  5.376894E-17
8210.633  5.310566E-17
8213.365  5.381361E-17
8216.1  5.583878E-17
8218.831  5.500328E-17
8221.568  5.768184E-17
8224.303  5.880320E-17
8227.038  5.667379E-17
8229.773  5.434460E-17
8232.511  5.596724E-17
8235.245  5.509990E-17
8237.982  5.538504E-17
8240.719  5.543832E-17
8243.457  5.490514E-17
8246.193  5.359337E-17
8248.933  5.487978E-17
8251.67  5.504220E-17
8254.407  5.643070E-17
8257.146  5.243068E-17
8259.885  5.587690E-17
8262.624  5.333536E-17
8265.364  5.546895E-17
8268.104  5.602883E-17
8270.845  5.303694E-17
8273.585  5.399613E-17
8276.327  5.239479E-17
8279.069  4.918563E-17
8281.812  5.086840E-17
8284.554  5.347662E-17
8287.296  5.255490E-17
8290.039  5.081106E-17
8292.781  5.478749E-17
8295.524  4.865837E-17
8298.269  5.169724E-17
8301.013  5.224142E-17
8303.757  5.179722E-17
8306.502  5.029115E-17
8309.245  5.207011E-17
8311.991  5.011555E-17
8314.734  4.991996E-17
8317.482  5.374986E-17
8320.227  5.215359E-17
8322.972  5.184739E-17
8325.72  4.989228E-17
8328.467  5.391921E-17
8331.215  5.349632E-17
8333.961  5.345262E-17
8336.711  5.248375E-17
8339.459  5.515891E-17
8342.209  4.789556E-17
8344.959  5.645283E-17
8347.708  4.859977E-17
8350.458  5.536202E-17
8353.208  4.877295E-17
8355.958  5.358153E-17
8358.709  4.921467E-17
8361.46  4.927584E-17
8364.21  5.369756E-17
8366.963  4.924669E-17
8369.715  5.256116E-17
8372.466  5.235535E-17
8375.218  5.279615E-17
8377.971  5.006717E-17
8380.726  5.475879E-17
8383.479  5.312577E-17
8386.233  5.241494E-17
8388.987  5.380399E-17
8391.741  5.572534E-17
8394.494  5.119110E-17
8397.252  4.833631E-17
8400.008  4.939719E-17
8402.763  5.066242E-17
8405.52  5.477408E-17
8408.276  5.018315E-17
8411.03  5.467886E-17
8413.788  5.363101E-17
8416.547  5.060697E-17
8419.305  4.987883E-17
8422.062  5.119353E-17
8424.819  5.374825E-17
8427.578  4.475782E-17
8430.338  5.255926E-17
8433.098  4.621324E-17
8435.857  5.303812E-17
8438.617  4.716962E-17
8441.373  5.867699E-17
8444.137  5.279826E-17
8446.895  5.337535E-17
8449.658  4.969278E-17
8452.421  5.097657E-17
8455.183  4.878245E-17
8457.943  5.165122E-17
8460.707  4.877945E-17
8463.469  5.088349E-17
8466.232  4.736844E-17
8468.996  4.891387E-17
8471.76  5.545036E-17
8474.524  5.061532E-17
8477.286  5.420520E-17
8480.051  5.464481E-17
8482.815  5.459790E-17
8485.58  5.291796E-17
8488.345  5.390584E-17
8491.112  5.093082E-17
8493.88  5.254852E-17
8496.646  5.089580E-17
8499.413  5.296557E-17
8502.18  4.953858E-17
8504.947  4.875907E-17
8507.715  4.822751E-17
8510.483  5.319334E-17
8513.252  4.794198E-17
8516.019  5.352365E-17
8518.787  5.195585E-17
8521.557  5.542043E-17
8524.325  5.300255E-17
8527.096  5.196250E-17
8529.866  5.070215E-17
8532.635  5.243201E-17
8535.407  5.255836E-17
8538.179  5.212621E-17
8540.95  4.926390E-17
8543.723  5.244715E-17
8546.495  4.992877E-17
8549.268  5.231601E-17
8552.04  4.693327E-17
8554.813  5.061070E-17
8557.586  4.939474E-17
8560.359  4.961584E-17
8563.131  4.933363E-17
8565.905  5.045641E-17
8568.681  5.150403E-17
8571.455  4.975635E-17
8574.229  5.078308E-17
8577.006  5.124614E-17
8579.782  5.103596E-17
8582.557  4.842157E-17
8585.334  4.746764E-17
8588.112  5.012717E-17
8590.889  4.995504E-17
8593.665  4.816211E-17
8596.443  4.943478E-17
8599.222  4.973895E-17
8602.  4.927480E-17
8604.778  4.852311E-17
8607.556  4.870826E-17
8610.336  4.886108E-17
8613.115  4.905091E-17
8615.896  4.987598E-17
8618.676  4.788107E-17
8621.456  4.756397E-17
8624.236  4.599714E-17
8627.018  4.835346E-17
8629.799  4.809326E-17
8632.58  4.773813E-17
8635.362  5.348900E-17
8638.145  4.763224E-17
8640.927  4.930429E-17
8643.71  4.850195E-17
8646.492  4.646433E-17
8649.275  4.895640E-17
8652.06  4.299719E-17
8654.844  4.931542E-17
8657.628  4.933145E-17
8660.412  5.185544E-17
8663.197  5.167133E-17
8665.982  4.686444E-17
8668.768  4.528583E-17
8671.555  4.808858E-17
8674.34  5.246326E-17
8677.126  4.859169E-17
8679.913  4.761965E-17
8682.7  4.512233E-17
8685.487  4.877400E-17
8688.274  4.572697E-17
8691.062  4.922285E-17
8693.85  4.746641E-17
8696.639  4.696353E-17
8699.427  4.738190E-17
8702.217  4.649761E-17
8705.007  4.763007E-17
8707.794  4.895096E-17
8710.585  4.748638E-17
8713.376  4.781800E-17
8716.167  5.175310E-17
8718.957  4.728117E-17
8721.748  4.833463E-17
8724.539  4.909932E-17
8727.331  4.713835E-17
8730.124  5.104375E-17
8732.916  4.906358E-17
8735.707  4.842406E-17
8738.502  4.789985E-17
8741.295  4.883116E-17
8744.089  5.082319E-17
8746.881  4.586004E-17
8749.676  4.980038E-17
8752.472  4.755883E-17
8755.267  5.017447E-17
8758.062  4.193768E-17
8760.857  4.916019E-17
8763.653  3.661024E-17
8766.449  4.837820E-17
8769.246  3.346113E-17
8772.043  4.987617E-17
8774.839  3.670040E-17
8777.637  4.922293E-17
8780.434  3.919007E-17
8783.232  4.958878E-17
8786.03  4.265289E-17
8788.827  5.229259E-17
8791.627  4.519447E-17
8794.426  4.651205E-17
8797.226  4.879642E-17
8800.024  4.618761E-17
8802.825  4.766359E-17
8805.625  4.432851E-17
8808.426  4.329147E-17
8811.227  4.208879E-17
8814.027  5.047270E-17
8816.829  4.402780E-17
8819.632  5.444228E-17
8822.432  4.186614E-17
8825.234  5.879660E-17
8828.037  3.997077E-17
8830.841  5.044157E-17
8833.644  4.318208E-17
8836.447  5.319875E-17
8839.251  4.653838E-17
8842.055  5.719093E-17
8844.86  4.579312E-17
8847.664  5.442222E-17
8850.47  4.635801E-17
8853.274  5.261605E-17
8856.08  5.165809E-17
8858.885  4.868965E-17
8861.691  5.525235E-17
8864.498  4.852821E-17
8867.306  4.848132E-17
8870.112  4.579348E-17
8872.919  5.038059E-17
8875.727  4.343907E-17
8878.531  5.612427E-17
8881.343  4.027019E-17
8884.151  6.175118E-17
8886.961  4.465865E-17
8889.771  5.734198E-17
8892.58  4.877974E-17
8895.388  5.295962E-17
8898.198  4.733229E-17
8901.009  5.576540E-17
8903.819  4.762211E-17
8906.631  5.394845E-17
8909.442  4.423141E-17
8912.253  5.667957E-17
8915.064  4.158766E-17
8917.877  6.017279E-17
8920.689  4.161829E-17
8923.503  5.417327E-17
8926.316  3.977824E-17
8929.129  4.699731E-17
8931.942  4.275081E-17
8934.757  4.618727E-17
8937.569  4.484034E-17
8940.385  5.007398E-17
8943.199  4.636845E-17
8946.015  4.462838E-17
8948.83  4.660065E-17
8951.646  4.562781E-17
8954.461  4.407835E-17
8957.277  5.428310E-17
8960.09500000002  3.882644E-17
8962.911  5.105998E-17
8965.729  3.989228E-17
8968.543  5.174200E-17
8971.363  4.173817E-17
8974.181  5.067471E-17
8977.  4.582198E-17
8979.816  4.627604E-17
8982.638  4.611171E-17
8985.456  4.507813E-17
8988.276  4.440834E-17
8991.096  3.765024E-17
8993.916  4.600964E-17
8996.735  4.257260E-17
8999.557  5.268711E-17
9002.378  3.901135E-17
9005.199  4.617653E-17
9008.021  4.251636E-17
9010.842  4.871573E-17
9013.663  4.603545E-17
9016.484  4.777945E-17
9019.31  4.628078E-17
9022.133  4.692559E-17
9024.955  4.606483E-17
9027.778  4.814987E-17
9030.603  4.703694E-17
9033.427  4.536316E-17
9036.251  4.850953E-17
9039.077  4.780805E-17
9041.902  5.323389E-17
9044.728  4.596485E-17
9047.553  5.139363E-17
9050.378  4.566889E-17
9053.204  5.127147E-17
9056.032  5.095027E-17
9058.857  5.035448E-17
9061.685  4.893455E-17
9064.512  5.021480E-17
9067.34  5.247200E-17
9070.168  4.894574E-17
9072.995  4.627532E-17
9075.825  4.689916E-17
9078.654  4.391572E-17
9081.483  4.639914E-17
9084.312  4.782638E-17
9087.142  4.602397E-17
9089.973  4.874095E-17
9092.803  4.772264E-17
9095.635  5.117278E-17
9098.465  4.563791E-17
9101.296  4.999343E-17
9104.127  4.308785E-17
9106.959  4.742962E-17
9109.791  4.903738E-17
9112.624  4.968595E-17
9115.456  4.760731E-17
9118.287  4.712003E-17
9121.122  4.796172E-17
9123.955  4.861373E-17
9126.789  5.031348E-17
9129.624  4.862549E-17
9132.459  4.546043E-17
9135.293  4.565502E-17
9138.129  4.548655E-17
9140.963  4.458661E-17
9143.799  4.787219E-17
9146.636  4.775027E-17
9149.473  4.475318E-17
9152.309  4.325770E-17
9155.145  4.006819E-17
9157.982  4.268117E-17
9160.819  4.650735E-17
9163.658  4.560862E-17
9166.496  4.449642E-17
9169.333  4.510257E-17
9172.172  4.391211E-17
9175.011  4.054138E-17
9177.85  4.466952E-17
9180.689  4.442179E-17
9183.529  4.340900E-17
9186.369  4.618355E-17
9189.209  4.601077E-17
9192.049  4.391581E-17
9194.891  4.422206E-17
9197.732  4.708701E-17
9200.574  4.498658E-17
9203.416  4.536700E-17
9206.258  4.309320E-17
9209.1  4.497848E-17
9211.942  4.345429E-17
9214.786  4.345277E-17
9217.629  4.091169E-17
9220.474  4.383934E-17
9223.317  4.250317E-17
9226.161  4.429075E-17
9229.00500000002  4.199966E-17
9231.851  4.456296E-17
9234.695  4.308565E-17
9237.541  4.331992E-17
9240.386  4.321947E-17
9243.232  4.137247E-17
9246.078  4.079657E-17
9248.925  3.897357E-17
9251.771  4.035481E-17
9254.619  4.348385E-17
9257.466  4.043041E-17
9260.313  4.284238E-17
9263.161  4.201594E-17
9266.01  4.079833E-17
9268.857  3.973715E-17
9271.706  3.907999E-17
9274.555  3.847258E-17
9277.406  3.988039E-17
9280.256  3.805206E-17
9283.106  4.128911E-17
9285.956  3.633133E-17
9288.806  3.693566E-17
9291.657  3.644784E-17
9294.51  3.669557E-17
9297.36  3.421491E-17
9300.213  3.537924E-17
9303.063  2.712270E-17
9305.917  3.700637E-17
9308.769  2.366827E-17
9311.622  4.661329E-17
9314.476  1.773814E-17
9317.33  3.986200E-17
9320.184  1.623483E-17
9323.037  3.113363E-17
9325.892  1.848035E-17
9328.746  3.087527E-17
9331.602  1.868825E-17
9334.457  2.942543E-17
9337.312  2.345477E-17
9340.169  2.643187E-17
9343.024  1.950152E-17
9345.881  2.457001E-17
9348.737  2.779388E-17
9351.595  3.296662E-17
9354.452  2.557905E-17
9357.311  2.385421E-17
9360.168  2.377605E-17
9363.027  2.885315E-17
9365.885  2.481899E-17
9368.744  2.808538E-17
9371.603  1.539916E-17
9374.463  3.187939E-17
9377.322  1.249159E-17
9380.183  3.060739E-17
9383.043  1.419934E-17
9385.903  3.080541E-17
9388.764  2.373161E-17
9391.625  3.270805E-17
9394.487  2.814233E-17
9397.35  2.935522E-17
9400.211  2.812833E-17
9403.073  2.803463E-17
9405.937  2.624880E-17
9408.799  2.502115E-17
9411.662  3.027345E-17
9414.526  2.766525E-17
9417.391  2.852572E-17
9420.255  2.354053E-17
9423.119  2.346380E-17
9425.983  2.025794E-17
9428.849  2.073589E-17
9431.714  2.500713E-17
9434.579  1.978655E-17
9437.446  2.189205E-17
9440.313  1.449062E-17
9443.179  2.448767E-17
9446.046  1.729379E-17
9448.912  2.521612E-17
9451.78  2.020780E-17
9454.647  2.232489E-17
9457.516  2.346243E-17
9460.384  1.801551E-17
9463.253  2.566721E-17
9466.122  2.140037E-17
9468.991  2.722678E-17
9471.86  2.023967E-17
9474.73  2.935378E-17
9477.601  1.783845E-17
9480.472  2.402982E-17
9483.342  1.998168E-17
9486.213  2.688684E-17
9489.084  2.089438E-17
9491.955  2.251679E-17
9494.828  2.265147E-17
9497.7  1.736078E-17
9500.573  2.172947E-17
9503.445  2.038096E-17
9506.318  2.453492E-17
9509.191  2.309002E-17
9512.065  2.498575E-17
9514.938  2.165003E-17
9517.813  2.650891E-17
9520.688  1.853147E-17
9523.563  2.492381E-17
9526.438  1.767986E-17
9529.314  2.385012E-17
9532.19  2.298669E-17
9535.066  2.329940E-17
9537.942  2.072074E-17
9540.819  2.184796E-17
9543.696  1.964083E-17
9546.573  2.166653E-17
9549.451  2.084071E-17
9552.329  1.995567E-17
9555.207  2.100197E-17
9558.086  2.092677E-17
9560.965  2.137269E-17
9563.844  2.287296E-17
9566.723  2.064812E-17
9569.603  1.671606E-17
9572.482  2.163344E-17
9575.363  2.149900E-17
9578.244  2.203715E-17
9581.125  2.050039E-17
9584.006  2.034850E-17
9586.888  2.030071E-17
9589.77  2.002799E-17
9592.651  1.830484E-17
9595.534  1.885854E-17
9598.416  2.006891E-17
9601.3  2.061947E-17
9604.183  1.831066E-17
9607.066  1.922372E-17
9609.95  1.916052E-17
9612.835  1.978472E-17
9615.719  1.996670E-17
9618.604  1.904346E-17
9621.489  1.802598E-17
9624.375  2.015069E-17
9627.261  1.856711E-17
9630.146  2.047093E-17
9633.032  1.814764E-17
9635.919  1.764086E-17
9638.807  1.859394E-17
9641.693  1.976603E-17
9644.582  1.871964E-17
9647.469  1.917808E-17
9650.357  1.721066E-17
9653.246  1.741954E-17
9656.135  1.769105E-17
9659.023  1.710062E-17
9661.913  1.834944E-17
9664.803  1.626445E-17
9667.692  1.864631E-17
9670.583  1.922772E-17
9673.474  1.967543E-17
9676.364  1.675720E-17
9679.256  1.792907E-17
9682.147  1.589715E-17
9685.039  1.644958E-17
9687.931  1.605645E-17
9690.823  1.805758E-17
9693.716  1.541385E-17
9696.609  1.890782E-17
9699.503  1.621845E-17
9702.396  1.669658E-17
9705.29  1.622539E-17
9708.185  1.617223E-17
9711.079  1.671125E-17
9713.974  1.639511E-17
9716.868  1.568813E-17
9719.76500000002  1.591568E-17
9722.66  1.694964E-17
9725.557  1.683621E-17
9728.453  1.550228E-17
9731.35  1.694810E-17
9734.247  1.502154E-17
9737.144  1.688661E-17
9740.041  1.554602E-17
9742.939  1.534062E-17
9745.838  1.532385E-17
9748.736  1.695398E-17
9751.635  1.477037E-17
9754.534  1.616185E-17
9757.434  1.618315E-17
9760.334  1.589112E-17
9763.233  1.454274E-17
9766.134  1.549585E-17
9769.034  1.419521E-17
9771.936  1.590447E-17
9774.837  1.463521E-17
9777.739  1.611089E-17
9780.641  1.574810E-17
9783.543  1.550381E-17
9786.445  1.589190E-17
9789.349  1.837873E-17
9792.251  1.575724E-17
9795.155  1.754684E-17
9798.059  1.493821E-17
9800.963  1.574843E-17
9803.868  1.580768E-17
9806.772  1.573304E-17
9809.677  1.595654E-17
9812.582  1.510976E-17
9815.488  1.585815E-17
9818.394  1.595471E-17
9821.301  1.542173E-17
9824.207  1.628485E-17
9827.114  1.583246E-17
9830.021  1.705791E-17
9832.929  1.556318E-17
9835.837  1.474432E-17
9838.744  1.502315E-17
9841.653  1.573700E-17
9844.562  1.499175E-17
9847.472  1.757093E-17
9850.381  1.515773E-17
9853.291  1.509358E-17
9856.2  1.414941E-17
9859.11  1.556670E-17
9862.021  1.447229E-17
9864.932  1.432490E-17
9867.844  1.474345E-17
9870.756  1.478618E-17
9873.667  1.127419E-17
9876.575  1.293495E-17
9879.488  1.339282E-17
9882.399  1.637845E-17
9885.313  1.333582E-17
9888.231  1.435005E-17
9891.146  1.341214E-17
9894.06  1.440289E-17
9896.975  1.242099E-17
9899.889  1.273135E-17
9902.805  1.367818E-17
9905.72  1.386406E-17
9908.635  1.393457E-17
9911.551  1.403246E-17
9914.467  1.326601E-17
9917.384  1.445348E-17
9920.301  1.420909E-17
9923.219  1.385486E-17
9926.136  1.303886E-17
9929.054  1.357467E-17
9931.973  1.303694E-17
9934.891  1.289706E-17
9937.81  1.332632E-17
9940.729  1.068186E-17
9943.648  1.116319E-17
9946.568  1.073011E-17
9949.488  1.020087E-17
9952.409  1.276893E-17
9955.329  1.454440E-17
9958.251  1.374522E-17
9961.172  1.320223E-17
9964.094  1.428386E-17
9967.016  1.283181E-17
9969.938  1.332969E-17
9972.861  1.432391E-17
9975.784  1.319405E-17
9978.707  1.342287E-17
9981.631  1.196662E-17
9984.555  1.318274E-17
9987.479  1.348998E-17
9990.404  1.292102E-17
9993.329  1.299481E-17
9996.255  1.346021E-17
9999.18  1.459668E-17
10002.11  1.212728E-17
10005.03  1.292728E-17
10007.96  1.188599E-17
10010.89  1.278079E-17
10013.81  1.203809E-17
10016.74  1.156333E-17
10019.67  1.223507E-17
10022.6  1.161356E-17
10025.53  1.199280E-17
10028.45  1.248913E-17
10031.38  1.217625E-17
10034.31  1.194166E-17
10037.24  1.281637E-17
10040.17  1.285932E-17
10043.1  1.214300E-17
10046.03  1.128240E-17
10048.96  1.183726E-17
10051.9  1.204475E-17
10054.83  1.218647E-17
10057.76  1.309701E-17
10060.69  1.309791E-17
10063.62  1.222765E-17
10066.56  1.337711E-17
10069.49  1.239304E-17
10072.43  1.148266E-17
10075.36  1.093529E-17
10078.29  1.249018E-17
10081.23  1.366612E-17
10084.16  1.215597E-17
10087.1  1.389711E-17
10090.04  1.222324E-17
10092.97  1.177864E-17
10095.91  1.276672E-17
10098.84  1.130742E-17
10101.78  1.255821E-17
10104.72  1.281399E-17
10107.66  1.271320E-17
10110.59  1.125783E-17
10113.53  1.192014E-17
10116.47  1.196540E-17
10119.41  1.354858E-17
10122.35  1.390702E-17
10125.29  1.320527E-17
10128.23  1.318391E-17
10131.17  1.046859E-17
10134.11  1.195667E-17
10137.05  1.052175E-17
10139.99  1.190363E-17
10142.93  1.186566E-17
10145.88  1.147967E-17
10148.82  1.161981E-17
10151.76  1.032454E-17
10154.7  1.195521E-17
10157.65  9.709149E-18
10160.59  1.052892E-17
10163.54  1.098142E-17
10166.48  1.137972E-17
10169.42  1.100159E-17
10172.37  1.150818E-17
10175.31  1.163374E-17
10178.26  1.086268E-17
10181.21  1.018549E-17
10184.15  1.125577E-17
10187.1  1.092884E-17
10190.05  1.134826E-17
10192.99  1.070228E-17
10195.94  1.151412E-17
10198.89  1.092627E-17
10201.84  1.076920E-17
10204.79  1.119389E-17
10207.74  1.180573E-17
10210.68  1.086474E-17
10213.63  1.070008E-17
10216.58  1.082108E-17
10219.54  1.099296E-17
10222.49  1.079862E-17
10225.44  1.092880E-17
10228.39  1.215521E-17
10231.34  1.086374E-17
10234.29  1.112531E-17
10237.24  1.108289E-17
10240.2  1.154159E-17
10243.15  1.082703E-17
10246.1  1.009929E-17
10249.06  9.961750E-18
10252.01  1.036988E-17
10254.97  1.034915E-17
10257.92  1.030345E-17
10260.88  9.919358E-18
10263.83  9.987799E-18
10266.79  1.079874E-17
10269.74  1.039690E-17
10272.7  9.909332E-18
10275.66  1.097489E-17
10278.61  9.902588E-18
10281.57  9.603453E-18
10284.53  1.129832E-17
10287.49  1.130432E-17
10290.45  1.212764E-17
10293.41  1.187381E-17
10296.37  1.001987E-17
10299.33  9.092148E-18
10302.29  1.114322E-17
10305.25  1.006617E-17
10308.21  1.001108E-17
10311.17  9.703751E-18
10314.13  1.020410E-17
10317.09  1.053017E-17
10320.05  1.047682E-17
10323.01  1.117946E-17
10325.98  9.612255E-18
10328.94  9.748420E-18
10331.9  1.028536E-17
10334.87  9.948330E-18
10337.83  1.035151E-17
10340.8  1.107794E-17
10343.76  1.030526E-17
10346.73  9.478230E-18
10349.69  1.124320E-17
10352.66  8.314568E-18
10355.62  9.321036E-18
10358.59  9.238756E-18
10361.56  9.701125E-18
10364.53  1.015704E-17
10367.49  1.070547E-17
10370.46  9.957591E-18
10373.43  1.025035E-17
10376.4  9.557275E-18
10379.37  9.726061E-18
10382.34  1.064405E-17
10385.31  1.011053E-17
10388.28  1.023542E-17
10391.25  1.109617E-17
10394.22  1.052325E-17
10397.19  1.018577E-17
10400.16  7.917593E-18
