3634.753658 1.139665e-16
3636.200243 2.756719e-16
3637.644391 1.378241e-16
3639.087631 1.527196e-16
3640.535755 2.391901e-16
3641.984571 1.623574e-16
3643.433275 1.807407e-16
3644.882404 1.768513e-16
3646.332736 1.818911e-16
3647.786086 2.032597e-16
3649.237868 1.227224e-16
3650.692954 1.225709e-16
3652.145976 2.358693e-16
3653.601754 2.030307e-16
3655.058392 1.356944e-16
3656.514889 2.248297e-16
3657.974127 1.737642e-16
3659.432633 1.860523e-16
3660.894421 1.721044e-16
3662.356685 1.767595e-16
3663.816926 2.428398e-16
3665.281234 2.583984e-16
3666.745078 1.952505e-16
3668.209456 2.341512e-16
3669.678070 3.081924e-16
3671.143329 2.059902e-16
3672.611360 2.481832e-16
3674.078380 2.019052e-16
3675.551161 2.545020e-16
3677.021498 2.224368e-16
3678.492000 2.273515e-16
3679.964012 2.675544e-16
3681.440605 2.830360e-16
3682.910976 2.799002e-16
3684.389013 2.461632e-16
3685.864644 2.572056e-16
3687.342213 2.653050e-16
3688.820592 2.586986e-16
3690.299049 2.817213e-16
3691.780242 2.865363e-16
3693.260677 2.995784e-16
3694.744863 2.556721e-16
3696.227362 2.518663e-16
3697.712000 1.759935e-16
3699.193857 3.040218e-16
3700.680161 2.655221e-16
3702.167584 2.878727e-16
3703.655578 3.425602e-16
3705.142097 3.273590e-16
3706.634637 2.809191e-16
3708.124990 2.813160e-16
3709.613959 3.433563e-16
3711.107332 2.848116e-16
3712.603124 3.491627e-16
3714.095858 3.435333e-16
3715.591327 3.316032e-16
3717.087189 3.749929e-16
3718.583366 3.964340e-16
3720.082227 3.979523e-16
3721.581012 3.517927e-16
3723.080943 4.286928e-16
3724.582161 4.025573e-16
3726.082433 3.997314e-16
3727.584182 4.063985e-16
3729.088356 4.403384e-16
3730.591591 4.487823e-16
3732.098788 3.727308e-16
3733.604082 3.929131e-16
3735.113259 4.419820e-16
3736.621119 5.058480e-16
3738.129565 4.931155e-16
3739.640229 4.934006e-16
3741.150590 5.434703e-16
3742.661638 4.674881e-16
3744.175579 5.014256e-16
3745.689413 5.506648e-16
3747.202856 5.161902e-16
3748.719918 5.160277e-16
3750.234937 5.277980e-16
3751.751955 5.118361e-16
3753.271121 5.216736e-16
3754.818691 5.222766e-16
3756.359725 5.755658e-16
3757.880461 5.070319e-16
3759.403946 5.250633e-16
3760.874114 6.067902e-16
3762.398016 6.381469e-16
3763.922498 5.901150e-16
3765.449072 6.671651e-16
3766.975354 5.457362e-16
3768.503871 6.098572e-16
3770.030688 6.400582e-16
3771.558333 6.557105e-16
3773.090013 6.431636e-16
3774.620986 6.391753e-16
3776.153815 6.535121e-16
3777.685906 6.663197e-16
3779.219678 6.461131e-16
3780.752578 6.525843e-16
3782.289803 6.969149e-16
3783.826232 6.712552e-16
3785.362049 7.175716e-16
3786.901068 6.450703e-16
3788.440459 7.101688e-16
3789.979899 7.057606e-16
3791.521467 7.183616e-16
3793.064402 7.414184e-16
3794.605149 7.501004e-16
3796.148979 7.225908e-16
3797.692214 7.479737e-16
3799.238870 7.800728e-16
3800.783552 7.543462e-16
3802.333480 8.010780e-16
3803.880585 8.144590e-16
3805.430162 7.969399e-16
3806.978720 8.062676e-16
3808.530215 8.153291e-16
3810.081469 7.894810e-16
3811.634891 8.106309e-16
3813.188720 7.917775e-16
3814.741057 8.295640e-16
3816.296138 8.450306e-16
3817.851635 8.396748e-16
3819.410142 7.882365e-16
3820.968025 8.633818e-16
3822.525025 8.458645e-16
3824.085541 7.694484e-16
3825.644520 8.250120e-16
3827.207540 8.783037e-16
3828.769131 8.140437e-16
3830.333589 8.522555e-16
3831.898177 8.536047e-16
3833.461586 8.182380e-16
3835.027419 8.862414e-16
3836.593774 8.950077e-16
3838.162746 8.337723e-16
3839.730690 8.525757e-16
3841.299956 8.118969e-16
3842.868159 8.817846e-16
3844.442280 8.253522e-16
3846.012027 8.449889e-16
3847.585723 8.863984e-16
3849.159418 8.364250e-16
3850.734203 8.967054e-16
3852.309539 8.221122e-16
3853.885260 8.886212e-16
3855.463450 8.600493e-16
3857.041228 8.708393e-16
3858.620692 8.612681e-16
3860.198878 8.177569e-16
3861.780278 8.397086e-16
3863.362144 8.515580e-16
3864.944283 8.285701e-16
3866.527827 8.147208e-16
3868.111263 8.681863e-16
3869.696328 8.425108e-16
3871.282507 8.527570e-16
3872.867765 8.451452e-16
3874.455958 8.709549e-16
3876.044545 8.013962e-16
3877.634005 8.316460e-16
3879.225402 7.721548e-16
3880.814254 8.485127e-16
3882.385940 8.300681e-16
3883.976750 8.110791e-16
3885.572862 8.759880e-16
3887.181405 8.147982e-16
3888.784390 8.142781e-16
3890.378882 8.036652e-16
3891.975639 8.172951e-16
3893.573446 8.381304e-16
3895.174833 8.357230e-16
3896.773237 8.399235e-16
3898.374692 8.312384e-16
3899.975573 8.093582e-16
3901.576525 8.388215e-16
3903.181194 8.540793e-16
3904.783874 8.095996e-16
3906.389112 7.993199e-16
3907.995251 7.981954e-16
3909.601057 8.289058e-16
3911.210373 8.062903e-16
3912.816462 7.624586e-16
3914.425628 8.039871e-16
3916.035900 8.722334e-16
3917.647199 7.877129e-16
3919.257988 7.764343e-16
3920.870987 7.957904e-16
3922.483468 7.773922e-16
3924.098569 7.771748e-16
3925.713527 7.565218e-16
3927.329279 8.164470e-16
3928.945899 8.068788e-16
3930.562702 8.202322e-16
3932.180895 7.686047e-16
3933.801155 7.676759e-16
3935.422197 7.866963e-16
3937.040732 7.524094e-16
3938.661066 7.880453e-16
3940.285346 7.907588e-16
3941.909142 7.668896e-16
3943.534526 7.973245e-16
3945.160333 7.416165e-16
3946.784148 7.685342e-16
3948.410401 7.807775e-16
3950.039500 7.968851e-16
3951.667585 7.734871e-16
3953.296999 8.193867e-16
3954.927266 7.712961e-16
3956.558014 7.648768e-16
3958.188939 7.408392e-16
3959.821716 7.263560e-16
3961.455771 7.300577e-16
3963.089939 7.296308e-16
3964.724618 7.578716e-16
3966.366641 7.848500e-16
3967.997170 7.779507e-16
3969.636243 7.694880e-16
3971.272813 7.669621e-16
3972.912440 7.976121e-16
3974.551863 7.611642e-16
3976.193459 7.723837e-16
3977.834270 8.314813e-16
3979.477500 8.442797e-16
3981.121019 7.656029e-16
3982.765425 8.150149e-16
3984.409566 8.191318e-16
3986.056574 8.421781e-16
3987.703183 8.216747e-16
3989.350465 8.209074e-16
3990.999021 8.100256e-16
3992.647495 8.273453e-16
3994.298355 8.127601e-16
3995.947833 8.220321e-16
3997.600189 8.305483e-16
3999.250750 8.767189e-16
4000.905624 8.680546e-16
4002.559577 8.626932e-16
4004.214533 8.579560e-16
4005.869620 8.489218e-16
4007.526430 8.653277e-16
4009.183564 8.561159e-16
4010.842213 8.599339e-16
4012.500759 8.480966e-16
4014.160650 8.544798e-16
4015.821127 8.903907e-16
4017.483445 8.690545e-16
4019.144202 8.799083e-16
4020.810890 8.843667e-16
4022.471493 8.846393e-16
4024.135626 8.598554e-16
4025.801914 8.978653e-16
4027.467297 9.011455e-16
4029.135073 9.150970e-16
4030.802079 8.566327e-16
4032.471773 8.877582e-16
4034.140858 8.948687e-16
4035.810851 9.327439e-16
4037.482879 9.093274e-16
4039.154070 8.981621e-16
4040.833358 8.869409e-16
4042.500093 8.651929e-16
4044.174151 9.100930e-16
4045.848502 8.767386e-16
4047.525167 8.934281e-16
4049.201424 8.944426e-16
4050.878992 9.360744e-16
4052.556960 8.836891e-16
4054.237210 9.064368e-16
4055.916615 8.693210e-16
4057.598887 9.111266e-16
4059.279283 8.809066e-16
4060.961791 8.845404e-16
4062.644020 8.827953e-16
4064.328250 8.847140e-16
4066.013397 9.029174e-16
4067.698712 8.932192e-16
4069.385039 8.968543e-16
4071.070470 8.769674e-16
4072.767258 8.424999e-16
4074.447757 8.783592e-16
4076.138245 8.667473e-16
4077.826636 8.385087e-16
4079.518535 8.737509e-16
4081.209999 8.747509e-16
4082.903030 9.092737e-16
4084.602812 8.516260e-16
4086.290117 8.791568e-16
4087.984867 8.508993e-16
4089.680553 8.803106e-16
4091.376906 8.704311e-16
4093.075380 8.715469e-16
4094.772427 8.343134e-16
4096.471320 8.478964e-16
4098.172315 8.553393e-16
4099.872119 8.300474e-16
4101.580403 8.309424e-16
4103.275548 8.114409e-16
4104.977511 8.598137e-16
4106.682166 8.460269e-16
4108.386104 8.529042e-16
4110.090821 8.846276e-16
4111.796417 8.408583e-16
4113.503427 8.479084e-16
4115.210966 8.454078e-16
4116.919381 8.612516e-16
4118.628108 8.785353e-16
4120.338980 8.758780e-16
4122.048480 8.406462e-16
4123.759698 8.106409e-16
4125.471998 8.419414e-16
4127.185430 8.654574e-16
4128.898345 8.516781e-16
4130.613556 8.488558e-16
4132.329249 8.086179e-16
4134.044849 8.206007e-16
4135.761795 8.049531e-16
4137.469040 8.139164e-16
4139.197098 8.018496e-16
4140.915769 8.153323e-16
4142.636096 8.001262e-16
4144.356332 7.674597e-16
4146.077623 7.512452e-16
4147.800141 8.024460e-16
4149.523038 7.720863e-16
4151.246681 7.575220e-16
4152.970913 7.698279e-16
4154.696313 7.612097e-16
4156.421308 7.331884e-16
4158.148415 7.747537e-16
4159.877037 7.424910e-16
4161.604779 7.376267e-16
4163.340950 7.010222e-16
4165.063684 6.744611e-16
4166.794464 7.156869e-16
4168.525632 6.983983e-16
4170.257195 6.539032e-16
4171.990423 6.634678e-16
4173.723247 6.744601e-16
4175.458357 6.785090e-16
4177.192105 6.419246e-16
4178.928798 6.474518e-16
4180.665861 6.499844e-16
4182.403152 6.302310e-16
4184.140740 6.450876e-16
4185.880304 6.429970e-16
4187.619665 6.139626e-16
4189.351497 6.545147e-16
4191.101291 6.093835e-16
4192.843203 6.058211e-16
4194.585624 6.024280e-16
4196.329064 6.037916e-16
4198.073351 5.838866e-16
4199.818050 5.905914e-16
4201.563887 6.040961e-16
4203.310010 5.756387e-16
4205.056834 5.673886e-16
4206.805124 5.348888e-16
4208.554062 5.723825e-16
4210.303658 5.577557e-16
4212.053578 5.232561e-16
4213.804254 5.517764e-16
4215.555547 5.582418e-16
4217.308249 5.376473e-16
4219.061077 5.338142e-16
4220.814808 5.407061e-16
4222.570461 5.387495e-16
4224.324144 5.518227e-16
4226.080812 5.279073e-16
4227.837610 5.291783e-16
4229.594986 5.230933e-16
4231.353810 5.034616e-16
4233.112249 4.999220e-16
4234.872006 5.098340e-16
4236.632162 4.956502e-16
4238.384189 5.090703e-16
4240.155639 4.911202e-16
4241.919467 5.038275e-16
4243.682551 4.875041e-16
4245.445588 4.921046e-16
4247.211192 4.827700e-16
4248.977049 4.666725e-16
4250.744394 4.734520e-16
4252.510482 4.784573e-16
4254.278144 4.803216e-16
4256.046828 4.892108e-16
4257.815376 4.862654e-16
4259.586668 4.869853e-16
4261.356805 4.800898e-16
4263.128846 4.662578e-16
4264.901438 4.767707e-16
4266.674225 4.778907e-16
4268.447493 4.599567e-16
4270.221621 4.878565e-16
4271.996733 4.724948e-16
4273.773037 4.948879e-16
4275.549937 4.711634e-16
4277.326777 4.888126e-16
4279.104663 4.848016e-16
4280.883270 4.940261e-16
4282.662623 5.023741e-16
4284.442962 4.934079e-16
4286.224513 5.011846e-16
4288.005967 4.943072e-16
4289.788319 4.989844e-16
4291.570636 5.053517e-16
4293.355324 4.976564e-16
4295.140376 5.232973e-16
4296.925688 5.001942e-16
4298.711732 5.133189e-16
4300.498028 5.123931e-16
4302.285294 5.346240e-16
4304.073066 5.249914e-16
4305.862647 5.214769e-16
4307.652368 5.077107e-16
4309.442298 5.512840e-16
4311.232670 5.354298e-16
4313.025374 5.390351e-16
4314.818369 5.343312e-16
4316.610369 5.660046e-16
4318.404355 5.595868e-16
4320.199459 5.616757e-16
4321.994949 5.752263e-16
4323.790505 5.932128e-16
4325.587429 5.883837e-16
4327.384331 5.879076e-16
4329.183044 5.936842e-16
4330.981780 6.148729e-16
4332.780991 5.878946e-16
4334.581543 6.222888e-16
4336.382533 6.359395e-16
4338.184019 6.466817e-16
4339.986835 6.439064e-16
4341.789181 6.611553e-16
4343.593342 6.776168e-16
4345.397623 6.641040e-16
4347.204809 6.878667e-16
4349.008920 6.517037e-16
4350.815544 6.878155e-16
4352.622362 6.905878e-16
4354.430323 6.975181e-16
4356.239714 7.026787e-16
4358.048605 7.313832e-16
4359.858623 7.386844e-16
4361.660119 7.693069e-16
4363.481738 7.319862e-16
4365.293075 7.313157e-16
4367.106187 7.529138e-16
4368.919578 7.815719e-16
4370.734363 7.809706e-16
4372.548577 7.958881e-16
4374.364477 8.211883e-16
4376.181433 7.999181e-16
4377.998472 8.080172e-16
4379.816248 8.534465e-16
4381.634812 8.375048e-16
4383.453689 8.433588e-16
4385.273888 8.710189e-16
4387.093932 8.440602e-16
4388.914994 8.862497e-16
4390.737259 9.045527e-16
4392.559899 8.729510e-16
4394.383727 8.916149e-16
4396.207375 9.113935e-16
4398.032437 8.847896e-16
4399.857252 9.142533e-16
4401.683352 9.368251e-16
4403.509810 9.270847e-16
4405.337622 9.463962e-16
4407.165715 9.679763e-16
4408.995014 9.690712e-16
4410.824196 9.451330e-16
4412.654278 9.537237e-16
4414.485611 9.654326e-16
4416.317094 9.684750e-16
4418.149185 9.633205e-16
4419.982013 9.505462e-16
4421.815890 9.787037e-16
4423.649691 9.631648e-16
4425.484837 1.001287e-15
4427.320006 1.003415e-15
4429.156695 1.000750e-15
4430.993523 1.002618e-15
4432.830522 1.023915e-15
4434.670171 9.938537e-16
4436.508632 1.019514e-15
4438.348197 1.019350e-15
4440.189307 1.029738e-15
4442.030065 1.029214e-15
4443.871460 1.005406e-15
4445.714195 1.011204e-15
4447.557057 1.004602e-15
4449.400489 9.996557e-16
4451.245276 1.012898e-15
4453.089323 1.032873e-15
4454.936445 1.030543e-15
4456.782877 1.020867e-15
4458.630386 1.041344e-15
4460.477892 1.034008e-15
4462.326129 1.030754e-15
4464.176129 1.008965e-15
4466.025433 1.003470e-15
4467.875827 9.948717e-16
4469.727136 1.010569e-15
4471.570161 1.031640e-15
4473.431070 9.772076e-16
4475.284816 9.751873e-16
4477.137938 1.003597e-15
4478.992521 9.503065e-16
4480.848015 9.612802e-16
4482.703537 9.714344e-16
4484.560663 9.553200e-16
4486.416849 9.308394e-16
4488.275212 9.394808e-16
4490.133910 9.274036e-16
4491.992656 9.058861e-16
4493.852805 9.109245e-16
4495.713362 9.056467e-16
4497.574252 9.067035e-16
4499.435853 8.792396e-16
4501.298540 8.887382e-16
4503.162223 8.699640e-16
4505.025590 8.591856e-16
4506.890142 8.543410e-16
4508.754343 8.478209e-16
4510.620884 8.291482e-16
4512.486775 8.581793e-16
4514.353862 8.060373e-16
4516.221504 8.238555e-16
4518.090258 8.109489e-16
4519.958412 8.061609e-16
4521.829028 8.027891e-16
4523.699011 7.842797e-16
4525.570410 7.864652e-16
4527.441286 7.596810e-16
4529.314070 7.830361e-16
4531.186328 7.465314e-16
4533.060302 7.493804e-16
4534.934553 7.290382e-16
4536.809703 7.590538e-16
4538.685327 7.148224e-16
4540.560956 7.138860e-16
4542.438283 7.072073e-16
4544.315352 6.976836e-16
4546.193759 6.881812e-16
4548.072029 6.891315e-16
4549.951928 6.832104e-16
4551.831925 6.863294e-16
4553.712179 6.892194e-16
4555.593732 6.818837e-16
4557.476143 6.746213e-16
4559.358065 6.521525e-16
4561.242198 6.567628e-16
4563.125823 6.281887e-16
4565.010245 6.333320e-16
4566.895764 6.353332e-16
4568.781279 6.250290e-16
4570.667935 6.250924e-16
4572.555166 5.925161e-16
4574.442723 6.077701e-16
4576.331332 6.037783e-16
4578.220073 6.041117e-16
4580.109974 5.966344e-16
4582.000612 5.690604e-16
4583.891150 5.889084e-16
4585.782703 5.872850e-16
4587.674613 5.679288e-16
4589.567734 5.684193e-16
4591.461259 5.624008e-16
4593.355154 5.643393e-16
4595.250417 5.637904e-16
4597.145319 5.375526e-16
4599.041192 5.505031e-16
4600.938530 5.413561e-16
4602.835206 5.369805e-16
4604.733798 5.385128e-16
4606.631441 5.251217e-16
4608.522071 5.507721e-16
4610.431193 5.241478e-16
4612.331564 5.262851e-16
4614.232569 5.086803e-16
4616.134705 5.256142e-16
4618.036474 5.075167e-16
4619.939256 5.188087e-16
4621.843239 5.085513e-16
4623.747695 5.185768e-16
4625.651796 5.082183e-16
4627.557752 5.276261e-16
4629.464034 5.042534e-16
4631.370508 5.088948e-16
4633.278040 4.860668e-16
4635.186076 4.879742e-16
4637.094510 4.893168e-16
4639.003696 4.853936e-16
4640.913588 4.731871e-16
4642.824049 4.781398e-16
4644.735202 4.763098e-16
4646.646907 4.728228e-16
4648.558620 4.801347e-16
4650.471525 4.580437e-16
4652.384972 4.708670e-16
4654.299941 4.723075e-16
4656.214445 4.517239e-16
4658.129689 4.604591e-16
4660.045984 4.638940e-16
4661.962401 4.534585e-16
4663.879603 4.502611e-16
4665.797735 4.586461e-16
4667.715990 4.466007e-16
4669.635437 4.579769e-16
4671.555356 4.385449e-16
4673.475115 4.452432e-16
4675.395973 4.458527e-16
4677.317625 4.374697e-16
4679.239701 4.579767e-16
4681.162781 4.592953e-16
4683.086037 4.528177e-16
4685.009947 4.442519e-16
4686.934610 4.490512e-16
4688.860071 4.452135e-16
4690.785603 4.492537e-16
4692.712066 4.439390e-16
4694.639288 4.591828e-16
4696.566629 4.567504e-16
4698.494916 4.428034e-16
4700.423384 4.593870e-16
4702.353236 4.529561e-16
4704.283261 4.495835e-16
4706.213837 4.611631e-16
4708.145321 4.600458e-16
4710.076887 4.453623e-16
4712.009668 4.592316e-16
4713.942432 4.594264e-16
4715.876654 4.556942e-16
4717.810499 4.562025e-16
4719.745311 4.694838e-16
4721.681024 4.627214e-16
4723.617089 4.596604e-16
4725.554127 4.517170e-16
4727.491468 4.620864e-16
4729.428873 4.692269e-16
4731.367803 4.648819e-16
4733.306602 4.511924e-16
4735.246225 4.555971e-16
4737.186405 4.446134e-16
4739.127529 4.474708e-16
4741.069199 4.393938e-16
4743.011101 4.376146e-16
4744.953630 4.361728e-16
4746.896771 4.361883e-16
4748.839879 4.335529e-16
4750.785309 4.347123e-16
4752.730169 4.441294e-16
4754.675839 4.355052e-16
4756.622114 4.258112e-16
4758.569330 4.433670e-16
4760.516713 4.346292e-16
4762.464281 4.212155e-16
4764.413467 4.201304e-16
4766.362374 4.177090e-16
4768.312014 4.246116e-16
4770.262316 4.170962e-16
4772.213655 4.226795e-16
4774.164691 4.186633e-16
4776.116997 4.090365e-16
4778.069904 4.158262e-16
4780.023195 4.055024e-16
4781.977166 4.029132e-16
4783.931158 4.076937e-16
4785.886546 3.952252e-16
4787.842132 4.083252e-16
4789.798690 3.986225e-16
4791.755049 3.963854e-16
4793.712540 4.013612e-16
4795.670694 3.954782e-16
4797.628946 3.884436e-16
4799.588226 3.930684e-16
4801.547985 3.941735e-16
4803.508117 3.988218e-16
4805.469335 3.976729e-16
4807.430658 3.932853e-16
4809.392456 3.926499e-16
4811.355531 3.963927e-16
4813.318550 3.897203e-16
4815.282341 4.036822e-16
4817.246744 4.041450e-16
4819.211378 4.054705e-16
4821.177210 4.044631e-16
4823.143082 3.987719e-16
4825.109658 4.116891e-16
4827.077091 4.057492e-16
4829.044966 4.235370e-16
4831.013192 4.039018e-16
4832.982124 3.924738e-16
4834.951531 4.143242e-16
4836.921920 4.149535e-16
4838.892366 4.112954e-16
4840.863788 4.256206e-16
4842.835566 4.189799e-16
4844.808075 4.191593e-16
4846.780879 4.169873e-16
4848.754465 4.248618e-16
4850.728641 4.377876e-16
4852.703255 4.326017e-16
4854.678348 4.324700e-16
4856.654288 4.393190e-16
4858.630487 4.496872e-16
4860.607787 4.362757e-16
4862.584739 4.374039e-16
4864.563426 4.442859e-16
4866.541640 4.424347e-16
4868.520995 4.548208e-16
4870.500595 4.375236e-16
4872.481213 4.439462e-16
4874.461933 4.366884e-16
4876.444217 4.599960e-16
4878.425493 4.509735e-16
4880.408353 4.545625e-16
4882.391328 4.576672e-16
4884.374882 4.616888e-16
4886.359248 4.515005e-16
4888.343910 4.530281e-16
4890.329325 4.559936e-16
4892.316367 4.687741e-16
4894.301690 4.728993e-16
4896.288784 4.597828e-16
4898.276424 4.660930e-16
4900.264803 4.732957e-16
4902.253543 4.858825e-16
4904.242986 4.749632e-16
4906.232209 4.770098e-16
4908.223082 4.899318e-16
4910.213942 4.786670e-16
4912.205349 4.876012e-16
4914.197808 4.798928e-16
4916.190213 4.981886e-16
4918.183403 4.986477e-16
4920.177339 4.954621e-16
4922.171434 4.871759e-16
4924.166227 5.012448e-16
4926.161646 5.009023e-16
4928.157819 5.158723e-16
4930.153966 5.043836e-16
4932.151393 5.145574e-16
4934.148845 5.179189e-16
4936.146727 5.052943e-16
4938.145814 5.145993e-16
4940.144706 5.190413e-16
4942.144658 5.222425e-16
4944.144929 5.151738e-16
4946.146076 5.266785e-16
4948.147321 5.241926e-16
4950.149212 5.413654e-16
4952.151981 5.421099e-16
4954.155053 5.349640e-16
4956.158479 5.411812e-16
4958.162642 5.465902e-16
4960.167420 5.508221e-16
4962.172669 5.528168e-16
4964.178430 5.578771e-16
4966.184762 5.573414e-16
4968.191590 5.705342e-16
4970.195672 5.675058e-16
4972.205150 5.846113e-16
4974.215544 5.835338e-16
4976.225328 5.687594e-16
4978.234550 5.921816e-16
4980.244272 5.912983e-16
4982.255009 6.060551e-16
4984.266154 6.162336e-16
4986.277684 6.154827e-16
4988.290183 6.183562e-16
4990.302945 6.342676e-16
4992.316404 6.267923e-16
4994.330208 6.367421e-16
4996.344576 6.417430e-16
4998.359711 6.460338e-16
5000.375051 6.481986e-16
5002.390907 6.624160e-16
5004.407974 6.698989e-16
5006.424734 6.722522e-16
5008.442363 6.892713e-16
5010.460197 6.879523e-16
5012.478971 6.892147e-16
5014.498583 6.938660e-16
5016.518202 7.050672e-16
5018.538625 7.136700e-16
5020.559072 7.205929e-16
5022.580656 7.287622e-16
5024.602286 7.215634e-16
5026.624882 7.284267e-16
5028.647779 7.374903e-16
5030.670937 7.515792e-16
5032.695297 7.408096e-16
5034.719775 7.429951e-16
5036.744726 7.473116e-16
5038.770240 7.596523e-16
5040.796540 7.554388e-16
5042.821865 7.568833e-16
5044.850399 7.725893e-16
5046.878176 7.752809e-16
5048.906264 7.727035e-16
5050.934627 7.753262e-16
5052.964272 7.809903e-16
5054.993837 7.919897e-16
5057.024149 7.919955e-16
5059.056736 7.711576e-16
5061.084756 8.053565e-16
5063.118161 7.993919e-16
5065.150566 7.975117e-16
5067.183499 7.997725e-16
5069.216956 7.994053e-16
5071.250695 8.004252e-16
5073.284722 8.035632e-16
5075.318933 8.120945e-16
5077.355717 8.042564e-16
5079.391653 8.083606e-16
5081.428087 8.217668e-16
5083.465295 8.127492e-16
5085.502756 8.093390e-16
5087.541049 8.220080e-16
5089.579331 8.148985e-16
5091.618688 8.059618e-16
5093.658209 8.089499e-16
5095.698287 8.248479e-16
5097.738680 8.131413e-16
5099.780184 8.176924e-16
5101.821906 8.179996e-16
5103.864264 8.159672e-16
5105.906654 8.268638e-16
5107.950164 8.206630e-16
5109.993594 8.070838e-16
5112.038167 8.167967e-16
5114.084179 8.074179e-16
5116.127957 8.260049e-16
5118.173673 8.061408e-16
5120.219786 8.176296e-16
5122.270484 8.015270e-16
5124.313924 8.150739e-16
5126.361754 8.150916e-16
5128.410112 8.042794e-16
5130.459024 7.948488e-16
5132.508233 8.068593e-16
5134.558140 8.063729e-16
5136.609934 8.136772e-16
5138.659371 7.990887e-16
5140.710548 8.013340e-16
5142.762475 7.965825e-16
5144.814890 7.877846e-16
5146.867153 7.828155e-16
5148.920705 7.876591e-16
5150.974877 7.857090e-16
5153.029153 7.776478e-16
5155.084227 7.864036e-16
5157.139507 7.650425e-16
5159.195230 7.689343e-16
5161.251690 7.776784e-16
5163.308457 7.640375e-16
5165.367247 7.761443e-16
5167.423763 7.671822e-16
5169.482531 7.618659e-16
5171.540753 7.592371e-16
5173.604092 7.596835e-16
5175.660051 7.575039e-16
5177.719999 7.647587e-16
5179.781333 7.467239e-16
5181.842585 7.477089e-16
5183.904448 7.492127e-16
5185.966803 7.546866e-16
5188.029606 7.608903e-16
5190.093117 7.541370e-16
5192.156694 7.503932e-16
5194.221134 7.527231e-16
5196.288624 7.329782e-16
5198.351159 7.484531e-16
5200.416868 7.420381e-16
5202.483474 7.450410e-16
5204.550070 7.501535e-16
5206.617327 7.464312e-16
5208.684945 7.444945e-16
5210.753840 7.497370e-16
5212.822060 7.378076e-16
5214.891272 7.522099e-16
5216.960971 7.490837e-16
5219.031234 7.335750e-16
5221.101663 7.413442e-16
5223.173008 7.513242e-16
5225.244651 7.516151e-16
5227.316841 7.403828e-16
5229.388911 7.389347e-16
5231.462714 7.364615e-16
5233.536079 7.365487e-16
5235.610314 7.439477e-16
5237.686151 7.433589e-16
5239.754128 7.682888e-16
5241.835353 7.366654e-16
5243.911498 7.389674e-16
5245.987958 7.410018e-16
5248.065089 7.333315e-16
5250.145090 7.286594e-16
5252.220319 7.393403e-16
5254.301386 7.369354e-16
5256.380356 7.299611e-16
5258.456001 7.344316e-16
5260.536922 7.333400e-16
5262.617289 7.383351e-16
5264.698316 7.341033e-16
5266.779361 7.320346e-16
5268.862887 7.319480e-16
5270.943044 7.259079e-16
5273.026433 7.306836e-16
5275.109562 7.171609e-16
5277.193330 7.251685e-16
5279.278725 7.259184e-16
5281.362285 7.202861e-16
5283.447170 7.218583e-16
5285.534386 7.130968e-16
5287.618902 7.066469e-16
5289.705657 7.082434e-16
5291.792544 7.018689e-16
5293.880074 7.063449e-16
5295.970487 6.910398e-16
5298.056527 7.006326e-16
5300.145454 6.841680e-16
5302.233753 7.026145e-16
5304.324523 6.834526e-16
5306.415089 6.953574e-16
5308.504831 6.807872e-16
5310.597246 6.776406e-16
5312.688785 6.751982e-16
5314.781203 6.693313e-16
5316.875096 6.634811e-16
5318.967022 6.682830e-16
5321.062040 6.628588e-16
5323.154585 6.503903e-16
5325.249125 6.497753e-16
5327.344289 6.536617e-16
5329.442073 6.387446e-16
5331.537083 6.531449e-16
5333.632174 6.367766e-16
5335.729065 6.420782e-16
5337.826253 6.347774e-16
5339.924172 6.356878e-16
5342.022388 6.408656e-16
5344.121312 6.268544e-16
5346.221644 6.259447e-16
5348.320150 6.293179e-16
5350.420166 6.237464e-16
5352.524249 6.251013e-16
5354.623308 6.184454e-16
5356.726800 6.126908e-16
5358.825429 6.144177e-16
5360.927905 6.071778e-16
5363.030743 6.077065e-16
5365.135393 6.071823e-16
5367.237867 6.090037e-16
5369.343553 6.153539e-16
5371.446840 6.100008e-16
5373.557115 6.166570e-16
5375.656840 6.122274e-16
5377.764141 6.149608e-16
5379.870365 6.138147e-16
5381.977660 6.242566e-16
5384.088746 6.214785e-16
5386.193165 6.262381e-16
5388.301079 6.193210e-16
5390.406748 6.813800e-16
5392.520803 6.375696e-16
5394.630755 6.316154e-16
5396.739641 6.257667e-16
5398.850181 6.347591e-16
5400.961399 6.376356e-16
5403.074739 6.395856e-16
5405.184895 6.389310e-16
5407.297338 6.435758e-16
5409.410197 6.388355e-16
5411.523640 6.452776e-16
5413.637399 6.490064e-16
5415.755765 6.466179e-16
5417.870503 6.457197e-16
5419.990841 6.492116e-16
5422.097449 6.601599e-16
5424.213285 6.612237e-16
5426.333327 6.670654e-16
5428.448247 6.649036e-16
5430.566802 6.663210e-16
5432.683658 6.626825e-16
5434.799482 6.718743e-16
5436.919316 6.684764e-16
5439.039796 6.663073e-16
5441.158584 6.715217e-16
5443.280340 6.631912e-16
5445.398626 6.742059e-16
5447.519885 6.716435e-16
5449.649761 6.340329e-16
5451.763126 6.677796e-16
5453.887595 6.558855e-16
5456.008153 6.673626e-16
5458.131374 6.726644e-16
5460.255200 6.759551e-16
5462.379164 6.598178e-16
5464.503719 6.600207e-16
5466.628708 6.571091e-16
5468.755438 6.646844e-16
5470.879892 6.645447e-16
5473.008246 6.635923e-16
5475.131826 6.571859e-16
5477.260105 6.604221e-16
5479.387628 6.492149e-16
5481.515632 6.547339e-16
5483.646457 6.497355e-16
5485.773034 6.534019e-16
5487.902597 6.538888e-16
5490.033638 6.578546e-16
5492.161651 6.568629e-16
5494.292635 6.618186e-16
5496.424342 6.631216e-16
5498.552462 6.483618e-16
5500.680756 7.012341e-16
5502.814134 6.559363e-16
5504.953013 6.535795e-16
5507.089583 6.515998e-16
5509.219792 6.545382e-16
5511.356542 6.598522e-16
5513.488581 6.500104e-16
5515.623748 6.546757e-16
5517.760075 6.396592e-16
5519.894071 6.440436e-16
5522.033322 6.459320e-16
5524.169726 6.365563e-16
5526.305218 6.481261e-16
5528.442730 6.388943e-16
5530.580822 6.445185e-16
5532.718399 6.482398e-16
5534.859408 6.490960e-16
5536.997498 6.308265e-16
5539.137583 6.344881e-16
5541.277474 6.364901e-16
5543.417789 6.281039e-16
5545.559420 6.376361e-16
5547.700380 6.373034e-16
5549.843645 6.267737e-16
5551.984532 6.178230e-16
5554.130532 6.229600e-16
5556.271636 6.239696e-16
5558.423508 5.968207e-16
5560.558225 6.111799e-16
5562.703722 6.047828e-16
5564.847008 5.939343e-16
5566.991729 6.004903e-16
5569.137963 5.901042e-16
5571.284145 5.990512e-16
5573.430701 5.731424e-16
5575.578438 5.968305e-16
5577.725739 5.570040e-16
5579.873842 5.910754e-16
5582.021527 5.714884e-16
5584.169458 5.822825e-16
5586.320229 5.567541e-16
5588.467366 5.724870e-16
5590.617449 5.728121e-16
5592.770421 5.559196e-16
5594.919296 5.596210e-16
5597.070400 5.619469e-16
5599.222257 5.598074e-16
5601.373785 5.537905e-16
5603.527456 5.517066e-16
5605.679166 5.575926e-16
5607.832252 5.494599e-16
5609.985976 5.460409e-16
5612.139914 5.459783e-16
5614.294528 5.547951e-16
5616.449636 5.444332e-16
5618.604681 5.446914e-16
5620.760359 5.355300e-16
5622.916527 5.351606e-16
5625.072274 5.393472e-16
5627.230057 5.389508e-16
5629.387328 5.296058e-16
5631.545125 5.320545e-16
5633.703742 5.312905e-16
5635.863848 5.167545e-16
5638.021311 5.264885e-16
5640.180312 5.209072e-16
5642.340214 5.191033e-16
5644.502339 5.155174e-16
5646.664067 5.094883e-16
5648.822086 5.117330e-16
5650.983588 5.136664e-16
5653.145455 5.150063e-16
5655.307782 5.077513e-16
5657.469985 5.095059e-16
5659.634773 5.087214e-16
5661.797131 5.007495e-16
5663.960293 5.060594e-16
5666.125275 5.007374e-16
5668.290093 5.039829e-16
5670.455086 5.043281e-16
5672.621071 5.084648e-16
5674.786588 5.014336e-16
5676.954189 5.052409e-16
5679.120080 5.052827e-16
5681.286917 5.049293e-16
5683.454370 5.104756e-16
5685.622449 4.990468e-16
5687.790700 5.089293e-16
5689.959468 5.049388e-16
5692.128850 5.023721e-16
5694.298269 5.035946e-16
5696.468219 5.087808e-16
5698.638577 5.074826e-16
5700.809238 5.095908e-16
5702.980540 5.094805e-16
5705.152015 5.111783e-16
5707.324017 5.110431e-16
5709.496362 5.105178e-16
5711.669224 5.095655e-16
5713.842610 5.074226e-16
5716.015971 5.132120e-16
5718.190927 5.083942e-16
5720.368322 5.104089e-16
5722.538949 5.050382e-16
5724.714149 5.093045e-16
5726.889716 5.137731e-16
5729.065690 5.063079e-16
5731.241902 5.086403e-16
5733.419842 5.144527e-16
5735.595738 4.991212e-16
5737.773271 5.088722e-16
5739.951173 5.049231e-16
5742.129546 5.059592e-16
5744.308143 5.066931e-16
5746.490151 5.146409e-16
5748.666808 5.041176e-16
5750.846591 5.094852e-16
5753.026995 5.123513e-16
5755.207591 5.069664e-16
5757.388602 5.097082e-16
5759.570025 5.076990e-16
5761.751871 5.068793e-16
5763.934129 5.128529e-16
5766.116870 5.156199e-16
5768.299717 5.112256e-16
5770.483076 5.117955e-16
5772.666646 5.207170e-16
5774.850453 5.148888e-16
5777.036796 5.156386e-16
5779.220681 5.067778e-16
5781.405962 5.073284e-16
5783.591599 5.103151e-16
5785.777754 5.102902e-16
5787.964264 5.219427e-16
5790.150308 5.209536e-16
5792.338460 5.262178e-16
5794.525359 5.167019e-16
5796.714112 5.181540e-16
5798.902474 5.122641e-16
5801.091339 5.178840e-16
5803.280454 5.180730e-16
5805.470096 5.259421e-16
5807.659314 5.164554e-16
5809.850300 5.181860e-16
5812.041073 5.191314e-16
5814.232146 5.184029e-16
5816.423627 5.143444e-16
5818.615770 5.136539e-16
5820.808897 5.179304e-16
5823.000315 5.079229e-16
5825.193393 5.046254e-16
5827.387819 5.080317e-16
5829.580555 5.035236e-16
5831.774672 5.060199e-16
5833.969256 5.037905e-16
5836.163475 5.036986e-16
5838.359370 5.058077e-16
5840.555088 4.918465e-16
5842.751062 4.902997e-16
5844.947542 4.852658e-16
5847.144245 4.750487e-16
5849.341416 4.818145e-16
5851.539051 4.753413e-16
5853.736945 4.760208e-16
5855.935319 4.697670e-16
5858.133901 4.600166e-16
5860.332926 4.491086e-16
5862.532484 4.432629e-16
5864.732221 4.393217e-16
5866.932394 4.394846e-16
5869.132971 4.366149e-16
5871.333901 4.282618e-16
5873.535174 4.220941e-16
5875.736803 4.109416e-16
5877.939033 3.988426e-16
5880.141240 3.943637e-16
5882.343985 3.834108e-16
5884.547172 3.755553e-16
5886.750801 3.626994e-16
5888.954997 3.443075e-16
5891.159109 3.346956e-16
5893.363996 3.335852e-16
5895.568833 3.250721e-16
5897.774097 3.258039e-16
5899.979918 3.259819e-16
5902.185886 3.276428e-16
5904.392324 3.233871e-16
5906.599106 3.155805e-16
5908.806346 3.167526e-16
5911.013966 3.078461e-16
5913.221868 3.017660e-16
5915.430130 2.965566e-16
5917.638942 2.916816e-16
5919.848782 2.926386e-16
5922.057383 2.812811e-16
5924.267089 2.787798e-16
5926.477298 2.740101e-16
5928.687870 2.719577e-16
5930.898631 2.667530e-16
5933.109980 2.613277e-16
5935.321508 2.680038e-16
5937.533438 2.646251e-16
5939.745907 2.611879e-16
5941.958487 2.532067e-16
5944.171649 2.569169e-16
5946.384890 2.514772e-16
5948.598673 2.512855e-16
5950.812975 2.451316e-16
5953.027450 2.503509e-16
5955.242285 2.458906e-16
5957.457480 2.451839e-16
5959.672999 2.453806e-16
5961.888937 2.393037e-16
5964.105196 2.440644e-16
5966.321888 2.358945e-16
5968.538928 2.403946e-16
5970.756243 2.371011e-16
5972.974000 2.344223e-16
5975.192115 2.322089e-16
5977.410556 2.332275e-16
5979.629327 2.349435e-16
5981.848521 2.307661e-16
5984.068126 2.333298e-16
5986.287932 2.303270e-16
5988.508229 2.278452e-16
5990.728819 2.287532e-16
5992.949706 2.317705e-16
5995.171067 2.290484e-16
5997.392680 2.287938e-16
5999.614599 2.262348e-16
6001.837127 2.329909e-16
6004.059780 2.291281e-16
6006.282850 2.282475e-16
6008.506134 2.284981e-16
6010.730050 2.304892e-16
6012.954166 2.341282e-16
6015.178600 2.296374e-16
6017.403422 2.315550e-16
6019.628562 2.382353e-16
6021.854159 2.352028e-16
6024.079994 2.368246e-16
6026.306334 2.357081e-16
6028.532960 2.402794e-16
6030.759733 2.458625e-16
6032.987106 2.476867e-16
6035.214713 2.504176e-16
6037.442751 2.509528e-16
6039.670933 2.517809e-16
6041.899749 2.611566e-16
6044.128777 2.632868e-16
6046.358131 2.644390e-16
6048.587854 2.670353e-16
6050.817881 2.676012e-16
6053.048319 2.727854e-16
6055.280299 2.837836e-16
6057.510248 2.848000e-16
6059.741687 2.860443e-16
6061.973408 2.885278e-16
6064.205534 2.971044e-16
6066.438055 2.962114e-16
6068.670941 3.001958e-16
6070.904085 3.046827e-16
6073.137653 3.036740e-16
6075.371421 3.095357e-16
6077.605629 3.195434e-16
6079.840230 3.236947e-16
6082.075171 3.236553e-16
6084.310302 3.249237e-16
6086.545941 3.342506e-16
6088.781840 3.349522e-16
6091.018093 3.388507e-16
6093.254751 3.442221e-16
6095.491698 3.516338e-16
6097.728945 3.565043e-16
6099.966593 3.632603e-16
6102.204619 3.701613e-16
6104.442827 3.699608e-16
6106.681588 3.780771e-16
6108.920541 3.836319e-16
6111.159761 3.838368e-16
6113.399517 3.942114e-16
6115.639495 3.952865e-16
6117.879819 4.051715e-16
6120.120501 4.062004e-16
6122.361526 4.090286e-16
6124.602907 4.120768e-16
6126.844591 4.183806e-16
6129.086580 4.228601e-16
6131.328928 4.286614e-16
6133.571709 4.329467e-16
6135.814629 4.275034e-16
6138.058100 4.367043e-16
6140.301703 4.477083e-16
6142.545789 4.459709e-16
6144.790079 4.496048e-16
6147.034876 4.629962e-16
6149.279888 4.616830e-16
6151.525319 4.638336e-16
6153.770940 4.595545e-16
6156.017025 4.692739e-16
6158.263346 4.732306e-16
6160.510154 4.785367e-16
6162.757115 4.739273e-16
6165.004528 4.808573e-16
6167.252110 4.777176e-16
6169.500241 4.813928e-16
6171.748582 4.784907e-16
6173.997237 4.856343e-16
6176.246256 4.926002e-16
6178.495628 4.892139e-16
6180.745292 4.881129e-16
6182.995298 4.966147e-16
6185.245601 5.025805e-16
6187.496363 5.068637e-16
6189.747269 5.050106e-16
6191.998059 5.101443e-16
6194.249742 5.056589e-16
6196.502272 5.120871e-16
6198.754568 5.135771e-16
6201.007241 5.188676e-16
6203.260149 5.106833e-16
6205.513507 5.125591e-16
6207.767026 5.097855e-16
6210.020984 5.309914e-16
6212.274675 5.211574e-16
6214.529847 5.227860e-16
6216.784778 5.261825e-16
6219.039882 5.298617e-16
6221.295530 5.286389e-16
6223.551417 5.318559e-16
6225.807626 5.234927e-16
6228.063588 5.270973e-16
6230.320957 5.357075e-16
6232.578192 5.365902e-16
6234.835636 5.352303e-16
6237.093559 5.341909e-16
6239.351707 5.296172e-16
6241.610091 5.320305e-16
6243.868943 5.258978e-16
6246.128015 5.308421e-16
6248.387460 5.307617e-16
6250.647178 5.366588e-16
6252.907238 5.319170e-16
6255.167618 5.343297e-16
6257.428285 5.243184e-16
6259.688881 5.339708e-16
6261.950733 5.365629e-16
6264.211788 5.392807e-16
6266.474704 5.324121e-16
6268.736008 5.317268e-16
6270.998823 5.338157e-16
6273.261577 5.306396e-16
6275.525624 5.149160e-16
6277.788879 4.989326e-16
6280.053097 4.970206e-16
6282.316464 5.024631e-16
6284.581741 5.160162e-16
6286.845663 5.154386e-16
6289.111790 5.275268e-16
6291.376482 5.214759e-16
6293.642938 5.304466e-16
6295.908021 4.970068e-16
6298.175794 5.649842e-16
6300.442671 4.881354e-16
6302.709745 5.610621e-16
6304.977127 5.116879e-16
6307.244457 5.352327e-16
6309.511716 5.271424e-16
6311.780523 5.322819e-16
6314.048801 5.334141e-16
6316.317982 5.302273e-16
6318.587144 5.233255e-16
6320.856734 5.319732e-16
6323.126569 5.229596e-16
6325.396732 5.262412e-16
6327.667211 5.251421e-16
6329.938016 5.282931e-16
6332.209052 5.275867e-16
6334.480526 5.237649e-16
6336.751649 5.289545e-16
6339.023666 5.269009e-16
6341.295757 5.233980e-16
6343.568909 5.248606e-16
6345.842101 5.144927e-16
6348.115483 5.171764e-16
6350.388341 5.178692e-16
6352.662879 5.158479e-16
6354.936444 5.137828e-16
6357.211535 5.232446e-16
6359.486205 5.049444e-16
6361.761612 5.259608e-16
6364.037138 4.939929e-16
6366.312832 5.262408e-16
6368.588835 4.987984e-16
6370.864903 5.158013e-16
6373.141468 5.109115e-16
6375.418456 5.130403e-16
6377.695682 5.052248e-16
6379.973203 5.136616e-16
6382.250553 5.091738e-16
6384.528655 5.131896e-16
6386.807732 5.069873e-16
6389.086404 5.083120e-16
6391.365504 5.104845e-16
6393.644879 5.132445e-16
6395.924290 5.142076e-16
6398.204494 5.098795e-16
6400.484816 5.128773e-16
6402.765352 5.112684e-16
6405.045717 5.108750e-16
6407.327383 5.070132e-16
6409.608863 5.112784e-16
6411.890677 5.063154e-16
6414.172721 5.060060e-16
6416.454870 5.084852e-16
6418.737809 5.044733e-16
6421.020225 5.047788e-16
6423.303525 5.151863e-16
6425.587128 5.006914e-16
6427.870814 4.986607e-16
6430.155682 5.085542e-16
6432.440226 5.060039e-16
6434.724935 5.006488e-16
6437.010053 4.995053e-16
6439.295343 4.957118e-16
6441.580501 4.940923e-16
6443.866971 4.910422e-16
6446.153270 4.898537e-16
6448.439795 4.979531e-16
6450.726645 4.926068e-16
6453.013789 4.944669e-16
6455.301264 4.886821e-16
6457.588970 4.867082e-16
6459.877005 4.872871e-16
6462.165375 4.866215e-16
6464.453958 4.778209e-16
6466.742710 4.818395e-16
6469.032084 4.828786e-16
6471.321644 4.801804e-16
6473.611434 4.704208e-16
6475.901009 4.729658e-16
6478.191887 4.759103e-16
6480.482628 4.679021e-16
6482.773005 4.729119e-16
6485.064799 4.698814e-16
6487.356328 4.697104e-16
6489.648192 4.696855e-16
6491.940296 4.669146e-16
6494.232721 4.710317e-16
6496.525434 4.609705e-16
6498.818517 4.630496e-16
6501.111811 4.657080e-16
6503.405414 4.649765e-16
6505.699236 4.636028e-16
6507.993245 4.610524e-16
6510.287871 4.566625e-16
6512.582139 4.582177e-16
6514.877717 4.496031e-16
6517.172308 4.525682e-16
6519.468603 4.508236e-16
6521.764518 4.488464e-16
6524.060701 4.542204e-16
6526.357197 4.531394e-16
6528.653965 4.513002e-16
6530.951016 4.495682e-16
6533.248350 4.492394e-16
6535.545987 4.491846e-16
6537.843900 4.491315e-16
6540.142082 4.484129e-16
6542.440570 4.421205e-16
6544.738869 4.427068e-16
6547.037956 4.392365e-16
6549.337330 4.410565e-16
6551.849570 4.458489e-16
6554.305014 4.430235e-16
6556.761151 4.388331e-16
6559.218085 4.470084e-16
6561.673700 4.401047e-16
6564.133031 4.424797e-16
6566.590772 4.421308e-16
6569.047790 4.390038e-16
6571.509089 4.321293e-16
6573.974813 4.342458e-16
6576.431064 4.387764e-16
6578.891192 4.291928e-16
6581.352286 4.260872e-16
6583.812942 4.236690e-16
6586.278330 4.285020e-16
6588.740583 4.148101e-16
6591.200917 4.220184e-16
6593.689950 4.180411e-16
6596.130253 4.178684e-16
6598.597741 4.123789e-16
6601.064231 4.378015e-16
6603.552462 4.112429e-16
6605.998729 4.075039e-16
6608.465057 4.142763e-16
6610.944978 4.107141e-16
6613.403074 4.040646e-16
6615.873069 4.060109e-16
6618.347462 4.025421e-16
6620.812061 3.978766e-16
6623.284849 4.015089e-16
6625.760349 3.991300e-16
6628.228500 4.081356e-16
6630.710921 3.997495e-16
6633.176198 3.988617e-16
6635.649824 3.895671e-16
6638.122880 3.935298e-16
6640.600662 3.949744e-16
6643.074772 3.898574e-16
6645.549653 3.907038e-16
6648.038135 3.826071e-16
6650.504807 3.840642e-16
6652.982155 3.784793e-16
6655.461329 3.796562e-16
6657.940415 3.743301e-16
6660.425675 3.777120e-16
6662.905680 3.773042e-16
6665.380265 3.726705e-16
6667.868017 3.686245e-16
6670.342406 3.694038e-16
6672.827922 3.641325e-16
6675.305928 3.671881e-16
6677.790400 3.705310e-16
6680.275397 3.642707e-16
6682.760507 3.603574e-16
6685.242302 3.660368e-16
6687.744384 3.706291e-16
6690.214040 3.564103e-16
6692.707868 3.653014e-16
6695.198712 3.601314e-16
6697.674770 3.590573e-16
6700.162964 3.625643e-16
6702.663254 3.601329e-16
6705.142145 3.545413e-16
6707.629607 3.527814e-16
6710.123462 3.609526e-16
6712.615403 3.592864e-16
6715.103911 3.546260e-16
6717.596985 3.610680e-16
6720.087563 3.567729e-16
6722.593016 3.543807e-16
6725.074582 3.610836e-16
6727.569491 3.515379e-16
6730.062658 3.580568e-16
6732.559011 3.569060e-16
6735.061976 3.580103e-16
6737.550297 3.561342e-16
6740.050624 3.585441e-16
6742.544213 3.557614e-16
6745.043638 3.613250e-16
6747.551295 3.561668e-16
6750.039253 3.576781e-16
6752.537723 3.519241e-16
6755.036761 3.615489e-16
6757.565547 3.633782e-16
6760.039181 3.499398e-16
6762.540444 3.644039e-16
6765.054533 3.616186e-16
6767.544554 3.529089e-16
6770.046891 3.615700e-16
6772.579297 3.579995e-16
6775.053062 3.547346e-16
6777.559995 3.622434e-16
6780.078898 3.547568e-16
6782.572009 3.507210e-16
6785.077665 3.661225e-16
6787.586068 3.513068e-16
6790.091826 3.546835e-16
6792.603378 3.523672e-16
6795.108930 3.593141e-16
6797.616708 3.528742e-16
6800.129837 3.521058e-16
6802.637304 3.526040e-16
6805.146052 3.486706e-16
6807.657618 3.461433e-16
6810.169235 3.534952e-16
6812.693939 3.535902e-16
6815.192408 3.460786e-16
6817.707280 3.545769e-16
6820.223685 3.478583e-16
6822.733834 3.521939e-16
6825.248823 3.535878e-16
6827.763821 3.504983e-16
6830.279640 3.481213e-16
6832.795950 3.472180e-16
6835.312807 3.453231e-16
6837.828119 3.507962e-16
6840.346708 3.378603e-16
6842.860249 3.378012e-16
6845.381941 3.507809e-16
6847.899174 3.482110e-16
6850.436706 3.464161e-16
6852.941769 3.436860e-16
6855.462587 3.594613e-16
6857.984853 3.519474e-16
6860.506351 3.704186e-16
6863.029093 3.729974e-16
6865.552306 3.434596e-16
6868.075152 3.095935e-16
6870.599196 2.927050e-16
6873.123777 2.940013e-16
6875.646117 3.116696e-16
6878.172900 3.459184e-16
6880.706981 3.538261e-16
6883.224102 3.488748e-16
6885.750889 3.310231e-16
6888.280282 3.267011e-16
6890.806631 3.238830e-16
6893.334768 3.235175e-16
6895.864573 3.305275e-16
6898.394739 3.303787e-16
6900.922759 3.314126e-16
6903.454197 3.343073e-16
6905.984427 3.299163e-16
6908.515913 3.381505e-16
6911.047197 3.306324e-16
6913.580882 3.315056e-16
6916.112409 3.355876e-16
6918.646425 3.402485e-16
6921.180427 3.310090e-16
6923.714420 3.389975e-16
6926.250032 3.351625e-16
6928.785016 3.280464e-16
6931.319745 3.284867e-16
6933.860244 3.362399e-16
6936.393270 3.299017e-16
6938.930456 3.277715e-16
6941.468905 3.258565e-16
6944.007965 3.244819e-16
6946.545796 3.248625e-16
6949.085477 3.263933e-16
6951.625932 3.276114e-16
6954.167050 3.215950e-16
6956.705715 3.373622e-16
6959.261818 3.232748e-16
6961.788369 3.268597e-16
6964.331148 3.297580e-16
6966.875013 3.341653e-16
6969.419761 3.299223e-16
6971.961632 3.356029e-16
6974.506076 3.323636e-16
6977.050972 3.330296e-16
6979.595669 3.357658e-16
6982.142308 3.326915e-16
6984.687935 3.281878e-16
6987.227753 3.430348e-16
6989.782147 3.220054e-16
6992.328857 3.238550e-16
6994.877439 3.316834e-16
6997.425810 3.358303e-16
6999.976404 3.295053e-16
7002.525161 3.288990e-16
7005.074269 3.354144e-16
7007.626368 3.261084e-16
7010.177305 3.302272e-16
7012.728002 3.377714e-16
7015.281067 3.292805e-16
7017.832060 3.310935e-16
7020.385051 3.421872e-16
7022.942482 3.269947e-16
7025.491725 3.298893e-16
7028.047617 3.409485e-16
7030.602438 3.298372e-16
7033.158019 3.366679e-16
7035.708341 3.440348e-16
7038.286337 3.311852e-16
7040.827372 3.355492e-16
7043.382543 3.471385e-16
7045.943449 3.249440e-16
7048.500570 3.304686e-16
7051.057399 3.437776e-16
7053.619694 3.289481e-16
7056.179560 3.332169e-16
7058.733332 3.434671e-16
7061.301529 3.307174e-16
7063.861322 3.295070e-16
7066.422404 3.290641e-16
7068.986942 3.359160e-16
7071.547473 3.364326e-16
7074.110180 3.345370e-16
7076.674171 3.415509e-16
7079.238423 3.268409e-16
7081.802280 3.267960e-16
7084.367737 3.402981e-16
7086.932031 3.267342e-16
7089.498648 3.276801e-16
7092.061156 3.377466e-16
7094.633990 3.258369e-16
7097.197771 3.240747e-16
7099.766743 3.329110e-16
7102.334380 3.153102e-16
7104.904127 3.235115e-16
7107.473423 3.350637e-16
7110.041084 3.184266e-16
7112.613404 3.149162e-16
7115.184007 3.107808e-16
7117.754878 3.133694e-16
7120.326959 3.084477e-16
7122.896995 3.198402e-16
7125.473627 3.063233e-16
7128.044126 3.048529e-16
7130.616778 3.179782e-16
7133.191522 2.999267e-16
7135.765794 2.986142e-16
7138.339737 3.110094e-16
7140.915499 2.928532e-16
7143.492627 2.906251e-16
7146.067602 2.888870e-16
7148.646210 2.905181e-16
7151.221537 2.898590e-16
7153.798787 2.895972e-16
7156.376840 2.871177e-16
7158.956332 2.876271e-16
7161.534621 2.833087e-16
7164.113934 2.765837e-16
7166.694434 2.728021e-16
7169.274432 2.709926e-16
7171.854636 2.650314e-16
7174.437009 2.595892e-16
7177.017306 2.588269e-16
7179.600689 2.604929e-16
7182.181638 2.572961e-16
7184.764892 2.453522e-16
7187.350403 2.398600e-16
7189.932821 2.465753e-16
7192.517911 2.498980e-16
7195.102472 2.445337e-16
7197.688171 2.465912e-16
7200.274225 2.392147e-16
7202.859860 2.384016e-16
7205.447227 2.338552e-16
7208.034401 2.356023e-16
7210.621451 2.358500e-16
7213.210016 2.402476e-16
7215.798054 2.388673e-16
7218.387144 2.399236e-16
7220.976922 2.306281e-16
7223.567715 2.275726e-16
7226.157066 2.272950e-16
7228.747970 2.278226e-16
7231.338627 2.225787e-16
7233.930431 2.217381e-16
7236.522574 2.210857e-16
7239.116503 2.161762e-16
7241.708913 2.184567e-16
7244.302461 2.186167e-16
7246.897201 2.221418e-16
7249.490649 2.208285e-16
7252.085761 2.133522e-16
7254.680365 2.170801e-16
7257.276446 2.200224e-16
7259.872211 2.230324e-16
7262.468865 2.113319e-16
7265.066261 2.133430e-16
7267.663148 2.162055e-16
7270.260835 2.176614e-16
7272.859983 2.199726e-16
7275.458663 2.096569e-16
7278.058615 2.093439e-16
7280.658850 2.172392e-16
7283.258225 2.217580e-16
7285.858320 2.213558e-16
7288.459953 2.132531e-16
7291.060618 2.073394e-16
7293.662829 2.108467e-16
7296.265654 2.169876e-16
7298.866999 2.122647e-16
7301.471638 2.120131e-16
7304.075092 2.116241e-16
7306.678456 2.120678e-16
7309.283629 2.099769e-16
7311.888541 2.107015e-16
7314.494246 2.074506e-16
7317.099715 2.003666e-16
7319.706951 2.080390e-16
7322.313442 2.070365e-16
7324.919255 2.087608e-16
7327.528040 2.075802e-16
7330.135897 2.040532e-16
7332.743728 1.994298e-16
7335.353464 2.031701e-16
7337.962284 1.998727e-16
7340.572248 2.035389e-16
7343.182866 1.999930e-16
7345.792941 1.960110e-16
7348.404420 1.937632e-16
7351.015939 1.949820e-16
7353.627598 1.912399e-16
7356.239393 1.906987e-16
7358.852681 1.890883e-16
7361.465304 1.855635e-16
7364.079483 1.853855e-16
7366.693546 1.867376e-16
7369.308968 1.874958e-16
7371.922967 1.845549e-16
7374.538861 1.824529e-16
7377.154655 1.819566e-16
7379.769755 1.784724e-16
7382.387028 1.785826e-16
7385.004659 1.773545e-16
7387.621384 1.777969e-16
7390.239121 1.761864e-16
7392.858309 1.757114e-16
7395.476920 1.726268e-16
7398.095546 1.756800e-16
7400.715942 1.723431e-16
7403.336016 1.715207e-16
7405.956014 1.730606e-16
7408.577236 1.702303e-16
7411.198199 1.681618e-16
7413.819496 1.658218e-16
7416.443353 1.664661e-16
7419.064963 1.655834e-16
7421.687063 1.590716e-16
7424.311456 1.612655e-16
7426.935348 1.586997e-16
7429.558832 1.572816e-16
7432.185178 1.569831e-16
7434.808775 1.580591e-16
7437.435096 1.528032e-16
7440.060569 1.544117e-16
7442.688001 1.488812e-16
7445.313630 1.544014e-16
7447.941458 1.494779e-16
7450.568986 1.424139e-16
7453.196450 1.412751e-16
7455.825448 1.451357e-16
7458.454754 1.414050e-16
7461.083221 1.385468e-16
7463.713551 1.347671e-16
7466.344213 1.347194e-16
7468.974374 1.286326e-16
7471.600037 1.291479e-16
7474.236746 1.270221e-16
7476.868387 1.244316e-16
7479.500878 1.213365e-16
7482.133279 1.175429e-16
7484.766357 1.153617e-16
7487.400113 1.155559e-16
7490.034013 1.089144e-16
7492.667773 1.078461e-16
7495.302585 1.043941e-16
7497.937704 1.073067e-16
7500.573053 9.942112e-17
7503.209005 9.791389e-17
7505.845946 9.835026e-17
7508.482197 9.188929e-17
7511.118952 9.317453e-17
7513.757726 9.349532e-17
7516.394426 8.673181e-17
7519.033393 8.433067e-17
7521.672651 8.405553e-17
7524.312213 7.936038e-17
7526.951415 7.803004e-17
7529.591569 7.885202e-17
7532.231639 7.479739e-17
7534.872410 7.099271e-17
7537.514861 7.078230e-17
7540.155334 7.112467e-17
7542.797119 6.629269e-17
7545.439836 6.850456e-17
7548.082752 6.503917e-17
7550.725629 6.564929e-17
7553.369606 6.435961e-17
7556.013945 5.955750e-17
7558.657997 5.823134e-17
7561.303488 5.768923e-17
7563.948552 5.561814e-17
7566.593553 5.399289e-17
7569.240935 5.405067e-17
7571.887033 5.168354e-17
7574.534050 5.232075e-17
7577.181532 5.042006e-17
7579.829098 4.830123e-17
7582.476751 4.850091e-17
7585.125103 4.825882e-17
7587.774619 4.963335e-17
7590.423810 5.244028e-17
7593.073113 5.428942e-17
7595.723478 4.515890e-17
7598.374032 3.632169e-17
7601.025709 2.956694e-17
7603.676645 2.316752e-17
7606.327606 2.165705e-17
7608.980614 1.996920e-17
7611.632428 2.162194e-17
7614.284405 2.751648e-17
7616.938965 3.657232e-17
7619.592325 4.465722e-17
7622.246524 3.836368e-17
7624.900614 3.236900e-17
7627.556414 3.021939e-17
7630.210740 2.616736e-17
7632.866962 2.809899e-17
7635.523097 3.004132e-17
7638.178841 2.759394e-17
7640.835417 3.039849e-17
7643.493710 3.072561e-17
7646.150832 3.063427e-17
7648.808189 2.937543e-17
7651.467133 3.041934e-17
7654.125220 2.804681e-17
7656.785227 3.287618e-17
7659.444717 3.064332e-17
7662.105074 3.325464e-17
7664.764765 3.125464e-17
7667.425584 3.265277e-17
7670.087092 3.328528e-17
7672.748140 3.129446e-17
7675.410039 3.241536e-17
7678.072838 3.226123e-17
7680.734932 3.185021e-17
7683.398392 3.275783e-17
7686.061960 3.363870e-17
7688.725701 3.285750e-17
7691.390587 3.423966e-17
7694.055203 3.421806e-17
7696.719485 3.247553e-17
7699.385309 3.317249e-17
7702.051237 3.397523e-17
7704.716830 3.389243e-17
7707.383549 3.389784e-17
7710.051016 3.409847e-17
7712.718518 3.488211e-17
7715.385723 3.565039e-17
7718.054276 3.464365e-17
7720.722825 3.735030e-17
7723.391693 3.441622e-17
7726.060826 3.605492e-17
7728.730399 3.544524e-17
7731.399920 3.481203e-17
7734.070825 3.974322e-17
7736.741518 3.575556e-17
7739.412102 3.862708e-17
7742.083744 3.631274e-17
7744.755794 3.567197e-17
7747.428070 3.692446e-17
7750.101525 3.610818e-17
7752.774741 3.969574e-17
7755.447738 3.982570e-17
7758.121677 3.962508e-17
7760.795719 3.932630e-17
7763.470041 3.875763e-17
7766.146432 4.137908e-17
7768.819853 4.061786e-17
7771.496115 4.085459e-17
7774.172512 4.283241e-17
7776.848557 3.866391e-17
7779.525956 4.208770e-17
7782.203046 4.409791e-17
7784.881013 4.291895e-17
7787.558356 4.215695e-17
7790.236338 3.884080e-17
7792.915853 4.143136e-17
7795.594872 4.312865e-17
7798.274751 4.961575e-17
7800.954446 4.492731e-17
7803.634354 4.547476e-17
7806.314305 4.593565e-17
7808.995890 4.439579e-17
7811.677459 4.425820e-17
7814.359140 4.673039e-17
7817.041503 4.772492e-17
7819.723534 4.807212e-17
7822.406890 5.072683e-17
7825.090189 4.992649e-17
7827.773710 4.540499e-17
7830.457504 5.178635e-17
7833.141395 4.895375e-17
7835.826108 5.046380e-17
7838.511000 4.822814e-17
7841.197310 4.996095e-17
7843.882237 4.936035e-17
7846.569325 5.132795e-17
7849.255830 5.272800e-17
7851.942564 5.038675e-17
7854.630035 5.412685e-17
7857.317856 5.207789e-17
7860.005671 5.126176e-17
7862.694548 5.533996e-17
7865.383375 5.386926e-17
7868.071777 5.363411e-17
7870.761392 5.399773e-17
7873.451741 5.393611e-17
7876.141492 5.605700e-17
7878.832301 5.839540e-17
7881.523138 5.700164e-17
7884.214443 5.738733e-17
7886.906152 5.767068e-17
7889.598410 5.766163e-17
7892.290896 6.131397e-17
7894.983407 5.806828e-17
7897.677217 5.848496e-17
7900.370086 5.968321e-17
7903.063267 5.823658e-17
7905.758664 6.142077e-17
7908.453163 6.091506e-17
7911.147858 6.154495e-17
7913.843430 6.188710e-17
7916.539646 6.274152e-17
7919.235646 6.238668e-17
7921.931890 6.521462e-17
7924.628664 6.506101e-17
7927.325733 6.386775e-17
7930.023168 6.750683e-17
7932.720976 6.674693e-17
7935.419338 6.854576e-17
7938.117953 6.883488e-17
7940.816665 6.800863e-17
7943.515658 6.785652e-17
7946.215596 7.104053e-17
7948.915944 7.187893e-17
7951.616355 7.077908e-17
7954.317024 7.058204e-17
7957.017914 7.187121e-17
7959.719180 7.332886e-17
7962.421679 7.066341e-17
7965.124140 7.682605e-17
7967.826437 7.600624e-17
7970.530144 7.516633e-17
7973.232210 7.872742e-17
7975.935557 7.910241e-17
7978.640632 7.571731e-17
7981.344887 8.232005e-17
7984.049161 8.146604e-17
7986.753964 8.163127e-17
7989.460118 8.015564e-17
7992.165318 8.078160e-17
7994.872153 8.121010e-17
7997.578493 8.594987e-17
8000.284900 8.692516e-17
8002.992448 8.591118e-17
8005.699508 8.545927e-17
8008.406692 8.920857e-17
8011.115614 9.072146e-17
8013.824759 9.106744e-17
8016.533032 8.972279e-17
8019.242522 8.796562e-17
8021.952286 9.295485e-17
8024.662294 9.024595e-17
8027.372914 9.757047e-17
8030.083495 9.482677e-17
8032.794645 9.367889e-17
8035.505692 9.447509e-17
8038.217832 9.949526e-17
8040.928971 9.773073e-17
8043.641944 9.714970e-17
8046.355093 1.005370e-16
8049.067534 1.025262e-16
8051.781567 1.038780e-16
8054.495831 1.047895e-16
8057.209514 1.049143e-16
8059.924067 1.080907e-16
8062.639815 1.091304e-16
8065.354419 1.088601e-16
8068.070121 1.119281e-16
8070.786511 1.118949e-16
8073.501888 1.150569e-16
8076.218695 1.133929e-16
8078.936047 1.159942e-16
8081.653112 1.174560e-16
8084.370603 1.200737e-16
8087.089425 1.222917e-16
8089.807183 1.204390e-16
8092.525933 1.218661e-16
8095.245205 1.222906e-16
8097.964343 1.253601e-16
8100.684378 1.222487e-16
8103.405067 1.281590e-16
8106.124901 1.268096e-16
8108.845664 1.301219e-16
8111.567217 1.309071e-16
8114.288135 1.284815e-16
8117.009952 1.303892e-16
8119.732869 1.388913e-16
8122.455147 1.367180e-16
8125.177330 1.413670e-16
8127.901067 1.431634e-16
8130.624482 1.414090e-16
8133.348261 1.392269e-16
8136.072946 1.450028e-16
8138.797594 1.461723e-16
8141.521658 1.502565e-16
8144.248024 1.493775e-16
8146.973380 1.525481e-16
8149.698832 1.555041e-16
8152.425418 1.531753e-16
8155.151594 1.577230e-16
8157.878792 1.604511e-16
8160.606441 1.622305e-16
8163.334528 1.557078e-16
8166.061389 1.567811e-16
8168.790340 1.636971e-16
8171.519165 1.731781e-16
8174.247671 1.764522e-16
8176.976389 1.703865e-16
8179.707084 1.697158e-16
8182.435935 1.783735e-16
8185.167361 1.842202e-16
8187.898134 1.918055e-16
8190.627766 1.905484e-16
8193.360866 1.880999e-16
8196.092516 1.931169e-16
8198.821379 1.904824e-16
8201.556773 1.964736e-16
8204.289600 1.999735e-16
8207.021903 2.064903e-16
8209.755081 2.079850e-16
8212.489992 2.094589e-16
8215.223482 2.147516e-16
8217.957211 2.185091e-16
8220.693465 2.255941e-16
8223.417317 2.340636e-16
8226.163560 2.136697e-16
8228.899851 2.022696e-16
8231.635482 2.025210e-16
8234.360818 2.193036e-16
8237.108859 2.341750e-16
8239.844928 2.353859e-16
8242.582557 2.401137e-16
8245.320917 2.424837e-16
8248.058274 2.480695e-16
8250.795934 2.530453e-16
8253.536301 2.550501e-16
8256.274032 2.533488e-16
8259.014032 2.530506e-16
8261.754616 2.519148e-16
8264.484156 2.680216e-16
8267.232112 2.745428e-16
8269.972836 2.752885e-16
8272.712684 2.703462e-16
8275.457606 2.668068e-16
8278.199961 2.653173e-16
8280.941771 2.643213e-16
8283.684017 2.735750e-16
8286.426849 2.784133e-16
8289.170239 2.813989e-16
8291.913061 2.815838e-16
8294.657508 2.835753e-16
8297.401165 2.796543e-16
8300.145456 2.887391e-16
8302.890355 2.892736e-16
8305.635572 2.895822e-16
8308.371770 3.077437e-16
8311.126735 2.993158e-16
8313.872512 3.068722e-16
8316.609993 3.077188e-16
8319.365422 3.005628e-16
8322.112294 3.032960e-16
8324.849817 3.086412e-16
8327.606582 3.146056e-16
8330.354062 3.070680e-16
8333.093443 3.159856e-16
8335.852136 3.112558e-16
8338.601031 3.190932e-16
8341.350003 3.224938e-16
8344.100352 3.225669e-16
8346.850503 3.204188e-16
8349.600486 3.263896e-16
8352.351174 3.305217e-16
8355.097398 3.315404e-16
8357.850752 3.291201e-16
8360.605171 3.304747e-16
8363.356692 3.313954e-16
8366.100750 3.355696e-16
8368.861261 3.323275e-16
8371.614317 3.368546e-16
8374.363160 3.337208e-16
8377.120753 3.321255e-16
8379.874879 3.445652e-16
8382.622101 3.495118e-16
8385.383510 3.428522e-16
8388.130833 3.504229e-16
8390.891310 3.419492e-16
8393.647674 3.431302e-16
8396.404497 3.423279e-16
8399.160558 3.571723e-16
8401.917179 3.499794e-16
8404.674009 3.494007e-16
8407.429863 3.425529e-16
8410.184661 3.487655e-16
8412.945517 3.489955e-16
8415.702240 3.478334e-16
8418.462271 3.529886e-16
8421.221355 3.594941e-16
8423.980652 3.527521e-16
8426.737474 3.500069e-16
8429.499154 3.512202e-16
8432.258825 3.517223e-16
8435.019492 3.614402e-16
8437.780086 3.534164e-16
8440.532320 3.582386e-16
8443.300707 3.575081e-16
8446.062424 3.585365e-16
8448.824135 3.607995e-16
8451.587268 3.575087e-16
8454.349958 3.568624e-16
8457.112637 3.579817e-16
8459.874794 3.583302e-16
8462.639066 3.517142e-16
8465.403251 3.583083e-16
8468.167187 3.582533e-16
8470.931609 3.565620e-16
8473.689762 3.645419e-16
8476.458779 3.588470e-16
8479.226840 3.612270e-16
8481.989108 3.557945e-16
8484.755965 3.467775e-16
8487.522201 3.506252e-16
8490.284624 3.645735e-16
8493.056556 3.599853e-16
8495.825776 3.580001e-16
8498.592971 3.502023e-16
8501.360611 3.609251e-16
8504.129094 3.524387e-16
8506.897728 3.548338e-16
8509.666773 3.544991e-16
8512.435182 3.513773e-16
8515.204273 3.501438e-16
8517.974107 3.508496e-16
8520.738753 3.480974e-16
8523.509370 3.439147e-16
8526.279678 3.524835e-16
8529.053574 3.391858e-16
8531.825895 3.443335e-16
8534.595113 3.358514e-16
8537.371532 3.431253e-16
8540.142918 3.409314e-16
8542.916795 3.434353e-16
8545.689548 3.431149e-16
8548.461247 3.369573e-16
8551.233908 3.272456e-16
8554.007863 3.248724e-16
8556.782011 3.201280e-16
8559.557204 3.307409e-16
8562.332322 3.263892e-16
8565.102649 3.258320e-16
8567.881976 3.166016e-16
8570.655177 3.141011e-16
8573.433342 3.143772e-16
8576.211694 3.150685e-16
8578.982972 3.196922e-16
8581.766046 3.132888e-16
8584.543731 3.149490e-16
8587.317665 3.069102e-16
8590.097270 3.098143e-16
8592.873038 3.043058e-16
8595.653232 3.054115e-16
8598.433841 3.086560e-16
8601.214259 3.036460e-16
8603.993089 3.052931e-16
8606.771966 3.044099e-16
8609.550470 2.942695e-16
8612.331031 2.987762e-16
8615.111676 2.956925e-16
8617.894577 2.963227e-16
8620.676933 2.923371e-16
8623.458718 2.993413e-16
8626.241279 2.971662e-16
8629.023217 3.029340e-16
8631.806001 2.994855e-16
8634.588777 2.940028e-16
8637.367836 2.871309e-16
8640.153976 2.936585e-16
8642.938171 2.927546e-16
8645.719809 2.839102e-16
8648.507481 2.931878e-16
8651.291345 2.926643e-16
8654.073751 2.841241e-16
8656.862477 2.908508e-16
8659.648820 2.893917e-16
8662.434591 2.916189e-16
8665.217978 2.937095e-16
8668.006660 2.955658e-16
8670.791313 2.870765e-16
8673.577428 2.765987e-16
8676.365182 2.768481e-16
8679.156288 2.820016e-16
8681.942810 2.854029e-16
8684.726123 2.795832e-16
8687.517648 2.801140e-16
8690.306569 2.766557e-16
8693.088097 2.663601e-16
8695.886566 2.746064e-16
8698.677333 2.795481e-16
8701.470493 2.803879e-16
8704.256408 2.729072e-16
8707.049039 2.800131e-16
8709.827023 2.543146e-16
8712.622987 2.598075e-16
8715.420951 2.723925e-16
8718.214156 2.695766e-16
8720.999738 2.644398e-16
8723.802337 2.757941e-16
8726.580390 2.424797e-16
8729.382960 2.625728e-16
8732.176632 2.640934e-16
8734.977544 2.766159e-16
8737.767165 2.627319e-16
8740.564361 2.715372e-16
8743.336396 2.359685e-16
8746.148204 2.552326e-16
8748.945954 2.627447e-16
8751.731371 2.492853e-16
8754.541599 2.732502e-16
8757.338779 2.670001e-16
8760.135972 2.716969e-16
8762.933047 2.607137e-16
8765.730140 2.667927e-16
8768.528197 2.643566e-16
8771.325664 2.662673e-16
8774.123416 2.710642e-16
8776.922373 2.616894e-16
8779.721156 2.720999e-16
8782.520012 2.654846e-16
8785.314785 2.561623e-16
8788.107888 2.503782e-16
8790.918362 2.640287e-16
8793.718931 2.661951e-16
8796.509363 2.467280e-16
8799.314358 2.578348e-16
8802.105339 2.410416e-16
8804.912556 2.461682e-16
8807.719108 2.512201e-16
8810.506585 2.332190e-16
8813.321507 2.450041e-16
8816.124424 2.512516e-16
8818.930199 2.500970e-16
8821.738282 2.592724e-16
8824.542357 2.590282e-16
8827.346432 2.632389e-16
8830.150358 2.645994e-16
8832.954801 2.686333e-16
8835.759503 2.528050e-16
8838.560046 2.403566e-16
8841.369259 2.553163e-16
8844.164787 2.379828e-16
8846.976802 2.441802e-16
8849.782320 2.465183e-16
8852.588356 2.455669e-16
8855.384616 2.235113e-16
8858.197961 2.283416e-16
8861.009500 2.440777e-16
8863.801397 2.223386e-16
8866.630569 2.650835e-16
8869.435325 2.460863e-16
8872.231562 2.273548e-16
8875.051689 2.435845e-16
8877.849845 2.197178e-16
8880.671492 2.548121e-16
8883.486448 2.698372e-16
8886.292142 2.547188e-16
8889.107343 2.692938e-16
8891.917383 2.601192e-16
8894.711660 2.243398e-16
8897.523123 2.204923e-16
8900.350717 2.636664e-16
8903.163576 2.606685e-16
8905.966732 2.453046e-16
8908.782764 2.429750e-16
8911.591332 2.317773e-16
8914.397427 2.189091e-16
8917.227774 2.588901e-16
8920.042075 2.499112e-16
8922.851598 2.396013e-16
8925.669811 2.612201e-16
8928.468279 2.237769e-16
8931.282927 2.144125e-16
8934.107135 2.401090e-16
8936.913022 2.211214e-16
8939.725425 2.163714e-16
8942.561198 2.565984e-16
8945.362196 2.148286e-16
8948.178808 2.173110e-16
8951.001789 2.239350e-16
8953.829201 2.562454e-16
8956.638944 2.232764e-16
8959.465410 2.392222e-16
8962.283643 2.403887e-16
8965.086216 1.973266e-16
8967.914301 2.206630e-16
8970.733776 2.237953e-16
8973.540211 1.958220e-16
8976.371837 2.228657e-16
8979.181986 2.035823e-16
8982.002276 1.944584e-16
8984.833749 2.107759e-16
8987.655222 1.972905e-16
8990.465691 1.804757e-16
8993.292637 1.996224e-16
8996.122523 2.343800e-16
8998.931377 2.011807e-16
9001.764478 2.245972e-16
9004.582088 2.048517e-16
9007.399147 1.925266e-16
9010.220924 2.015721e-16
9013.049134 2.120820e-16
9015.867571 1.961060e-16
9018.692689 2.059821e-16
9021.519208 1.985687e-16
9024.340458 1.956083e-16
9027.167595 2.076121e-16
9029.991683 2.146336e-16
9032.820019 2.268645e-16
9035.646335 2.246490e-16
9038.470035 2.162774e-16
9041.302178 2.282414e-16
9044.123383 2.224281e-16
9046.955711 2.382150e-16
9049.776046 2.273825e-16
9052.610860 2.401320e-16
9055.443248 2.474719e-16
9058.265390 2.228359e-16
9061.089965 2.180382e-16
9063.923957 2.277877e-16
9066.751920 2.145143e-16
9069.577210 2.035283e-16
9072.411333 2.109592e-16
9075.240948 2.025653e-16
9078.069591 1.983107e-16
9080.897608 1.999364e-16
9083.732149 2.047586e-16
9086.562823 2.065787e-16
9089.394960 2.125135e-16
9092.232717 2.168193e-16
9095.064603 2.340481e-16
9097.887967 2.071196e-16
9100.724198 2.084979e-16
9103.553567 2.038535e-16
9106.396415 2.268831e-16
9109.225235 2.086493e-16
9112.057309 2.093977e-16
9114.890552 2.070528e-16
9117.730774 2.089131e-16
9120.566228 2.123945e-16
9123.391473 2.055928e-16
9126.231586 2.021810e-16
9129.067006 1.951475e-16
9131.899244 1.868846e-16
9134.740031 1.889870e-16
9137.576139 2.011304e-16
9140.408329 1.994652e-16
9143.247042 2.063177e-16
9146.087421 2.116443e-16
9148.923719 2.045691e-16
9151.763066 1.885560e-16
9154.604069 1.960067e-16
9157.439394 1.912168e-16
9160.282859 2.135925e-16
9163.117787 2.044345e-16
9165.952785 2.024432e-16
9168.796768 2.042845e-16
9171.638653 1.890664e-16
9174.472300 1.882992e-16
9177.320027 1.925158e-16
9180.160184 1.911411e-16
9182.994414 1.939049e-16
9185.832073 1.837053e-16
9188.682990 2.096154e-16
9191.519872 1.960936e-16
9194.367078 2.012123e-16
9197.212437 2.025290e-16
9200.048255 1.963737e-16
9202.900591 2.136302e-16
9205.742206 2.073524e-16
9208.584224 2.089868e-16
9211.426152 2.028418e-16
9214.274458 2.030738e-16
9217.112446 1.876410e-16
9219.960174 1.948874e-16
9222.800728 1.878294e-16
9225.648325 1.929706e-16
9228.493934 1.938311e-16
9231.347605 2.015744e-16
9234.185699 1.882436e-16
9237.036465 1.909696e-16
9239.888441 1.948673e-16
9242.727463 1.799310e-16
9245.582295 1.947588e-16
9248.427112 1.950409e-16
9251.271468 1.816640e-16
9254.120175 1.829631e-16
9256.979025 1.942623e-16
9259.818813 1.792965e-16
9262.666717 1.832495e-16
9265.520757 1.894586e-16
9268.366880 1.808950e-16
9271.217019 1.735619e-16
9274.075202 1.714453e-16
9276.919087 1.634177e-16
9279.769948 1.587730e-16
9282.625144 1.597032e-16
9285.473930 1.617497e-16
9288.325319 1.654260e-16
9291.181196 1.548377e-16
9294.030863 1.441797e-16
9296.885850 1.419623e-16
9299.737766 1.356184e-16
9302.591953 1.360908e-16
9305.453526 1.475137e-16
9308.302775 1.291893e-16
9311.165286 1.425779e-16
9314.020235 1.341142e-16
9316.870902 1.296522e-16
9319.729577 1.186512e-16
9322.584958 1.188279e-16
9325.431036 1.067832e-16
9328.296252 1.178481e-16
9331.149415 1.130509e-16
9334.001321 9.575531e-17
9336.857048 8.718976e-17
9339.722424 9.555864e-17
9342.569696 8.674039e-17
9345.436345 1.226820e-16
9348.285812 9.843991e-17
9351.144649 9.860026e-17
9354.011725 1.053570e-16
9356.871274 1.051488e-16
9359.721305 9.894645e-17
9362.581165 1.023100e-16
9365.441483 9.731180e-17
9368.306570 1.089190e-16
9371.172672 1.091397e-16
9374.033827 1.125020e-16
9376.895325 1.170561e-16
9379.756207 1.166780e-16
9382.616726 1.091372e-16
9385.475768 1.122080e-16
9388.330867 1.157635e-16
9391.194748 1.248286e-16
9394.055913 1.271521e-16
9396.919551 1.123874e-16
9399.791757 1.374681e-16
9402.646528 1.170986e-16
9405.510627 1.075851e-16
9408.374334 1.123935e-16
9411.239114 1.116155e-16
9414.106043 1.102909e-16
9416.979776 1.314751e-16
9419.835938 1.071822e-16
9422.707361 1.197585e-16
9425.573239 9.732763e-17
9428.432994 9.488501e-17
9431.303799 1.035399e-16
9434.173209 1.245267e-16
9437.043440 9.988128e-17
9439.911067 9.932556e-17
9442.778498 9.777658e-17
9445.643769 1.007114e-16
9448.511436 1.161509e-16
9451.381147 1.059605e-16
9454.251942 9.507960e-17
9457.119152 9.491850e-17
9459.991146 9.698922e-17
9462.858152 1.023257e-16
9465.727231 9.871009e-17
9468.593836 1.223516e-16
9471.468930 1.088599e-16
9474.342643 1.031142e-16
9477.214380 9.940265e-17
9480.085912 9.740970e-17
9482.956878 1.026834e-16
9485.821111 1.216255e-16
9488.700908 1.383688e-16
9491.575037 1.261645e-16
9494.439998 1.034699e-16
9497.320807 8.426329e-17
9500.194294 8.786113e-17
9503.066214 9.512370e-17
9505.939347 1.067036e-16
9508.810157 1.050584e-16
9511.687897 1.116404e-16
9514.565258 1.316121e-16
9517.442096 9.365311e-17
9520.315565 1.045831e-16
9523.187066 8.602739e-17
9526.076510 8.976359e-17
9528.941884 1.222900e-16
9531.813564 1.154477e-16
9534.695786 1.175860e-16
9537.575861 1.282231e-16
9540.453652 1.169403e-16
9543.330338 1.063608e-16
9546.211325 1.177233e-16
9549.086727 1.074899e-16
9551.971637 9.471752e-17
9554.844747 1.071953e-16
9557.720751 1.082639e-16
9560.602737 1.034502e-16
9563.483222 1.025595e-16
9566.367712 8.493669e-17
9569.244111 1.070205e-16
9572.125483 1.095659e-16
9575.008351 9.790120e-17
9577.892819 1.093902e-16
9580.771287 1.119984e-16
9583.660844 1.155572e-16
9586.546114 8.947520e-17
9589.422380 9.897245e-17
9592.301442 9.789930e-17
9595.198139 9.452039e-17
9598.070579 9.812571e-17
9600.953203 1.129322e-16
9603.834697 1.089359e-16
9606.718630 1.094167e-16
9609.604712 1.151644e-16
9612.492478 1.085679e-16
9615.377226 1.094371e-16
9618.261218 1.081673e-16
9621.158372 8.035464e-17
9624.035946 1.066776e-16
9626.921476 8.847184e-17
9629.805837 1.091338e-16
9632.695806 1.087946e-16
9635.583253 1.166172e-16
9638.480614 8.912104e-17
9641.365866 1.024041e-16
9644.241956 1.090175e-16
9647.147749 1.170316e-16
9650.037216 9.915400e-17
9652.913326 1.150670e-16
9655.803861 1.055105e-16
9658.703843 1.002155e-16
9661.580984 1.080487e-16
9664.476555 1.182599e-16
9667.375680 1.062181e-16
9670.252356 1.135904e-16
9673.145386 1.173720e-16
9676.049408 1.025991e-16
9678.930433 1.038511e-16
9681.817820 1.085923e-16
9684.711360 1.071501e-16
9687.604131 1.243062e-16
9690.498613 1.212498e-16
9693.388706 1.162023e-16
9696.284863 1.191393e-16
9699.181206 9.935119e-17
9702.086507 8.801601e-17
9704.969126 1.112075e-16
9707.861400 1.132765e-16
9710.769296 8.677018e-17
9713.654135 9.755402e-17
9716.549916 9.752434e-17
9719.454659 9.236352e-17
9722.345611 8.784296e-17
9725.237223 1.106723e-16
9728.141371 9.837800e-17
9731.034876 9.819180e-17
9733.930922 9.131534e-17
9736.824773 1.011514e-16
9739.724374 1.046816e-16
9742.623596 1.030075e-16
9745.535269 9.675936e-17
9748.428806 9.566536e-17
9751.321144 1.060260e-16
9754.228214 9.274433e-17
9757.133975 9.298352e-17
9760.021774 9.412522e-17
9762.921981 1.012194e-16
9765.834340 9.077784e-17
9768.723848 1.010370e-16
9771.637680 9.470636e-17
9774.539477 9.070752e-17
9777.430381 9.667817e-17
9780.331162 1.034397e-16
9783.244371 9.201837e-17
9786.138007 8.917407e-17
9789.042363 8.676362e-17
9791.957453 7.407397e-17
9794.849739 8.780248e-17
9797.749044 9.825881e-17
9800.658670 9.562920e-17
9803.558426 9.574158e-17
9806.463154 9.779642e-17
9809.375638 9.251340e-17
9812.273658 9.814680e-17
9815.180807 1.001764e-16
9818.093467 9.619171e-17
9820.994556 9.492389e-17
9823.900582 9.839943e-17
9826.818479 7.857862e-17
9829.720455 8.623746e-17
9832.625763 8.571290e-17
9835.533102 9.014301e-17
9838.438544 9.854421e-17
9841.346658 1.109498e-16
9844.259246 9.311154e-17
9847.170459 9.031678e-17
9850.074398 9.240198e-17
9852.989510 8.722457e-17
9855.895634 8.861776e-17
9858.804631 9.722295e-17
9861.721729 9.357835e-17
9864.629767 8.854245e-17
9867.541983 8.236745e-17
9870.448885 9.227069e-17
9873.366456 7.156323e-17
9876.277558 8.033432e-17
9879.185642 9.178667e-17
9882.100232 8.973949e-17
9885.012036 9.733503e-17
9887.929146 8.482809e-17
9890.849496 7.973830e-17
9893.757748 8.370656e-17
9896.667990 9.112294e-17
9899.588523 7.535511e-17
9902.497585 9.262835e-17
9905.413921 9.143797e-17
9908.333757 8.188353e-17
9911.244101 9.371262e-17
9914.164073 8.265000e-17
9917.074593 9.755320e-17
9919.997750 8.411042e-17
9922.913174 8.436090e-17
9925.834116 8.099953e-17
9928.746129 8.868044e-17
9931.664126 8.777284e-17
9934.591002 7.330481e-17
9937.504514 7.840910e-17
9940.423665 7.213098e-17
9943.337643 8.810001e-17
9946.262839 7.704392e-17
9949.182082 7.894147e-17
9952.101929 7.917165e-17
9955.020893 8.358718e-17
9957.943437 7.730599e-17
9960.864684 7.885881e-17
9963.782689 8.485459e-17
9966.707746 7.678849e-17
9969.626620 8.637246e-17
9972.551459 7.634023e-17
9975.474331 7.786853e-17
9978.394492 8.630870e-17
9981.324032 7.003714e-17
9984.244342 7.685199e-17
9987.165536 8.528624e-17
9990.090013 8.124270e-17
9993.016678 7.521939e-17
9995.941379 7.501421e-17
9998.864816 7.940802e-17
10001.791765 7.635223e-17
10004.717579 7.410721e-17
10007.643831 8.017548e-17
10010.569715 7.422057e-17
10013.496263 8.055835e-17
10016.423122 7.590187e-17
10019.350357 7.286274e-17
10022.278118 7.252754e-17
10025.203864 7.757156e-17
10028.133360 7.215976e-17
10031.062709 7.109768e-17
10033.989511 7.841857e-17
10036.918553 7.801737e-17
10039.849882 7.049369e-17
10042.780557 7.065839e-17
10045.708037 7.684417e-17
10048.640266 7.027958e-17
10051.569929 7.109065e-17
10054.500844 7.246278e-17
10057.432813 6.959787e-17
10060.364297 7.029752e-17
10063.296189 7.169170e-17
10066.228622 6.805793e-17
10069.161164 6.904925e-17
10072.092784 7.247589e-17
10075.027166 6.856222e-17
10077.960558 6.957612e-17
10080.893796 7.387215e-17
10083.828408 6.834709e-17
10086.762817 7.116334e-17
10089.696758 7.406408e-17
10092.632662 6.518586e-17
10095.567902 6.638585e-17
10098.503561 6.680154e-17
10101.439237 6.858833e-17
10104.375860 6.937266e-17
10107.312245 6.972546e-17
10110.248991 7.002071e-17
10113.186663 6.334096e-17
10116.124090 6.662530e-17
10119.062013 6.772195e-17
10122.000182 6.891081e-17
10124.938666 6.688186e-17
10127.877436 6.663016e-17
10130.816615 6.313115e-17
10133.756066 6.496348e-17
10136.695818 6.353951e-17
10139.635915 6.062831e-17
10142.576315 6.302395e-17
10145.517137 6.669522e-17
10148.458000 6.261110e-17
10151.399329 6.325187e-17
10154.341002 6.063315e-17
10157.282990 5.986653e-17
10160.225275 6.076142e-17
10163.167961 6.117372e-17
10166.110843 6.006919e-17
10169.054066 5.840161e-17
10171.997571 5.976454e-17
10174.941449 6.045541e-17
10177.885649 6.296710e-17
10180.830286 5.811351e-17
10183.775182 6.141777e-17
10186.720222 6.085878e-17
10189.665714 6.112524e-17
10192.611441 5.883931e-17
10195.557460 5.868505e-17
10198.504044 5.680354e-17
10201.450927 5.839405e-17
10204.397896 5.949302e-17
10207.345337 5.938524e-17
10210.293058 5.950061e-17
10213.241518 6.216346e-17
10216.189341 6.062726e-17
10219.138120 5.689574e-17
10222.087132 5.684745e-17
10225.036384 5.518452e-17
10227.986950 5.684880e-17
10230.935923 5.507850e-17
10233.886311 5.541118e-17
10236.837001 5.495472e-17
10239.787724 5.303541e-17
10242.739223 5.156910e-17
10245.690847 5.269526e-17
10248.642705 5.172937e-17
10251.595389 5.373282e-17
10254.548296 4.989138e-17
10257.500601 5.264642e-17
10260.453483 5.223587e-17
10263.407096 5.273895e-17
10266.360910 5.218325e-17
10269.314887 4.984336e-17
10272.269736 5.120198e-17
10275.224450 4.916903e-17
10278.179866 5.103938e-17
10281.135246 4.992724e-17
10284.090557 5.104849e-17
10287.046948 5.026493e-17
10290.002882 4.669150e-17
10292.959957 4.884760e-17
10295.917012 4.812435e-17
10298.874833 4.696744e-17
10301.832360 4.708519e-17
10304.790874 4.558686e-17
10307.749027 4.566600e-17
10310.707829 4.696323e-17
10313.666824 4.535329e-17
10316.626285 4.455718e-17
10319.585778 4.474606e-17
10322.546051 4.354116e-17
10325.506116 4.501564e-17
10328.467349 4.473699e-17
10331.428239 4.380731e-17
10334.389708 4.366980e-17
10337.352644 4.052902e-17
10340.313376 4.335016e-17
10343.275510 4.304566e-17
10346.238089 4.229258e-17
10349.200863 4.071352e-17
10352.164833 4.177501e-17
10355.128763 4.127507e-17
10358.096718 3.778663e-17
10361.059328 3.997057e-17
10364.022427 4.014011e-17
10366.985968 3.828785e-17
10369.953693 3.915509e-17
10372.917230 3.915332e-17
10375.882853 3.840079e-17
10378.849164 3.936507e-17
10381.817729 3.799440e-17
10384.786030 3.575834e-17
10387.755834 3.598717e-17
10390.717132 3.801149e-17
10393.686223 3.657333e-17
10396.654432 3.633452e-17
10399.622999 2.791229e-17
