5107.667849 3.230933e-16
5109.640039 1.196722e-15
5111.627846 1.041962e-15
5113.628296 8.891528e-16
5115.605802 8.234367e-16
5117.592599 8.125078e-16
5119.574395 7.938114e-16
5121.560817 7.766431e-16
5123.545696 7.860275e-16
5125.531482 8.115113e-16
5127.519252 8.040198e-16
5129.506364 8.247920e-16
5131.497469 8.466818e-16
5133.487710 8.332429e-16
5135.477875 8.345970e-16
5137.469144 8.566958e-16
5139.463239 8.339555e-16
5141.456832 8.477901e-16
5143.449808 8.403712e-16
5145.447140 8.343821e-16
5147.441447 8.396733e-16
5149.440008 8.335123e-16
5151.437050 8.380049e-16
5153.436312 8.272872e-16
5155.437164 8.241244e-16
5157.438166 8.182342e-16
5159.441189 8.123573e-16
5161.442377 8.045753e-16
5163.446689 8.081203e-16
5165.451294 7.930144e-16
5167.456667 7.826158e-16
5169.462682 7.857473e-16
5171.469640 7.842904e-16
5173.479688 7.632274e-16
5175.483082 7.649235e-16
5177.495894 7.680827e-16
5179.507609 7.621660e-16
5181.517536 7.593068e-16
5183.531213 7.511628e-16
5185.544340 7.462046e-16
5187.558923 7.292444e-16
5189.571564 7.441031e-16
5191.590495 7.504567e-16
5193.606298 7.267216e-16
5195.623996 7.333878e-16
5197.642579 7.443398e-16
5199.664747 7.402175e-16
5201.684127 7.267115e-16
5203.704732 7.444293e-16
5205.726781 7.392982e-16
5207.750498 7.475855e-16
5209.769709 7.693688e-16
5211.799316 7.649035e-16
5213.825807 7.684715e-16
5215.851437 7.593971e-16
5217.876933 7.683765e-16
5219.908096 7.638510e-16
5221.936827 7.603998e-16
5223.967969 7.669305e-16
5225.998552 7.532350e-16
5228.030474 7.533722e-16
5230.060964 7.657681e-16
5232.096799 7.462325e-16
5234.130754 7.437526e-16
5236.166646 7.479558e-16
5238.203873 7.384376e-16
5240.238639 7.528825e-16
5242.278019 7.492532e-16
5244.319914 7.471759e-16
5246.357700 7.373952e-16
5248.398351 7.388293e-16
5250.439559 7.440374e-16
5252.482183 7.465628e-16
5254.525831 7.477614e-16
5256.569694 7.434292e-16
5258.613903 7.365942e-16
5260.661265 7.405590e-16
5262.707891 7.299145e-16
5264.754950 7.275743e-16
5266.804306 7.257775e-16
5268.853540 7.252180e-16
5270.903376 7.373522e-16
5272.954980 7.170959e-16
5275.006218 7.188612e-16
5277.059719 7.192106e-16
5279.114003 7.148652e-16
5281.167988 7.146266e-16
5283.223651 7.013704e-16
5285.283159 7.108992e-16
5287.334042 7.164206e-16
5289.393149 7.106999e-16
5291.457343 7.012782e-16
5293.504044 6.921723e-16
5295.564387 7.130197e-16
5297.599697 6.862518e-16
5299.697688 6.905183e-16
5301.763235 6.837356e-16
5303.827414 6.710089e-16
5305.891679 6.828756e-16
5307.958149 6.688534e-16
5310.023729 6.661690e-16
5312.092280 6.750888e-16
5314.160019 6.691642e-16
5316.228723 6.513891e-16
5318.296067 6.530408e-16
5320.371265 6.402135e-16
5322.443600 6.435177e-16
5324.515930 6.400565e-16
5326.586885 6.374763e-16
5328.662623 6.211461e-16
5330.739315 6.243998e-16
5332.814765 6.298308e-16
5334.892125 6.249068e-16
5336.971139 6.285110e-16
5339.047873 6.188714e-16
5341.127680 6.101115e-16
5343.209267 6.136682e-16
5345.288683 6.121507e-16
5347.371739 6.012158e-16
5349.452463 6.060772e-16
5351.538736 6.053515e-16
5353.622629 5.978156e-16
5355.709512 6.019297e-16
5357.794712 5.929050e-16
5359.882166 5.909581e-16
5361.970501 5.948140e-16
5364.058907 5.953023e-16
5366.148785 5.839208e-16
5368.239501 5.855814e-16
5370.330536 5.910146e-16
5372.422691 5.860123e-16
5374.516114 5.894308e-16
5376.610552 5.951017e-16
5378.704646 5.853162e-16
5380.800374 5.942703e-16
5382.896378 5.826404e-16
5384.991142 5.843343e-16
5387.092711 5.897651e-16
5389.191723 5.972761e-16
5391.288596 5.959591e-16
5393.391799 5.974054e-16
5395.493819 6.015839e-16
5397.595184 5.994134e-16
5399.698363 5.971497e-16
5401.802599 6.065802e-16
5403.907246 6.113343e-16
5406.011122 6.137435e-16
5408.119014 6.175276e-16
5410.226678 6.174908e-16
5412.334375 6.125944e-16
5414.444293 6.145183e-16
5416.549113 6.158314e-16
5418.664420 6.162873e-16
5420.775512 6.214807e-16
5422.887887 6.192612e-16
5425.001462 6.284194e-16
5427.113957 6.322279e-16
5429.229685 6.302522e-16
5431.345007 6.313295e-16
5433.461129 6.302180e-16
5435.579752 6.318876e-16
5437.696542 6.288381e-16
5439.814980 6.411797e-16
5441.936770 6.334893e-16
5444.052223 6.358333e-16
5446.178229 6.292390e-16
5448.295043 6.272742e-16
5450.423005 6.334749e-16
5452.547258 6.387842e-16
5454.670284 6.266499e-16
5456.798122 6.227160e-16
5458.922987 6.382838e-16
5461.045519 6.315480e-16
5463.178487 6.332120e-16
5465.306234 6.273897e-16
5467.437257 6.306958e-16
5469.567639 6.283122e-16
5471.697963 6.257462e-16
5473.829560 6.322649e-16
5475.963316 6.289724e-16
5478.095561 6.325594e-16
5480.231583 6.231628e-16
5482.366020 6.245429e-16
5484.502320 6.170854e-16
5486.638744 6.184286e-16
5488.775157 6.238979e-16
5490.915877 6.257606e-16
5493.050180 6.285066e-16
5495.194178 6.192092e-16
5497.335615 6.267243e-16
5499.479049 6.186150e-16
5501.616500 6.206974e-16
5503.759535 6.296426e-16
5505.908356 6.167027e-16
5508.051311 6.183151e-16
5510.198586 6.268708e-16
5512.346140 6.309005e-16
5514.491932 6.277220e-16
5516.640175 6.190615e-16
5518.787279 6.239479e-16
5520.936370 6.145043e-16
5523.085033 6.102406e-16
5525.241571 6.095339e-16
5527.393272 6.137137e-16
5529.545881 6.082956e-16
5531.701280 6.153029e-16
5533.854860 6.128482e-16
5536.006882 6.015470e-16
5538.168866 6.114675e-16
5540.323545 6.101201e-16
5542.477954 6.158088e-16
5544.640886 6.116971e-16
5546.799737 6.071905e-16
5548.958462 5.972117e-16
5551.120866 6.052732e-16
5553.281693 5.902334e-16
5555.446280 5.941769e-16
5557.609121 5.894693e-16
5559.772020 5.864978e-16
5561.938016 5.804675e-16
5564.104722 5.729518e-16
5566.269797 5.736090e-16
5568.433939 5.660236e-16
5570.605159 5.676107e-16
5572.771379 5.748124e-16
5574.943914 5.542909e-16
5577.117284 5.420277e-16
5579.287967 5.560050e-16
5581.460680 5.408130e-16
5583.635725 5.445911e-16
5585.805805 5.440786e-16
5587.976599 5.490404e-16
5590.154773 5.376235e-16
5592.329425 5.360743e-16
5594.510617 5.361835e-16
5596.685343 5.367055e-16
5598.862646 5.383952e-16
5601.042253 5.340514e-16
5603.223250 5.362153e-16
5605.402608 5.342348e-16
5607.582362 5.288598e-16
5609.767135 5.239814e-16
5611.950051 5.299567e-16
5614.130394 5.215789e-16
5616.318178 5.187808e-16
5618.503858 5.174460e-16
5620.690745 5.134690e-16
5622.876715 5.204734e-16
5625.064504 5.161642e-16
5627.253945 5.116184e-16
5629.442700 5.178736e-16
5631.632518 5.034682e-16
5633.823758 5.073733e-16
5636.014598 5.032026e-16
5638.207613 5.083170e-16
5640.401150 5.037289e-16
5642.592200 5.013629e-16
5644.789622 4.974044e-16
5646.985729 4.949309e-16
5649.181666 4.908642e-16
5651.377589 4.860672e-16
5653.576156 4.922214e-16
5655.774157 4.941664e-16
5657.974460 4.827080e-16
5660.173502 4.898643e-16
5662.374834 4.840467e-16
5664.576896 4.805018e-16
5666.778571 4.838610e-16
5668.981898 4.906914e-16
5671.186908 4.815756e-16
5673.391691 4.806633e-16
5675.596300 4.829171e-16
5677.802266 4.743626e-16
5680.010453 4.918040e-16
5682.217485 4.863862e-16
5684.425263 4.832941e-16
5686.635165 4.871336e-16
5688.845085 4.863690e-16
5691.056582 4.849374e-16
5693.267679 4.906215e-16
5695.480535 4.868322e-16
5697.693199 4.806829e-16
5699.907545 4.833593e-16
5702.121925 4.853889e-16
5704.332573 4.909692e-16
5706.553113 4.836855e-16
5708.770413 5.036996e-16
5710.987576 4.882269e-16
5713.205401 4.888788e-16
5715.425459 4.926918e-16
5717.646159 4.837556e-16
5719.866534 4.871896e-16
5722.086491 4.870756e-16
5724.311135 4.875456e-16
5726.532802 4.866642e-16
5728.756543 4.915413e-16
5730.980744 4.805478e-16
5733.206090 4.915582e-16
5735.432416 4.987310e-16
5737.658019 4.855222e-16
5739.886134 4.890245e-16
5742.114108 4.933299e-16
5744.344099 4.803308e-16
5746.572056 4.919562e-16
5748.804065 4.863921e-16
5751.034246 4.842395e-16
5753.255219 4.915782e-16
5755.499435 4.946461e-16
5757.732906 4.847302e-16
5759.967416 4.907365e-16
5762.201752 4.900577e-16
5764.437188 4.869838e-16
5766.674562 4.901427e-16
5768.909746 4.971232e-16
5771.152132 4.860183e-16
5773.387028 5.003364e-16
5775.626687 4.944844e-16
5777.867509 4.853748e-16
5780.106954 4.915043e-16
5782.349982 4.930263e-16
5784.591450 4.895320e-16
5786.834969 4.921853e-16
5789.078057 4.971404e-16
5791.324468 4.946784e-16
5793.567747 5.008672e-16
5795.814619 5.034089e-16
5798.061241 4.920900e-16
5800.309622 5.026792e-16
5802.557454 5.091648e-16
5804.801010 4.994179e-16
5807.056109 4.992444e-16
5809.305192 5.083851e-16
5811.558131 4.999177e-16
5813.808680 4.981809e-16
5816.061506 5.026535e-16
5818.315256 4.945356e-16
5820.569541 4.933557e-16
5822.823743 4.938857e-16
5825.078240 4.912944e-16
5827.335080 4.866343e-16
5829.592658 4.985270e-16
5831.850188 4.744640e-16
5834.107954 4.745687e-16
5836.368045 4.771852e-16
5838.628361 4.709338e-16
5840.889086 4.708644e-16
5843.149355 4.852095e-16
5845.411802 4.657576e-16
5847.675255 4.646179e-16
5849.938277 4.583268e-16
5852.201519 4.542186e-16
5854.467024 4.482939e-16
5856.733383 4.462967e-16
5858.998488 4.284921e-16
5861.266534 4.372919e-16
5863.533872 4.269035e-16
5865.803677 4.188562e-16
5868.073373 4.203440e-16
5870.342427 4.085164e-16
5872.613013 4.026078e-16
5874.885567 3.973507e-16
5877.155983 3.924913e-16
5879.429737 3.794824e-16
5881.702561 3.741928e-16
5883.976482 3.702298e-16
5886.253088 3.487303e-16
5888.530032 3.337176e-16
5890.805430 3.276611e-16
5893.082929 3.100025e-16
5895.361919 3.203474e-16
5897.638662 3.154903e-16
5899.919426 3.099319e-16
5902.198785 3.085735e-16
5904.477957 3.162479e-16
5906.760195 2.977839e-16
5909.041806 3.009312e-16
5911.325654 2.977576e-16
5913.607817 2.858710e-16
5915.892608 2.861124e-16
5918.177782 2.788265e-16
5920.464090 2.734406e-16
5922.748826 2.724443e-16
5925.037569 2.724253e-16
5927.323704 2.627124e-16
5929.612816 2.555573e-16
5931.903046 2.572035e-16
5934.191376 2.551817e-16
5936.484103 2.602514e-16
5938.773231 2.513389e-16
5941.066714 2.432216e-16
5943.358469 2.484919e-16
5945.652490 2.445042e-16
5947.946236 2.413371e-16
5950.240050 2.437819e-16
5952.536453 2.410531e-16
5954.834315 2.373531e-16
5957.128637 2.368446e-16
5959.427791 2.365650e-16
5961.725716 2.249610e-16
5964.024929 2.323772e-16
5966.324546 2.310893e-16
5968.623995 2.249345e-16
5970.925823 2.252151e-16
5973.227602 2.296768e-16
5975.529850 2.197949e-16
5977.832625 2.229974e-16
5980.137386 2.242916e-16
5982.441159 2.293425e-16
5984.746975 2.258289e-16
5987.052513 2.255653e-16
5989.359441 2.229835e-16
5991.665700 2.158036e-16
5993.974431 2.281565e-16
5996.283411 2.235197e-16
5998.591674 2.205594e-16
6000.902684 2.212607e-16
6003.213699 2.157740e-16
6005.523973 2.219629e-16
6007.837247 2.225710e-16
6010.149454 2.199709e-16
6012.462619 2.231015e-16
6014.777132 2.295600e-16
6017.092204 2.337619e-16
6019.407604 2.254458e-16
6021.723756 2.301309e-16
6024.040521 2.246202e-16
6026.358047 2.295125e-16
6028.675919 2.401042e-16
6030.995714 2.324859e-16
6033.314597 2.430581e-16
6035.634748 2.430671e-16
6037.956731 2.419351e-16
6040.277867 2.515421e-16
6042.599622 2.538108e-16
6044.923899 2.482011e-16
6047.246640 2.555277e-16
6049.570391 2.615181e-16
6051.896978 2.562965e-16
6054.222273 2.725502e-16
6056.548361 2.691505e-16
6058.875690 2.707498e-16
6061.202453 2.767788e-16
6063.530018 2.874156e-16
6065.861296 2.882647e-16
6068.190515 2.914894e-16
6070.520739 2.958301e-16
6072.851845 2.930872e-16
6075.182883 2.964666e-16
6077.515388 3.083854e-16
6079.849308 3.064144e-16
6082.183800 3.068658e-16
6084.516929 3.233712e-16
6086.852947 3.219052e-16
6089.186729 3.267193e-16
6091.523659 3.374039e-16
6093.862326 3.401776e-16
6096.199201 3.434901e-16
6098.536788 3.451196e-16
6100.877462 3.511317e-16
6103.216832 3.538715e-16
6105.558171 3.652135e-16
6107.897945 3.652366e-16
6110.239844 3.716731e-16
6112.582141 3.745995e-16
6114.925268 3.853465e-16
6117.269938 3.800106e-16
6119.613469 3.919425e-16
6121.958607 3.921897e-16
6124.304093 3.949240e-16
6126.645263 4.056129e-16
6128.997869 4.124602e-16
6131.343845 4.053525e-16
6133.693333 4.224233e-16
6136.043068 4.269410e-16
6138.392197 4.212213e-16
6140.744652 4.325615e-16
6143.093840 4.393088e-16
6145.445501 4.405229e-16
6147.797812 4.390442e-16
6150.150380 4.404072e-16
6152.504136 4.334964e-16
6154.858332 4.508963e-16
6157.212679 4.478567e-16
6159.569400 4.536715e-16
6161.925282 4.559391e-16
6164.282346 4.603045e-16
6166.638896 4.542686e-16
6168.996618 4.599522e-16
6171.355721 4.686301e-16
6173.716732 4.689953e-16
6176.071227 4.761842e-16
6178.436069 4.770285e-16
6180.798123 4.820707e-16
6183.163006 4.816770e-16
6185.522531 4.865444e-16
6187.884013 4.915620e-16
6190.250077 4.907276e-16
6192.614135 4.917241e-16
6194.980045 4.937271e-16
6197.345432 4.962511e-16
6199.711828 4.986755e-16
6202.079765 4.951029e-16
6204.447544 4.992084e-16
6206.815796 4.980723e-16
6209.182571 5.039120e-16
6211.555053 5.045616e-16
6213.927254 5.074319e-16
6216.296394 5.108070e-16
6218.667054 5.082206e-16
6221.038908 5.073425e-16
6223.413719 5.087302e-16
6225.786180 5.049721e-16
6228.161340 5.137984e-16
6230.535164 5.123188e-16
6232.910837 5.164415e-16
6235.286933 5.147704e-16
6237.663839 5.142353e-16
6240.041956 5.091822e-16
6242.420091 5.134179e-16
6244.800582 5.131099e-16
6247.176406 5.090630e-16
6249.552885 5.098197e-16
6251.937175 5.071535e-16
6254.319368 5.161995e-16
6256.701012 5.105294e-16
6259.082519 5.149639e-16
6261.466973 5.138250e-16
6263.849750 5.120795e-16
6266.231299 5.108290e-16
6268.615650 5.105350e-16
6271.005073 5.131596e-16
6273.390641 5.013335e-16
6275.775060 4.847703e-16
6278.165811 4.893967e-16
6280.556277 4.917710e-16
6282.938559 4.930877e-16
6285.332500 5.048094e-16
6287.728276 5.057171e-16
6290.111353 5.030736e-16
6292.502373 5.069292e-16
6294.892885 4.996995e-16
6297.289079 5.117193e-16
6299.683312 5.034919e-16
6302.076512 5.101574e-16
6304.473230 5.095523e-16
6306.865470 5.175509e-16
6309.259359 5.186582e-16
6311.654482 5.187873e-16
6314.049935 5.149267e-16
6316.449211 5.077228e-16
6318.847230 5.124698e-16
6321.242416 5.128236e-16
6323.644860 5.113444e-16
6326.044929 5.094505e-16
6328.443244 5.138683e-16
6330.846004 5.117683e-16
6333.248941 5.077459e-16
6335.649640 5.138360e-16
6338.053702 5.130991e-16
6340.456259 5.087862e-16
6342.861218 4.994662e-16
6345.270366 5.080308e-16
6347.674693 5.065654e-16
6350.072341 5.036106e-16
6352.483162 5.059490e-16
6354.890105 5.054294e-16
6357.298398 5.004265e-16
6359.707304 4.997975e-16
6362.117731 4.996165e-16
6364.526855 4.988404e-16
6366.937598 5.057658e-16
6369.349049 5.002710e-16
6371.758555 4.976480e-16
6374.169807 5.023541e-16
6376.583592 5.026510e-16
6378.995740 4.994981e-16
6381.406702 5.008706e-16
6383.838524 5.057338e-16
6386.238867 4.956267e-16
6388.655286 4.992604e-16
6391.072132 5.038231e-16
6393.487476 5.217741e-16
6395.906251 5.024529e-16
6398.324149 5.021609e-16
6400.742177 4.969346e-16
6403.168041 4.898465e-16
6405.582085 4.974374e-16
6408.001926 4.946535e-16
6410.423656 4.961275e-16
6412.846264 4.999188e-16
6415.267254 4.928595e-16
6417.687347 4.981494e-16
6420.112807 5.031998e-16
6422.542209 5.004909e-16
6424.966683 4.930329e-16
6427.387296 5.028307e-16
6429.814694 4.992140e-16
6432.239585 4.946657e-16
6434.670993 4.970799e-16
6437.094766 4.961714e-16
6439.521619 4.892612e-16
6441.950767 4.950164e-16
6444.385202 4.851868e-16
6446.815161 4.862825e-16
6449.238356 4.845806e-16
6451.676940 4.787993e-16
6454.102832 4.778523e-16
6456.536379 4.813858e-16
6458.969205 4.869141e-16
6461.402214 4.732215e-16
6463.836364 4.807259e-16
6466.271205 4.762953e-16
6468.706928 4.714291e-16
6471.142243 4.714390e-16
6473.579176 4.684776e-16
6476.015577 4.670969e-16
6478.455376 4.690091e-16
6480.891162 4.657136e-16
6483.330528 4.680021e-16
6485.774014 4.617264e-16
6488.209602 4.667588e-16
6490.651684 4.594703e-16
6493.090829 4.590121e-16
6495.532279 4.598518e-16
6497.975040 4.592061e-16
6500.418825 4.593897e-16
6502.860894 4.572329e-16
6505.305712 4.602239e-16
6507.748972 4.552021e-16
6510.202092 4.537496e-16
6512.640208 4.472970e-16
6515.088536 4.396430e-16
6517.532821 4.493007e-16
6519.988918 4.432293e-16
6522.427528 4.429617e-16
6524.877320 4.510629e-16
6527.327273 4.478979e-16
6529.775534 4.478865e-16
6532.231923 4.461377e-16
6534.677907 4.418314e-16
6537.128864 4.482666e-16
6539.580845 4.443658e-16
6542.033958 4.364940e-16
6544.486595 4.370172e-16
6546.939568 4.350250e-16
6549.395264 4.358879e-16
6551.849570 4.360008e-16
6554.305014 4.332378e-16
6556.761151 4.291400e-16
6559.218085 4.371347e-16
6561.673700 4.303835e-16
6564.133031 4.327061e-16
6566.590772 4.323649e-16
6569.047790 4.293069e-16
6571.509089 4.225843e-16
6573.974813 4.246540e-16
6576.431064 4.290846e-16
6578.891192 4.197126e-16
6581.352286 4.166756e-16
6583.812942 4.143109e-16
6586.278330 4.190371e-16
6588.740583 4.056476e-16
6591.200917 4.126967e-16
6593.689950 4.088073e-16
6596.130253 4.086384e-16
6598.597741 4.032701e-16
6601.064231 4.281312e-16
6603.552462 4.021592e-16
6605.998729 3.985028e-16
6608.465057 4.051256e-16
6610.944978 4.016421e-16
6613.403074 3.951395e-16
6615.873069 3.970428e-16
6618.347462 3.936506e-16
6620.812061 3.890882e-16
6623.284849 3.926402e-16
6625.760349 3.903139e-16
6628.228500 3.991206e-16
6630.710921 3.909197e-16
6633.176198 3.900515e-16
6635.649824 3.809622e-16
6638.122880 3.848374e-16
6640.600662 3.862501e-16
6643.074772 3.812461e-16
6645.549653 3.820738e-16
6648.038135 3.741559e-16
6650.504807 3.755809e-16
6652.982155 3.701193e-16
6655.461329 3.712702e-16
6657.940415 3.660618e-16
6660.425675 3.693690e-16
6662.905680 3.689702e-16
6665.380265 3.644388e-16
6667.868017 3.604822e-16
6670.342406 3.612443e-16
6672.827922 3.560894e-16
6675.305928 3.590775e-16
6677.790400 3.623466e-16
6680.275397 3.562246e-16
6682.760507 3.523977e-16
6685.242302 3.579517e-16
6687.744384 3.624425e-16
6690.214040 3.485378e-16
6692.707868 3.572325e-16
6695.198712 3.521767e-16
6697.674770 3.511263e-16
6700.162964 3.545559e-16
6702.663254 3.521782e-16
6705.142145 3.467101e-16
6707.629607 3.449890e-16
6710.123462 3.529798e-16
6712.615403 3.513504e-16
6715.103911 3.467929e-16
6717.596985 3.530926e-16
6720.087563 3.488924e-16
6722.593016 3.465530e-16
6725.074582 3.531079e-16
6727.569491 3.437730e-16
6730.062658 3.501479e-16
6732.559011 3.490225e-16
6735.061976 3.501024e-16
6737.550297 3.482678e-16
6740.050624 3.506245e-16
6742.544213 3.479032e-16
6745.043638 3.533439e-16
6747.551295 3.482997e-16
6750.039253 3.497776e-16
6752.537723 3.441507e-16
6755.036761 3.535629e-16
6757.565547 3.553518e-16
6760.039181 3.422102e-16
6762.540444 3.563548e-16
6765.054533 3.536310e-16
6767.544554 3.451137e-16
6770.046891 3.535835e-16
6772.579297 3.500919e-16
6775.053062 3.468991e-16
6777.559995 3.542420e-16
6780.078898 3.469208e-16
6782.572009 3.429742e-16
6785.077665 3.580355e-16
6787.586068 3.435470e-16
6790.091826 3.468491e-16
6792.603378 3.445840e-16
6795.108930 3.513774e-16
6797.616708 3.450798e-16
6800.129837 3.443284e-16
6802.637304 3.448156e-16
6805.146052 3.409690e-16
6807.657618 3.384976e-16
6810.169235 3.456871e-16
6812.693939 3.457800e-16
6815.192408 3.384343e-16
6817.707280 3.467449e-16
6820.223685 3.401747e-16
6822.733834 3.444145e-16
6825.248823 3.457776e-16
6827.763821 3.427564e-16
6830.279640 3.404319e-16
6832.795950 3.395485e-16
6835.312807 3.376955e-16
6837.828119 3.430477e-16
6840.346708 3.303975e-16
6842.860249 3.303397e-16
6845.381941 3.430327e-16
6847.899174 3.405196e-16
6850.436706 3.387643e-16
6852.941769 3.360945e-16
6855.462587 3.515214e-16
6857.984853 3.441735e-16
6860.506351 3.622367e-16
6863.029093 3.647585e-16
6865.552306 3.358731e-16
6868.075152 3.027551e-16
6870.599196 2.862396e-16
6873.123777 2.875073e-16
6875.646117 3.047853e-16
6878.172900 3.382776e-16
6880.706981 3.460107e-16
6883.224102 3.411687e-16
6885.750889 3.237113e-16
6888.280282 3.194848e-16
6890.806631 3.167290e-16
6893.334768 3.163715e-16
6895.864573 3.232267e-16
6898.394739 3.230812e-16
6900.922759 3.240922e-16
6903.454197 3.269230e-16
6905.984427 3.226290e-16
6908.515913 3.306813e-16
6911.047197 3.233293e-16
6913.580882 3.241832e-16
6916.112409 3.281750e-16
6918.646425 3.327330e-16
6921.180427 3.236976e-16
6923.714420 3.315096e-16
6926.250032 3.277593e-16
6928.785016 3.208004e-16
6931.319745 3.212310e-16
6933.860244 3.288129e-16
6936.393270 3.226147e-16
6938.930456 3.205316e-16
6941.468905 3.186589e-16
6944.007965 3.173146e-16
6946.545796 3.176868e-16
6949.085477 3.191838e-16
6951.625932 3.203750e-16
6954.167050 3.144915e-16
6956.705715 3.299104e-16
6959.261818 3.161342e-16
6961.788369 3.196399e-16
6964.331148 3.224742e-16
6966.875013 3.267841e-16
6969.419761 3.226349e-16
6971.961632 3.281900e-16
6974.506076 3.250222e-16
6977.050972 3.256735e-16
6979.595669 3.283493e-16
6982.142308 3.253429e-16
6984.687935 3.209387e-16
6987.227753 3.354577e-16
6989.782147 3.148928e-16
6992.328857 3.167016e-16
6994.877439 3.243571e-16
6997.425810 3.284124e-16
6999.976404 3.222271e-16
7002.525161 3.216342e-16
7005.074269 3.280057e-16
7007.626368 3.189052e-16
7010.177305 3.229330e-16
7012.728002 3.303106e-16
7015.281067 3.220072e-16
7017.832060 3.237802e-16
7020.385051 3.346289e-16
7022.942482 3.197719e-16
7025.491725 3.226026e-16
7028.047617 3.334175e-16
7030.602438 3.225516e-16
7033.158019 3.292315e-16
7035.708341 3.364356e-16
7038.286337 3.238699e-16
7040.827372 3.281375e-16
7043.382543 3.394708e-16
7045.943449 3.177665e-16
7048.500570 3.231691e-16
7051.057399 3.361841e-16
7053.619694 3.216822e-16
7056.179560 3.258567e-16
7058.733332 3.358805e-16
7061.301529 3.234124e-16
7063.861322 3.222287e-16
7066.422404 3.217956e-16
7068.986942 3.284962e-16
7071.547473 3.290014e-16
7074.110180 3.271476e-16
7076.674171 3.340066e-16
7079.238423 3.196215e-16
7081.802280 3.195776e-16
7084.367737 3.327815e-16
7086.932031 3.195172e-16
7089.498648 3.204422e-16
7092.061156 3.302863e-16
7094.633990 3.186397e-16
7097.197771 3.169164e-16
7099.766743 3.255575e-16
7102.334380 3.083455e-16
7104.904127 3.163657e-16
7107.473423 3.276627e-16
7110.041084 3.113931e-16
7112.613404 3.079602e-16
7115.184007 3.039162e-16
7117.754878 3.064476e-16
7120.326959 3.016346e-16
7122.896995 3.127755e-16
7125.473627 2.995571e-16
7128.044126 2.981192e-16
7130.616778 3.109546e-16
7133.191522 2.933018e-16
7135.765794 2.920183e-16
7138.339737 3.041397e-16
7140.915499 2.863846e-16
7143.492627 2.842057e-16
7146.067602 2.825060e-16
7148.646210 2.841010e-16
7151.221537 2.834565e-16
7153.798787 2.832005e-16
7156.376840 2.807757e-16
7158.956332 2.812739e-16
7161.534621 2.770509e-16
7164.113934 2.704744e-16
7166.694434 2.667764e-16
7169.274432 2.650068e-16
7171.854636 2.591773e-16
7174.437009 2.538553e-16
7177.017306 2.531098e-16
7179.600689 2.547390e-16
7182.181638 2.516129e-16
7184.764892 2.399328e-16
7187.350403 2.345619e-16
7189.932821 2.411289e-16
7192.517911 2.443782e-16
7195.102472 2.391324e-16
7197.688171 2.411444e-16
7200.274225 2.339308e-16
7202.859860 2.331357e-16
7205.447227 2.286897e-16
7208.034401 2.303982e-16
7210.621451 2.306405e-16
7213.210016 2.349409e-16
7215.798054 2.335911e-16
7218.387144 2.346241e-16
7220.976922 2.255339e-16
7223.567715 2.225459e-16
7226.157066 2.222744e-16
7228.747970 2.227904e-16
7231.338627 2.176623e-16
7233.930431 2.168403e-16
7236.522574 2.162023e-16
7239.116503 2.114012e-16
7241.708913 2.136314e-16
7244.302461 2.137878e-16
7246.897201 2.172351e-16
7249.490649 2.159508e-16
7252.085761 2.086396e-16
7254.680365 2.122852e-16
7257.276446 2.151625e-16
7259.872211 2.181060e-16
7262.468865 2.066639e-16
7265.066261 2.086306e-16
7267.663148 2.114299e-16
7270.260835 2.128536e-16
7272.859983 2.151138e-16
7275.458663 2.050259e-16
7278.058615 2.047198e-16
7280.658850 2.124407e-16
7283.258225 2.168597e-16
7285.858320 2.164664e-16
7288.459953 2.085427e-16
7291.060618 2.027596e-16
7293.662829 2.061894e-16
7296.265654 2.121947e-16
7298.866999 2.075761e-16
7301.471638 2.073301e-16
7304.075092 2.069497e-16
7306.678456 2.073836e-16
7309.283629 2.053389e-16
7311.888541 2.060475e-16
7314.494246 2.028684e-16
7317.099715 1.959408e-16
7319.706951 2.034438e-16
7322.313442 2.024634e-16
7324.919255 2.041496e-16
7327.528040 2.029951e-16
7330.135897 1.995460e-16
7332.743728 1.950247e-16
7335.353464 1.986824e-16
7337.962284 1.954578e-16
7340.572248 1.990431e-16
7343.182866 1.955755e-16
7345.792941 1.916814e-16
7348.404420 1.894833e-16
7351.015939 1.906752e-16
7353.627598 1.870157e-16
7356.239393 1.864865e-16
7358.852681 1.849117e-16
7361.465304 1.814647e-16
7364.079483 1.812906e-16
7366.693546 1.826129e-16
7369.308968 1.833543e-16
7371.922967 1.804784e-16
7374.538861 1.784228e-16
7377.154655 1.779375e-16
7379.769755 1.745302e-16
7382.387028 1.746380e-16
7385.004659 1.734370e-16
7387.621384 1.738697e-16
7390.239121 1.722947e-16
7392.858309 1.718302e-16
7395.476920 1.688138e-16
7398.095546 1.717995e-16
7400.715942 1.685363e-16
7403.336016 1.677321e-16
7405.956014 1.692380e-16
7408.577236 1.664702e-16
7411.198199 1.644474e-16
7413.819496 1.621591e-16
7416.443353 1.627891e-16
7419.064963 1.619259e-16
7421.687063 1.555580e-16
7424.311456 1.577034e-16
7426.935348 1.551943e-16
7429.558832 1.538075e-16
7432.185178 1.535156e-16
7434.808775 1.545678e-16
7437.435096 1.494280e-16
7440.060569 1.510010e-16
7442.688001 1.455927e-16
7445.313630 1.509909e-16
7447.941458 1.461762e-16
7450.568986 1.392682e-16
7453.196450 1.381546e-16
7455.825448 1.419299e-16
7458.454754 1.382816e-16
7461.083221 1.354865e-16
7463.713551 1.317903e-16
7466.344213 1.317437e-16
7468.974374 1.257913e-16
7471.600037 1.262952e-16
7474.236746 1.242164e-16
7476.868387 1.216831e-16
7479.500878 1.186564e-16
7482.133279 1.149466e-16
7484.766357 1.128136e-16
7487.400113 1.130035e-16
7490.034013 1.065087e-16
7492.667773 1.054640e-16
7495.302585 1.020882e-16
7497.937704 1.049365e-16
7500.573053 9.722507e-17
7503.209005 9.575113e-17
7505.845946 9.617787e-17
7508.482197 8.985961e-17
7511.118952 9.111646e-17
7513.757726 9.143016e-17
7516.394426 8.481605e-17
7519.033393 8.246795e-17
7521.672651 8.219888e-17
7524.312213 7.760744e-17
7526.951415 7.630649e-17
7529.591569 7.711031e-17
7532.231639 7.314524e-17
7534.872410 6.942460e-17
7537.514861 6.921884e-17
7540.155334 6.955364e-17
7542.797119 6.482839e-17
7545.439836 6.699141e-17
7548.082752 6.360256e-17
7550.725629 6.419921e-17
7553.369606 6.293801e-17
7556.013945 5.824197e-17
7558.657997 5.694511e-17
7561.303488 5.641497e-17
7563.948552 5.438963e-17
7566.593553 5.280028e-17
7569.240935 5.285678e-17
7571.887033 5.054194e-17
7574.534050 5.116507e-17
7577.181532 4.930636e-17
7579.829098 4.723434e-17
7582.476751 4.742961e-17
7585.125103 4.719286e-17
7587.774619 4.853703e-17
7590.423810 5.128196e-17
7593.073113 5.309026e-17
7595.723478 4.416141e-17
7598.374032 3.551940e-17
7601.025709 2.891386e-17
7603.676645 2.265579e-17
7606.327606 2.117868e-17
7608.980614 1.952811e-17
7611.632428 2.114435e-17
7614.284405 2.690869e-17
7616.938965 3.576450e-17
7619.592325 4.367082e-17
7622.246524 3.751629e-17
7624.900614 3.165402e-17
7627.556414 2.955189e-17
7630.210740 2.558937e-17
7632.866962 2.747833e-17
7635.523097 2.937776e-17
7638.178841 2.698444e-17
7640.835417 2.972704e-17
7643.493710 3.004693e-17
7646.150832 2.995761e-17
7648.808189 2.872658e-17
7651.467133 2.974743e-17
7654.125220 2.742730e-17
7656.785227 3.215000e-17
7659.444717 2.996646e-17
7662.105074 3.252010e-17
7664.764765 3.056428e-17
7667.425584 3.193152e-17
7670.087092 3.255006e-17
7672.748140 3.060322e-17
7675.410039 3.169936e-17
7678.072838 3.154863e-17
7680.734932 3.114669e-17
7683.398392 3.203426e-17
7686.061960 3.289568e-17
7688.725701 3.213173e-17
7691.390587 3.348336e-17
7694.055203 3.346224e-17
7696.719485 3.175820e-17
7699.385309 3.243976e-17
7702.051237 3.322477e-17
7704.716830 3.314380e-17
7707.383549 3.314909e-17
7710.051016 3.334529e-17
7712.718518 3.411162e-17
7715.385723 3.486293e-17
7718.054276 3.387843e-17
7720.722825 3.652529e-17
7723.391693 3.365602e-17
7726.060826 3.525853e-17
7728.730399 3.466231e-17
7731.399920 3.404309e-17
7734.070825 3.886536e-17
7736.741518 3.496578e-17
7739.412102 3.777387e-17
7742.083744 3.551065e-17
7744.755794 3.488404e-17
7747.428070 3.610886e-17
7750.101525 3.531061e-17
7752.774741 3.881893e-17
7755.447738 3.894602e-17
7758.121677 3.874983e-17
7760.795719 3.845765e-17
7763.470041 3.790154e-17
7766.146432 4.046508e-17
7768.819853 3.972068e-17
7771.496115 3.995218e-17
7774.172512 4.188631e-17
7776.848557 3.780989e-17
7779.525956 4.115805e-17
7782.203046 4.312386e-17
7784.881013 4.197094e-17
7787.558356 4.122577e-17
7790.236338 3.798287e-17
7792.915853 4.051621e-17
7795.594872 4.217601e-17
7798.274751 4.851982e-17
7800.954446 4.393494e-17
7803.634354 4.447030e-17
7806.314305 4.492101e-17
7808.995890 4.341516e-17
7811.677459 4.328061e-17
7814.359140 4.569819e-17
7817.041503 4.667076e-17
7819.723534 4.701029e-17
7822.406890 4.960636e-17
7825.090189 4.882370e-17
7827.773710 4.440207e-17
7830.457504 5.064248e-17
7833.141395 4.787244e-17
7835.826108 4.934914e-17
7838.511000 4.716286e-17
7841.197310 4.885740e-17
7843.882237 4.827006e-17
7846.569325 5.019420e-17
7849.255830 5.156333e-17
7851.942564 4.927379e-17
7854.630035 5.293128e-17
7857.317856 5.092758e-17
7860.005671 5.012947e-17
7862.694548 5.411759e-17
7865.383375 5.267938e-17
7868.071777 5.244942e-17
7870.761392 5.280501e-17
7873.451741 5.274475e-17
7876.141492 5.481879e-17
7878.832301 5.710554e-17
7881.523138 5.574257e-17
7884.214443 5.611974e-17
7886.906152 5.639683e-17
7889.598410 5.638798e-17
7892.290896 5.995965e-17
7894.983407 5.678565e-17
7897.677217 5.719312e-17
7900.370086 5.836491e-17
7903.063267 5.695023e-17
7905.758664 6.006409e-17
7908.453163 5.956955e-17
7911.147858 6.018552e-17
7913.843430 6.052012e-17
7916.539646 6.135566e-17
7919.235646 6.100866e-17
7921.931890 6.377414e-17
7924.628664 6.362392e-17
7927.325733 6.245702e-17
7930.023168 6.601572e-17
7932.720976 6.527260e-17
7935.419338 6.703170e-17
7938.117953 6.731443e-17
7940.816665 6.650643e-17
7943.515658 6.635768e-17
7946.215596 6.947136e-17
7948.915944 7.029124e-17
7951.616355 6.921569e-17
7954.317024 6.902300e-17
7957.017914 7.028369e-17
7959.719180 7.170915e-17
7962.421679 6.910257e-17
7965.124140 7.512909e-17
7967.826437 7.432739e-17
7970.530144 7.350603e-17
7973.232210 7.698846e-17
7975.935557 7.735517e-17
7978.640632 7.404484e-17
7981.344887 8.050174e-17
7984.049161 7.966659e-17
7986.753964 7.982817e-17
7989.460118 7.838513e-17
7992.165318 7.899727e-17
7994.872153 7.941630e-17
7997.578493 8.405138e-17
8000.284900 8.500513e-17
8002.992448 8.401354e-17
8005.699508 8.357162e-17
8008.406692 8.723810e-17
8011.115614 8.871757e-17
8013.824759 8.905591e-17
8016.533032 8.774096e-17
8019.242522 8.602261e-17
8021.952286 9.090163e-17
8024.662294 8.825257e-17
8027.372914 9.541530e-17
8030.083495 9.273220e-17
8032.794645 9.160968e-17
8035.505692 9.238829e-17
8038.217832 9.729757e-17
8040.928971 9.557202e-17
8043.641944 9.500382e-17
8046.355093 9.831633e-17
8049.067534 1.002616e-16
8051.781567 1.015835e-16
8054.495831 1.024749e-16
8057.209514 1.025969e-16
8059.924067 1.057032e-16
8062.639815 1.067199e-16
8065.354419 1.064556e-16
8068.070121 1.094558e-16
8070.786511 1.094233e-16
8073.501888 1.125155e-16
8076.218695 1.108882e-16
8078.936047 1.134321e-16
8081.653112 1.148616e-16
8084.370603 1.174215e-16
8087.089425 1.195905e-16
8089.807183 1.177787e-16
8092.525933 1.191743e-16
8095.245205 1.195894e-16
8097.964343 1.225911e-16
8100.684378 1.195484e-16
8103.405067 1.253282e-16
8106.124901 1.240086e-16
8108.845664 1.272477e-16
8111.567217 1.280156e-16
8114.288135 1.256436e-16
8117.009952 1.275091e-16
8119.732869 1.358234e-16
8122.455147 1.336981e-16
8125.177330 1.382444e-16
8127.901067 1.400012e-16
8130.624482 1.382855e-16
8133.348261 1.361516e-16
8136.072946 1.417999e-16
8138.797594 1.429436e-16
8141.521658 1.469376e-16
8144.248024 1.460780e-16
8146.973380 1.491786e-16
8149.698832 1.520693e-16
8152.425418 1.497919e-16
8155.151594 1.542392e-16
8157.878792 1.569070e-16
8160.606441 1.586471e-16
8163.334528 1.522685e-16
8166.061389 1.533181e-16
8168.790340 1.600813e-16
8171.519165 1.693529e-16
8174.247671 1.725547e-16
8176.976389 1.666229e-16
8179.707084 1.659671e-16
8182.435935 1.744335e-16
8185.167361 1.801511e-16
8187.898134 1.875688e-16
8190.627766 1.863395e-16
8193.360866 1.839451e-16
8196.092516 1.888513e-16
8198.821379 1.862750e-16
8201.556773 1.921338e-16
8204.289600 1.955564e-16
8207.021903 2.019293e-16
8209.755081 2.033910e-16
8212.489992 2.048323e-16
8215.223482 2.100081e-16
8217.957211 2.136826e-16
8220.693465 2.206111e-16
8223.417317 2.288935e-16
8226.163560 2.089501e-16
8228.899851 1.978018e-16
8231.635482 1.980476e-16
8234.360818 2.144595e-16
8237.108859 2.290025e-16
8239.844928 2.301866e-16
8242.582557 2.348100e-16
8245.320917 2.371276e-16
8248.058274 2.425901e-16
8250.795934 2.474559e-16
8253.536301 2.494165e-16
8256.274032 2.477527e-16
8259.014032 2.474611e-16
8261.754616 2.463504e-16
8264.484156 2.621014e-16
8267.232112 2.684786e-16
8269.972836 2.692078e-16
8272.712684 2.643747e-16
8275.457606 2.609135e-16
8278.199961 2.594569e-16
8280.941771 2.584829e-16
8283.684017 2.675322e-16
8286.426849 2.722636e-16
8289.170239 2.751833e-16
8291.913061 2.753641e-16
8294.657508 2.773116e-16
8297.401165 2.734772e-16
8300.145456 2.823613e-16
8302.890355 2.828840e-16
8305.635572 2.831858e-16
8308.371770 3.009462e-16
8311.126735 2.927044e-16
8313.872512 3.000939e-16
8316.609993 3.009218e-16
8319.365422 2.939239e-16
8322.112294 2.965967e-16
8324.849817 3.018238e-16
8327.606582 3.076565e-16
8330.354062 3.002854e-16
8333.093443 3.090060e-16
8335.852136 3.043807e-16
8338.601031 3.120450e-16
8341.350003 3.153704e-16
8344.100352 3.154419e-16
8346.850503 3.133413e-16
8349.600486 3.191802e-16
8352.351174 3.232210e-16
8355.097398 3.242172e-16
8357.850752 3.218504e-16
8360.605171 3.231751e-16
8363.356692 3.240754e-16
8366.100750 3.281574e-16
8368.861261 3.249869e-16
8371.614317 3.294140e-16
8374.363160 3.263495e-16
8377.120753 3.247894e-16
8379.874879 3.369543e-16
8382.622101 3.417917e-16
8385.383510 3.352792e-16
8388.130833 3.426826e-16
8390.891310 3.343961e-16
8393.647674 3.355510e-16
8396.404497 3.347664e-16
8399.160558 3.492830e-16
8401.917179 3.422489e-16
8404.674009 3.416830e-16
8407.429863 3.349865e-16
8410.184661 3.410618e-16
8412.945517 3.412868e-16
8415.702240 3.401503e-16
8418.462271 3.451917e-16
8421.221355 3.515535e-16
8423.980652 3.449604e-16
8426.737474 3.422758e-16
8429.499154 3.434623e-16
8432.258825 3.439533e-16
8435.019492 3.534566e-16
8437.780086 3.456100e-16
8440.532320 3.503257e-16
8443.300707 3.496113e-16
8446.062424 3.506170e-16
8448.824135 3.528300e-16
8451.587268 3.496119e-16
8454.349958 3.489799e-16
8457.112637 3.500745e-16
8459.874794 3.504153e-16
8462.639066 3.439454e-16
8465.403251 3.503939e-16
8468.167187 3.503401e-16
8470.931609 3.486861e-16
8473.689762 3.564898e-16
8476.458779 3.509207e-16
8479.226840 3.532481e-16
8481.989108 3.479356e-16
8484.755965 3.391178e-16
8487.522201 3.428805e-16
8490.284624 3.565207e-16
8493.056556 3.520338e-16
8495.825776 3.500925e-16
8498.592971 3.424669e-16
8501.360611 3.529529e-16
8504.129094 3.446539e-16
8506.897728 3.469961e-16
8509.666773 3.466688e-16
8512.435182 3.436160e-16
8515.204273 3.424097e-16
8517.974107 3.430999e-16
8520.738753 3.404085e-16
8523.509370 3.363182e-16
8526.279678 3.446977e-16
8529.053574 3.316937e-16
8531.825895 3.367277e-16
8534.595113 3.284330e-16
8537.371532 3.355462e-16
8540.142918 3.334008e-16
8542.916795 3.358494e-16
8545.689548 3.355361e-16
8548.461247 3.295145e-16
8551.233908 3.200173e-16
8554.007863 3.176965e-16
8556.782011 3.130569e-16
8559.557204 3.234354e-16
8562.332322 3.191798e-16
8565.102649 3.186349e-16
8567.881976 3.096084e-16
8570.655177 3.071631e-16
8573.433342 3.074331e-16
8576.211694 3.081092e-16
8578.982972 3.126307e-16
8581.766046 3.063688e-16
8584.543731 3.079923e-16
8587.317665 3.001311e-16
8590.097270 3.029710e-16
8592.873038 2.975842e-16
8595.653232 2.986655e-16
8598.433841 3.018383e-16
8601.214259 2.969390e-16
8603.993089 2.985497e-16
8606.771966 2.976860e-16
8609.550470 2.877696e-16
8612.331031 2.921767e-16
8615.111676 2.891611e-16
8617.894577 2.897774e-16
8620.676933 2.858799e-16
8623.458718 2.927293e-16
8626.241279 2.906023e-16
8629.023217 2.962427e-16
8631.806001 2.928704e-16
8634.588777 2.875088e-16
8637.367836 2.807887e-16
8640.153976 2.871721e-16
8642.938171 2.862881e-16
8645.719809 2.776391e-16
8648.507481 2.867118e-16
8651.291345 2.861998e-16
8654.073751 2.778483e-16
8656.862477 2.844264e-16
8659.648820 2.829995e-16
8662.434591 2.851775e-16
8665.217978 2.872219e-16
8668.006660 2.890372e-16
8670.791313 2.807355e-16
8673.577428 2.704891e-16
8676.365182 2.707330e-16
8679.156288 2.757727e-16
8681.942810 2.790988e-16
8684.726123 2.734077e-16
8687.517648 2.739267e-16
8690.306569 2.705448e-16
8693.088097 2.604766e-16
8695.886566 2.685408e-16
8698.677333 2.733733e-16
8701.470493 2.741946e-16
8704.256408 2.668791e-16
8707.049039 2.738281e-16
8709.827023 2.486972e-16
8712.622987 2.540688e-16
8715.420951 2.663758e-16
8718.214156 2.636221e-16
8720.999738 2.585988e-16
8723.802337 2.697023e-16
8726.580390 2.371237e-16
8729.382960 2.567730e-16
8732.176632 2.582600e-16
8734.977544 2.705059e-16
8737.767165 2.569286e-16
8740.564361 2.655394e-16
8743.336396 2.307563e-16
8746.148204 2.495949e-16
8748.945954 2.569411e-16
8751.731371 2.437790e-16
8754.541599 2.672146e-16
8757.338779 2.611025e-16
8760.135972 2.656956e-16
8762.933047 2.549550e-16
8765.730140 2.608997e-16
8768.528197 2.585174e-16
8771.325664 2.603859e-16
8774.123416 2.650768e-16
8776.922373 2.559091e-16
8779.721156 2.660897e-16
8782.520012 2.596205e-16
8785.314785 2.505041e-16
8788.107888 2.448478e-16
8790.918362 2.581967e-16
8793.718931 2.603153e-16
8796.509363 2.412782e-16
8799.314358 2.521397e-16
8802.105339 2.357174e-16
8804.912556 2.407308e-16
8807.719108 2.456711e-16
8810.506585 2.280676e-16
8813.321507 2.395924e-16
8816.124424 2.457019e-16
8818.930199 2.445728e-16
8821.738282 2.535455e-16
8824.542357 2.533067e-16
8827.346432 2.574244e-16
8830.150358 2.587548e-16
8832.954801 2.626996e-16
8835.759503 2.472210e-16
8838.560046 2.350475e-16
8841.369259 2.496768e-16
8844.164787 2.327262e-16
8846.976802 2.387867e-16
8849.782320 2.410731e-16
8852.588356 2.401427e-16
8855.384616 2.185743e-16
8858.197961 2.232979e-16
8861.009500 2.386864e-16
8863.801397 2.174275e-16
8866.630569 2.592282e-16
8869.435325 2.406507e-16
8872.231562 2.223329e-16
8875.051689 2.382041e-16
8877.849845 2.148646e-16
8880.671492 2.491837e-16
8883.486448 2.638769e-16
8886.292142 2.490925e-16
8889.107343 2.633455e-16
8891.917383 2.543736e-16
8894.711660 2.193845e-16
8897.523123 2.156220e-16
8900.350717 2.578424e-16
8903.163576 2.549108e-16
8905.966732 2.398862e-16
8908.782764 2.376081e-16
8911.591332 2.266577e-16
8914.397427 2.140738e-16
8917.227774 2.531716e-16
8920.042075 2.443911e-16
8922.851598 2.343089e-16
8925.669811 2.554502e-16
8928.468279 2.188340e-16
8931.282927 2.096765e-16
8934.107135 2.348054e-16
8936.913022 2.162372e-16
8939.725425 2.115921e-16
8942.561198 2.509306e-16
8945.362196 2.100834e-16
8948.178808 2.125110e-16
8951.001789 2.189886e-16
8953.829201 2.505854e-16
8956.638944 2.183446e-16
8959.465410 2.339382e-16
8962.283643 2.350789e-16
8965.086216 1.929680e-16
8967.914301 2.157889e-16
8970.733776 2.188520e-16
8973.540211 1.914966e-16
8976.371837 2.179430e-16
8979.181986 1.990855e-16
8982.002276 1.901631e-16
8984.833749 2.061202e-16
8987.655222 1.929327e-16
8990.465691 1.764893e-16
8993.292637 1.952131e-16
8996.122523 2.292029e-16
8998.931377 1.967370e-16
9001.764478 2.196362e-16
9004.582088 2.003269e-16
9007.399147 1.882740e-16
9010.220924 1.971197e-16
9013.049134 2.073975e-16
9015.867571 1.917743e-16
9018.692689 2.014323e-16
9021.519208 1.941826e-16
9024.340458 1.912876e-16
9027.167595 2.030263e-16
9029.991683 2.098927e-16
9032.820019 2.218534e-16
9035.646335 2.196869e-16
9038.470035 2.115002e-16
9041.302178 2.231999e-16
9044.123383 2.175150e-16
9046.955711 2.329532e-16
9049.776046 2.223600e-16
9052.610860 2.348279e-16
9055.443248 2.420057e-16
9058.265390 2.179138e-16
9061.089965 2.132221e-16
9063.923957 2.227562e-16
9066.751920 2.097760e-16
9069.577210 1.990327e-16
9072.411333 2.062995e-16
9075.240948 1.980910e-16
9078.069591 1.939303e-16
9080.897608 1.955201e-16
9083.732149 2.002358e-16
9086.562823 2.020157e-16
9089.394960 2.078194e-16
9092.232717 2.120301e-16
9095.064603 2.288784e-16
9097.887967 2.025447e-16
9100.724198 2.038925e-16
9103.553567 1.993507e-16
9106.396415 2.218716e-16
9109.225235 2.040406e-16
9112.057309 2.047725e-16
9114.890552 2.024793e-16
9117.730774 2.042986e-16
9120.566228 2.077031e-16
9123.391473 2.010516e-16
9126.231586 1.977152e-16
9129.067006 1.908370e-16
9131.899244 1.827566e-16
9134.740031 1.848126e-16
9137.576139 1.966878e-16
9140.408329 1.950593e-16
9143.247042 2.017605e-16
9146.087421 2.069694e-16
9148.923719 2.000505e-16
9151.763066 1.843911e-16
9154.604069 1.916772e-16
9157.439394 1.869931e-16
9160.282859 2.088746e-16
9163.117787 1.999189e-16
9165.952785 1.979716e-16
9168.796768 1.997722e-16
9171.638653 1.848902e-16
9174.472300 1.841400e-16
9177.320027 1.882634e-16
9180.160184 1.869191e-16
9182.994414 1.896219e-16
9185.832073 1.796476e-16
9188.682990 2.049853e-16
9191.519872 1.917622e-16
9194.367078 1.967679e-16
9197.212437 1.980555e-16
9200.048255 1.920361e-16
9202.900591 2.089115e-16
9205.742206 2.027723e-16
9208.584224 2.043706e-16
9211.426152 1.983614e-16
9214.274458 1.985882e-16
9217.112446 1.834963e-16
9219.960174 1.905827e-16
9222.800728 1.836806e-16
9225.648325 1.887082e-16
9228.493934 1.895497e-16
9231.347605 1.971220e-16
9234.185699 1.840856e-16
9237.036465 1.867514e-16
9239.888441 1.905630e-16
9242.727463 1.759566e-16
9245.582295 1.904569e-16
9248.427112 1.907328e-16
9251.271468 1.776513e-16
9254.120175 1.789217e-16
9256.979025 1.899714e-16
9259.818813 1.753361e-16
9262.666717 1.792018e-16
9265.520757 1.852738e-16
9268.366880 1.768993e-16
9271.217019 1.697282e-16
9274.075202 1.676584e-16
9276.919087 1.598081e-16
9279.769948 1.552660e-16
9282.625144 1.561756e-16
9285.473930 1.581769e-16
9288.325319 1.617720e-16
9291.181196 1.514176e-16
9294.030863 1.409950e-16
9296.885850 1.388266e-16
9299.737766 1.326228e-16
9302.591953 1.330848e-16
9305.453526 1.442554e-16
9308.302775 1.263357e-16
9311.165286 1.394286e-16
9314.020235 1.311518e-16
9316.870902 1.267884e-16
9319.729577 1.160304e-16
9322.584958 1.162032e-16
9325.431036 1.044245e-16
9328.296252 1.152450e-16
9331.149415 1.105538e-16
9334.001321 9.364023e-17
9336.857048 8.526388e-17
9339.722424 9.344791e-17
9342.569696 8.482444e-17
9345.436345 1.199722e-16
9348.285812 9.626554e-17
9351.144649 9.642234e-17
9354.011725 1.030298e-16
9356.871274 1.028262e-16
9359.721305 9.676089e-17
9362.581165 1.000501e-16
9365.441483 9.516234e-17
9368.306570 1.065132e-16
9371.172672 1.067290e-16
9374.033827 1.100170e-16
9376.895325 1.144705e-16
9379.756207 1.141008e-16
9382.616726 1.067265e-16
9385.475768 1.097295e-16
9388.330867 1.132065e-16
9391.194748 1.220713e-16
9394.055913 1.243435e-16
9396.919551 1.099049e-16
9399.791757 1.344317e-16
9402.646528 1.145121e-16
9405.510627 1.052087e-16
9408.374334 1.099109e-16
9411.239114 1.091501e-16
9414.106043 1.078548e-16
9416.979776 1.285710e-16
9419.835938 1.048147e-16
9422.707361 1.171132e-16
9425.573239 9.517782e-17
9428.432994 9.278916e-17
9431.303799 1.012529e-16
9434.173209 1.217761e-16
9437.043440 9.767507e-17
9439.911067 9.713162e-17
9442.778498 9.561686e-17
9445.643769 9.848684e-17
9448.511436 1.135853e-16
9451.381147 1.036200e-16
9454.251942 9.297945e-17
9457.119152 9.282191e-17
9459.991146 9.484689e-17
9462.858152 1.000655e-16
9465.727231 9.652975e-17
9468.593836 1.196491e-16
9471.468930 1.064554e-16
9474.342643 1.008366e-16
9477.214380 9.720701e-17
9480.085912 9.525808e-17
9482.956878 1.004153e-16
9485.821111 1.189390e-16
9488.700908 1.353125e-16
9491.575037 1.233777e-16
9494.439998 1.011844e-16
9497.320807 8.240205e-17
9500.194294 8.592042e-17
9503.066214 9.302258e-17
9505.939347 1.043467e-16
9508.810157 1.027378e-16
9511.687897 1.091744e-16
9514.565258 1.287050e-16
9517.442096 9.158447e-17
9520.315565 1.022730e-16
9523.187066 8.412719e-17
9526.076510 8.778086e-17
9528.941884 1.195888e-16
9531.813564 1.128977e-16
9534.695786 1.149887e-16
9537.575861 1.253909e-16
9540.453652 1.143573e-16
9543.330338 1.040115e-16
9546.211325 1.151230e-16
9549.086727 1.051156e-16
9551.971637 9.262537e-17
9554.844747 1.048275e-16
9557.720751 1.058725e-16
9560.602737 1.011652e-16
9563.483222 1.002941e-16
9566.367712 8.306058e-17
9569.244111 1.046566e-16
9572.125483 1.071458e-16
9575.008351 9.573872e-17
9577.892819 1.069740e-16
9580.771287 1.095245e-16
9583.660844 1.130047e-16
9586.546114 8.749884e-17
9589.422380 9.678631e-17
9592.301442 9.573687e-17
9595.198139 9.243259e-17
9598.070579 9.595828e-17
9600.953203 1.104377e-16
9603.834697 1.065297e-16
9606.718630 1.069999e-16
9609.604712 1.126206e-16
9612.492478 1.061698e-16
9615.377226 1.070198e-16
9618.261218 1.057781e-16
9621.158372 7.857974e-17
9624.035946 1.043213e-16
9626.921476 8.651764e-17
9629.805837 1.067232e-16
9632.695806 1.063915e-16
9635.583253 1.140413e-16
9638.480614 8.715250e-17
9641.365866 1.001422e-16
9644.241956 1.066095e-16
9647.147749 1.144466e-16
9650.037216 9.696385e-17
9652.913326 1.125254e-16
9655.803861 1.031799e-16
9658.703843 9.800186e-17
9661.580984 1.056621e-16
9664.476555 1.156477e-16
9667.375680 1.038719e-16
9670.252356 1.110814e-16
9673.145386 1.147794e-16
9676.049408 1.003329e-16
9678.930433 1.015572e-16
9681.817820 1.061937e-16
9684.711360 1.047833e-16
9687.604131 1.215605e-16
9690.498613 1.185716e-16
9693.388706 1.136356e-16
9696.284863 1.165077e-16
9699.181206 9.715669e-17
9702.086507 8.607188e-17
9704.969126 1.087511e-16
9707.861400 1.107744e-16
9710.769296 8.485357e-17
9713.654135 9.539921e-17
9716.549916 9.537019e-17
9719.454659 9.032336e-17
9722.345611 8.590265e-17
9725.237223 1.082277e-16
9728.141371 9.620499e-17
9731.034876 9.602291e-17
9733.930922 8.929834e-17
9736.824773 9.891712e-17
9739.724374 1.023694e-16
9742.623596 1.007322e-16
9745.535269 9.462211e-17
9748.428806 9.355227e-17
9751.321144 1.036841e-16
9754.228214 9.069576e-17
9757.133975 9.092967e-17
9760.021774 9.204615e-17
9762.921981 9.898360e-17
9765.834340 8.877271e-17
9768.723848 9.880522e-17
9771.637680 9.261445e-17
9774.539477 8.870394e-17
9777.430381 9.454271e-17
9780.331162 1.011549e-16
9783.244371 8.998584e-17
9786.138007 8.720436e-17
9789.042363 8.484716e-17
9791.957453 7.243780e-17
9794.849739 8.586307e-17
9797.749044 9.608844e-17
9800.658670 9.351691e-17
9803.558426 9.362681e-17
9806.463154 9.563626e-17
9809.375638 9.046993e-17
9812.273658 9.597890e-17
9815.180807 9.796363e-17
9818.093467 9.406699e-17
9820.994556 9.282718e-17
9823.900582 9.622595e-17
9826.818479 7.684295e-17
9829.720455 8.433262e-17
9832.625763 8.381964e-17
9835.533102 8.815190e-17
9838.438544 9.636753e-17
9841.346658 1.084991e-16
9844.259246 9.105486e-17
9847.170459 8.832183e-17
9850.074398 9.036097e-17
9852.989510 8.529792e-17
9855.895634 8.666034e-17
9858.804631 9.507546e-17
9861.721729 9.151136e-17
9864.629767 8.658669e-17
9867.541983 8.054809e-17
9870.448885 9.023258e-17
9873.366456 6.998252e-17
9876.277558 7.855987e-17
9879.185642 8.975925e-17
9882.100232 8.775729e-17
9885.012036 9.518506e-17
9887.929146 8.295438e-17
9890.849496 7.797701e-17
9893.757748 8.185762e-17
9896.667990 8.911019e-17
9899.588523 7.369064e-17
9902.497585 9.058234e-17
9905.413921 8.941826e-17
9908.333757 8.007486e-17
9911.244101 9.164266e-17
9914.164073 8.082440e-17
9917.074593 9.539841e-17
9919.997750 8.225256e-17
9922.913174 8.249751e-17
9925.834116 7.921038e-17
9928.746129 8.672164e-17
9931.664126 8.583408e-17
9934.591002 7.168563e-17
9937.504514 7.667717e-17
9940.423665 7.053773e-17
9943.337643 8.615403e-17
9946.262839 7.534215e-17
9949.182082 7.719778e-17
9952.101929 7.742288e-17
9955.020893 8.174088e-17
9957.943437 7.559843e-17
9960.864684 7.711695e-17
9963.782689 8.298029e-17
9966.707746 7.509236e-17
9969.626620 8.446464e-17
9972.551459 7.465400e-17
9975.474331 7.614854e-17
9978.394492 8.440228e-17
9981.324032 6.849014e-17
9984.244342 7.515446e-17
9987.165536 8.340241e-17
9990.090013 7.944818e-17
9993.016678 7.355792e-17
9995.941379 7.335727e-17
9998.864816 7.765403e-17
10001.791765 7.466574e-17
10004.717579 7.247030e-17
10007.643831 7.840454e-17
10010.569715 7.258116e-17
10013.496263 7.877895e-17
10016.423122 7.422532e-17
10019.350357 7.125332e-17
10022.278118 7.092553e-17
10025.203864 7.585813e-17
10028.133360 7.056587e-17
10031.062709 6.952725e-17
10033.989511 7.668643e-17
10036.918553 7.629410e-17
10039.849882 6.893660e-17
10042.780557 6.909766e-17
10045.708037 7.514681e-17
10048.640266 6.872722e-17
10051.569929 6.952038e-17
10054.500844 7.086220e-17
10057.432813 6.806057e-17
10060.364297 6.874476e-17
10063.296189 7.010815e-17
10066.228622 6.655464e-17
10069.161164 6.752407e-17
10072.092784 7.087502e-17
10075.027166 6.704779e-17
10077.960558 6.803930e-17
10080.893796 7.224044e-17
10083.828408 6.683742e-17
10086.762817 6.959146e-17
10089.696758 7.242813e-17
10092.632662 6.374601e-17
10095.567902 6.491950e-17
10098.503561 6.532600e-17
10101.439237 6.707333e-17
10104.375860 6.784033e-17
10107.312245 6.818534e-17
10110.248991 6.847407e-17
10113.186663 6.194186e-17
10116.124090 6.515366e-17
10119.062013 6.622608e-17
10122.000182 6.738868e-17
10124.938666 6.540455e-17
10127.877436 6.515841e-17
10130.816615 6.173669e-17
10133.756066 6.352854e-17
10136.695818 6.213603e-17
10139.635915 5.928913e-17
10142.576315 6.163186e-17
10145.517137 6.522203e-17
10148.458000 6.122812e-17
10151.399329 6.185474e-17
10154.341002 5.929386e-17
10157.282990 5.854418e-17
10160.225275 5.941930e-17
10163.167961 5.982249e-17
10166.110843 5.874236e-17
10169.054066 5.711162e-17
10171.997571 5.844444e-17
10174.941449 5.912005e-17
10177.885649 6.157626e-17
10180.830286 5.682988e-17
10183.775182 6.006115e-17
10186.720222 5.951451e-17
10189.665714 5.977508e-17
10192.611441 5.753965e-17
10195.557460 5.738879e-17
10198.504044 5.554884e-17
10201.450927 5.710422e-17
10204.397896 5.817892e-17
10207.345337 5.807352e-17
10210.293058 5.818634e-17
10213.241518 6.079037e-17
10216.189341 5.928810e-17
10219.138120 5.563901e-17
10222.087132 5.559178e-17
10225.036384 5.396559e-17
10227.986950 5.559310e-17
10230.935923 5.386191e-17
10233.886311 5.418724e-17
10236.837001 5.374086e-17
10239.787724 5.186395e-17
10242.739223 5.043002e-17
10245.690847 5.153131e-17
10248.642705 5.058675e-17
10251.595389 5.254595e-17
10254.548296 4.878936e-17
10257.500601 5.148355e-17
10260.453483 5.108207e-17
10263.407096 5.157403e-17
10266.360910 5.103061e-17
10269.314887 4.874240e-17
10272.269736 5.007101e-17
10275.224450 4.808297e-17
10278.179866 4.991200e-17
10281.135246 4.882443e-17
10284.090557 4.992091e-17
10287.046948 4.915466e-17
10290.002882 4.566016e-17
10292.959957 4.776864e-17
10295.917012 4.706136e-17
10298.874833 4.593001e-17
10301.832360 4.604516e-17
10304.790874 4.457992e-17
10307.749027 4.465731e-17
10310.707829 4.592589e-17
10313.666824 4.435151e-17
10316.626285 4.357299e-17
10319.585778 4.375769e-17
10322.546051 4.257941e-17
10325.506116 4.402132e-17
10328.467349 4.374882e-17
10331.428239 4.283968e-17
10334.389708 4.270521e-17
10337.352644 3.963380e-17
10340.313376 4.239263e-17
10343.275510 4.209485e-17
10346.238089 4.135841e-17
10349.200863 3.981423e-17
10352.164833 4.085227e-17
10355.128763 4.036337e-17
10358.096718 3.695199e-17
10361.059328 3.908769e-17
10364.022427 3.925348e-17
10366.985968 3.744213e-17
10369.953693 3.829022e-17
10372.917230 3.828849e-17
10375.882853 3.755258e-17
10378.849164 3.849556e-17
10381.817729 3.715517e-17
10384.786030 3.496850e-17
10387.755834 3.519227e-17
10390.717132 3.717188e-17
10393.686223 3.576549e-17
10396.654432 3.553195e-17
10399.622999 2.729575e-17
