5110.174042 3.841899e-17
5112.140360 1.627598e-16
5114.108856 1.434402e-16
5116.078403 1.178662e-16
5118.046036 1.102346e-16
5120.015989 1.091955e-16
5121.987522 1.049598e-16
5123.958249 1.023229e-16
5125.931945 1.088581e-16
5127.904901 1.036194e-16
5129.879363 1.020066e-16
5131.855002 1.062762e-16
5133.832074 1.061231e-16
5135.809099 1.071458e-16
5137.787501 1.111401e-16
5139.766730 1.076238e-16
5141.747215 1.056178e-16
5143.728280 1.076142e-16
5145.710328 1.055584e-16
5147.693954 1.055750e-16
5149.677309 1.111765e-16
5151.662425 1.116465e-16
5153.648673 1.132052e-16
5155.635767 1.121297e-16
5157.623398 1.097580e-16
5159.612147 1.117690e-16
5161.602181 1.082674e-16
5163.592110 1.085196e-16
5165.583028 1.156028e-16
5167.574977 1.136013e-16
5169.569130 1.135134e-16
5171.562963 1.061241e-16
5173.559605 1.096141e-16
5175.555425 1.007091e-16
5177.552756 1.041854e-16
5179.551185 1.023483e-16
5181.549792 1.034990e-16
5183.550278 1.033040e-16
5185.550387 9.903711e-17
5187.552614 1.066284e-16
5189.554960 1.037710e-16
5191.558452 1.035152e-16
5193.563006 1.072499e-16
5195.568923 1.072667e-16
5197.574838 1.028282e-16
5199.583466 1.074434e-16
5201.592196 1.063837e-16
5203.600472 1.022144e-16
5205.610992 1.011932e-16
5207.622786 1.069071e-16
5209.634489 1.055315e-16
5211.647338 1.075132e-16
5213.659478 1.062360e-16
5215.675948 1.077607e-16
5217.691297 1.012207e-16
5219.707614 1.076281e-16
5221.725328 1.051216e-16
5223.744099 1.069047e-16
5225.763831 1.025776e-16
5227.784733 1.047024e-16
5229.805715 1.081145e-16
5231.827618 1.074285e-16
5233.850199 1.046288e-16
5235.874675 1.064834e-16
5237.899554 1.086698e-16
5239.925105 1.021131e-16
5241.952648 1.065498e-16
5243.979824 1.071952e-16
5246.008042 1.057188e-16
5248.038075 1.070528e-16
5250.067938 1.051753e-16
5252.099236 1.075057e-16
5254.132388 1.065346e-16
5256.165347 1.070753e-16
5258.199070 1.085854e-16
5260.234514 1.053836e-16
5262.270057 1.041290e-16
5264.306962 1.066988e-16
5266.344101 1.042624e-16
5268.383150 1.052798e-16
5270.422867 1.030422e-16
5272.461261 1.044719e-16
5274.504098 1.095022e-16
5276.546351 1.042773e-16
5278.590392 1.056149e-16
5280.633776 1.051776e-16
5282.678445 1.037959e-16
5284.724530 1.010347e-16
5286.770759 1.062536e-16
5288.818203 1.019568e-16
5290.867307 9.986055e-17
5292.916750 1.071710e-16
5294.966422 9.971941e-17
5297.019058 1.026472e-16
5299.069649 9.934510e-17
5301.122241 1.025311e-16
5303.177436 1.009525e-16
5305.233000 1.023486e-16
5307.288294 1.034063e-16
5309.344766 1.006742e-16
5311.403274 1.015599e-16
5313.460554 1.004866e-16
5315.521142 9.878926e-17
5317.580675 9.775976e-17
5319.642299 1.020808e-16
5321.702585 1.019803e-16
5323.767388 1.045453e-16
5325.830542 9.730212e-17
5327.895909 1.001270e-16
5329.961302 9.747697e-17
5332.027311 9.722461e-17
5334.095166 9.594362e-17
5336.162851 9.881011e-17
5338.231029 9.944552e-17
5340.301846 9.986696e-17
5342.372939 1.030967e-16
5344.445289 9.790086e-17
5346.517479 9.953634e-17
5348.589986 1.020682e-16
5350.665508 1.016804e-16
5352.740189 1.008652e-16
5354.816899 1.033173e-16
5356.895189 1.016579e-16
5358.971768 1.010134e-16
5361.051636 1.040475e-16
5363.129385 1.003304e-16
5365.211087 1.045684e-16
5367.292785 9.983743e-17
5369.376442 1.034034e-16
5371.458180 1.014767e-16
5373.543203 1.054294e-16
5375.627543 1.045464e-16
5377.713849 1.055646e-16
5379.798986 1.024855e-16
5381.886494 1.033332e-16
5383.975952 1.050723e-16
5386.065222 1.087298e-16
5388.154359 1.022627e-16
5390.247529 1.020969e-16
5392.338822 1.049069e-16
5394.429694 1.043763e-16
5396.525358 1.020202e-16
5398.620578 1.075140e-16
5400.714755 1.050878e-16
5402.811634 1.075429e-16
5404.908507 1.047579e-16
5407.006924 1.049887e-16
5409.105761 1.038923e-16
5411.206557 1.085075e-16
5413.306745 1.042028e-16
5415.408609 1.065198e-16
5417.509986 1.072606e-16
5419.612409 1.049221e-16
5421.715674 1.051652e-16
5423.823248 1.070311e-16
5425.928193 1.077956e-16
5428.035261 1.036040e-16
5430.142720 9.609728e-17
5432.252069 1.016664e-16
5434.360768 1.008916e-16
5436.469038 1.048715e-16
5438.582081 1.027363e-16
5440.693318 1.034145e-16
5442.804185 1.055954e-16
5444.918107 1.056720e-16
5447.032810 1.019706e-16
5449.148917 1.058471e-16
5451.265190 1.054891e-16
5453.380493 1.047160e-16
5455.498843 1.071195e-16
5457.617801 1.030208e-16
5459.736958 1.025192e-16
5461.858667 1.044479e-16
5463.980046 1.013661e-16
5466.101349 1.028878e-16
5468.221391 1.027158e-16
5470.346756 1.055085e-16
5472.472571 1.071121e-16
5474.597351 1.009198e-16
5476.724976 1.037314e-16
5478.849938 1.012886e-16
5480.979033 1.023828e-16
5483.107628 1.009618e-16
5485.237335 1.036224e-16
5487.368045 1.028346e-16
5489.499277 1.033017e-16
5491.632027 9.891662e-17
5493.764713 9.967264e-17
5495.899024 1.000495e-16
5498.034979 1.008581e-16
5500.169131 1.034755e-16
5502.305231 1.011511e-16
5504.443882 1.021737e-16
5506.580427 1.011640e-16
5508.720389 1.007450e-16
5510.859570 9.914250e-17
5513.000495 1.041877e-16
5515.142475 1.032663e-16
5517.284505 1.025710e-16
5519.426778 1.001889e-16
5521.571620 1.042213e-16
5523.713462 1.017514e-16
5525.862855 1.053159e-16
5528.007772 1.003437e-16
5530.155471 1.017592e-16
5532.303213 1.009448e-16
5534.452479 1.016899e-16
5536.602101 9.976100e-17
5538.753598 1.020612e-16
5540.903819 1.004739e-16
5543.054658 9.916635e-17
5545.207331 1.018787e-16
5547.361868 9.976847e-17
5549.515635 1.025029e-16
5551.674098 1.028437e-16
5553.829440 9.773286e-17
5555.986074 1.019120e-16
5558.144807 9.946233e-17
5560.304578 1.028200e-16
5562.463961 1.008788e-16
5564.625462 9.961849e-17
5566.784371 9.838274e-17
5568.946821 1.052318e-16
5571.106714 8.640274e-17
5573.272306 1.030810e-16
5575.440127 8.996009e-17
5577.605549 1.048356e-16
5579.772670 1.067599e-16
5581.942342 9.487895e-17
5584.108586 1.041205e-16
5586.274193 9.809063e-17
5588.444086 1.032411e-16
5590.614135 1.031069e-16
5592.783759 1.019134e-16
5594.957121 1.011343e-16
5597.130255 1.014377e-16
5599.303283 1.003125e-16
5601.476367 9.890109e-17
5603.651527 9.882465e-17
5605.827343 1.022252e-16
5608.005859 9.954525e-17
5610.182023 1.006780e-16
5612.360261 9.903293e-17
5614.538827 9.960573e-17
5616.721265 1.015007e-16
5618.902415 1.005127e-16
5621.082462 9.467640e-17
5623.266060 9.862261e-17
5625.448087 9.717774e-17
5627.631701 9.915704e-17
5629.816675 1.020405e-16
5632.001863 1.004960e-16
5634.189414 1.002933e-16
5636.374255 9.716041e-17
5638.565665 1.004655e-16
5640.752961 9.935029e-17
5642.943071 9.925947e-17
5645.134347 9.748031e-17
5647.325869 9.629726e-17
5649.516631 9.862754e-17
5651.711064 9.623240e-17
5653.903098 9.584970e-17
5656.097480 1.018636e-16
5658.290103 9.898662e-17
5660.489155 9.813646e-17
5662.685383 9.797331e-17
5664.883341 9.664768e-17
5667.078930 9.943170e-17
5669.282069 9.864663e-17
5671.481141 9.608786e-17
5673.681667 9.698075e-17
5675.883651 9.618096e-17
5678.085478 9.782301e-17
5680.289302 9.867748e-17
5682.490562 9.312732e-17
5684.697838 9.714644e-17
5686.903500 9.856528e-17
5689.109742 9.916767e-17
5691.317179 9.500190e-17
5693.522652 9.656005e-17
5695.733560 9.570575e-17
5697.942750 9.608989e-17
5700.153036 9.551185e-17
5702.364028 9.503534e-17
5704.575862 9.930648e-17
5706.786200 9.673942e-17
5709.001792 9.762265e-17
5711.216066 9.699484e-17
5713.431153 9.788472e-17
5715.647287 9.510616e-17
5717.862994 9.443853e-17
5720.078751 9.911397e-17
5722.296635 9.815675e-17
5724.515633 9.622665e-17
5726.734797 9.476793e-17
5728.957501 9.752301e-17
5731.178738 9.755849e-17
5733.400662 9.463500e-17
5735.623468 9.551619e-17
5737.844942 9.274353e-17
5740.069143 9.345938e-17
5742.296282 9.257344e-17
5744.520536 9.133694e-17
5746.746847 9.340001e-17
5748.974647 9.667752e-17
5751.201878 9.445687e-17
5753.431251 9.292113e-17
5755.660765 9.265346e-17
5757.893058 9.305849e-17
5760.122442 8.940801e-17
5762.354082 9.209711e-17
5764.586714 9.285953e-17
5766.822502 8.944991e-17
5769.054506 9.003674e-17
5771.289803 9.371068e-17
5773.526739 9.112766e-17
5775.764240 9.425224e-17
5777.996070 8.921125e-17
5780.237216 9.408754e-17
5782.476965 9.226225e-17
5784.717350 9.361683e-17
5786.957597 9.450433e-17
5789.197578 9.303995e-17
5791.440912 9.360330e-17
5793.678627 9.320481e-17
5795.925289 9.130466e-17
5798.169581 9.144686e-17
5800.416105 9.722716e-17
5802.660396 9.397561e-17
5804.904726 9.297867e-17
5807.154065 9.506867e-17
5809.401529 9.577223e-17
5811.650554 9.404243e-17
5813.899259 9.157971e-17
5816.146503 9.375450e-17
5818.400487 9.573907e-17
5820.652720 9.382130e-17
5822.904425 9.385300e-17
5825.158214 9.540008e-17
5827.412054 9.189110e-17
5829.666749 9.332453e-17
5831.922093 9.262281e-17
5834.178405 9.272106e-17
5836.435345 9.188646e-17
5838.692972 9.202467e-17
5840.951336 9.454710e-17
5843.207478 9.568215e-17
5845.470623 9.399815e-17
5847.731126 9.555737e-17
5849.992385 9.595692e-17
5852.254868 9.704295e-17
5854.517603 9.531383e-17
5856.780936 9.196541e-17
5859.045780 9.420069e-17
5861.310593 9.183079e-17
5863.576718 9.295118e-17
5865.843642 8.908646e-17
5868.110551 9.167106e-17
5870.377156 9.491247e-17
5872.647455 8.943764e-17
5874.917256 9.215348e-17
5877.185053 8.968768e-17
5879.457917 9.015888e-17
5881.730388 8.498760e-17
5884.002281 8.516784e-17
5886.277435 8.303030e-17
5888.550123 8.402315e-17
5890.826184 8.696122e-17
5893.102490 7.881420e-17
5895.377762 8.795331e-17
5897.654550 8.980785e-17
5899.931552 8.716341e-17
5902.207129 9.080819e-17
5904.487960 9.237907e-17
5906.765846 9.034213e-17
5909.045919 9.200599e-17
5911.327533 9.274017e-17
5913.609819 8.969012e-17
5915.893786 9.168034e-17
5918.175943 9.015782e-17
5920.459898 8.971901e-17
5922.744764 9.125356e-17
5925.030046 8.880190e-17
5927.318385 8.924098e-17
5929.605518 9.273485e-17
5931.893337 8.895036e-17
5934.182162 9.011031e-17
5936.466181 9.050374e-17
5938.758782 8.828239e-17
5941.051739 9.243052e-17
5943.340902 8.717363e-17
5945.635421 8.684501e-17
5947.926215 8.613916e-17
5950.219611 8.619081e-17
5952.514088 8.672849e-17
5954.809084 8.972028e-17
5957.101165 8.742708e-17
5959.401106 8.621277e-17
5961.697815 8.572473e-17
5963.995787 8.599878e-17
5966.294624 8.688109e-17
5968.593508 8.779504e-17
5970.894999 8.947460e-17
5973.194858 9.021157e-17
5975.495450 8.887672e-17
5977.798117 8.657885e-17
5980.100417 8.758547e-17
5982.404259 9.002804e-17
5984.704942 8.684189e-17
5987.009451 8.906406e-17
5989.315465 9.066368e-17
5991.625084 9.073253e-17
5993.931874 9.009685e-17
5996.239578 8.896618e-17
5998.545529 8.682308e-17
6000.857398 8.942631e-17
6003.164906 8.712159e-17
6005.477454 8.765784e-17
6007.789635 8.875773e-17
6010.097504 8.694933e-17
6012.413609 9.174122e-17
6014.727218 8.833812e-17
6017.040975 9.153707e-17
6019.353144 8.720316e-17
6021.668470 8.820979e-17
6023.987701 8.987694e-17
6026.304307 9.029418e-17
6028.621602 8.833622e-17
6030.940270 9.030022e-17
6033.256512 8.656024e-17
6035.575883 8.539837e-17
6037.899334 8.617134e-17
6040.217298 8.525299e-17
6042.539146 8.721877e-17
6044.864479 8.700261e-17
6047.184738 8.942719e-17
6049.511189 8.787817e-17
6051.832977 8.776555e-17
6054.158059 8.687389e-17
6056.484246 8.970268e-17
6058.810488 8.936392e-17
6061.138198 8.828482e-17
6063.468325 8.587402e-17
6065.794813 8.589911e-17
6068.126436 8.345776e-17
6070.456690 8.121076e-17
6072.787169 8.161177e-17
6075.118297 8.389485e-17
6077.450724 8.436738e-17
6079.783586 8.724365e-17
6082.114245 8.594131e-17
6084.448509 8.666098e-17
6086.783418 8.655835e-17
6089.118779 8.753714e-17
6091.457511 8.575040e-17
6093.791533 8.577688e-17
6096.129312 8.705243e-17
6098.467637 8.564900e-17
6100.806753 8.514025e-17
6103.146088 8.789130e-17
6105.486756 8.658228e-17
6107.827025 8.596677e-17
6110.169200 8.603635e-17
6112.510843 8.642268e-17
6114.854399 8.693847e-17
6117.197721 8.476973e-17
6119.542240 8.608832e-17
6121.882875 8.293848e-17
6124.232582 8.514695e-17
6126.579046 8.727704e-17
6128.926006 8.576606e-17
6131.273721 8.472931e-17
6133.618060 8.439101e-17
6135.971235 8.660151e-17
6138.320585 8.588460e-17
6140.667465 8.592909e-17
6143.022024 8.811905e-17
6145.373875 8.650003e-17
6147.726053 8.569466e-17
6150.079223 8.605005e-17
6152.432534 8.471732e-17
6154.787494 8.511784e-17
6157.141670 8.610948e-17
6159.494152 8.374915e-17
6161.853683 8.545387e-17
6164.212693 8.794289e-17
6166.565237 8.217673e-17
6168.927085 8.517916e-17
6171.282690 8.442673e-17
6173.642372 8.359354e-17
6176.005809 8.482560e-17
6178.366997 8.610716e-17
6180.724973 8.152792e-17
6183.090740 8.516102e-17
6185.450190 8.477232e-17
6187.817620 8.507069e-17
6190.178213 8.104832e-17
6192.543043 8.484864e-17
6194.908601 8.378316e-17
6197.277822 8.417864e-17
6199.645339 8.323508e-17
6202.012357 8.012710e-17
6204.380869 8.593786e-17
6206.746300 8.366038e-17
6209.118847 8.442084e-17
6211.486204 8.439634e-17
6213.859659 8.577104e-17
6216.231648 8.264789e-17
6218.603798 8.383552e-17
6220.973545 8.420980e-17
6223.349413 8.511712e-17
6225.723649 8.771442e-17
6228.098090 8.131317e-17
6230.471193 8.396713e-17
6232.849612 8.543471e-17
6235.227688 8.412111e-17
6237.602149 8.294869e-17
6239.981583 8.294336e-17
6242.357864 8.544386e-17
6244.740155 8.314668e-17
6247.120288 8.180638e-17
6249.500141 8.176188e-17
6251.882061 8.708991e-17
6254.262602 8.619929e-17
6256.644991 8.597864e-17
6259.028280 8.410672e-17
6261.409461 8.343869e-17
6263.796173 8.472742e-17
6266.178411 8.712908e-17
6268.566573 8.480467e-17
6270.950160 8.077476e-17
6273.339797 8.108427e-17
6275.724835 7.873350e-17
6278.115252 8.322502e-17
6280.503745 8.188923e-17
6282.893487 8.031072e-17
6285.282042 7.961209e-17
6287.672224 8.172596e-17
6290.065796 8.417793e-17
6292.457018 8.057033e-17
6294.849692 7.992413e-17
6297.244054 7.781828e-17
6299.638046 7.940395e-17
6302.032839 8.133992e-17
6304.426804 7.982931e-17
6306.822822 7.908045e-17
6309.217256 7.992633e-17
6311.613788 8.126304e-17
6314.011235 8.049693e-17
6316.409487 8.121528e-17
6318.808514 8.231743e-17
6321.207796 8.005736e-17
6323.610230 8.106948e-17
6326.009345 7.832804e-17
6328.412471 7.918809e-17
6330.812959 7.841927e-17
6333.215261 8.072299e-17
6335.618345 7.963611e-17
6338.022015 8.150546e-17
6340.426453 8.100265e-17
6342.831574 7.984711e-17
6345.237871 8.188041e-17
6347.643760 8.079210e-17
6350.050970 7.994866e-17
6352.460159 7.717056e-17
6354.866943 7.891534e-17
6357.276845 7.895048e-17
6359.685659 7.740216e-17
6362.095384 7.857058e-17
6364.504396 7.802911e-17
6366.917521 8.088026e-17
6369.328890 8.260337e-17
6371.741449 8.042365e-17
6374.153962 8.195043e-17
6376.568415 8.386687e-17
6378.965225 7.999666e-17
6381.397889 7.905536e-17
6383.813437 7.732150e-17
6386.229282 7.955507e-17
6388.646758 8.110912e-17
6391.063335 8.158792e-17
6393.478214 8.070039e-17
6395.896334 8.094036e-17
6398.316248 8.100456e-17
6400.739134 8.104123e-17
6403.156258 8.078577e-17
6405.580702 8.018449e-17
6408.002405 8.085556e-17
6410.421556 7.706628e-17
6412.844269 7.870271e-17
6415.271313 7.945899e-17
6417.695115 7.986271e-17
6420.119937 7.977907e-17
6422.545143 7.838094e-17
6424.971247 7.639810e-17
6427.397357 8.019614e-17
6429.821835 7.737019e-17
6432.248970 7.742612e-17
6434.680845 7.949485e-17
6437.109484 7.751904e-17
6439.536213 7.671130e-17
6441.966135 7.732193e-17
6444.400232 7.880142e-17
6446.828264 7.622505e-17
6449.260226 7.723298e-17
6451.695706 7.771150e-17
6454.128632 7.868547e-17
6456.559566 7.843679e-17
6458.996495 8.054831e-17
6461.431638 7.806388e-17
6463.866490 7.646311e-17
6466.303229 7.719573e-17
6468.737303 7.835663e-17
6471.174616 7.769434e-17
6473.614562 7.744538e-17
6476.053160 8.056322e-17
6478.491801 7.779287e-17
6480.929369 7.685008e-17
6483.369005 7.535593e-17
6485.812344 7.995714e-17
6488.250960 7.886680e-17
6490.692920 7.955070e-17
6493.137765 8.142263e-17
6495.581777 7.899205e-17
6498.023158 7.540738e-17
6500.469923 8.057829e-17
6502.914536 7.855710e-17
6505.357425 7.619595e-17
6507.805728 7.749246e-17
6510.250039 7.740819e-17
6512.696977 7.688646e-17
6515.144917 7.768848e-17
6517.593338 7.690479e-17
6520.042313 7.858793e-17
6522.491864 7.849086e-17
6524.944140 7.817576e-17
6527.392686 7.797537e-17
6529.844271 7.706780e-17
6532.296036 7.841873e-17
6534.748872 7.672230e-17
6537.201396 7.646669e-17
6539.651182 7.570112e-17
6542.109025 7.490866e-17
6544.565861 7.656150e-17
6547.019213 7.558390e-17
6549.475324 7.487283e-17
6551.931775 7.566219e-17
6554.388695 7.676370e-17
6556.848152 7.532408e-17
6559.304785 7.649814e-17
6561.763445 7.636741e-17
6564.224434 7.690446e-17
6566.682958 7.666827e-17
6569.142757 7.648246e-17
6571.603793 7.760019e-17
6574.065581 7.666701e-17
6576.529182 7.703002e-17
6578.990811 7.605031e-17
6581.450410 7.451938e-17
6583.913860 7.573412e-17
6586.378279 7.573251e-17
6588.843187 7.771910e-17
6591.312359 7.709704e-17
6593.778566 7.885332e-17
6596.245196 7.605027e-17
6598.712472 7.844202e-17
6601.177166 7.912073e-17
6603.645177 7.714080e-17
6606.117769 7.652520e-17
6608.587464 7.720318e-17
6611.057219 7.835657e-17
6613.527774 7.510717e-17
6615.999022 7.832309e-17
6618.470985 7.700393e-17
6620.942929 7.725312e-17
6623.415987 7.962272e-17
6625.886195 7.585847e-17
6628.360149 7.570701e-17
6630.835045 7.593779e-17
6633.310068 7.493309e-17
6635.785550 7.751760e-17
6638.261851 7.472464e-17
6640.738585 7.725627e-17
6643.215842 7.687832e-17
6645.696990 7.560056e-17
6648.172527 7.439783e-17
6650.654111 7.532214e-17
6653.131171 7.609056e-17
6655.614108 7.542012e-17
6658.091875 7.597574e-17
6660.572947 7.436155e-17
6663.057477 7.724243e-17
6665.537096 7.545090e-17
6668.019594 7.656291e-17
6670.503407 7.582259e-17
6672.987222 7.539577e-17
6675.471596 7.633953e-17
6677.956850 7.678256e-17
6680.442655 7.490008e-17
6682.931101 7.706106e-17
6685.415361 7.502533e-17
6687.904787 7.416417e-17
6690.390270 7.720162e-17
6692.878736 7.408623e-17
6695.367326 7.174108e-17
6697.856774 7.471958e-17
6700.346894 7.385045e-17
6702.837570 7.341755e-17
6705.328349 7.525895e-17
6707.819838 7.533179e-17
6710.312045 7.604012e-17
6712.804819 7.591528e-17
6715.298026 7.396348e-17
6717.791304 7.599434e-17
6720.286072 7.622388e-17
6722.780611 7.676645e-17
6725.276553 7.584323e-17
6727.771994 7.360257e-17
6730.268310 7.570027e-17
6732.765553 7.217902e-17
6735.262851 7.588046e-17
6737.761049 7.473431e-17
6740.261934 7.468484e-17
6742.758524 7.601803e-17
6745.258311 7.935855e-17
6747.761446 8.451552e-17
6750.262266 8.574317e-17
6752.760802 8.266771e-17
6755.262197 7.749968e-17
6757.764662 7.370626e-17
6760.289358 8.759863e-17
6762.809303 1.298764e-16
6765.303320 1.360661e-16
6767.802895 1.116059e-16
6770.299150 9.137859e-17
6772.789324 7.611371e-17
6775.295457 7.279812e-17
6777.802121 7.294710e-17
6780.311473 7.802287e-17
6782.827745 8.576783e-17
6785.335827 9.581872e-17
6787.844800 9.660320e-17
6790.354194 8.871833e-17
6792.852430 7.932897e-17
6795.362314 7.512106e-17
6797.873219 7.324337e-17
6800.384406 7.163239e-17
6802.892673 6.910348e-17
6805.408665 7.140982e-17
6807.921562 7.268095e-17
6810.434669 7.213704e-17
6812.948639 7.234753e-17
6815.463722 7.196494e-17
6817.977867 7.209774e-17
6820.493336 7.425821e-17
6823.009599 7.183027e-17
6825.526292 7.156847e-17
6828.043803 7.069347e-17
6830.561054 6.973141e-17
6833.080642 7.052272e-17
6835.597783 7.000951e-17
6838.118092 7.116017e-17
6840.636893 6.888169e-17
6843.149548 6.990567e-17
6845.674872 6.947569e-17
6848.197401 7.091698e-17
6850.715819 7.088645e-17
6853.237938 7.174571e-17
6855.760533 7.207719e-17
6858.286783 7.114689e-17
6860.811044 7.273870e-17
6863.336484 7.235113e-17
6865.861980 6.559884e-17
6868.387045 6.200807e-17
6870.910996 6.124963e-17
6873.436803 6.517342e-17
6875.960458 6.735884e-17
6878.490809 7.118836e-17
6881.018200 7.362504e-17
6883.546881 7.183470e-17
6886.075764 7.066857e-17
6888.604994 6.973082e-17
6891.134695 6.654349e-17
6893.664971 7.237004e-17
6896.192880 7.006280e-17
6898.727055 6.981397e-17
6901.258630 6.695532e-17
6903.791143 6.983186e-17
6906.321313 6.764872e-17
6908.854598 6.831062e-17
6911.390953 6.860272e-17
6913.925081 6.901808e-17
6916.460192 7.057847e-17
6918.992946 7.212906e-17
6921.530159 7.710291e-17
6924.068207 7.893971e-17
6926.603501 7.728495e-17
6929.139433 7.455804e-17
6931.676783 7.193666e-17
6934.215226 7.260056e-17
6936.758183 7.440172e-17
6939.297773 7.450127e-17
6941.835682 7.345774e-17
6944.375782 6.852413e-17
6946.916842 6.768510e-17
6949.458126 6.714968e-17
6952.000024 6.694716e-17
6954.542544 6.707663e-17
6957.084676 6.824108e-17
6959.625395 6.828814e-17
6962.169494 6.652762e-17
6964.715559 6.890118e-17
6967.258525 6.800966e-17
6969.803634 6.879761e-17
6972.349393 7.006190e-17
6974.897722 6.831001e-17
6977.444787 6.489766e-17
6979.989909 6.558861e-17
6982.537753 6.848065e-17
6985.085744 6.499133e-17
6987.633820 6.668839e-17
6990.182981 6.712199e-17
6992.733055 6.735729e-17
6995.282704 6.716067e-17
6997.833270 6.758746e-17
7000.384583 6.633362e-17
7002.936252 6.790032e-17
7005.488200 6.629261e-17
7008.040905 6.724758e-17
7010.595701 6.821865e-17
7013.147359 6.719824e-17
7015.701388 6.613037e-17
7018.255848 6.686177e-17
7020.810233 6.666780e-17
7023.366408 6.753544e-17
7025.921706 6.594727e-17
7028.478381 6.597056e-17
7031.035252 6.656075e-17
7033.588634 6.913807e-17
7036.150252 6.878643e-17
7038.708775 6.584898e-17
7041.267647 6.585881e-17
7043.826916 6.639124e-17
7046.386871 6.706991e-17
7048.947079 6.613277e-17
7051.509304 6.703034e-17
7054.065915 6.618539e-17
7056.630791 6.668316e-17
7059.189260 6.594104e-17
7061.755053 6.670745e-17
7064.318401 6.737531e-17
7066.881866 6.533373e-17
7069.446050 6.607392e-17
7072.010255 6.524547e-17
7074.575593 6.536997e-17
7077.140675 6.626047e-17
7079.706722 6.895743e-17
7082.272937 6.740491e-17
7084.836993 6.577405e-17
7087.407378 6.518146e-17
7089.972326 6.413035e-17
7092.543395 6.618593e-17
7095.112251 6.705748e-17
7097.681085 6.591833e-17
7100.250874 6.756427e-17
7102.817808 6.527851e-17
7105.391727 6.622800e-17
7107.959779 6.315257e-17
7110.534143 6.515659e-17
7113.106686 6.507866e-17
7115.667416 6.968842e-17
7118.231242 6.861721e-17
7120.812513 7.153168e-17
7123.387439 6.904173e-17
7125.973175 6.788135e-17
7128.545580 6.498531e-17
7131.120668 6.413194e-17
7133.696567 6.284894e-17
7136.272835 6.463249e-17
7138.852070 6.581858e-17
7141.428928 6.557278e-17
7144.006863 6.793691e-17
7146.584611 6.334118e-17
7149.163516 6.535070e-17
7151.739532 6.488770e-17
7154.321799 6.799067e-17
7156.901796 6.290448e-17
7159.479051 6.655500e-17
7162.060119 6.429949e-17
7164.641349 6.472456e-17
7167.225604 6.525180e-17
7169.805013 6.563595e-17
7172.387960 6.632851e-17
7174.973054 6.647580e-17
7177.554582 6.681325e-17
7180.140772 6.821552e-17
7182.725391 6.713305e-17
7185.307747 6.333364e-17
7187.895565 6.609474e-17
7190.478949 6.095065e-17
7193.065945 6.449070e-17
7195.654044 6.656913e-17
7198.239052 6.515436e-17
7200.828654 6.577311e-17
7203.417139 6.522381e-17
7206.003059 6.292266e-17
7208.594279 6.493546e-17
7211.181796 6.247692e-17
7213.771333 6.547549e-17
7216.361501 6.323317e-17
7218.952227 6.444666e-17
7221.545977 6.472536e-17
7224.135647 6.444593e-17
7226.727710 6.498664e-17
7229.319832 6.535550e-17
7231.915128 6.458416e-17
7234.508174 6.267973e-17
7237.102506 6.190148e-17
7239.697251 6.012898e-17
7242.292830 6.242852e-17
7244.887517 5.866333e-17
7247.483934 6.517593e-17
7250.079775 6.188863e-17
7252.676306 6.288533e-17
7255.270542 6.197303e-17
7257.869736 6.470464e-17
7260.465511 6.376925e-17
7263.063577 6.533012e-17
7265.662631 6.221045e-17
7268.261540 6.464525e-17
7270.862760 6.314896e-17
7273.463823 6.171900e-17
7276.064767 5.729343e-17
7278.665684 5.637342e-17
7281.267466 6.094518e-17
7283.869032 6.008173e-17
7286.470459 6.152520e-17
7289.071751 5.940864e-17
7291.674733 5.991181e-17
7294.277811 6.150155e-17
7296.881836 6.165359e-17
7299.487806 6.288100e-17
7302.092169 5.933787e-17
7304.698147 5.807513e-17
7307.302629 5.883317e-17
7309.910092 5.907526e-17
7312.517108 6.064253e-17
7315.124599 5.838947e-17
7317.731379 5.810718e-17
7320.340038 5.825434e-17
7322.948013 5.838939e-17
7325.554570 6.014704e-17
7328.164224 5.810134e-17
7330.774949 5.693087e-17
7333.384155 5.869373e-17
7335.995488 5.491717e-17
7338.606951 5.934150e-17
7341.218339 5.671275e-17
7343.830515 5.627125e-17
7346.441672 5.510557e-17
7349.053719 5.594848e-17
7351.666141 5.751761e-17
7354.280723 5.846740e-17
7356.894821 5.918797e-17
7359.510007 5.781912e-17
7362.124212 5.748048e-17
7364.738315 5.476410e-17
7367.355326 5.696116e-17
7369.971448 5.464978e-17
7372.588190 5.489261e-17
7375.205478 5.749235e-17
7377.820642 5.680748e-17
7380.438027 5.707576e-17
7383.056439 5.827060e-17
7385.674826 5.717376e-17
7388.293754 5.658679e-17
7390.914654 5.546644e-17
7393.534547 5.674473e-17
7396.153873 5.518536e-17
7398.775417 5.380659e-17
7401.396289 5.632193e-17
7404.017439 5.549079e-17
7406.640532 5.879410e-17
7409.261947 5.515077e-17
7411.883889 5.731430e-17
7414.507368 5.612555e-17
7417.130807 5.699667e-17
7419.755084 5.826143e-17
7422.376806 5.694258e-17
7425.004276 5.741845e-17
7427.629711 5.838477e-17
7430.255518 5.754849e-17
7432.882924 5.556299e-17
7435.508207 5.727277e-17
7438.136603 5.786509e-17
7440.762859 5.657597e-17
7443.391879 5.610241e-17
7446.018932 5.633955e-17
7448.644576 5.734707e-17
7451.273583 5.803437e-17
7453.903078 5.618147e-17
7456.533324 5.555181e-17
7459.166097 5.756010e-17
7461.794218 5.740480e-17
7464.425454 5.553031e-17
7467.059289 5.722877e-17
7469.691126 5.724992e-17
7472.323759 5.762132e-17
7474.956493 5.545090e-17
7477.589677 5.657437e-17
7480.223464 5.524721e-17
7482.858216 5.565224e-17
7485.492756 5.787332e-17
7488.124558 5.669281e-17
7490.759512 5.548006e-17
7493.394853 5.639278e-17
7496.033109 5.660076e-17
7498.667346 5.549333e-17
7501.306435 5.805828e-17
7503.941145 5.646105e-17
7506.578994 5.713912e-17
7509.217300 5.656941e-17
7511.855708 5.584247e-17
7514.494335 5.524962e-17
7517.135856 5.814129e-17
7519.775438 5.522761e-17
7522.415741 5.521851e-17
7525.057041 5.609983e-17
7527.697249 5.595420e-17
7530.339638 5.584726e-17
7532.978356 5.458249e-17
7535.622970 5.723828e-17
7538.264651 5.636731e-17
7540.907533 5.702786e-17
7543.548564 5.681429e-17
7546.192976 5.686020e-17
7548.837346 5.631918e-17
7551.480906 5.789374e-17
7554.125583 5.655772e-17
7556.773089 5.849478e-17
7559.417042 5.707076e-17
7562.064852 5.851069e-17
7564.709613 5.789765e-17
7567.356309 5.545929e-17
7570.005497 5.813490e-17
7572.653465 5.564734e-17
7575.302296 5.790450e-17
7577.948515 5.640798e-17
7580.596816 5.538804e-17
7583.245890 5.584536e-17
7585.897477 5.829963e-17
7588.545797 6.257466e-17
7591.196488 6.391315e-17
7593.847376 6.333066e-17
7596.500207 5.839128e-17
7599.153130 4.968367e-17
7601.804903 4.154916e-17
7604.457586 4.312431e-17
7607.110166 3.668089e-17
7609.762212 3.900256e-17
7612.416635 4.304212e-17
7615.070339 4.873838e-17
7617.724702 6.001294e-17
7620.379485 6.157525e-17
7623.034110 5.801263e-17
7625.689956 5.506863e-17
7628.346266 4.909614e-17
7631.002693 4.551541e-17
7633.659487 5.142454e-17
7636.315792 4.802471e-17
7638.973524 5.308134e-17
7641.629359 5.398240e-17
7644.288940 5.077499e-17
7646.947610 5.291916e-17
7649.605061 5.370632e-17
7652.264587 5.456924e-17
7654.925794 5.417914e-17
7657.586045 5.558383e-17
7660.246488 5.746466e-17
7662.907757 5.576449e-17
7665.567443 5.343348e-17
7668.229254 5.744632e-17
7670.891538 5.359708e-17
7673.553390 6.054126e-17
7676.216509 5.987333e-17
7678.886136 5.940331e-17
7681.542955 5.614026e-17
7684.207371 5.650982e-17
7686.872094 5.769122e-17
7689.536810 5.656207e-17
7692.202168 5.687612e-17
7694.867541 5.465354e-17
7697.530846 5.752127e-17
7700.201231 5.661233e-17
7702.866637 5.792486e-17
7705.535040 5.625056e-17
7708.202088 5.578606e-17
7710.870619 5.611918e-17
7713.539199 5.481685e-17
7716.208000 5.430979e-17
7718.877314 5.453064e-17
7721.546572 5.522921e-17
7724.216064 5.514528e-17
7726.886290 5.606285e-17
7729.555049 5.335717e-17
7732.225578 5.551250e-17
7734.897960 5.624411e-17
7737.568274 5.662586e-17
7740.240386 5.840082e-17
7742.912536 5.715519e-17
7745.586505 5.820249e-17
7748.259748 5.368067e-17
7750.934058 5.717545e-17
7753.607940 5.710332e-17
7756.282484 5.592070e-17
7758.956731 5.301943e-17
7761.631202 5.519932e-17
7764.306435 5.598283e-17
7766.981367 5.799531e-17
7769.657983 5.707764e-17
7772.334580 5.814852e-17
7775.010210 5.706521e-17
7777.687641 5.683362e-17
7780.365350 5.670571e-17
7783.043383 5.524408e-17
7785.722542 5.467597e-17
7788.401481 5.778328e-17
7791.079917 5.534245e-17
7793.760488 5.533849e-17
7796.440354 5.506903e-17
7799.120677 5.525400e-17
7801.800832 5.528625e-17
7804.480209 5.606489e-17
7807.161465 5.515894e-17
7809.843489 5.444466e-17
7812.525510 5.488424e-17
7815.209038 5.724582e-17
7817.890245 5.275428e-17
7820.574993 5.687348e-17
7823.258795 5.263083e-17
7825.942705 5.663921e-17
7828.627185 5.078754e-17
7831.310010 5.383518e-17
7833.994307 5.695848e-17
7836.679789 5.625268e-17
7839.365464 5.414658e-17
7842.052852 5.499800e-17
7844.739224 5.397777e-17
7847.425241 5.592850e-17
7850.113285 5.220938e-17
7852.801064 5.547915e-17
7855.489076 5.207348e-17
7858.177457 5.338701e-17
7860.866314 5.316785e-17
7863.554834 5.453770e-17
7866.243103 5.233243e-17
7868.933237 5.382632e-17
7871.623410 5.369272e-17
7874.313323 5.357365e-17
7877.005008 5.413641e-17
7879.696019 5.265023e-17
7882.387396 5.508421e-17
7885.078428 5.229777e-17
7887.771602 5.458755e-17
7890.463928 5.070643e-17
7893.157137 5.298310e-17
7895.850752 5.504317e-17
7898.543038 5.032888e-17
7901.236410 5.301507e-17
7903.930815 5.232730e-17
7906.625400 5.353355e-17
7909.321229 5.213334e-17
7912.017158 5.131097e-17
7914.713380 5.314618e-17
7917.409367 5.461223e-17
7920.106291 5.337346e-17
7922.803064 5.046460e-17
7925.500194 5.474178e-17
7928.197784 5.205157e-17
7930.894302 5.368770e-17
7933.593611 5.438646e-17
7936.291965 5.685538e-17
7938.990712 5.325475e-17
7941.689194 5.440484e-17
7944.388745 5.318342e-17
7947.089879 5.363364e-17
7949.789469 5.153261e-17
7952.490218 5.100619e-17
7955.191677 5.354691e-17
7957.892684 5.474459e-17
7960.594152 5.135768e-17
7963.297667 5.342455e-17
7966.000593 5.230489e-17
7968.703463 4.992595e-17
7971.406679 5.103817e-17
7974.109204 5.295925e-17
7976.813039 5.330842e-17
7979.517812 5.313529e-17
7982.222876 5.405026e-17
7984.927586 5.153689e-17
7987.630577 5.429498e-17
7990.338461 5.064006e-17
7993.044788 5.321748e-17
7995.751255 5.241776e-17
7998.457905 5.098299e-17
8001.165398 5.022306e-17
8003.869644 5.207411e-17
8006.577065 5.361317e-17
8009.286985 5.552971e-17
8011.995163 5.250304e-17
8014.704442 5.322337e-17
8017.414147 5.221986e-17
8020.123125 5.485865e-17
8022.833249 5.173833e-17
8025.544037 5.218829e-17
8028.254704 5.241217e-17
8030.965290 5.190782e-17
8033.677156 5.175912e-17
8036.387271 5.205869e-17
8039.097136 5.437145e-17
8041.809478 5.435819e-17
8044.521901 5.356217e-17
8047.236602 5.494889e-17
8049.949761 5.367855e-17
8052.663641 5.442861e-17
8055.377721 5.271678e-17
8058.091859 5.401961e-17
8060.806592 5.316141e-17
8063.521792 5.292462e-17
8066.238096 5.409139e-17
8068.952928 5.255629e-17
8071.667099 5.471271e-17
8074.383165 5.435857e-17
8077.099999 5.366085e-17
8079.818933 5.382041e-17
8082.534492 5.436612e-17
8085.252605 5.382383e-17
8087.970324 5.611173e-17
8090.688795 5.408608e-17
8093.407654 5.511126e-17
8096.126725 5.437330e-17
8098.847695 5.609899e-17
8101.566152 5.336026e-17
8104.287551 5.304210e-17
8107.006725 5.312317e-17
8109.728819 5.452716e-17
8112.448378 5.332262e-17
8115.171102 5.519274e-17
8117.891601 5.300133e-17
8120.613397 5.687677e-17
8123.337525 5.558290e-17
8126.058845 5.409112e-17
8128.782084 5.545170e-17
8131.507051 5.372712e-17
8134.229487 5.613849e-17
8136.953748 5.411838e-17
8139.679501 5.700838e-17
8142.403852 5.585967e-17
8145.129546 5.383892e-17
8147.853846 5.320140e-17
8150.579774 5.328800e-17
8153.305702 5.311871e-17
8156.032159 5.460645e-17
8158.758791 5.480767e-17
8161.486071 5.505752e-17
8164.214899 5.567692e-17
8166.942846 5.432811e-17
8169.669450 5.625581e-17
8172.398103 5.643651e-17
8175.126910 5.587614e-17
8177.857445 5.602409e-17
8180.585629 5.256863e-17
8183.315555 5.474130e-17
8186.045730 5.389968e-17
8188.777569 5.367508e-17
8191.507130 5.376361e-17
8194.239522 5.485650e-17
8196.971070 5.349689e-17
8199.703041 5.293413e-17
8202.434973 5.554427e-17
8205.166259 5.537747e-17
8207.898878 5.352952e-17
8210.632335 5.286919e-17
8213.365573 5.357399e-17
8216.099456 5.559014e-17
8218.831173 5.475836e-17
8221.568021 5.742499e-17
8224.302879 5.854136e-17
8227.037904 5.642143e-17
8229.773471 5.410261e-17
8232.510418 5.571803e-17
8235.245231 5.485455e-17
8237.981993 5.513842e-17
8240.718550 5.519146e-17
8243.456893 5.466066e-17
8246.193192 5.335473e-17
8248.932152 5.463541e-17
8251.670015 5.479711e-17
8254.407377 5.617942e-17
8257.146147 5.219721e-17
8259.885048 5.562809e-17
8262.624459 5.309787e-17
8265.364081 5.522196e-17
8268.104218 5.577934e-17
8270.844551 5.280077e-17
8273.585314 5.375569e-17
8276.327351 5.216148e-17
8279.069748 4.896661e-17
8281.811490 5.064189e-17
8284.553362 5.323850e-17
8287.295816 5.232088e-17
8290.038642 5.058481e-17
8292.781418 5.454353e-17
8295.524847 4.844170e-17
8298.268259 5.146704e-17
8301.012472 5.200880e-17
8303.756620 5.156657e-17
8306.501511 5.006721e-17
8309.245604 5.183825e-17
8311.991273 4.989239e-17
8314.734705 4.969767e-17
8317.482472 5.351052e-17
8320.226629 5.192136e-17
8322.971567 5.161652e-17
8325.719853 4.967012e-17
8328.467235 5.367912e-17
8331.214379 5.325811e-17
8333.960462 5.321460e-17
8336.711277 5.225005e-17
8339.458938 5.491330e-17
8342.209090 4.768229e-17
8344.958852 5.620145e-17
8347.708247 4.838336e-17
8350.458153 5.511550e-17
8353.208462 4.855577e-17
8355.958399 5.334294e-17
8358.709251 4.899552e-17
8361.460000 4.905642e-17
8364.209736 5.345845e-17
8366.963078 4.902740e-17
8369.714760 5.232711e-17
8372.465539 5.212222e-17
8375.217857 5.256106e-17
8377.970544 4.984423e-17
8380.725258 5.451496e-17
8383.479370 5.288921e-17
8386.232935 5.218154e-17
8388.987648 5.356441e-17
8391.741457 5.547720e-17
8394.494056 5.096315e-17
8397.251495 4.812108e-17
8400.007362 4.917723e-17
8402.763166 5.043683e-17
8405.519577 5.453018e-17
8408.276344 4.995969e-17
8411.030174 5.443538e-17
8413.788562 5.339220e-17
8416.546466 5.038162e-17
8419.304656 4.965673e-17
8422.062430 5.096557e-17
8424.819149 5.350892e-17
8427.578425 4.455852e-17
8430.338056 5.232522e-17
8433.097395 4.600746e-17
8435.857230 5.280195e-17
8438.617512 4.695958e-17
8441.373470 5.841571e-17
8444.136442 5.256316e-17
8446.894479 5.313768e-17
8449.658197 4.947151e-17
8452.420702 5.074958e-17
8455.182298 4.856523e-17
8457.943721 5.142123e-17
8460.707246 4.856224e-17
8463.469236 5.065691e-17
8466.232705 4.715752e-17
8468.995972 4.869606e-17
8471.760087 5.520345e-17
8474.523996 5.038994e-17
8477.286399 5.396383e-17
8480.050411 5.440149e-17
8482.815470 5.435478e-17
8485.580379 5.268232e-17
8488.344614 5.366581e-17
8491.112613 5.070403e-17
8493.879811 5.231453e-17
8496.645942 5.066917e-17
8499.412979 5.272972e-17
8502.179783 4.931799e-17
8504.947212 4.854195e-17
8507.715191 4.801276e-17
8510.483502 5.295648e-17
8513.251928 4.772850e-17
8516.018486 5.328532e-17
8518.787028 5.172450e-17
8521.556539 5.517365e-17
8524.325313 5.276654e-17
8527.096167 5.173112e-17
8529.866057 5.047638e-17
8532.635033 5.219854e-17
8535.407520 5.232433e-17
8538.178958 5.189410e-17
8540.950078 4.904454e-17
8543.722758 5.221361e-17
8546.495235 4.970644e-17
8549.267612 5.208305e-17
8552.040240 4.672428e-17
8554.812024 5.038534e-17
8557.586136 4.917479e-17
8560.358923 4.939491e-17
8563.130791 4.911395e-17
8565.904838 5.023174e-17
8568.680709 5.127469e-17
8571.454854 4.953479e-17
8574.229316 5.055695e-17
8577.006294 5.101795e-17
8579.782209 5.080870e-17
8582.556657 4.820596e-17
8585.334168 4.725627e-17
8588.111885 4.990396e-17
8590.888741 4.973260e-17
8593.665262 4.794765e-17
8596.443398 4.921465e-17
8599.221527 4.951747e-17
8601.999863 4.905539e-17
8604.778028 4.830704e-17
8607.555755 4.849137e-17
8610.335479 4.864351e-17
8613.115318 4.883249e-17
8615.895752 4.965389e-17
8618.675537 4.766786e-17
8621.455773 4.735217e-17
8624.236380 4.579232e-17
8627.017370 4.813815e-17
8629.798787 4.787911e-17
8632.580348 4.752556e-17
8635.362215 5.325082e-17
8638.144290 4.742014e-17
8640.926582 4.908475e-17
8643.709493 4.828598e-17
8646.492339 4.625743e-17
8649.275751 4.873840e-17
8652.059317 4.280573e-17
8654.843286 4.909583e-17
8657.627463 4.911178e-17
8660.412082 5.162454e-17
8663.197054 5.144125e-17
8665.982372 4.665576e-17
8668.767934 4.508418e-17
8671.554772 4.787445e-17
8674.339875 5.222965e-17
8677.125879 4.837532e-17
8679.912609 4.740761e-17
8682.699898 4.492141e-17
8685.487177 4.855682e-17
8688.274691 4.552335e-17
8691.061670 4.900367e-17
8693.849770 4.725505e-17
8696.638677 4.675441e-17
8699.427190 4.717092e-17
8702.216438 4.629056e-17
8705.006499 4.741798e-17
8707.794263 4.873299e-17
8710.585087 4.727493e-17
8713.375655 4.760507e-17
8716.166892 5.152265e-17
8718.957435 4.707063e-17
8721.748023 4.811940e-17
8724.539193 4.888069e-17
8727.331292 4.692845e-17
8730.123540 5.081646e-17
8732.915753 4.884511e-17
8735.707024 4.820844e-17
8738.501817 4.768656e-17
8741.294440 4.861372e-17
8744.088820 5.059688e-17
8746.880839 4.565583e-17
8749.675524 4.957863e-17
8752.471510 4.734706e-17
8755.266238 4.995105e-17
8758.061804 4.175094e-17
8760.857650 4.894129e-17
8763.653079 3.644722e-17
8766.449407 4.816278e-17
8769.245903 3.331213e-17
8772.042574 4.965408e-17
8774.839338 3.653698e-17
8777.636446 4.900375e-17
8780.434018 3.901556e-17
8783.232031 4.936797e-17
8786.030628 4.246296e-17
8788.827261 5.205974e-17
8791.627287 4.499323e-17
8794.426027 4.630494e-17
8797.225762 4.857914e-17
8800.024517 4.598194e-17
8802.825069 4.745135e-17
8805.625032 4.413112e-17
8808.425375 4.309870e-17
8811.226156 4.190138e-17
8814.027548 5.024795e-17
8816.828667 4.383175e-17
8819.631829 5.419986e-17
8822.431883 4.167972e-17
8825.234697 5.853479e-17
8828.037497 3.979279e-17
8830.840431 5.021696e-17
8833.643852 4.298980e-17
8836.447267 5.296186e-17
8839.251052 4.633115e-17
8842.055142 5.693627e-17
8844.859930 4.558921e-17
8847.663619 5.417989e-17
8850.469340 4.615158e-17
8853.274141 5.238176e-17
8856.080537 5.142806e-17
8858.884727 4.847284e-17
8861.691674 5.500632e-17
8864.497703 4.831212e-17
8867.305491 4.826544e-17
8870.111963 4.558957e-17
8872.919392 5.015625e-17
8875.727046 4.324564e-17
8878.531633 5.587436e-17
8881.342429 4.009087e-17
8884.151805 6.147621e-17
8886.960657 4.445979e-17
8889.770073 5.708664e-17
8892.579740 4.856253e-17
8895.387868 5.272380e-17
8898.198472 4.712153e-17
8901.009187 5.551709e-17
8903.819736 4.741006e-17
8906.630995 5.370823e-17
8909.442283 4.403445e-17
8912.253230 5.642718e-17
8915.064677 4.140248e-17
8917.877322 5.990485e-17
8920.689713 4.143297e-17
8923.502587 5.393204e-17
8926.316043 3.960111e-17
8929.129019 4.678804e-17
8931.942408 4.256045e-17
8934.756376 4.598161e-17
8937.569576 4.464067e-17
8940.384459 4.985101e-17
8943.199532 4.616198e-17
8946.014955 4.442966e-17
8948.830358 4.639314e-17
8951.645984 4.542464e-17
8954.460630 4.388208e-17
8957.277664 5.404139e-17
8960.094276 3.865355e-17
8962.911457 5.083262e-17
8965.729073 3.971465e-17
8968.543451 5.151160e-17
8971.362887 4.155232e-17
8974.180407 5.044906e-17
8976.999529 4.561794e-17
8979.816520 4.606998e-17
8982.637557 4.590638e-17
8985.456360 4.487740e-17
8988.275972 4.421060e-17
8991.095333 3.748259e-17
8993.915554 4.580477e-17
8996.735500 4.238303e-17
8999.556557 5.245250e-17
9002.377903 3.883764e-17
9005.199150 4.597091e-17
9008.020671 4.232704e-17
9010.841379 4.849881e-17
9013.663009 4.583046e-17
9016.484742 4.756670e-17
9019.309792 4.607470e-17
9022.132732 4.671664e-17
9024.955486 4.585971e-17
9027.778369 4.793547e-17
9030.602486 4.682749e-17
9033.427019 4.516116e-17
9036.251298 4.829352e-17
9039.076797 4.759517e-17
9041.902111 5.299685e-17
9044.727206 4.576018e-17
9047.552514 5.116478e-17
9050.378365 4.546553e-17
9053.204490 5.104317e-17
9056.031919 5.072340e-17
9058.857462 5.013026e-17
9061.684870 4.871665e-17
9064.512142 4.999120e-17
9067.340217 5.223835e-17
9070.168085 4.872779e-17
9072.995573 4.606926e-17
9075.825668 4.669033e-17
9078.654050 4.372017e-17
9081.483133 4.619253e-17
9084.312769 4.761342e-17
9087.141544 4.581903e-17
9089.972703 4.852391e-17
9092.803168 4.751014e-17
9095.634287 5.094492e-17
9098.464868 4.543469e-17
9101.295427 4.977082e-17
9104.127318 4.289599e-17
9106.959247 4.721842e-17
9109.791384 4.881902e-17
9112.623689 4.946471e-17
9115.456238 4.739532e-17
9118.286845 4.691021e-17
9121.121632 4.774815e-17
9123.954771 4.839726e-17
9126.789207 5.008944e-17
9129.623822 4.840897e-17
9132.459075 4.525800e-17
9135.293388 4.545173e-17
9138.128492 4.528401e-17
9140.963282 4.438807e-17
9143.799265 4.765902e-17
9146.635915 4.753765e-17
9149.472393 4.455390e-17
9152.308709 4.306508e-17
9155.145009 3.988977e-17
9157.982174 4.249112e-17
9160.819748 4.630026e-17
9163.657882 4.540553e-17
9166.495651 4.429828e-17
9169.333114 4.490174e-17
9172.172322 4.371658e-17
9175.011162 4.036086e-17
9177.849749 4.447061e-17
9180.689014 4.422399e-17
9183.529092 4.321571e-17
9186.369420 4.597790e-17
9189.208637 4.580589e-17
9192.049072 4.372026e-17
9194.890547 4.402515e-17
9197.732005 4.687734e-17
9200.574226 4.478626e-17
9203.416158 4.516499e-17
9206.257701 4.290131e-17
9209.099324 4.477820e-17
9211.942380 4.326079e-17
9214.786228 4.325928e-17
9217.629237 4.072952e-17
9220.473635 4.364413e-17
9223.317239 4.231391e-17
9226.161225 4.409353e-17
9229.005255 4.181264e-17
9231.850123 4.436453e-17
9234.695219 4.289380e-17
9237.541167 4.312702e-17
9240.385718 4.302702e-17
9243.232025 4.118824e-17
9246.077947 4.061491e-17
9248.924428 3.880003e-17
9251.770996 4.017512e-17
9254.619206 4.329022e-17
9257.465531 4.025038e-17
9260.313550 4.265161e-17
9263.161214 4.182885e-17
9266.009302 4.061666e-17
9268.857593 3.956021e-17
9271.706086 3.890597e-17
9274.554831 3.830127e-17
9277.406014 3.970281e-17
9280.255595 3.788262e-17
9283.106387 4.110526e-17
9285.955633 3.616955e-17
9288.806090 3.677119e-17
9291.657232 3.628554e-17
9294.509804 3.653217e-17
9297.360380 3.406256e-17
9300.213293 3.522170e-17
9303.063897 2.700193e-17
9305.916756 3.684159e-17
9308.769040 2.356288e-17
9311.622463 4.640573e-17
9314.475737 1.765915e-17
9317.329685 3.968450e-17
9320.183218 1.616254e-17
9323.037484 3.099500e-17
9325.891540 1.839806e-17
9328.746511 3.073779e-17
9331.601228 1.860503e-17
9334.456963 2.929440e-17
9337.312564 2.335033e-17
9340.169058 2.631417e-17
9343.024666 1.941468e-17
9345.881264 2.446060e-17
9348.737444 2.767012e-17
9351.595201 3.281982e-17
9354.452457 2.546515e-17
9357.310936 2.374799e-17
9360.168080 2.367018e-17
9363.027033 2.872467e-17
9365.884483 2.470847e-17
9368.743684 2.796032e-17
9371.602436 1.533059e-17
9374.462743 3.173744e-17
9377.322538 1.243597e-17
9380.182733 3.047110e-17
9383.042910 1.413611e-17
9385.902901 3.066824e-17
9388.763979 2.362594e-17
9391.624825 3.256241e-17
9394.487242 2.801702e-17
9397.349155 2.922451e-17
9400.211316 2.800308e-17
9403.073425 2.790980e-17
9405.936127 2.613192e-17
9408.799026 2.490973e-17
9411.662329 3.013865e-17
9414.526168 2.754206e-17
9417.390315 2.839870e-17
9420.254580 2.343571e-17
9423.118767 2.335932e-17
9425.983481 2.016773e-17
9428.848154 2.064356e-17
9431.713814 2.489578e-17
9434.579482 1.969844e-17
9437.445944 2.179457e-17
9440.312144 1.442610e-17
9443.178648 2.437863e-17
9446.045492 1.721678e-17
9448.912328 2.510384e-17
9451.779971 2.011782e-17
9454.647527 2.222548e-17
9457.516079 2.335796e-17
9460.384252 1.793529e-17
9463.253102 2.555292e-17
9466.121702 2.130508e-17
9468.990937 2.710554e-17
9471.860016 2.014955e-17
9474.730326 2.922307e-17
9477.600902 1.775902e-17
9480.471302 2.392282e-17
9483.342192 1.989270e-17
9486.212784 2.676712e-17
9489.084069 2.080134e-17
9491.955356 2.241653e-17
9494.827861 2.255061e-17
9497.699750 1.728348e-17
9500.572815 2.163271e-17
9503.445518 2.029021e-17
9506.318722 2.442567e-17
9509.191822 2.298720e-17
9512.065595 2.487449e-17
9514.938950 2.155363e-17
9517.813747 2.639087e-17
9520.688461 1.844895e-17
9523.563638 2.481283e-17
9526.438933 1.760113e-17
9529.314536 2.374392e-17
9532.190135 2.288433e-17
9535.066075 2.319565e-17
9537.942383 2.062847e-17
9540.818923 2.175067e-17
9543.696081 1.955337e-17
9546.573358 2.157005e-17
9549.451226 2.074791e-17
9552.329304 1.986681e-17
9555.207484 2.090845e-17
9558.085954 2.083359e-17
9560.964469 2.127752e-17
9563.843308 2.277111e-17
9566.722879 2.055618e-17
9569.602611 1.664163e-17
9572.482902 2.153711e-17
9575.363281 2.140327e-17
9578.244206 2.193902e-17
9581.125065 2.040910e-17
9584.005676 2.025789e-17
9586.887259 2.021031e-17
9589.769141 1.993881e-17
9592.651204 1.822333e-17
9595.533815 1.877457e-17
9598.416448 1.997955e-17
9601.299658 2.052765e-17
9604.182897 1.822913e-17
9607.066532 1.913812e-17
9609.950485 1.907520e-17
9612.834881 1.969662e-17
9615.719163 1.987779e-17
9618.604071 1.895866e-17
9621.489242 1.794571e-17
9624.374630 2.006096e-17
9627.260353 1.848443e-17
9630.146153 2.037978e-17
9633.032482 1.806683e-17
9635.919178 1.756231e-17
9638.806441 1.851114e-17
9641.693719 1.967801e-17
9644.581561 1.863628e-17
9647.469214 1.909268e-17
9650.357465 1.713402e-17
9653.245722 1.734197e-17
9656.134428 1.761227e-17
9659.023322 1.702447e-17
9661.912749 1.826773e-17
9664.802308 1.619203e-17
9667.692608 1.856328e-17
9670.582952 1.914210e-17
9673.473808 1.958782e-17
9676.364505 1.668258e-17
9679.255814 1.784923e-17
9682.147038 1.582636e-17
9685.038832 1.637633e-17
9687.930783 1.598495e-17
9690.823315 1.797717e-17
9693.716039 1.534521e-17
9696.609309 1.882363e-17
9699.502756 1.614623e-17
9702.396472 1.662223e-17
9705.290409 1.615314e-17
9708.184654 1.610022e-17
9711.078821 1.663684e-17
9713.973559 1.632211e-17
9716.868617 1.561827e-17
9719.764262 1.584481e-17
9722.660165 1.687417e-17
9725.556604 1.676124e-17
9728.453066 1.543325e-17
9731.349994 1.687263e-17
9734.246827 1.495465e-17
9737.143933 1.681142e-17
9740.041258 1.547680e-17
9742.939118 1.527231e-17
9745.837409 1.525562e-17
9748.736172 1.687849e-17
9751.635110 1.470460e-17
9754.534543 1.608988e-17
9757.433954 1.611109e-17
9760.333925 1.582036e-17
9763.233492 1.447798e-17
9766.133740 1.542685e-17
9769.034233 1.413200e-17
9771.935682 1.583365e-17
9774.837229 1.457004e-17
9777.739127 1.603915e-17
9780.641027 1.567798e-17
9783.543109 1.543477e-17
9786.445395 1.582114e-17
9789.348239 1.829689e-17
9792.251254 1.568708e-17
9795.154884 1.746871e-17
9798.058974 1.487169e-17
9800.963241 1.567830e-17
9803.867741 1.573729e-17
9806.772461 1.566298e-17
9809.677190 1.588549e-17
9812.582426 1.504248e-17
9815.487914 1.578754e-17
9818.393784 1.588367e-17
9821.300575 1.535306e-17
9824.207498 1.621234e-17
9827.114439 1.576196e-17
9830.021651 1.698195e-17
9832.928924 1.549388e-17
9835.836635 1.467867e-17
9838.744588 1.495625e-17
9841.653110 1.566693e-17
9844.561951 1.492499e-17
9847.471342 1.749269e-17
9850.380861 1.509023e-17
9853.290709 1.502637e-17
9856.200536 1.408640e-17
9859.110788 1.549738e-17
9862.021118 1.440785e-17
9864.932091 1.426111e-17
9867.843499 1.467780e-17
9870.755487 1.472034e-17
9873.667467 1.122399e-17
9876.575504 1.287735e-17
9879.487947 1.333318e-17
9882.399342 1.630552e-17
9885.313575 1.327644e-17
9888.231335 1.428615e-17
9891.145071 1.335242e-17
9894.059550 1.433876e-17
9896.974148 1.236568e-17
9899.889071 1.267466e-17
9902.804225 1.361727e-17
9905.719439 1.380233e-17
9908.634945 1.387252e-17
9911.550728 1.396998e-17
9914.467052 1.320694e-17
9917.383791 1.438912e-17
9920.300918 1.414582e-17
9923.218428 1.379317e-17
9926.136160 1.298080e-17
9929.054128 1.351422e-17
9931.972183 1.297889e-17
9934.890455 1.283963e-17
9937.809274 1.326698e-17
9940.728578 1.063430e-17
9943.648253 1.111348e-17
9946.568281 1.068233e-17
9949.488466 1.015545e-17
9952.408826 1.271207e-17
9955.329497 1.447964e-17
9958.250535 1.368401e-17
9961.171925 1.314344e-17
9964.093788 1.422026e-17
9967.016021 1.277467e-17
9969.938575 1.327033e-17
9972.861250 1.426013e-17
9975.784133 1.313530e-17
9978.707330 1.336310e-17
9981.630920 1.191333e-17
9984.555074 1.312404e-17
9987.479612 1.342991e-17
9990.404314 1.286348e-17
9993.329318 1.293695e-17
9996.254472 1.340027e-17
9999.179950 1.453168e-17
10002.105790 1.207328e-17
10005.032069 1.286972e-17
10007.958719 1.183306e-17
10010.885739 1.272388e-17
10013.812987 1.198449e-17
10016.740435 1.151184e-17
10019.668228 1.218059e-17
10022.596383 1.156185e-17
10025.524932 1.193940e-17
10028.453898 1.243352e-17
10031.383188 1.212203e-17
10034.312696 1.188849e-17
10037.242506 1.275930e-17
10040.172478 1.280206e-17
10043.102937 1.208893e-17
10046.033748 1.123216e-17
10048.964951 1.178455e-17
10051.896484 1.199112e-17
10054.828255 1.213221e-17
10057.760285 1.303869e-17
10060.692623 1.303959e-17
10063.625338 1.217320e-17
10066.558459 1.331754e-17
10069.491922 1.233786e-17
10072.425695 1.143153e-17
10075.359793 1.088660e-17
10078.294152 1.243456e-17
10081.228815 1.360527e-17
10084.163813 1.210184e-17
10087.099189 1.383523e-17
10090.034939 1.216881e-17
10092.971024 1.172619e-17
10095.907430 1.270987e-17
10098.844089 1.125707e-17
10101.781071 1.250229e-17
10104.718407 1.275693e-17
10107.656088 1.265659e-17
10110.594126 1.120770e-17
10113.532499 1.186706e-17
10116.471181 1.191212e-17
10119.410167 1.348825e-17
10122.349475 1.384509e-17
10125.289132 1.314647e-17
10128.229135 1.312520e-17
10131.169469 1.042197e-17
10134.110152 1.190343e-17
10137.051141 1.047490e-17
10139.992486 1.185062e-17
10142.934160 1.181282e-17
10145.876168 1.142855e-17
10148.818491 1.156807e-17
10151.761121 1.027857e-17
10154.704089 1.190198e-17
10157.647407 9.665916e-18
10160.591075 1.048204e-17
10163.535110 1.093252e-17
10166.479485 1.132905e-17
10169.424146 1.095260e-17
10172.369114 1.145694e-17
10175.314417 1.158194e-17
10178.260057 1.081431e-17
10181.206074 1.014014e-17
10184.152516 1.120565e-17
10187.099221 1.088018e-17
10190.046253 1.129773e-17
10192.993565 1.065462e-17
10195.941160 1.146285e-17
10198.889208 1.087762e-17
10201.837599 1.072125e-17
10204.786353 1.114405e-17
10207.735456 1.175316e-17
10210.684872 1.081636e-17
10213.634561 1.065243e-17
10216.584529 1.077290e-17
10219.534887 1.094401e-17
10222.485633 1.075054e-17
10225.436745 1.088014e-17
10228.388175 1.210108e-17
10231.340025 1.081537e-17
10234.292230 1.107577e-17
10237.244515 1.103354e-17
10240.197269 1.149020e-17
10243.150353 1.077882e-17
10246.103815 1.005432e-17
10249.057608 9.917392e-18
10252.011773 1.032370e-17
10254.966437 1.030307e-17
10257.921349 1.025757e-17
10260.876478 9.875189e-18
10263.831962 9.943325e-18
10266.787676 1.075065e-17
10269.743842 1.035060e-17
10272.700476 9.865207e-18
10275.657228 1.092602e-17
10278.614648 9.858493e-18
10281.572231 9.560690e-18
10284.530285 1.124801e-17
10287.488585 1.125398e-17
10290.447026 1.207364e-17
10293.405867 1.182094e-17
10296.365241 9.975253e-18
10299.324853 9.051662e-18
10302.284938 1.109360e-17
10305.245386 1.002135e-17
10308.206201 9.966502e-18
10311.167176 9.660542e-18
10314.128641 1.015866e-17
10317.090258 1.048328e-17
10320.052196 1.043017e-17
10323.014585 1.112968e-17
10325.977475 9.569453e-18
10328.940714 9.705012e-18
10331.904287 1.023956e-17
10334.868031 9.904032e-18
10337.832461 1.030542e-17
10340.796753 1.102861e-17
10343.761702 1.025937e-17
10346.726843 9.436025e-18
10349.692372 1.119314e-17
10352.658191 8.277545e-18
10355.624708 9.279531e-18
10358.591395 9.197617e-18
10361.558490 9.657927e-18
10364.525767 1.011181e-17
10367.493547 1.065780e-17
10370.461424 9.913251e-18
10373.429708 1.020471e-17
10376.398440 9.514718e-18
10379.367407 9.682752e-18
10382.337025 1.059665e-17
10385.307075 1.006551e-17
10388.277097 1.018984e-17
10391.247810 1.104676e-17
10394.218829 1.047639e-17
10397.189854 1.014041e-17
10400.161389 7.882337e-18
