5110.240385 3.409357e-17
5112.226429 1.102767e-16
5114.208343 9.474134e-17
5116.189633 8.207796e-17
5118.172972 7.357043e-17
5120.154275 7.935536e-17
5122.153900 8.046154e-17
5124.131461 7.087069e-17
5126.113856 7.142561e-17
5128.106854 7.100824e-17
5130.100592 7.554589e-17
5132.084140 7.793604e-17
5134.086984 7.859698e-17
5136.062206 8.153571e-17
5138.075521 8.307781e-17
5140.057047 7.799095e-17
5142.054005 7.620005e-17
5144.050143 7.562423e-17
5146.043472 7.514720e-17
5148.049979 7.893972e-17
5150.037677 7.738561e-17
5152.038390 8.082580e-17
5154.045438 8.278878e-17
5156.047768 8.319773e-17
5158.042468 7.530595e-17
5160.044076 7.780229e-17
5162.046191 8.008300e-17
5164.049448 7.684152e-17
5166.046932 8.681275e-17
5168.059088 8.283642e-17
5170.069545 7.469287e-17
5172.069793 7.575222e-17
5174.088136 7.824014e-17
5176.103480 7.419933e-17
5178.110489 7.022521e-17
5180.114173 7.004033e-17
5182.131831 7.286804e-17
5184.148701 6.599661e-17
5186.162786 7.245639e-17
5188.165888 7.174071e-17
5190.190911 7.121853e-17
5192.208759 7.359883e-17
5194.204222 7.516733e-17
5196.238964 6.962298e-17
5198.265546 7.280748e-17
5200.271965 7.155236e-17
5202.304256 6.927578e-17
5204.324974 6.675922e-17
5206.337600 7.193303e-17
5208.364770 7.292072e-17
5210.382526 6.918015e-17
5212.411672 7.899304e-17
5214.446399 7.604790e-17
5216.471662 7.452318e-17
5218.497142 7.815403e-17
5220.529555 7.699107e-17
5222.563112 7.523800e-17
5224.589354 7.610425e-17
5226.606725 7.546360e-17
5228.645540 7.710506e-17
5230.683162 7.370238e-17
5232.723121 7.983240e-17
5234.747082 7.800481e-17
5236.791245 7.494871e-17
5238.829533 7.742411e-17
5240.866101 7.427474e-17
5242.899982 6.835309e-17
5244.934066 7.409684e-17
5246.978923 7.370581e-17
5249.025043 7.289132e-17
5251.024559 7.524547e-17
5253.108951 7.651687e-17
5255.159946 7.643401e-17
5257.207442 7.868182e-17
5259.233160 7.442182e-17
5261.283766 7.525144e-17
5263.330778 7.989640e-17
5265.378559 7.344226e-17
5267.431298 7.544267e-17
5269.477270 7.716514e-17
5271.533839 7.656772e-17
5273.583245 7.636089e-17
5275.619613 7.455128e-17
5277.656973 7.770116e-17
5279.750494 7.317406e-17
5281.796288 7.276249e-17
5283.845079 7.711967e-17
5285.903039 7.553471e-17
5287.962909 7.617954e-17
5290.025089 7.375445e-17
5292.088151 7.610139e-17
5294.122241 8.003605e-17
5296.197064 7.553356e-17
5298.247017 7.647974e-17
5300.327122 7.334737e-17
5302.388771 7.370759e-17
5304.446296 7.575425e-17
5306.509829 7.611196e-17
5308.579277 7.361714e-17
5310.651994 7.799034e-17
5312.704136 7.304201e-17
5314.782021 7.657984e-17
5316.822112 7.540206e-17
5318.912515 7.207505e-17
5320.993311 7.493985e-17
5323.047238 7.576821e-17
5325.116664 7.464243e-17
5327.199826 7.212059e-17
5329.283400 7.126790e-17
5331.355313 7.134145e-17
5333.428329 6.487676e-17
5335.505675 7.366556e-17
5337.591693 6.934057e-17
5339.706399 7.539461e-17
5341.741222 7.366470e-17
5343.821171 7.311590e-17
5345.875830 7.895255e-17
5347.999478 7.632442e-17
5350.055267 7.363357e-17
5352.156356 7.719592e-17
5354.230976 7.635214e-17
5356.305659 7.972532e-17
5358.405004 7.305666e-17
5360.506464 7.138378e-17
5362.552971 8.203990e-17
5364.659380 7.893874e-17
5366.759465 7.584028e-17
5368.819025 7.969655e-17
5370.939117 7.622005e-17
5373.027099 7.485904e-17
5375.117876 7.764302e-17
5377.193421 7.278424e-17
5379.317899 8.020538e-17
5381.416665 8.148129e-17
5383.496340 8.066488e-17
5385.581297 7.893325e-17
5387.666760 7.789368e-17
5389.782655 7.672009e-17
5391.888531 7.498613e-17
5393.964801 7.854579e-17
5396.083784 7.795498e-17
5398.190436 7.638353e-17
5400.309329 7.590354e-17
5402.387374 7.212520e-17
5404.504953 7.562922e-17
5406.596296 7.825400e-17
5408.700152 7.253273e-17
5410.802211 7.714954e-17
5412.909390 8.381601e-17
5415.029546 7.761067e-17
5417.133764 7.326351e-17
5419.228613 7.697380e-17
5421.369046 7.495063e-17
5423.449853 7.903724e-17
5425.584133 7.986706e-17
5427.690547 7.448975e-17
5429.791877 7.657043e-17
5431.915254 7.353337e-17
5434.032257 7.498124e-17
5436.164474 7.416523e-17
5438.242433 7.651486e-17
5440.386039 7.616718e-17
5442.495461 7.343255e-17
5444.610077 7.737602e-17
5446.729454 7.781970e-17
5448.852233 8.041463e-17
5450.985523 7.333123e-17
5453.080765 8.052681e-17
5455.224093 8.037788e-17
5457.357726 7.292322e-17
5459.476899 7.192043e-17
5461.593085 7.937083e-17
5463.732747 7.754112e-17
5465.847106 7.665398e-17
5467.989407 7.749327e-17
5470.120452 7.789560e-17
5472.217779 7.713367e-17
5474.385513 7.592144e-17
5476.511428 7.824403e-17
5478.647234 7.748244e-17
5480.778111 7.454127e-17
5482.908669 7.703803e-17
5485.032401 7.651671e-17
5487.177408 7.797460e-17
5489.316948 7.497056e-17
5491.425951 7.686852e-17
5493.593972 7.598374e-17
5495.735041 7.504175e-17
5497.870930 7.294442e-17
5500.010845 7.454336e-17
5502.140263 7.706670e-17
5504.275655 7.956240e-17
5506.438551 7.371663e-17
5508.574455 7.732363e-17
5510.709246 7.919387e-17
5512.861121 7.521086e-17
5515.017805 7.809658e-17
5517.141357 7.594985e-17
5519.321146 7.354344e-17
5521.450992 7.686071e-17
5523.601829 7.644675e-17
5525.756758 7.678891e-17
5527.883843 7.689498e-17
5530.060636 7.779500e-17
5532.204280 7.508037e-17
5534.337381 7.659059e-17
5536.511932 7.376089e-17
5538.672858 7.620813e-17
5540.818246 7.740510e-17
5542.948628 7.837421e-17
5545.137682 7.559832e-17
5547.293986 7.531666e-17
5549.397494 8.008848e-17
5551.613426 7.527396e-17
5553.776835 7.900302e-17
5555.939551 7.698526e-17
5558.093769 7.531175e-17
5560.265442 7.586275e-17
5562.412398 7.455325e-17
5564.585085 7.598095e-17
5566.741477 7.470647e-17
5568.914761 7.716499e-17
5571.088705 7.929441e-17
5573.244395 7.742255e-17
5575.385854 8.946873e-17
5577.598842 8.332445e-17
5579.769315 8.503870e-17
5581.942470 8.314100e-17
5584.116545 7.649143e-17
5586.278417 7.104336e-17
5588.443251 7.918724e-17
5590.628490 8.015444e-17
5592.789169 7.507904e-17
5594.965193 7.418305e-17
5597.147743 7.487851e-17
5599.283428 7.991806e-17
5601.497539 7.437189e-17
5603.671963 7.430933e-17
5605.860575 7.416562e-17
5608.038091 7.306723e-17
5610.213541 7.855745e-17
5612.378966 7.451918e-17
5614.574903 7.684584e-17
5616.757661 7.412037e-17
5618.925332 7.949789e-17
5621.125535 7.425063e-17
5623.325332 7.467347e-17
5625.497020 7.331230e-17
5627.684282 7.301078e-17
5629.859116 7.746489e-17
5632.060884 7.709874e-17
5634.248601 7.678843e-17
5636.426670 7.704517e-17
5638.629180 7.702225e-17
5640.819256 7.559236e-17
5643.011619 7.584412e-17
5645.207869 7.456097e-17
5647.401365 7.432747e-17
5649.594999 7.461914e-17
5651.792200 7.377703e-17
5653.957570 7.391566e-17
5656.167904 7.739416e-17
5658.380222 7.433326e-17
5660.583450 7.195107e-17
5662.725396 7.764588e-17
5664.977442 7.663639e-17
5667.177014 7.637522e-17
5669.377981 7.498809e-17
5671.578170 7.571838e-17
5673.782600 7.409371e-17
5675.974613 7.852669e-17
5678.177258 7.489437e-17
5680.393926 7.389418e-17
5682.601754 7.276197e-17
5684.793343 7.793544e-17
5687.009526 7.180545e-17
5689.214525 7.589502e-17
5691.423926 7.195382e-17
5693.628226 7.412055e-17
5695.836415 7.825763e-17
5698.063562 7.500701e-17
5700.275789 7.566284e-17
5702.472141 7.550164e-17
5704.700202 7.502715e-17
5706.913645 7.524066e-17
5709.115971 7.490946e-17
5711.337522 7.666260e-17
5713.540544 7.440702e-17
5715.807279 7.263881e-17
5717.987969 7.348396e-17
5720.206357 7.519611e-17
5722.434474 7.918815e-17
5724.641056 7.714783e-17
5726.867436 7.546267e-17
5729.081685 7.584491e-17
5731.294849 7.562044e-17
5733.526844 7.619951e-17
5735.764967 7.732642e-17
5737.966258 7.609989e-17
5740.203865 7.323377e-17
5742.441626 7.671102e-17
5744.660645 7.681135e-17
5746.888086 7.400229e-17
5749.129143 7.557269e-17
5751.343898 7.231617e-17
5753.578233 7.312501e-17
5755.809784 7.564794e-17
5758.031924 7.147602e-17
5760.277496 7.461389e-17
5762.521039 7.478654e-17
5764.733948 7.439527e-17
5766.955059 7.629626e-17
5769.206916 7.283367e-17
5771.426163 7.486737e-17
5773.675788 7.591663e-17
5775.928881 7.472342e-17
5778.150170 7.657138e-17
5780.392537 7.374535e-17
5782.631828 7.650658e-17
5784.855603 7.495361e-17
5787.110146 7.673682e-17
5789.353747 7.425806e-17
5791.595251 7.371222e-17
5793.836876 7.457846e-17
5796.082982 7.652211e-17
5798.325206 7.443723e-17
5800.553274 7.705190e-17
5802.818158 7.613577e-17
5805.063347 7.632247e-17
5807.297849 7.551768e-17
5809.560178 7.476453e-17
5811.808990 7.591035e-17
5814.054300 7.446075e-17
5816.294987 7.589053e-17
5818.546300 7.688492e-17
5820.812400 7.595562e-17
5823.063893 7.789324e-17
5825.306234 7.246387e-17
5827.571528 7.542932e-17
5829.825673 7.503253e-17
5832.081149 7.437337e-17
5834.338033 7.378269e-17
5836.599362 7.446194e-17
5838.852591 7.536486e-17
5841.111756 7.376270e-17
5843.369765 7.429506e-17
5845.619534 7.342761e-17
5847.903209 7.408687e-17
5850.152956 7.477318e-17
5852.411669 7.529017e-17
5854.675019 7.682988e-17
5856.939988 7.457610e-17
5859.193410 7.413052e-17
5861.467160 7.890939e-17
5863.732791 7.484853e-17
5865.999518 7.592147e-17
5868.266220 7.614028e-17
5870.535738 7.585500e-17
5872.793104 7.492926e-17
5875.072115 7.325408e-17
5877.333255 7.362978e-17
5879.611321 7.435940e-17
5881.883986 7.353523e-17
5884.146730 7.147193e-17
5886.399038 7.364158e-17
5888.702858 7.335196e-17
5890.991202 7.202020e-17
5893.255354 7.037248e-17
5895.529001 6.425364e-17
5897.804275 7.570411e-17
5900.080831 7.298234e-17
5902.359652 7.273520e-17
5904.626582 7.419629e-17
5906.901429 7.412150e-17
5909.179143 7.373796e-17
5911.453435 7.410487e-17
5913.745389 7.340037e-17
5916.034439 7.412667e-17
5918.310793 7.443340e-17
5920.593410 7.568779e-17
5922.864871 7.179460e-17
5925.163146 7.518415e-17
5927.446987 7.484307e-17
5929.732738 7.414728e-17
5932.022139 7.592464e-17
5934.307287 7.298328e-17
5936.597744 7.474141e-17
5938.888190 7.506227e-17
5941.174412 7.353354e-17
5943.447231 7.628127e-17
5945.757221 7.682880e-17
5948.047113 7.502727e-17
5950.331222 7.807791e-17
5952.628975 7.512852e-17
5954.924614 7.861615e-17
5957.235004 7.390310e-17
5959.517355 7.614956e-17
5961.811138 7.565006e-17
5964.106262 7.553088e-17
5966.392586 7.766336e-17
5968.702599 7.796327e-17
5971.002719 7.540045e-17
5973.303718 7.774575e-17
5975.601934 7.724895e-17
5977.901643 7.703348e-17
5980.192569 7.761794e-17
5982.505068 7.907081e-17
5984.807152 7.865337e-17
5987.101403 7.458168e-17
5989.418767 7.685337e-17
5991.709633 7.420161e-17
5994.024700 7.828583e-17
5996.323752 7.907213e-17
5998.639032 7.643600e-17
6000.936576 7.878313e-17
6003.254772 8.110762e-17
6005.562775 7.932955e-17
6007.874467 7.962154e-17
6010.183971 7.903232e-17
6012.494110 8.228669e-17
6014.809157 8.194420e-17
6017.120711 7.933200e-17
6019.432321 8.138761e-17
6021.744680 7.959999e-17
6024.061100 8.267948e-17
6026.375878 8.037426e-17
6028.691434 8.003583e-17
6031.007116 8.008911e-17
6033.336889 7.823829e-17
6035.632721 7.762265e-17
6037.949944 8.069487e-17
6040.279022 8.015393e-17
6042.586886 8.125039e-17
6044.921168 8.118114e-17
6047.230508 8.081245e-17
6049.553625 7.940336e-17
6051.876261 8.200844e-17
6054.196750 8.405087e-17
6056.520737 8.197737e-17
6058.846584 8.272557e-17
6061.173386 8.179100e-17
6063.501155 7.755487e-17
6065.819231 7.503900e-17
6068.152415 6.918187e-17
6070.479415 6.435682e-17
6072.819697 6.224896e-17
6075.148346 6.337030e-17
6077.470303 6.598749e-17
6079.801645 6.804733e-17
6082.140150 7.837159e-17
6084.471383 8.202625e-17
6086.795312 7.810882e-17
6089.126738 8.178145e-17
6091.471623 8.037669e-17
6093.797239 8.224645e-17
6096.138686 8.059325e-17
6098.486342 8.235716e-17
6100.804768 8.054466e-17
6103.141322 7.998458e-17
6105.477097 7.844322e-17
6107.818900 7.942248e-17
6110.158916 8.125728e-17
6112.497243 7.850823e-17
6114.836815 7.818278e-17
6117.182678 7.618523e-17
6119.509974 7.608310e-17
6121.863911 8.051515e-17
6124.209453 8.277554e-17
6126.553211 8.006565e-17
6128.895491 8.275609e-17
6131.241518 8.005529e-17
6133.571644 7.685280e-17
6135.935577 7.747343e-17
6138.280532 8.096329e-17
6140.630250 7.817995e-17
6142.977303 7.855041e-17
6145.329934 8.070175e-17
6147.675487 7.802956e-17
6150.029001 8.015654e-17
6152.378232 8.184435e-17
6154.727007 8.210017e-17
6157.083261 7.874324e-17
6159.438008 7.861958e-17
6161.802608 7.819169e-17
6164.144936 7.975964e-17
6166.512764 8.031488e-17
6168.851654 7.926968e-17
6171.209695 7.879261e-17
6173.556627 7.756059e-17
6175.926947 8.057120e-17
6178.282467 7.989989e-17
6180.645771 7.892040e-17
6183.001530 8.054933e-17
6185.361751 8.282392e-17
6187.723450 7.956511e-17
6190.084635 7.685366e-17
6192.449881 7.770845e-17
6194.798310 7.822837e-17
6197.158742 7.853900e-17
6199.546508 8.076422e-17
6201.911107 7.960147e-17
6204.257720 7.952152e-17
6206.630537 8.032833e-17
6209.001036 7.972930e-17
6211.368745 8.075424e-17
6213.745803 8.076062e-17
6216.108493 8.103047e-17
6218.474556 7.817453e-17
6220.842227 8.202397e-17
6223.221850 8.253073e-17
6225.583612 8.053227e-17
6227.966067 7.921686e-17
6230.319583 8.103826e-17
6232.712945 8.007241e-17
6235.066094 7.932321e-17
6237.449954 8.031557e-17
6239.831791 8.188379e-17
6242.192294 7.778333e-17
6244.569986 8.106591e-17
6246.953431 7.928872e-17
6249.318349 7.908236e-17
6251.702754 7.846647e-17
6254.076706 7.964380e-17
6256.458469 7.657825e-17
6258.836727 8.175179e-17
6261.219943 8.264992e-17
6263.609271 8.340105e-17
6265.991076 7.734416e-17
6268.366069 8.106859e-17
6270.745756 8.006685e-17
6273.142173 7.865392e-17
6275.515980 7.802279e-17
6277.897723 7.723800e-17
6280.285939 7.842609e-17
6282.673665 7.691110e-17
6285.059828 7.825458e-17
6287.436632 7.613370e-17
6289.844707 8.026624e-17
6292.224105 7.993634e-17
6294.625950 7.636928e-17
6297.012662 8.054014e-17
6299.401755 7.945551e-17
6301.794225 7.799208e-17
6304.180490 8.058328e-17
6306.580595 7.947876e-17
6308.970727 8.111087e-17
6311.359562 7.709622e-17
6313.760026 7.882666e-17
6316.142479 8.329107e-17
6318.556033 8.365238e-17
6320.939063 7.903510e-17
6323.334447 7.988717e-17
6325.734342 8.141133e-17
6328.130066 7.915223e-17
6330.525766 8.044287e-17
6332.920596 8.018334e-17
6335.330675 8.064230e-17
6337.734447 7.850897e-17
6340.133766 8.033823e-17
6342.531491 7.922369e-17
6344.925810 7.664032e-17
6347.326809 7.422635e-17
6349.727868 7.731779e-17
6352.132472 7.330424e-17
6354.553267 7.399645e-17
6356.964651 7.652729e-17
6359.347919 7.257962e-17
6361.770775 7.267390e-17
6364.177565 7.654200e-17
6366.587444 7.298575e-17
6369.002724 7.517167e-17
6371.389539 7.523424e-17
6373.799055 7.297804e-17
6376.220955 7.535690e-17
6378.629619 6.906862e-17
6381.042091 7.229942e-17
6383.458920 7.225226e-17
6385.859205 7.430675e-17
6388.282905 7.353016e-17
6390.696499 7.352373e-17
6393.102080 7.302065e-17
6395.513476 7.207465e-17
6397.943483 7.495609e-17
6400.348700 7.263846e-17
6402.764496 7.148888e-17
6405.163302 7.475079e-17
6407.611760 7.576122e-17
6410.030290 7.426712e-17
6412.437440 7.641242e-17
6414.859454 7.495907e-17
6417.293917 7.519270e-17
6419.683354 7.563924e-17
6422.122466 7.520205e-17
6424.556910 7.479685e-17
6426.978225 7.837324e-17
6429.404866 7.719831e-17
6431.827611 7.502391e-17
6434.253902 7.726134e-17
6436.677735 7.628641e-17
6439.106870 7.734992e-17
6441.513791 7.723904e-17
6443.944763 7.633170e-17
6446.373000 7.825390e-17
6448.798968 7.731456e-17
6451.244817 7.737305e-17
6453.672395 8.070098e-17
6456.076252 7.471261e-17
6458.532712 7.912344e-17
6460.961044 7.755974e-17
6463.393740 7.801395e-17
6465.827428 7.927086e-17
6468.253271 7.769192e-17
6470.692111 7.977154e-17
6473.131011 7.449795e-17
6475.554713 7.581328e-17
6477.998237 7.802945e-17
6480.436783 7.665754e-17
6482.861431 7.856021e-17
6485.298528 7.871470e-17
6487.747247 8.359939e-17
6490.174633 8.293611e-17
6492.621705 8.297496e-17
6495.052299 8.255754e-17
6497.494094 8.318728e-17
6499.934401 8.381558e-17
6502.383694 7.994466e-17
6504.840622 8.090579e-17
6507.259965 7.799014e-17
6509.702473 7.997427e-17
6512.145555 8.042098e-17
6514.590619 7.826847e-17
6517.034681 8.229316e-17
6519.479349 8.197647e-17
6521.925996 7.965973e-17
6524.373578 7.904178e-17
6526.823071 8.020941e-17
6529.274895 8.118470e-17
6531.715928 7.971754e-17
6534.164924 7.920694e-17
6536.615346 7.806703e-17
6539.072458 7.895974e-17
6541.516452 8.328915e-17
6543.966895 8.217899e-17
6546.416884 7.770149e-17
6548.869821 7.826441e-17
6551.311703 7.932738e-17
6553.775454 7.935662e-17
6556.207019 7.622171e-17
6558.683779 8.040732e-17
6561.126363 7.585041e-17
6563.591574 8.038591e-17
6566.040734 8.135887e-17
6568.497764 7.418125e-17
6570.965601 7.906531e-17
6573.417804 8.101049e-17
6575.882487 8.204140e-17
6578.341991 7.739476e-17
6580.800823 8.267187e-17
6583.261653 7.875275e-17
6585.716188 8.146549e-17
6588.186460 8.088022e-17
6590.646258 8.195579e-17
6593.103992 8.350867e-17
6595.559036 8.356908e-17
6598.023379 8.099147e-17
6600.497633 8.182161e-17
6602.971057 8.732979e-17
6605.415676 8.511830e-17
6607.892527 8.577165e-17
6610.357447 8.532728e-17
6612.813080 8.511327e-17
6615.293880 8.620441e-17
6617.751135 8.557869e-17
6620.218991 8.498262e-17
6622.699204 8.819134e-17
6625.176376 9.076229e-17
6627.641008 8.765769e-17
6630.120179 8.922860e-17
6632.584755 8.878334e-17
6635.043704 8.950141e-17
6637.525210 9.178422e-17
6639.999095 9.322783e-17
6642.475421 9.149400e-17
6644.946779 9.432815e-17
6647.422596 9.197595e-17
6649.899461 9.600897e-17
6652.372036 9.260845e-17
6654.853965 9.529060e-17
6657.326489 9.200621e-17
6659.804154 9.706660e-17
6662.284359 9.627458e-17
6664.761295 9.497441e-17
6667.240338 9.927047e-17
6669.706006 9.748113e-17
6672.206849 9.785700e-17
6674.679051 9.822824e-17
6677.162811 1.009627e-16
6679.646788 9.959716e-17
6682.124430 1.000338e-16
6684.608896 9.512533e-17
6687.100011 1.002244e-16
6689.574944 1.000702e-16
6692.049133 9.767585e-17
6694.548158 9.612602e-17
6697.032018 9.896238e-17
6699.517294 9.873303e-17
6702.000804 9.818809e-17
6704.493168 1.010904e-16
6706.982606 1.020462e-16
6709.475100 1.021975e-16
6711.952863 1.010676e-16
6714.447602 1.023333e-16
6716.925383 9.852224e-17
6719.429437 1.009135e-16
6721.920027 1.026462e-16
6724.420871 1.003420e-16
6726.905853 9.924921e-17
6729.396750 9.963458e-17
6731.881047 9.993922e-17
6734.383128 9.992023e-17
6736.874259 1.021078e-16
6739.372279 1.009267e-16
6741.860111 1.065029e-16
6744.353734 1.057902e-16
6746.850366 1.112799e-16
6749.327271 1.089466e-16
6751.833128 1.116629e-16
6754.341573 1.108317e-16
6756.831521 1.101812e-16
6759.288743 1.192872e-16
6761.786907 1.435895e-16
6764.333143 1.538061e-16
6766.793469 1.537101e-16
6769.299647 1.267354e-16
6771.835210 1.078395e-16
6774.352517 9.886293e-17
6776.859303 1.007765e-16
6779.363297 1.075790e-16
6781.811402 1.117949e-16
6784.318857 1.202631e-16
6786.824558 1.239804e-16
6789.347159 1.218932e-16
6791.869236 1.058495e-16
6794.389782 9.740330e-17
6796.909095 9.779311e-17
6799.410196 9.707704e-17
6801.914022 9.830635e-17
6804.424449 9.595102e-17
6806.941847 9.868028e-17
6809.430807 9.377114e-17
6811.949293 9.247831e-17
6814.460726 9.500393e-17
6816.974212 9.180675e-17
6819.475980 9.156454e-17
6821.995282 9.338729e-17
6824.511418 8.843542e-17
6827.028415 9.133903e-17
6829.528939 8.980493e-17
6832.052053 9.097933e-17
6834.576862 9.270610e-17
6837.093268 9.231709e-17
6839.620944 8.997220e-17
6842.118276 8.894896e-17
6844.631661 8.779275e-17
6847.155495 9.126320e-17
6849.660095 8.618554e-17
6852.175540 8.685811e-17
6854.708620 8.890746e-17
6857.201537 8.732370e-17
6859.744553 9.002104e-17
6862.257160 9.187920e-17
6864.793280 9.598064e-17
6867.318244 1.013531e-16
6869.835795 8.698127e-17
6872.364506 8.651045e-17
6874.869508 7.766264e-17
6877.404367 7.964816e-17
6879.904630 8.087697e-17
6882.453254 8.770984e-17
6884.978397 8.851865e-17
6887.481905 8.804462e-17
6890.030712 8.636105e-17
6892.555773 8.584146e-17
6895.076476 8.280508e-17
6897.613251 8.238486e-17
6900.129040 8.260338e-17
6902.674755 8.345687e-17
6905.198523 8.331249e-17
6907.728460 8.368418e-17
6910.255063 8.302577e-17
6912.800379 8.567338e-17
6915.320032 8.150097e-17
6917.842831 8.842099e-17
6920.327429 9.239788e-17
6922.898170 9.190925e-17
6925.395170 9.457863e-17
6927.977619 8.840135e-17
6930.518899 8.337425e-17
6933.046032 8.489833e-17
6935.580089 9.725571e-17
6938.066500 8.877585e-17
6940.625376 8.875000e-17
6943.192202 8.558641e-17
6945.738199 7.999045e-17
6948.266057 7.786164e-17
6950.816234 7.781048e-17
6953.355963 7.927920e-17
6955.893398 7.894669e-17
6958.433381 7.923258e-17
6960.973244 7.962513e-17
6963.512107 7.799223e-17
6966.049775 8.194158e-17
6968.589460 7.774598e-17
6971.130708 7.819002e-17
6973.686884 7.863373e-17
6976.229535 7.699934e-17
6978.753124 7.724270e-17
6981.282171 7.666128e-17
6983.842681 7.806845e-17
6986.397369 7.630838e-17
6988.931699 7.753220e-17
6991.493625 7.534628e-17
6994.030973 7.837899e-17
6996.581783 7.615380e-17
6999.141682 7.643841e-17
7001.689976 7.683149e-17
7004.219340 7.576259e-17
7006.781526 7.757308e-17
7009.335512 7.586525e-17
7011.880891 7.825917e-17
7014.430398 7.604370e-17
7016.981262 7.366160e-17
7019.495271 8.005168e-17
7022.075430 7.535584e-17
7024.636631 7.357979e-17
7027.163626 7.681194e-17
7029.746711 7.522768e-17
7032.298703 7.729606e-17
7034.852967 7.702860e-17
7037.387991 7.520006e-17
7039.964609 7.598777e-17
7042.524880 7.872038e-17
7045.070655 7.650935e-17
7047.643930 7.451504e-17
7050.198637 7.576437e-17
7052.746329 7.359348e-17
7055.309698 7.305588e-17
7057.861076 7.411830e-17
7060.406189 7.389497e-17
7062.989605 7.414390e-17
7065.544281 7.485929e-17
7068.110939 7.311893e-17
7070.673102 7.144573e-17
7073.238247 7.547705e-17
7075.786481 7.559625e-17
7078.361610 7.255874e-17
7080.922421 7.490050e-17
7083.442302 7.222831e-17
7086.053341 7.381812e-17
7088.618053 7.651847e-17
7091.137432 7.171994e-17
7093.750313 7.387172e-17
7096.311770 7.519373e-17
7098.878477 7.671318e-17
7101.454711 7.374042e-17
7104.014317 7.579095e-17
7106.576625 7.420264e-17
7109.133108 7.504073e-17
7111.718207 7.416123e-17
7114.267163 7.319738e-17
7116.861364 7.363238e-17
7119.432664 7.562047e-17
7121.990359 7.498291e-17
7124.577237 7.451612e-17
7127.147858 7.394576e-17
7129.671178 7.227944e-17
7132.290855 7.283855e-17
7134.863169 7.269628e-17
7137.398993 7.763630e-17
7140.012692 7.512556e-17
7142.589563 7.402525e-17
7145.151750 7.283207e-17
7147.742436 7.707937e-17
7150.310329 7.272471e-17
7152.880082 7.335793e-17
7155.429859 7.371787e-17
7158.036851 7.282820e-17
7160.612697 7.386309e-17
7163.194308 7.357600e-17
7165.772771 7.469053e-17
7168.361543 7.675643e-17
7170.918906 7.727533e-17
7173.519488 7.887496e-17
7176.103764 7.566885e-17
7178.674725 7.435273e-17
7181.271726 7.726918e-17
7183.847399 7.695631e-17
7186.420903 7.619819e-17
7189.015150 7.226524e-17
7191.593549 7.393858e-17
7194.170330 7.624192e-17
7196.755102 7.709691e-17
7199.348997 7.518031e-17
7201.926558 7.667822e-17
7204.523138 7.268300e-17
7207.101338 7.200186e-17
7209.670369 7.286186e-17
7212.282674 7.368416e-17
7214.862248 7.277723e-17
7217.444932 7.409328e-17
7220.046517 7.359661e-17
7222.631146 7.659495e-17
7225.228425 7.556102e-17
7227.814665 7.320680e-17
7230.404510 7.409419e-17
7232.988741 7.673719e-17
7235.582529 7.190603e-17
7238.164702 6.962370e-17
7240.766785 7.803414e-17
7243.365854 7.429582e-17
7245.963289 7.480140e-17
7248.553638 7.282745e-17
7251.146623 7.068565e-17
7253.748991 7.329067e-17
7256.336593 7.641938e-17
7258.930612 7.202733e-17
7261.520710 7.162669e-17
7264.121403 7.670843e-17
7266.698675 7.206915e-17
7269.311382 7.167055e-17
7271.905799 7.677125e-17
7274.504581 7.453918e-17
7277.112619 7.181820e-17
7279.706521 7.250480e-17
7282.311011 6.858736e-17
7284.911691 7.432006e-17
7287.511214 7.384869e-17
7290.111811 7.620433e-17
7292.712618 7.252015e-17
7295.308417 7.066171e-17
7297.922990 7.258145e-17
7300.528365 7.407080e-17
7303.110175 7.481804e-17
7305.717257 7.311988e-17
7308.328735 7.375801e-17
7310.928849 6.926410e-17
7313.539499 6.734454e-17
7316.143985 7.222715e-17
7318.749459 7.204597e-17
7321.351488 7.096502e-17
7323.950983 6.938607e-17
7326.562335 7.081751e-17
7329.163069 7.049161e-17
7331.776799 7.259512e-17
7334.386866 7.101725e-17
7336.987812 6.902990e-17
7339.605394 7.206200e-17
7342.219652 7.210504e-17
7344.826687 7.198967e-17
7347.440818 6.733144e-17
7350.047299 6.887063e-17
7352.655625 7.055413e-17
7355.260312 7.066051e-17
7357.881674 7.262896e-17
7360.485906 7.154497e-17
7363.099798 7.173010e-17
7365.716581 6.901368e-17
7368.344588 7.097674e-17
7370.942809 7.257752e-17
7373.562901 7.077599e-17
7376.181348 7.187087e-17
7378.787132 7.275408e-17
7381.410427 7.170497e-17
7384.009576 7.012155e-17
7386.648242 7.317540e-17
7389.253109 7.285613e-17
7391.880653 6.984541e-17
7394.480416 6.836461e-17
7397.104659 7.084531e-17
7399.740521 7.157349e-17
7402.326313 7.204216e-17
7404.979663 7.424093e-17
7407.560742 7.108360e-17
7410.201613 7.155862e-17
7412.838078 7.250708e-17
7415.452446 7.253052e-17
7418.081899 6.979766e-17
7420.686780 7.143490e-17
7423.323215 7.251495e-17
7425.939457 6.993497e-17
7428.585119 7.374857e-17
7431.204995 7.018366e-17
7433.816883 7.149879e-17
7436.432597 7.273177e-17
7439.077324 7.389492e-17
7441.700958 7.253973e-17
7444.312230 6.842715e-17
7446.956606 7.061879e-17
7449.580885 7.211513e-17
7452.200753 7.375838e-17
7454.830957 7.321040e-17
7457.463461 7.283812e-17
7460.076376 7.534452e-17
7462.725009 7.219866e-17
7465.354164 7.164949e-17
7467.986929 7.434020e-17
7470.610368 7.258555e-17
7473.249263 7.229046e-17
7475.861903 7.228310e-17
7478.496210 7.202122e-17
7481.127998 6.964979e-17
7483.775285 7.133345e-17
7486.408860 7.238629e-17
7489.043267 7.286091e-17
7491.668662 7.241830e-17
7494.309156 7.460755e-17
7496.941017 7.507637e-17
7499.578352 7.106529e-17
7502.211327 7.124179e-17
7504.850716 7.410804e-17
7507.487133 7.196851e-17
7510.120163 7.388325e-17
7512.760073 7.136453e-17
7515.391490 7.384873e-17
7518.035334 7.241285e-17
7520.676125 7.271879e-17
7523.311916 7.518416e-17
7525.957974 7.683488e-17
7528.594974 7.249070e-17
7531.230177 7.464191e-17
7533.895681 7.291246e-17
7536.548546 7.496372e-17
7539.155671 7.473468e-17
7541.799511 7.689320e-17
7544.437503 7.234840e-17
7547.078515 7.492351e-17
7549.724049 7.365514e-17
7552.371276 7.428920e-17
7555.004556 7.327009e-17
7557.655079 7.509973e-17
7560.304196 7.412286e-17
7562.944633 7.514331e-17
7565.591498 7.710156e-17
7568.237708 7.185994e-17
7570.892850 7.380154e-17
7573.530401 7.280655e-17
7576.172668 7.471123e-17
7578.830397 7.044050e-17
7581.471302 7.365790e-17
7584.126559 7.443143e-17
7586.773412 7.650459e-17
7589.423288 7.751662e-17
7592.068294 8.573578e-17
7594.728639 1.006482e-16
7597.370133 1.166498e-16
7600.013555 1.054280e-16
7602.672520 9.888699e-17
7605.323737 8.515082e-17
7607.983861 7.668823e-17
7610.628481 5.918468e-17
7613.280096 5.589594e-17
7615.936802 5.640137e-17
7618.589469 6.510892e-17
7621.242086 7.704281e-17
7623.892820 8.668520e-17
7626.549038 8.888770e-17
7629.213218 7.604778e-17
7631.864860 7.677193e-17
7634.520815 7.162180e-17
7637.174714 7.278126e-17
7639.833013 7.024345e-17
7642.485439 7.287843e-17
7645.146553 7.523831e-17
7647.802742 7.087882e-17
7650.461302 7.098104e-17
7653.125839 7.149231e-17
7655.782538 7.295150e-17
7658.438137 7.007611e-17
7661.092515 7.125464e-17
7663.762850 7.048350e-17
7666.418597 7.170250e-17
7669.084369 7.203736e-17
7671.745305 7.470114e-17
7674.408431 7.276399e-17
7677.071389 7.366019e-17
7679.712102 7.389173e-17
7682.395304 7.548748e-17
7685.052683 7.457882e-17
7687.722578 7.497850e-17
7690.386011 7.219479e-17
7693.047743 7.277839e-17
7695.716779 7.409503e-17
7698.374819 7.276696e-17
7701.049318 7.300848e-17
7703.695871 7.201102e-17
7706.373912 7.367273e-17
7709.043892 7.179162e-17
7711.713666 7.128433e-17
7714.382983 7.742818e-17
7717.040708 7.288829e-17
7719.719089 7.455297e-17
7722.393155 7.672465e-17
7725.060234 6.943572e-17
7727.725760 7.222415e-17
7730.390769 7.162348e-17
7733.062232 7.139995e-17
7735.742557 7.172318e-17
7738.400596 7.239665e-17
7741.074964 6.960994e-17
7743.750191 7.298554e-17
7746.418028 7.236811e-17
7749.094627 7.458866e-17
7751.771435 7.233509e-17
7754.449818 7.675329e-17
7757.119909 7.323227e-17
7759.793784 7.179587e-17
7762.466295 7.117764e-17
7765.142839 7.142442e-17
7767.813184 7.161367e-17
7770.479622 7.062405e-17
7773.170987 6.970293e-17
7775.858974 6.876315e-17
7778.526092 7.105105e-17
7781.197583 6.734255e-17
7783.878102 7.107828e-17
7786.557210 7.017198e-17
7789.238137 7.057128e-17
7791.910188 6.521091e-17
7794.593955 6.680048e-17
7797.277017 7.121414e-17
7799.954344 6.834995e-17
7802.638478 7.078052e-17
7805.313383 6.897387e-17
7807.991807 6.632195e-17
7810.677381 7.076461e-17
7813.359673 6.785260e-17
7816.041507 6.754561e-17
7818.720008 6.307988e-17
7821.404691 7.018915e-17
7824.093102 7.455500e-17
7826.775569 6.806151e-17
7829.465040 7.354340e-17
7832.142350 6.678995e-17
7834.832161 7.005659e-17
7837.511103 6.931884e-17
7840.203093 6.800643e-17
7842.881190 6.703140e-17
7845.572897 7.245222e-17
7848.257079 7.177557e-17
7850.950198 6.366965e-17
7853.637836 7.274488e-17
7856.320321 7.126831e-17
7859.012130 6.831470e-17
7861.703829 7.558271e-17
7864.385308 6.995093e-17
7867.082001 6.612732e-17
7869.767049 6.866684e-17
7872.457227 7.161508e-17
7875.147350 6.691131e-17
7877.837917 6.790484e-17
7880.526675 6.864706e-17
7883.217552 7.018469e-17
7885.916590 7.412587e-17
7888.602024 6.750612e-17
7891.298290 6.960236e-17
7893.995470 7.179852e-17
7896.682292 6.479798e-17
7899.378533 6.563544e-17
7902.077325 6.589075e-17
7904.763307 6.408105e-17
7907.457616 6.480674e-17
7910.151083 6.524280e-17
7912.851157 6.596019e-17
7915.549122 6.708361e-17
7918.247860 7.495537e-17
7920.942960 7.071724e-17
7923.637345 6.954539e-17
7926.343327 7.217745e-17
7929.031298 6.782830e-17
7931.725396 6.594662e-17
7934.431865 7.033574e-17
7937.130220 7.723952e-17
7939.825816 6.984039e-17
7942.527777 7.037866e-17
7945.226029 7.164421e-17
7947.926247 6.727267e-17
7950.638784 7.638485e-17
7953.328099 7.067147e-17
7956.029566 7.109248e-17
7958.736306 7.084346e-17
7961.430517 7.165332e-17
7964.133639 7.324146e-17
7966.846508 7.852477e-17
7969.545068 7.598180e-17
7972.246431 7.411039e-17
7974.952203 6.797493e-17
7977.656128 7.187318e-17
7980.358053 7.725147e-17
7983.066519 7.289180e-17
7985.772711 7.913319e-17
7988.471810 7.106954e-17
7991.183540 6.915255e-17
7993.897268 7.943762e-17
7996.595908 7.509254e-17
7999.304980 7.032595e-17
8002.019381 7.616845e-17
8004.713759 6.972279e-17
8007.428879 7.147136e-17
8010.133693 7.064419e-17
8012.839042 6.771506e-17
8015.551973 7.324894e-17
8018.272796 7.741215e-17
8020.972740 7.162936e-17
8023.685028 7.070015e-17
8026.393259 7.834735e-17
8029.100544 7.156118e-17
8031.819121 6.830243e-17
8034.538126 7.778103e-17
8037.240310 7.144068e-17
8039.950918 7.212120e-17
8042.654120 7.208147e-17
8045.373178 7.381370e-17
8048.085199 7.458976e-17
8050.806638 7.790733e-17
8053.510313 7.469135e-17
8056.234311 7.106866e-17
8058.951351 8.086098e-17
8061.665084 7.213971e-17
8064.382110 7.304752e-17
8067.103042 7.912461e-17
8069.813279 7.236011e-17
8072.524456 7.354157e-17
8075.257232 7.280492e-17
8077.964332 7.011272e-17
8080.682140 7.104194e-17
8083.400982 7.721972e-17
8086.118639 7.160325e-17
8088.836777 7.058330e-17
8091.563575 8.339360e-17
8094.276032 7.287449e-17
8096.995747 7.129349e-17
8099.717674 7.788457e-17
8102.437154 7.138025e-17
8105.154171 7.412996e-17
8107.893360 8.059518e-17
8110.606868 7.154121e-17
8113.323405 7.255232e-17
8116.051832 7.821816e-17
8118.766490 7.191256e-17
8121.479066 7.203280e-17
8124.225581 7.178401e-17
8126.926634 7.337770e-17
8129.661392 7.297539e-17
8132.389236 7.424739e-17
8135.100771 7.538875e-17
8137.833001 7.179974e-17
8140.583664 7.792704e-17
8143.277060 7.545676e-17
8146.005281 7.349743e-17
8148.740388 7.952381e-17
8151.450504 7.551262e-17
8154.189222 7.198659e-17
8156.915494 7.179458e-17
8159.647123 7.310332e-17
8162.372277 7.271094e-17
8165.101263 7.372734e-17
8167.823646 7.173601e-17
8170.558508 7.053546e-17
8173.285776 7.015416e-17
8176.024242 7.481226e-17
8178.747366 7.256360e-17
8181.480270 7.136119e-17
8184.214978 7.802410e-17
8186.939809 7.245790e-17
8189.671153 6.934915e-17
8192.409021 7.171806e-17
8195.145530 6.935769e-17
8197.865883 7.180875e-17
8200.606619 7.722399e-17
8203.334402 7.010132e-17
8206.058922 6.980249e-17
8208.804850 7.572832e-17
8211.538480 7.638949e-17
8214.268272 7.149192e-17
8217.021723 7.319044e-17
8219.746931 7.293657e-17
8222.464494 7.018020e-17
8225.205685 7.900143e-17
8227.951682 7.692112e-17
8230.690524 7.483839e-17
8233.453903 8.310807e-17
8236.163588 6.858407e-17
8238.882638 6.835984e-17
8241.632407 7.351361e-17
8244.367274 6.883605e-17
8247.113222 6.666668e-17
8249.859463 6.964729e-17
8252.587336 7.038309e-17
8255.322166 7.472700e-17
8258.084787 6.832833e-17
8260.800218 7.182758e-17
8263.548078 6.993469e-17
8266.304143 7.911361e-17
8269.018799 7.164404e-17
8271.774598 7.059391e-17
8274.532938 7.436288e-17
8277.256795 7.819481e-17
8279.990709 7.138812e-17
8282.752375 7.510186e-17
8285.488344 7.215951e-17
8288.229853 6.912311e-17
8290.975554 7.440216e-17
8293.717409 7.521870e-17
8296.464361 6.857222e-17
8299.216193 7.242496e-17
8301.947310 7.914097e-17
8304.704574 6.899262e-17
8307.453145 7.269029e-17
8310.174049 7.525388e-17
8312.937959 6.984082e-17
8315.696024 8.299882e-17
8318.431239 8.017812e-17
8321.170870 6.987429e-17
8323.932539 7.418179e-17
8326.661915 6.674568e-17
8329.419662 7.065106e-17
8332.174974 7.258466e-17
8334.914988 7.401293e-17
8337.662184 7.197533e-17
8340.420984 6.844351e-17
8343.170938 6.826817e-17
8345.920567 7.812850e-17
8348.677766 7.613099e-17
8351.424541 7.495315e-17
8354.174085 6.364834e-17
8356.927243 7.000692e-17
8359.675474 6.887704e-17
8362.428992 6.349892e-17
8365.185471 6.888445e-17
8367.932326 7.427055e-17
8370.685741 6.838499e-17
8373.437989 7.009652e-17
8376.187446 6.851205e-17
8378.941780 6.651701e-17
8381.706557 6.798107e-17
8384.458991 7.006085e-17
8387.212340 7.108979e-17
8389.967766 6.846519e-17
8392.727092 7.092279e-17
8395.468985 6.661555e-17
8398.236786 6.951729e-17
8400.992021 7.429880e-17
8403.755598 7.565382e-17
8406.510123 6.508603e-17
8409.267214 6.681813e-17
8412.018244 6.961768e-17
8414.771691 7.280974e-17
8417.538503 6.965934e-17
8420.297092 7.117123e-17
8423.065240 6.926446e-17
8425.814140 6.546870e-17
8428.581447 6.764149e-17
8431.341786 7.830965e-17
8434.103221 7.304698e-17
8436.864495 7.255353e-17
8439.623756 6.429362e-17
8442.370962 7.125607e-17
8445.148303 6.965764e-17
8447.890571 6.791373e-17
8450.671399 6.662277e-17
8453.434615 6.712026e-17
8456.192126 6.704214e-17
8458.962280 6.799883e-17
8461.725064 6.147139e-17
8464.478032 6.519992e-17
8467.255146 6.769261e-17
8470.019984 6.960764e-17
8472.784971 6.847139e-17
8475.554381 6.291658e-17
8478.312165 6.357008e-17
8481.065480 6.541170e-17
8483.847020 6.910715e-17
8486.609939 6.776088e-17
8489.379964 6.560982e-17
8492.144879 6.402664e-17
8494.915884 6.860387e-17
8497.672038 6.451713e-17
8500.460008 6.941733e-17
8503.219764 6.055676e-17
8505.984350 6.801561e-17
8508.758316 6.323084e-17
8511.516900 6.701256e-17
8514.285932 5.951193e-17
8517.057991 6.491419e-17
8519.838989 6.596524e-17
8522.595949 6.651744e-17
8525.366703 6.529058e-17
8528.142850 6.553075e-17
8530.917374 6.277890e-17
8533.687338 6.416219e-17
8536.462850 6.642790e-17
8539.237044 6.167282e-17
8542.014285 6.861700e-17
8544.773585 6.363983e-17
8547.547204 6.300765e-17
8550.332801 7.316941e-17
8553.107013 6.577233e-17
8555.878612 6.105396e-17
8558.648369 6.101919e-17
8561.421457 6.426973e-17
8564.199935 6.310956e-17
8566.977010 6.166094e-17
8569.737662 6.511298e-17
8572.527703 6.329059e-17
8575.297340 6.402759e-17
8578.075408 6.362335e-17
8580.851119 6.215248e-17
8583.631212 6.383441e-17
8586.412992 6.429495e-17
8589.185588 6.324101e-17
8591.979868 6.359356e-17
8594.748082 6.383197e-17
8597.532035 6.130707e-17
8600.301594 6.173442e-17
8603.086132 6.487958e-17
8605.870859 6.636420e-17
8608.630608 6.563156e-17
8611.429691 6.475039e-17
8614.203777 6.613979e-17
8616.987487 6.599198e-17
8619.775653 6.263090e-17
8622.557427 6.747719e-17
8625.342260 6.619171e-17
8628.118120 6.249609e-17
8630.904726 6.299959e-17
8633.689588 7.134771e-17
8636.467968 6.442539e-17
8639.256585 6.891837e-17
8642.036617 6.999604e-17
8644.822648 6.250491e-17
8647.607357 5.938817e-17
8650.389246 5.874918e-17
8653.177434 6.228571e-17
8655.961125 6.822273e-17
8658.749650 6.941506e-17
8661.535927 6.505708e-17
8664.321216 6.407462e-17
8667.106718 6.683496e-17
8669.895367 6.099874e-17
8672.678339 6.545846e-17
8675.470769 6.813506e-17
8678.256964 6.328078e-17
8681.037099 6.454538e-17
8683.831795 6.352626e-17
8686.618551 6.448547e-17
8689.411203 6.330059e-17
8692.198786 6.239747e-17
8694.988639 6.327814e-17
8697.773177 6.276841e-17
8700.570013 6.044061e-17
8703.355410 6.323001e-17
8706.147963 6.104878e-17
8708.940419 6.020876e-17
8711.723796 6.420515e-17
8714.523319 6.539226e-17
8717.307132 6.352723e-17
8720.103697 6.474706e-17
8722.893473 6.431619e-17
8725.677522 6.425176e-17
8728.487081 6.418345e-17
8731.284025 6.650691e-17
8734.071042 6.220629e-17
8736.866754 6.366669e-17
8739.663704 6.500986e-17
8742.455058 6.550109e-17
8745.252694 6.447189e-17
8748.048609 6.585644e-17
8750.838398 6.448160e-17
8753.637507 6.517282e-17
8756.434779 6.253338e-17
8759.232979 7.446491e-17
8762.033437 7.010370e-17
8764.828056 6.527359e-17
8767.628092 6.269364e-17
8770.425432 5.882780e-17
8773.222519 6.116000e-17
8776.021916 5.908192e-17
8778.820623 7.228666e-17
8781.617188 6.673648e-17
8784.413763 7.022276e-17
8787.226723 7.369747e-17
8790.015441 6.463518e-17
8792.816678 6.342194e-17
8795.614955 6.940207e-17
8798.418254 6.613698e-17
8801.216712 5.980974e-17
8804.018311 6.217920e-17
8806.812695 6.320553e-17
8809.623559 6.397757e-17
8812.409014 6.519885e-17
8815.222472 6.695350e-17
8818.031143 5.974451e-17
8820.834237 6.043498e-17
8823.636182 6.298973e-17
8826.441945 7.325682e-17
8829.243327 7.114161e-17
8832.050454 7.421811e-17
8834.855247 6.370797e-17
8837.659522 6.909023e-17
8840.463916 6.528934e-17
8843.256164 6.849704e-17
8846.075880 6.292880e-17
8848.879648 6.700773e-17
8851.674442 6.886863e-17
8854.490898 6.823276e-17
8857.299066 6.500807e-17
8860.094208 6.985690e-17
8862.907597 6.835915e-17
8865.726667 6.377672e-17
8868.529648 6.600379e-17
8871.342826 6.680903e-17
8874.138066 6.634169e-17
8876.953409 6.078889e-17
8879.772569 5.824461e-17
8882.575088 6.346796e-17
8885.374374 6.988095e-17
8888.196710 7.171017e-17
8891.006293 6.404844e-17
8893.815022 5.715304e-17
8896.621715 6.314616e-17
8899.440949 6.480805e-17
8902.248515 7.250714e-17
8905.053346 7.259864e-17
8907.866142 6.672558e-17
8910.673927 6.568665e-17
8913.499742 6.804803e-17
8916.309516 6.635402e-17
8919.119630 6.986366e-17
8921.941510 6.209321e-17
8924.753721 6.443705e-17
8927.566940 6.100248e-17
8930.373251 6.835379e-17
8933.197938 5.766480e-17
8936.006845 6.183683e-17
8938.815588 6.527489e-17
8941.640569 6.553441e-17
8944.456414 6.720795e-17
8947.265041 7.935397e-17
8950.090487 6.429729e-17
8952.904743 6.008268e-17
8955.704179 7.080702e-17
8958.542435 7.241755e-17
8961.358116 7.246292e-17
8964.181214 7.126695e-17
8966.993785 5.825195e-17
8969.800078 6.294169e-17
8972.622865 6.211515e-17
8975.452994 5.899788e-17
8978.268535 6.510412e-17
8981.084166 5.980343e-17
8983.900238 7.047850e-17
8986.725663 6.206319e-17
8989.544182 6.185600e-17
8992.372952 5.172962e-17
8995.189018 5.603864e-17
8998.006658 6.615691e-17
9000.828763 6.772259e-17
9003.654871 6.857462e-17
9006.479786 6.373136e-17
9009.307988 5.512257e-17
9012.118642 6.088006e-17
9014.950286 6.098034e-17
9017.768104 6.030756e-17
9020.591827 6.057221e-17
9023.408491 6.432409e-17
9026.232742 7.063139e-17
9029.065205 6.292131e-17
9031.881817 6.252096e-17
9034.732922 6.700599e-17
9037.539302 6.946520e-17
9040.360820 6.847401e-17
9043.196147 6.723149e-17
9046.016613 6.335009e-17
9048.831303 6.899387e-17
9051.691225 6.021672e-17
9054.497599 6.295982e-17
9057.321928 6.456637e-17
9060.146574 7.126486e-17
9062.980133 6.232299e-17
9065.803425 6.787871e-17
9068.643046 6.919884e-17
9071.465572 6.300645e-17
9074.309930 5.371432e-17
9077.117594 6.190919e-17
9079.953951 6.346659e-17
9082.776444 6.362765e-17
9085.604053 6.138794e-17
9088.446355 6.205910e-17
9091.271316 6.189028e-17
9094.100404 6.743463e-17
9096.934950 6.258136e-17
9099.753609 6.717594e-17
9102.616163 6.282048e-17
9105.432600 6.182367e-17
9108.259499 6.464913e-17
9111.106543 6.196774e-17
9113.931177 6.494603e-17
9116.749399 6.561128e-17
9119.601371 5.998182e-17
9122.430182 6.530031e-17
9125.258701 6.219017e-17
9128.115097 6.664530e-17
9130.934282 6.378949e-17
9133.766304 5.989341e-17
9136.597020 5.410294e-17
9139.441112 5.930759e-17
9142.269273 5.812194e-17
9145.107783 5.754743e-17
9147.941932 6.834052e-17
9150.779854 7.302691e-17
9153.624020 6.351008e-17
9156.469350 5.575084e-17
9159.296113 5.985465e-17
9162.137350 5.897539e-17
9164.973499 5.953906e-17
9167.811554 6.275179e-17
9170.626312 6.392582e-17
9173.493332 5.822905e-17
9176.327875 5.896859e-17
9179.167924 6.148792e-17
9182.010594 5.925106e-17
9184.846284 6.314108e-17
9187.678998 7.123274e-17
9190.534195 5.987512e-17
9193.369072 6.015636e-17
9196.210106 6.129451e-17
9199.050466 5.980258e-17
9201.892922 6.609376e-17
9204.740888 6.265367e-17
9207.574636 6.700666e-17
9210.417426 6.636356e-17
9213.251388 6.461264e-17
9216.096303 6.994716e-17
9218.950622 6.465321e-17
9221.794780 5.401291e-17
9224.640246 6.151543e-17
9227.479812 5.887063e-17
9230.321600 6.222687e-17
9233.169821 5.527110e-17
9236.013459 5.884565e-17
9238.874403 6.431502e-17
9241.700399 6.217778e-17
9244.550776 5.874981e-17
9247.408083 5.376547e-17
9250.249324 5.806261e-17
9253.089711 5.944414e-17
9255.932329 6.123519e-17
9258.775737 6.077351e-17
9261.632400 6.032750e-17
9264.487667 5.525349e-17
9267.324463 6.019756e-17
9270.173216 6.015033e-17
9273.035371 5.659617e-17
9275.888828 6.046854e-17
9278.723990 5.678308e-17
9281.583829 5.324180e-17
9284.413964 5.956530e-17
9287.272577 5.183012e-17
9290.125548 5.199118e-17
9292.976666 5.574770e-17
9295.824870 5.379186e-17
9298.671575 5.156110e-17
9301.529757 5.061068e-17
9304.383067 5.644048e-17
9307.233287 4.643713e-17
9310.087473 4.764826e-17
9312.940046 5.349367e-17
9315.793071 5.388663e-17
9318.646569 4.513376e-17
9321.499127 3.932289e-17
9324.353159 4.585952e-17
9327.207129 3.845804e-17
9330.060020 3.767619e-17
9332.918084 4.134743e-17
9335.771600 4.608363e-17
9338.624651 4.036251e-17
9341.479104 3.866472e-17
9344.336562 3.844342e-17
9347.190881 3.573657e-17
9350.047043 4.089532e-17
9352.897928 4.399034e-17
9355.759377 3.940057e-17
9358.609942 3.677716e-17
9361.486710 4.379783e-17
9364.333620 4.241557e-17
9367.180364 4.532327e-17
9370.052389 4.280298e-17
9372.908807 5.302078e-17
9375.767641 5.688191e-17
9378.626755 5.398581e-17
9381.485794 4.636882e-17
9384.347320 3.597613e-17
9387.204822 4.271572e-17
9390.062439 4.530739e-17
9392.925123 4.525228e-17
9395.794161 5.533139e-17
9398.649217 5.511174e-17
9401.505948 4.807823e-17
9404.368141 4.872145e-17
9407.232456 4.545963e-17
9410.092398 4.370259e-17
9412.962568 4.056216e-17
9415.810437 5.360012e-17
9418.681046 5.016781e-17
9421.546544 4.472931e-17
9424.407618 4.680071e-17
9427.271921 3.238277e-17
9430.130852 3.874859e-17
9433.001532 4.146462e-17
9435.863064 4.662462e-17
9438.727237 4.617894e-17
9441.594571 3.697754e-17
9444.459372 3.952001e-17
9447.321931 4.162078e-17
9450.199260 4.054217e-17
9453.057307 4.079565e-17
9455.923515 3.394898e-17
9458.792255 4.013965e-17
9461.657840 3.647198e-17
9464.526606 3.628539e-17
9467.392517 4.424073e-17
9470.258390 4.196732e-17
9473.127430 4.843871e-17
9475.994741 5.423209e-17
9478.864310 4.863393e-17
9481.734254 4.840273e-17
9484.603580 4.011324e-17
9487.470300 3.912557e-17
9490.350329 4.307526e-17
9493.212190 4.272465e-17
9496.080295 3.993971e-17
9498.947516 3.820396e-17
9501.822960 3.775803e-17
9504.692802 3.847956e-17
9507.566670 4.449797e-17
9510.433669 4.954788e-17
9513.310784 3.972492e-17
9516.180680 4.315757e-17
9519.053865 4.646343e-17
9521.928481 4.083683e-17
9524.801037 3.721727e-17
9527.676584 3.678775e-17
9530.541380 3.972919e-17
9533.420812 4.169167e-17
9536.297884 3.894731e-17
9539.170516 3.718561e-17
9542.040931 4.132686e-17
9544.925411 3.736195e-17
9547.796626 3.776539e-17
9550.669443 4.159216e-17
9553.547203 4.633321e-17
9556.424918 3.960261e-17
9559.297692 3.550436e-17
9562.176100 3.671560e-17
9565.053532 4.426160e-17
9567.928076 3.581699e-17
9570.808024 2.978769e-17
9573.685097 3.563342e-17
9576.562802 4.393129e-17
9579.440603 4.211328e-17
9582.324677 3.678730e-17
9585.197329 4.017587e-17
9588.081008 3.803700e-17
9590.956015 3.587192e-17
9593.836308 3.540528e-17
9596.718450 3.598479e-17
9599.602522 3.829370e-17
9602.475412 3.650894e-17
9605.362113 3.789767e-17
9608.241583 3.774961e-17
9611.120197 3.657228e-17
9614.004395 3.675539e-17
9616.885792 4.066237e-17
9619.766595 3.287490e-17
9622.650693 3.422735e-17
9625.534041 3.593756e-17
9628.412039 3.582783e-17
9631.297736 4.025485e-17
9634.180645 3.998080e-17
9637.066758 3.585193e-17
9639.945397 3.540210e-17
9642.838921 3.510695e-17
9645.717820 3.372886e-17
9648.597640 3.276009e-17
9651.492091 4.035063e-17
9654.374024 3.606727e-17
9657.257908 3.730303e-17
9660.143947 3.611603e-17
9663.033235 3.652089e-17
9665.917564 3.191702e-17
9668.805884 3.643599e-17
9671.691111 3.661803e-17
9674.579181 3.676312e-17
9677.471797 3.367993e-17
9680.358641 3.191474e-17
9683.243008 3.073027e-17
9686.134582 3.633195e-17
9689.022152 3.367636e-17
9691.909133 3.556534e-17
9694.801719 3.314103e-17
9697.689026 3.740593e-17
9700.579618 3.111535e-17
9703.471058 3.320026e-17
9706.365536 2.927773e-17
9709.250307 3.256428e-17
9712.145076 3.658298e-17
9715.032457 3.481683e-17
9717.924391 3.337104e-17
9720.818412 3.319132e-17
9723.708212 3.575393e-17
9726.604285 2.766904e-17
9729.498356 3.014173e-17
9732.386257 3.172139e-17
9735.280124 3.180355e-17
9738.175064 2.836661e-17
9741.071618 2.748504e-17
9743.960214 3.035846e-17
9746.859833 3.129948e-17
9749.755133 3.098249e-17
9752.643745 2.903699e-17
9755.544854 2.967004e-17
9758.440314 3.163908e-17
9761.330431 2.984772e-17
9764.231092 3.087769e-17
9767.129075 3.019887e-17
9770.019689 3.075644e-17
9772.917420 2.930220e-17
9775.818469 3.169168e-17
9778.712021 2.566591e-17
9781.603082 3.032708e-17
9784.511343 3.061758e-17
9787.406431 3.499807e-17
9790.303294 3.032370e-17
9793.203512 2.836126e-17
9796.102751 2.776656e-17
9799.001754 2.359605e-17
9801.901773 2.895911e-17
9804.800433 2.749502e-17
9807.701049 2.567193e-17
9810.603092 2.992639e-17
9813.502510 2.759074e-17
9816.402554 2.850937e-17
9819.306756 2.987030e-17
9822.204952 2.984604e-17
9825.106837 3.074497e-17
9828.009222 2.998808e-17
9830.911616 2.848050e-17
9833.813970 2.678022e-17
9836.717939 2.526678e-17
9839.619516 2.899156e-17
9842.523189 2.516342e-17
9845.430165 2.813780e-17
9848.333480 3.010125e-17
9851.235536 2.709715e-17
9854.140611 2.758657e-17
9857.050307 2.740872e-17
9859.949581 2.634947e-17
9862.856765 3.004773e-17
9865.764198 2.862948e-17
9868.668158 2.634717e-17
9871.574821 2.677036e-17
9874.481751 2.438783e-17
9877.388185 2.199832e-17
9880.294145 2.322472e-17
9883.202431 2.599001e-17
9886.110811 2.523904e-17
9889.017394 2.745368e-17
9891.925811 2.836429e-17
9894.835877 2.325190e-17
9897.741452 2.485670e-17
9900.652828 2.459735e-17
9903.561175 2.377904e-17
9906.470347 2.367334e-17
9909.381540 2.893643e-17
9912.291658 2.518934e-17
9915.200564 2.601173e-17
9918.112227 3.059271e-17
9921.023973 2.495366e-17
9923.934710 2.242847e-17
9926.846763 2.133210e-17
9929.758491 2.369575e-17
9932.669384 2.051503e-17
9935.582771 2.463516e-17
9938.496327 2.384318e-17
9941.408890 2.537603e-17
9944.321790 2.956663e-17
9947.235427 2.212590e-17
9950.149309 2.083191e-17
9953.063201 2.659226e-17
9955.977454 2.561772e-17
9958.892292 2.932753e-17
9961.806956 2.650221e-17
9964.722194 2.650513e-17
9967.637132 2.084003e-17
9970.553341 2.034063e-17
9973.470101 1.966073e-17
9976.386207 2.305050e-17
9979.301426 2.259279e-17
9982.218735 2.202494e-17
9985.135382 2.616079e-17
9988.053253 2.446982e-17
9990.971029 2.319601e-17
9993.888798 2.600543e-17
9996.807174 2.229080e-17
9999.725996 2.348432e-17
10002.644734 2.345834e-17
10005.564383 2.112744e-17
10008.483366 1.898871e-17
10011.403086 2.185382e-17
10014.323134 2.265698e-17
10017.243326 1.855760e-17
10020.163514 1.908372e-17
10023.084589 2.313810e-17
10026.005607 1.695106e-17
10028.927081 2.130261e-17
10031.848681 2.184797e-17
10034.770545 1.871895e-17
10037.692850 1.963938e-17
10040.615425 2.065464e-17
10043.537999 2.146689e-17
10046.461044 1.820684e-17
10049.384392 2.153939e-17
10052.307966 1.841248e-17
10055.231874 1.822933e-17
10058.155938 2.124337e-17
10061.080268 2.393632e-17
10064.005294 1.972824e-17
10066.930195 2.164124e-17
10069.855615 2.008221e-17
10072.781201 1.821697e-17
10075.707011 2.043841e-17
10078.633189 2.262219e-17
10081.559655 2.229317e-17
10084.486370 2.324188e-17
10087.413364 2.705845e-17
10090.340653 1.802875e-17
10093.268197 1.864070e-17
10096.196075 1.941576e-17
10099.124206 1.916084e-17
10102.052641 2.154961e-17
10104.981330 1.946135e-17
10107.910309 2.327721e-17
10110.839569 1.949012e-17
10113.769306 1.803338e-17
10116.698972 2.026756e-17
10119.629124 2.249967e-17
10122.559764 2.285550e-17
10125.490121 2.217881e-17
10128.421106 1.784613e-17
10131.352713 2.080478e-17
10134.284222 2.091594e-17
10137.216443 2.025391e-17
10140.148205 1.982611e-17
10143.080196 1.932077e-17
10146.012950 1.868371e-17
10148.946010 1.776996e-17
10151.879443 1.835933e-17
10154.812682 1.557200e-17
10157.746495 1.729000e-17
10160.680450 1.648814e-17
10163.615117 1.779664e-17
10166.549784 1.879009e-17
10169.484641 1.836111e-17
10172.419822 1.655384e-17
10175.355313 1.583048e-17
10178.291044 1.907449e-17
10181.227294 1.833070e-17
10184.163922 1.883791e-17
10187.100348 2.077162e-17
10190.037488 2.027059e-17
10192.973949 1.649700e-17
10195.912158 1.647605e-17
10198.849852 1.771334e-17
10201.788077 1.952132e-17
10204.726508 1.892073e-17
10207.665273 1.794989e-17
10210.604217 1.917781e-17
10213.543484 1.794608e-17
10216.482700 1.828788e-17
10219.422563 1.766360e-17
10222.362040 1.934278e-17
10225.303358 1.848703e-17
10228.243813 2.117615e-17
10231.185208 1.853244e-17
10234.126205 1.666470e-17
10237.067610 1.674434e-17
10240.010197 1.817933e-17
10242.952087 1.604121e-17
10245.894388 1.648737e-17
10248.836964 1.705885e-17
10251.780508 1.787512e-17
10254.723666 1.557291e-17
10257.668286 1.608076e-17
10260.610814 1.583120e-17
10263.554956 1.760311e-17
10266.499259 1.766205e-17
10269.444137 1.640728e-17
10272.389275 1.618113e-17
10275.332932 1.596234e-17
10278.280288 1.505381e-17
10281.226540 1.660320e-17
10284.171939 1.552184e-17
10287.118343 1.211277e-17
10290.064947 1.504071e-17
10293.011935 1.471958e-17
10295.959799 1.422191e-17
10298.906225 1.773271e-17
10301.855418 1.540057e-17
10304.803492 1.467526e-17
10307.751901 1.448129e-17
10310.701177 1.533914e-17
10313.649413 1.568196e-17
10316.599701 1.686783e-17
10319.550189 1.276697e-17
10322.498430 1.448186e-17
10325.449393 1.664585e-17
10328.400635 1.397393e-17
10331.352268 1.772272e-17
10334.303131 1.450846e-17
10337.253323 1.475528e-17
10340.202499 1.379539e-17
10343.156865 1.566831e-17
10346.108894 1.729267e-17
10349.061041 1.566031e-17
10352.014554 1.474421e-17
10354.967458 1.595109e-17
10357.921024 1.685256e-17
10360.874798 1.637161e-17
10363.830763 1.606127e-17
10366.783148 1.609421e-17
10369.736366 1.652791e-17
10372.694377 1.376628e-17
10375.647987 1.382667e-17
10378.603029 1.491283e-17
10381.559817 1.619536e-17
10384.514837 1.624081e-17
10387.472880 1.406120e-17
10390.428783 1.558670e-17
10393.385656 1.426220e-17
10396.342971 1.505501e-17
10399.300522 1.177444e-17
