#x f
3634.902 5.993445e-18
3636.341 8.260915e-18
3637.782 1.104707e-17
3639.222 1.998350e-17
3640.665 1.201361e-17
3642.108 9.225146e-18
3643.551 1.747413e-17
3644.997 8.976636e-18
3646.443 2.559091e-17
3647.889 1.661338e-18
3649.337 -3.000580e-18
3650.787 1.018259e-19
3652.236 1.126366e-17
3653.687 1.193800e-17
3655.139 -2.862948e-18
3656.592 8.751331e-18
3658.045 5.417040e-18
3659.500 5.492361e-18
3660.955 1.174635e-18
3662.413 7.149427e-18
3663.869 8.089846e-18
3665.328 4.338423e-18
3666.787 -4.780395e-19
3668.247 9.591314e-18
3669.709 1.904594e-18
3671.171 9.141320e-18
3672.635 3.279171e-18
3674.099 -9.099733e-19
3675.565 3.968666e-18
3677.030 5.160444e-18
3678.497 2.077923e-18
3679.965 8.999811e-18
3681.434 -5.218257e-18
3682.904 -3.933276e-18
3684.374 6.971875e-18
3685.846 3.273780e-18
3687.319 3.189796e-18
3688.792 5.743908e-18
3690.267 1.514800e-17
3691.742 1.035176e-17
3693.220 9.127164e-18
3694.696 5.192730e-18
3696.175 4.704955e-19
3697.655 7.532510e-18
3699.135 1.046662e-17
3700.615 3.359641e-18
3702.098 5.794554e-18
3703.581 1.039462e-17
3705.066 1.571624e-17
3706.549 6.142395e-18
3708.036 7.897988e-18
3709.522 2.064749e-18
3711.010 8.980932e-18
3712.499 1.686042e-17
3713.989 8.961852e-18
3715.479 5.590014e-18
3716.971 1.238081e-17
3718.462 4.609874e-18
3719.956 1.216259e-17
3721.450 7.235283e-18
3722.946 6.939195e-18
3724.441 9.605873e-18
3725.939 4.953302e-18
3727.438 1.521883e-17
3728.936 1.426019e-17
3730.436 1.069935e-17
3731.936 6.573794e-18
3733.438 -1.655926e-18
3734.941 4.189269e-18
3736.444 1.270407e-17
3737.948 3.772315e-18
3739.454 5.883905e-18
3740.960 -8.563284e-19
3742.469 1.592666e-17
3743.976 1.317339e-17
3745.484 6.187940e-18
3746.994 5.835435e-18
3748.506 1.319735e-17
3750.017 2.003605e-18
3751.530 7.742216e-18
3753.045 9.552722e-18
3754.557 1.666843e-17
3756.073 2.125231e-17
3757.590 1.298522e-17
3759.108 1.316446e-17
3760.625 6.399340e-18
3762.144 1.165360e-17
3763.665 7.547144e-18
3765.186 7.267266e-18
3766.707 9.180889e-18
3768.231 1.952459e-17
3769.754 1.239222e-17
3771.279 8.901517e-18
3772.804 1.378545e-17
3774.330 7.484416e-18
3775.858 7.420026e-18
3777.385 1.384733e-17
3778.914 9.014619e-18
3780.445 1.669052e-17
3781.976 1.600084e-17
3783.507 1.045091e-17
3785.040 1.359404e-17
3786.574 7.273944e-18
3788.109 9.316449e-18
3789.644 1.001857e-17
3791.181 1.073020e-17
3792.717 1.725017e-17
3794.256 1.317651e-17
3795.794 9.990773e-18
3797.335 9.194123e-18
3798.875 1.334404e-17
3800.417 1.004698e-17
3801.959 8.660481e-18
3803.502 2.921297e-18
3805.048 8.117700e-18
3806.593 1.258033e-17
3808.139 1.073089e-17
3809.686 8.412691e-18
3811.233 7.499632e-18
3812.782 8.913087e-18
3814.332 6.311800e-18
3815.883 5.757049e-18
3817.434 8.905763e-18
3818.987 6.873472e-18
3820.541 3.152554e-18
3822.094 9.558171e-18
3823.650 1.128121e-17
3825.205 5.898273e-18
3826.762 7.029887e-18
3828.320 7.608302e-18
3829.879 3.677098e-18
3831.438 6.544147e-18
3832.998 2.853335e-18
3834.559 5.533029e-18
3836.121 5.874094e-18
3837.685 5.146123e-18
3839.248 3.375566e-18
3840.813 4.099573e-18
3842.379 7.016257e-18
3843.946 2.015848e-18
3845.512 6.813291e-18
3847.081 5.859136e-18
3848.649 7.384675e-18
3850.219 4.200253e-18
3851.791 5.045128e-19
3853.362 3.621888e-18
3854.935 6.402056e-18
3856.509 5.837140e-18
3858.082 3.819303e-18
3859.658 2.360799e-18
3861.235 4.159120e-18
3862.811 2.666189e-18
3864.389 4.522442e-18
3865.968 3.702808e-18
3867.547 2.916606e-18
3869.127 1.207352e-18
3870.709 3.012696e-18
3872.291 5.390840e-18
3873.875 1.257731e-18
3875.458 4.701126e-19
3877.043 3.676220e-18
3878.628 5.206022e-18
3880.215 2.527637e-18
3881.802 1.331374e-18
3883.391 3.186315e-18
3884.980 5.937369e-18
3886.569 5.203986e-18
3888.160 6.703075e-19
3889.752 2.956767e-18
3891.344 8.461294e-18
3892.938 6.331300e-18
3894.531 6.499628e-18
3896.127 5.606171e-18
3897.722 7.040861e-18
3899.320 6.282150e-18
3900.918 5.881615e-18
3902.515 7.262842e-18
3904.115 8.186816e-18
3905.716 4.679953e-18
3907.316 4.791466e-18
3908.918 5.223466e-18
3910.521 6.042346e-18
3912.124 5.497876e-18
3913.729 7.379235e-18
3915.335 8.871026e-18
3916.941 6.277940e-18
3918.547 8.306252e-18
3920.155 1.121475e-17
3921.764 1.094524e-17
3923.373 1.367201e-17
3924.985 1.242770e-17
3926.596 1.193870e-17
3928.207 8.133795e-18
3929.819 9.774391e-18
3931.434 8.709049e-18
3933.049 1.087855e-17
3934.663 8.862598e-18
3936.280 1.127662e-17
3937.897 1.187103e-17
3939.516 1.246771e-17
3941.134 1.502344e-17
3942.754 1.718474e-17
3944.375 1.576796e-17
3945.995 1.525524e-17
3947.618 1.476624e-17
3949.240 1.291521e-17
3950.863 1.179355e-17
3952.490 1.282961e-17
3954.114 1.512047e-17
3955.741 1.280994e-17
3957.368 1.661831e-17
3958.996 1.617405e-17
3960.624 1.392105e-17
3962.254 1.670379e-17
3963.885 1.711126e-17
3965.516 1.359563e-17
3967.148 1.621061e-17
3968.781 1.748888e-17
3970.415 1.747048e-17
3972.049 1.533719e-17
3973.685 1.667826e-17
3975.321 1.616430e-17
3976.958 1.994201e-17
3978.595 1.888665e-17
3980.235 1.900310e-17
3981.874 1.885818e-17
3983.514 1.777279e-17
3985.155 1.840508e-17
3986.798 1.886521e-17
3988.440 2.183213e-17
3990.084 2.008608e-17
3991.729 2.141820e-17
3993.374 1.802365e-17
3995.019 1.959539e-17
3996.667 2.163733e-17
3998.315 2.121904e-17
3999.963 2.045094e-17
4001.612 2.311119e-17
4003.262 2.064454e-17
4004.914 2.214183e-17
4006.565 2.351758e-17
4008.218 2.399776e-17
4009.871 2.807283e-17
4011.525 1.981350e-17
4013.181 2.546514e-17
4014.837 2.587435e-17
4016.497 2.333629e-17
4018.151 2.512566e-17
4019.808 2.551789e-17
4021.468 2.570098e-17
4023.128 2.839362e-17
4024.788 2.605547e-17
4026.450 3.086533e-17
4028.112 2.673605e-17
4029.775 2.712432e-17
4031.440 2.703807e-17
4033.103 2.762318e-17
4034.769 3.063311e-17
4036.436 2.762980e-17
4038.103 2.756790e-17
4039.770 2.934461e-17
4041.440 2.906876e-17
4043.109 3.180863e-17
4044.780 3.397204e-17
4046.450 3.139511e-17
4048.122 3.136526e-17
4049.795 3.099961e-17
4051.469 2.902730e-17
4053.142 2.907042e-17
4054.818 3.131794e-17
4056.494 2.937884e-17
4058.170 2.996117e-17
4059.848 2.838768e-17
4061.526 3.032430e-17
4063.205 3.190808e-17
4064.885 3.153975e-17
4066.566 3.105279e-17
4068.248 2.954615e-17
4069.930 3.202007e-17
4071.613 3.369674e-17
4073.296 3.033643e-17
4074.981 2.930589e-17
4076.667 3.027205e-17
4078.353 3.411775e-17
4080.040 2.806764e-17
4081.727 3.051605e-17
4083.415 3.257213e-17
4085.106 3.077847e-17
4086.795 2.875969e-17
4088.487 3.049597e-17
4090.177 2.591354e-17
4091.870 2.506996e-17
4093.563 2.552058e-17
4095.258 2.491465e-17
4096.952 2.971367e-17
4098.648 2.644785e-17
4100.344 2.506986e-17
4102.041 2.581668e-17
4103.739 2.331282e-17
4105.438 2.585594e-17
4107.137 2.509873e-17
4108.837 2.213380e-17
4110.539 2.004730e-17
4112.241 2.557899e-17
4113.943 2.274443e-17
4115.646 2.177595e-17
4117.350 2.117858e-17
4119.056 2.450165e-17
4120.761 2.096479e-17
4122.468 2.426321e-17
4124.174 2.079608e-17
4125.883 2.139051e-17
4127.591 2.111082e-17
4129.300 2.498047e-17
4131.011 1.634061e-17
4132.722 2.040042e-17
4134.434 1.895120e-17
4136.147 1.850209e-17
4137.860 1.768297e-17
4139.574 1.850860e-17
4141.289 1.737353e-17
4143.005 1.885979e-17
4144.720 1.955192e-17
4146.438 1.813800e-17
4148.156 1.901179e-17
4149.874 1.708430e-17
4151.595 1.773675e-17
4153.314 1.655265e-17
4155.036 2.040313e-17
4156.757 1.652719e-17
4158.480 1.703401e-17
4160.203 1.613330e-17
4161.928 1.773429e-17
4163.651 1.833749e-17
4165.377 1.677830e-17
4167.103 1.480668e-17
4168.831 1.630673e-17
4170.558 1.652950e-17
4172.286 1.677300e-17
4174.016 1.609093e-17
4175.746 1.712113e-17
4177.477 1.561836e-17
4179.209 1.497487e-17
4180.941 1.700649e-17
4182.674 1.583997e-17
4184.407 1.502497e-17
4186.142 1.237726e-17
4187.877 1.327644e-17
4189.613 1.638431e-17
4191.350 1.457239e-17
4193.088 1.484543e-17
4194.826 1.530109e-17
4196.565 1.504663e-17
4198.305 1.316032e-17
4200.045 1.308060e-17
4201.787 1.269162e-17
4203.529 1.147526e-17
4205.271 1.658174e-17
4207.016 1.262104e-17
4208.759 1.436506e-17
4210.505 1.298339e-17
4212.250 1.458167e-17
4213.997 1.187608e-17
4215.744 1.221587e-17
4217.491 1.246307e-17
4219.240 1.370123e-17
4220.990 1.500960e-17
4222.740 1.304138e-17
4224.491 1.259836e-17
4226.242 1.410751e-17
4227.995 1.184261e-17
4229.748 1.280289e-17
4231.502 1.257692e-17
4233.257 1.340376e-17
4235.012 1.049725e-17
4236.768 1.271586e-17
4238.525 1.276027e-17
4240.283 1.308354e-17
4242.041 1.226666e-17
4243.799 1.139879e-17
4245.559 1.091828e-17
4247.319 1.045126e-17
4249.081 1.289113e-17
4250.843 1.291006e-17
4252.605 1.130917e-17
4254.368 1.182781e-17
4256.132 1.134032e-17
4257.897 1.138271e-17
4259.663 1.191342e-17
4261.429 1.321104e-17
4263.196 1.393411e-17
4264.964 1.247436e-17
4266.732 1.304698e-17
4268.502 1.265872e-17
4270.271 1.225145e-17
4272.042 1.570618e-17
4273.814 1.392934e-17
4275.585 1.302130e-17
4277.357 1.283911e-17
4279.132 1.406797e-17
4280.906 1.193806e-17
4282.680 1.408411e-17
4284.456 1.437809e-17
4286.232 1.309549e-17
4288.010 1.402875e-17
4289.787 1.445963e-17
4291.566 1.352913e-17
4293.345 1.424766e-17
4295.125 1.382284e-17
4296.905 1.208929e-17
4298.687 1.266132e-17
4300.469 1.447478e-17
4302.252 1.433396e-17
4304.036 1.376934e-17
4305.819 1.468325e-17
4307.605 1.622964e-17
4309.390 1.474556e-17
4311.176 1.388826e-17
4312.964 1.297278e-17
4314.750 1.449041e-17
4316.539 1.444931e-17
4318.329 1.544065e-17
4320.118 1.407447e-17
4321.909 1.394439e-17
4323.701 1.536491e-17
4325.492 1.305974e-17
4327.285 1.415158e-17
4329.079 1.548412e-17
4330.872 1.411717e-17
4332.667 1.393736e-17
4334.463 1.366002e-17
4336.259 1.462279e-17
4338.055 1.418952e-17
4339.853 1.217436e-17
4341.652 1.432972e-17
4343.450 1.336776e-17
4345.250 1.513618e-17
4347.050 1.363399e-17
4348.852 1.436278e-17
4350.653 1.378144e-17
4352.456 1.265544e-17
4354.259 1.450787e-17
4356.064 1.515556e-17
4357.867 1.272226e-17
4359.673 1.370241e-17
4361.479 1.530965e-17
4363.285 1.556466e-17
4365.093 1.371568e-17
4366.900 1.437972e-17
4368.709 1.474613e-17
4370.519 1.519766e-17
4372.328 1.533810e-17
4374.140 1.583735e-17
4375.951 1.443624e-17
4377.763 1.422431e-17
4379.576 1.231332e-17
4381.390 1.294642e-17
4383.204 1.372617e-17
4385.019 1.443963e-17
4386.834 1.499463e-17
4388.651 1.393695e-17
4390.468 1.357273e-17
4392.285 1.504743e-17
4394.104 1.451549e-17
4395.923 1.309457e-17
4397.743 1.344566e-17
4399.563 1.367677e-17
4401.384 1.438620e-17
4403.206 1.539826e-17
4405.028 1.405759e-17
4406.851 1.387093e-17
4408.675 1.253997e-17
4410.500 1.418868e-17
4412.324 1.387357e-17
4414.150 1.334791e-17
4415.977 1.320010e-17
4417.804 1.498220e-17
4419.632 1.563263e-17
4421.461 1.531133e-17
4423.290 1.446651e-17
4425.119 1.300743e-17
4426.950 1.139414e-17
4428.781 1.452329e-17
4430.613 1.471018e-17
4432.446 1.290153e-17
4434.279 1.166530e-17
4436.113 1.386244e-17
4437.948 1.254056e-17
4439.783 1.284992e-17
4441.619 1.234389e-17
4443.455 1.223930e-17
4445.293 1.270093e-17
4447.131 1.470167e-17
4448.969 1.218479e-17
4450.808 1.240166e-17
4452.648 1.297991e-17
4454.489 1.485333e-17
4456.330 1.184560e-17
4458.172 1.049042e-17
4460.015 1.356725e-17
4461.858 1.159361e-17
4463.702 1.195754e-17
4465.547 1.254723e-17
4467.392 1.292842e-17
4469.238 1.478326e-17
4471.084 1.202394e-17
4472.931 1.041021e-17
4474.779 1.199876e-17
4476.628 1.354143e-17
4478.477 1.198090e-17
4480.327 1.169487e-17
4482.178 1.236516e-17
4484.029 1.223711e-17
4485.881 1.223478e-17
4487.733 1.273769e-17
4489.586 1.180794e-17
4491.440 1.041662e-17
4493.295 1.416748e-17
4495.150 1.137341e-17
4497.005 1.232886e-17
4498.862 1.254393e-17
4500.719 1.188747e-17
4502.576 9.878533e-18
4504.435 1.167960e-17
4506.294 1.133412e-17
4508.154 1.289808e-17
4510.014 1.312303e-17
4511.875 1.174981e-17
4513.737 1.306920e-17
4515.599 1.359253e-17
4517.462 1.218300e-17
4519.325 1.383655e-17
4521.190 1.281923e-17
4523.054 1.311180e-17
4524.920 1.364509e-17
4526.786 1.386631e-17
4528.653 1.260456e-17
4530.520 1.320693e-17
4532.389 1.328834e-17
4534.257 1.442368e-17
4536.126 1.445119e-17
4537.997 1.302631e-17
4539.867 1.538190e-17
4541.739 1.752320e-17
4543.610 1.542529e-17
4545.483 1.669782e-17
4547.357 1.842553e-17
4549.230 1.751349e-17
4551.105 1.818613e-17
4552.980 1.780869e-17
4554.856 1.838363e-17
4556.732 1.760729e-17
4558.610 1.807552e-17
4560.487 1.742566e-17
4562.365 1.696869e-17
4564.244 1.799811e-17
4566.124 1.886307e-17
4568.004 1.837396e-17
4569.885 2.019314e-17
4571.766 1.907818e-17
4573.649 1.908605e-17
4575.532 1.795216e-17
4577.414 1.952333e-17
4579.298 2.007533e-17
4581.183 1.861864e-17
4583.069 1.987939e-17
4584.954 1.980022e-17
4586.841 2.080750e-17
4588.728 2.044642e-17
4590.616 2.120316e-17
4592.505 2.112034e-17
4594.393 2.158728e-17
4596.283 2.237537e-17
4598.174 2.265236e-17
4600.064 2.337656e-17
4601.955 2.515936e-17
4603.848 2.484029e-17
4605.741 2.431835e-17
4607.634 2.640858e-17
4609.528 2.566581e-17
4611.423 2.583486e-17
4613.319 2.796075e-17
4615.215 2.738005e-17
4617.110 2.943045e-17
4619.008 2.803184e-17
4620.906 2.916400e-17
4622.804 2.774846e-17
4624.703 2.748462e-17
4626.603 3.046704e-17
4628.503 3.161497e-17
4630.404 3.200250e-17
4632.305 3.017947e-17
4634.207 3.006306e-17
4636.110 3.159964e-17
4638.014 3.337508e-17
4639.917 3.166670e-17
4641.822 3.347117e-17
4643.727 3.552726e-17
4645.633 3.578737e-17
4647.539 3.544417e-17
4649.446 3.651537e-17
4651.354 3.765869e-17
4653.262 3.663378e-17
4655.171 3.758824e-17
4657.080 3.879610e-17
4658.991 3.911340e-17
4660.901 3.809848e-17
4662.813 3.956480e-17
4664.724 4.016412e-17
4666.637 4.191872e-17
4668.550 4.400983e-17
4670.464 4.099479e-17
4672.378 4.214151e-17
4674.293 4.562669e-17
4676.208 4.160267e-17
4678.124 4.379434e-17
4680.041 4.210934e-17
4681.958 4.442541e-17
4683.877 4.631560e-17
4685.795 4.553400e-17
4687.714 4.628767e-17
4689.634 4.696022e-17
4691.554 4.718225e-17
4693.475 4.499307e-17
4695.397 4.652893e-17
4697.319 4.551748e-17
4699.241 4.413604e-17
4701.165 4.691114e-17
4703.089 4.664450e-17
4705.013 4.503208e-17
4706.939 4.493316e-17
4708.864 4.552309e-17
4710.791 4.184881e-17
4712.718 4.324726e-17
4714.645 4.518415e-17
4716.573 4.388165e-17
4718.502 4.443647e-17
4720.431 4.209113e-17
4722.361 4.345839e-17
4724.292 4.175541e-17
4726.223 3.947079e-17
4728.155 3.924553e-17
4730.087 4.092175e-17
4732.020 3.915333e-17
4733.967 3.845320e-17
4735.901 3.708334e-17
4737.836 3.518800e-17
4739.771 3.868757e-17
4741.692 3.535590e-17
4743.629 3.783081e-17
4745.566 3.682118e-17
4747.504 3.581291e-17
4749.441 3.563707e-17
4751.381 3.419108e-17
4753.320 3.173250e-17
4755.259 3.273099e-17
4757.201 3.077772e-17
4759.141 2.925062e-17
4761.083 3.011032e-17
4763.025 2.930570e-17
4764.968 2.693561e-17
4766.911 2.863842e-17
4768.855 2.529406e-17
4770.800 2.678169e-17
4772.745 2.600558e-17
4774.691 2.568285e-17
4776.637 2.491083e-17
4778.584 2.490824e-17
4780.531 2.392785e-17
4782.480 2.193935e-17
4784.428 2.179477e-17
4786.378 2.040217e-17
4788.327 2.032211e-17
4790.278 2.235730e-17
4792.228 1.910111e-17
4794.180 1.935163e-17
4796.132 1.992897e-17
4798.085 1.874188e-17
4800.038 1.847619e-17
4801.992 1.857897e-17
4803.946 1.909150e-17
4805.901 1.988764e-17
4807.857 1.889067e-17
4809.813 1.590860e-17
4811.769 1.744658e-17
4813.727 1.819575e-17
4815.684 1.862174e-17
4817.643 1.932443e-17
4819.602 1.946046e-17
4821.561 1.713018e-17
4823.522 1.767671e-17
4825.482 1.887929e-17
4827.443 1.698210e-17
4829.405 1.825337e-17
4831.367 1.853440e-17
4833.330 1.935348e-17
4835.293 2.019921e-17
4837.258 2.015061e-17
4839.222 1.946871e-17
4841.188 1.962214e-17
4843.153 1.884809e-17
4845.118 1.994315e-17
4847.086 1.899351e-17
4849.054 1.937573e-17
4851.022 1.802094e-17
4852.990 2.006058e-17
4854.960 2.117952e-17
4856.929 1.705605e-17
4858.899 2.028302e-17
4860.870 2.262816e-17
4862.841 1.837095e-17
4864.813 2.023781e-17
4866.786 1.930750e-17
4868.759 1.986556e-17
4870.732 2.198133e-17
4872.707 2.175236e-17
4874.681 2.157717e-17
4876.656 2.148189e-17
4878.632 2.184033e-17
4880.609 2.144263e-17
4882.585 2.295747e-17
4884.563 2.244529e-17
4886.541 2.146767e-17
4888.520 2.170007e-17
4890.499 2.119138e-17
4892.478 2.139760e-17
4894.466 2.528467e-17
4896.457 2.153761e-17
4898.428 2.472605e-17
4900.403 2.413719e-17
4902.385 2.346065e-17
4904.368 2.351881e-17
4906.351 2.398023e-17
4908.336 2.386838e-17
4910.320 2.401796e-17
4912.305 2.388457e-17
4914.291 2.388343e-17
4916.278 2.501283e-17
4918.264 2.505748e-17
4920.252 2.412705e-17
4922.239 2.701867e-17
4924.228 2.561557e-17
4926.217 2.591638e-17
4928.207 2.623263e-17
4930.197 2.621705e-17
4932.187 2.715310e-17
4934.178 2.726286e-17
4936.170 2.830207e-17
4938.162 2.833950e-17
4940.155 2.800513e-17
4942.148 2.588057e-17
4944.142 2.748197e-17
4946.137 2.584285e-17
4948.132 2.509126e-17
4950.127 2.443338e-17
4952.123 2.674962e-17
4954.120 2.627064e-17
4956.117 2.695224e-17
4958.114 2.692714e-17
4960.112 2.691905e-17
4962.111 2.832511e-17
4964.110 2.563485e-17
4966.110 2.571982e-17
4968.110 2.540252e-17
4970.111 2.610516e-17
4972.113 2.752828e-17
4974.115 2.867082e-17
4976.117 2.740136e-17
4978.120 2.834234e-17
4980.124 2.762466e-17
4982.127 2.558505e-17
4984.132 2.728739e-17
4986.137 2.668869e-17
4988.143 2.741182e-17
4990.149 2.818143e-17
4992.156 2.840563e-17
4994.163 2.940766e-17
4996.170 2.981915e-17
4998.179 3.071577e-17
5000.188 3.048243e-17
5002.197 3.071266e-17
5004.207 3.389982e-17
5006.217 3.167541e-17
5008.228 3.120716e-17
5010.240 3.257738e-17
5012.251 3.309732e-17
5014.264 3.238970e-17
5016.277 3.378615e-17
5018.291 3.476096e-17
5020.304 3.502964e-17
5022.319 3.598291e-17
5024.334 3.327477e-17
5026.350 3.421106e-17
5028.366 3.511112e-17
5030.383 3.375035e-17
5032.400 3.570114e-17
5034.417 3.493350e-17
5036.436 3.439867e-17
5038.455 3.378623e-17
5040.473 3.477847e-17
5042.494 3.588849e-17
5044.514 3.499778e-17
5046.535 3.503485e-17
5048.556 3.324571e-17
5050.578 3.469894e-17
5052.600 3.408511e-17
5054.623 3.330285e-17
5056.646 3.313821e-17
5058.670 3.407776e-17
5060.695 3.416233e-17
5062.719 3.299476e-17
5064.745 3.244493e-17
5066.771 3.178399e-17
5068.797 3.270091e-17
5070.824 3.036410e-17
5072.852 3.203779e-17
5074.880 3.289760e-17
5076.908 3.269797e-17
5078.938 2.981248e-17
5080.967 3.222430e-17
5082.997 2.893027e-17
5085.027 2.848982e-17
5087.058 2.800482e-17
5089.090 2.892445e-17
5091.122 2.675970e-17
5093.155 2.715692e-17
5095.188 2.572244e-17
5097.222 2.528036e-17
5099.255 2.538611e-17
5101.290 2.516234e-17
5103.325 2.442729e-17
5105.361 2.461994e-17
5107.397 2.320049e-17
5109.433 2.200213e-17
5111.470 2.114295e-17
5113.508 2.263089e-17
5115.547 2.023518e-17
5117.585 2.061152e-17
5119.624 2.205099e-17
5121.664 2.079581e-17
5123.704 2.054239e-17
5125.745 2.152769e-17
5127.785 2.029206e-17
5129.828 2.112026e-17
5131.869 2.076666e-17
5133.912 1.901498e-17
5135.955 2.182221e-17
5137.999 1.980328e-17
5140.043 1.994842e-17
5142.088 2.014911e-17
5144.133 1.973102e-17
5146.179 1.941527e-17
5148.224 2.069614e-17
5150.271 2.168114e-17
5152.318 2.037881e-17
5154.366 2.178606e-17
5156.414 1.967496e-17
5158.462 2.201643e-17
5160.512 2.068829e-17
5162.561 2.147397e-17
5164.611 2.099620e-17
5166.662 2.166498e-17
5168.713 2.143115e-17
5170.764 2.021513e-17
5172.816 2.021404e-17
5174.869 2.166228e-17
5176.922 2.128441e-17
5178.975 2.036553e-17
5181.029 2.069967e-17
5183.084 2.037802e-17
5185.139 2.064809e-17
5187.194 2.207593e-17
5189.250 2.135781e-17
5191.307 2.154351e-17
5193.364 2.085794e-17
5195.421 2.176811e-17
5197.478 2.115709e-17
5199.537 2.240110e-17
5201.596 2.186216e-17
5203.655 2.194718e-17
5205.715 2.306769e-17
5207.776 2.090012e-17
5209.836 2.318070e-17
5211.898 2.291756e-17
5213.959 2.220188e-17
5216.021 2.386756e-17
5218.084 2.336039e-17
5220.147 2.196743e-17
5222.211 2.269651e-17
5224.275 2.255748e-17
5226.340 2.239090e-17
5228.405 2.559895e-17
5230.470 2.443399e-17
5232.536 2.357469e-17
5234.603 2.444024e-17
5236.670 2.338312e-17
5238.737 2.349854e-17
5240.806 2.397823e-17
5242.874 2.306590e-17
5244.943 2.462127e-17
5247.012 2.445341e-17
5249.082 2.519099e-17
5251.153 2.382518e-17
5253.224 2.435528e-17
5255.295 2.344218e-17
5257.367 2.302778e-17
5259.439 2.563969e-17
5261.511 2.417341e-17
5263.585 2.432044e-17
5265.659 2.508999e-17
5267.732 2.553196e-17
5269.807 2.575355e-17
5271.882 2.697746e-17
5273.958 2.708543e-17
5276.034 2.692584e-17
5278.110 2.663882e-17
5280.187 2.787705e-17
5282.265 2.613038e-17
5284.343 2.772962e-17
5286.421 2.810234e-17
5288.499 3.003395e-17
5290.579 2.899180e-17
5292.659 2.808999e-17
5294.739 2.777746e-17
5296.820 2.903536e-17
5298.901 3.077295e-17
5300.983 2.913892e-17
5303.065 3.126106e-17
5305.147 3.182053e-17
5307.230 2.948553e-17
5309.314 3.060838e-17
5311.398 3.096892e-17
5313.482 3.112046e-17
5315.567 3.237679e-17
5317.652 3.115399e-17
5319.739 3.010266e-17
5321.824 3.355374e-17
5323.911 3.374347e-17
5325.998 3.390209e-17
5328.086 3.321208e-17
5330.174 3.439049e-17
5332.263 3.399582e-17
5334.352 3.575684e-17
5336.441 3.493535e-17
5338.531 3.621630e-17
5340.622 3.611324e-17
5342.712 3.762408e-17
5344.804 3.519478e-17
5346.895 3.746417e-17
5348.988 3.892609e-17
5351.080 3.757418e-17
5353.176 3.581442e-17
5355.267 3.797069e-17
5357.361 3.778617e-17
5359.456 3.909045e-17
5361.551 3.937043e-17
5363.646 3.911617e-17
5365.742 4.060661e-17
5367.838 4.013680e-17
5369.935 3.979737e-17
5372.032 4.236627e-17
5374.130 4.095951e-17
5376.228 4.007893e-17
5378.326 4.278388e-17
5380.425 4.160175e-17
5382.525 4.267482e-17
5384.624 4.301151e-17
5386.725 4.293767e-17
5388.826 4.126599e-17
5390.927 4.136728e-17
5393.029 4.135284e-17
5395.131 4.314993e-17
5397.234 4.368666e-17
5399.337 4.333304e-17
5401.440 4.268010e-17
5403.545 4.365483e-17
5405.649 4.159570e-17
5407.753 4.268914e-17
5409.859 4.487981e-17
5411.964 4.620757e-17
5414.070 4.364125e-17
5416.177 4.349792e-17
5418.284 4.538153e-17
5420.392 4.461205e-17
5422.499 4.444086e-17
5424.608 4.769967e-17
5426.717 4.702458e-17
5428.826 4.717566e-17
5430.935 4.754911e-17
5433.046 4.600610e-17
5435.157 4.450700e-17
5437.267 4.526637e-17
5439.379 4.653707e-17
5441.491 4.535962e-17
5443.603 4.604339e-17
5445.716 4.454969e-17
5447.829 4.506312e-17
5449.943 4.556116e-17
5452.057 4.475477e-17
5454.172 4.353618e-17
5456.286 4.535484e-17
5458.401 4.322139e-17
5460.517 4.666761e-17
5462.634 4.542610e-17
5464.750 4.583655e-17
5466.867 4.447692e-17
5468.985 4.476447e-17
5471.103 4.280501e-17
5473.221 4.674681e-17
5475.340 4.478782e-17
5477.459 4.177702e-17
5479.579 4.343338e-17
5481.699 4.369456e-17
5483.820 4.335808e-17
5485.941 4.216893e-17
5488.062 4.101902e-17
5490.185 4.278535e-17
5492.306 4.274025e-17
5494.429 4.361743e-17
5496.553 4.322344e-17
5498.676 4.351569e-17
5500.800 4.416398e-17
5502.925 4.354059e-17
5505.050 4.376745e-17
5507.175 4.473707e-17
5509.301 4.234845e-17
5511.427 4.441969e-17
5513.553 4.410967e-17
5515.680 4.433715e-17
5517.808 4.442320e-17
5519.936 4.528720e-17
5522.064 4.487197e-17
5524.193 4.634423e-17
5526.322 4.731440e-17
5528.451 4.765201e-17
5530.582 4.777612e-17
5532.712 4.881127e-17
5534.842 5.026119e-17
5536.974 5.117214e-17
5539.105 5.025199e-17
5541.238 5.209190e-17
5543.370 5.306756e-17
5545.503 5.292061e-17
5547.636 5.321158e-17
5549.770 5.370355e-17
5551.904 5.580497e-17
5554.039 5.501342e-17
5556.174 5.771775e-17
5558.309 6.102710e-17
5560.445 5.864113e-17
5562.582 6.208673e-17
5564.718 6.021081e-17
5566.855 6.119402e-17
5568.993 6.287783e-17
5571.131 6.550900e-17
5573.269 6.605397e-17
5575.408 6.973852e-17
5577.547 6.726409e-17
5579.687 7.299426e-17
5581.827 7.247588e-17
5583.967 7.170792e-17
5586.109 7.188878e-17
5588.249 7.425628e-17
5590.391 7.484998e-17
5592.533 7.601126e-17
5594.675 7.597012e-17
5596.819 7.646662e-17
5598.962 7.714380e-17
5601.106 8.004425e-17
5603.250 8.341151e-17
5605.395 8.059367e-17
5607.539 8.293293e-17
5609.685 8.394967e-17
5611.830 8.292249e-17
5613.977 8.561866e-17
5616.123 8.521572e-17
5618.271 8.493744e-17
5620.418 8.741686e-17
5622.566 8.490197e-17
5624.715 8.501772e-17
5626.862 8.704041e-17
5629.012 8.654110e-17
5631.161 8.564415e-17
5633.311 8.784434e-17
5635.461 8.899843e-17
5637.612 8.932701e-17
5639.763 8.757264e-17
5641.914 8.674806e-17
5644.066 8.723108e-17
5646.218 8.695742e-17
5648.371 8.639361e-17
5650.524 8.714438e-17
5652.678 8.749609e-17
5654.831 8.855855e-17
5656.986 8.571056e-17
5659.141 8.542412e-17
5661.296 8.594926e-17
5663.451 8.615415e-17
5665.607 8.303178e-17
5667.763 8.354662e-17
5669.920 8.194091e-17
5672.077 8.340850e-17
5674.235 8.127947e-17
5676.393 8.028713e-17
5678.551 8.129202e-17
5680.710 8.054541e-17
5682.869 7.789475e-17
5685.028 7.426001e-17
5687.188 7.512898e-17
5689.349 7.154927e-17
5691.506 6.621203e-17
5693.670 7.235434e-17
5695.832 6.796065e-17
5697.994 6.464556e-17
5700.155 6.504345e-17
5702.319 6.173005e-17
5704.481 6.241836e-17
5706.645 5.974769e-17
5708.809 5.904797e-17
5710.973 5.954580e-17
5713.137 5.924477e-17
5715.303 5.715824e-17
5717.468 5.462050e-17
5719.633 5.688444e-17
5721.800 5.666835e-17
5723.966 5.536996e-17
5726.134 5.326980e-17
5728.301 5.602409e-17
5730.468 5.475665e-17
5732.637 5.345403e-17
5734.805 5.099513e-17
5736.974 5.395352e-17
5739.144 5.560438e-17
5741.313 5.507396e-17
5743.483 5.508985e-17
5745.654 5.528042e-17
5747.824 5.350239e-17
5749.996 5.180721e-17
5752.167 5.453637e-17
5754.340 5.025161e-17
5756.512 5.259738e-17
5758.684 5.392309e-17
5760.858 5.079790e-17
5763.031 5.178158e-17
5765.205 5.020791e-17
5767.380 5.159279e-17
5769.554 5.148358e-17
5771.729 5.191227e-17
5773.905 5.102164e-17
5776.081 5.239514e-17
5778.257 5.133828e-17
5780.433 5.253974e-17
5782.611 5.190816e-17
5784.788 5.097349e-17
5786.966 5.167313e-17
5789.143 4.855858e-17
5791.322 5.288871e-17
5793.501 5.167428e-17
5795.681 5.349507e-17
5797.860 5.131725e-17
5800.040 5.288037e-17
5802.221 5.246007e-17
5804.401 5.103932e-17
5806.583 5.147466e-17
5808.764 5.367223e-17
5810.946 5.145280e-17
5813.128 5.181007e-17
5815.311 5.436772e-17
5817.494 5.308148e-17
5819.677 5.157875e-17
5821.861 5.266057e-17
5824.046 5.290439e-17
5826.230 5.344661e-17
5828.415 5.458470e-17
5830.601 5.268616e-17
5832.786 5.295882e-17
5834.973 5.307222e-17
5837.158 5.069676e-17
5839.345 5.282129e-17
5841.533 5.371351e-17
5843.720 5.181236e-17
5845.908 4.897507e-17
5848.097 5.110041e-17
5850.285 5.358800e-17
5852.474 5.202437e-17
5854.664 5.191867e-17
5856.853 5.356100e-17
5859.043 5.208261e-17
5861.234 5.366401e-17
5863.425 5.479412e-17
5865.616 5.238252e-17
5867.808 5.244890e-17
5870.000 5.167119e-17
5872.192 5.178563e-17
5874.385 5.223452e-17
5876.578 5.388310e-17
5878.771 5.098674e-17
5880.965 5.295161e-17
5883.159 5.186846e-17
5885.354 5.188709e-17
5887.549 5.043062e-17
5889.744 4.690248e-17
5891.940 4.241581e-17
5894.136 5.025497e-17
5896.332 4.670915e-17
5898.529 4.809573e-17
5900.726 5.102331e-17
5902.924 5.113000e-17
5905.121 5.055967e-17
5907.320 5.338906e-17
5909.518 5.399987e-17
5911.714 4.764148e-17
5913.916 5.206693e-17
5916.116 5.282923e-17
5918.316 5.233492e-17
5920.517 5.365254e-17
5922.717 5.487937e-17
5924.918 5.247888e-17
5927.120 5.396445e-17
5929.322 5.400494e-17
5931.524 5.277988e-17
5933.727 5.535359e-17
5935.929 5.617903e-17
5938.133 5.385700e-17
5940.336 5.492514e-17
5942.540 5.417054e-17
5944.745 5.317682e-17
5946.950 5.686096e-17
5949.154 5.232188e-17
5951.360 5.464384e-17
5953.565 5.370227e-17
5955.772 5.548840e-17
5957.978 5.439189e-17
5960.185 5.532949e-17
5962.392 5.607137e-17
5964.600 5.550953e-17
5966.807 5.707985e-17
5969.016 5.508758e-17
5971.224 5.381974e-17
5973.434 5.302796e-17
5975.643 5.523520e-17
5977.852 5.154609e-17
5980.062 5.570179e-17
5982.273 5.639294e-17
5984.483 5.429127e-17
5986.694 5.638661e-17
5988.906 5.516242e-17
5991.118 5.470117e-17
5993.330 5.610566e-17
5995.542 5.670086e-17
5997.755 5.592637e-17
5999.968 5.590122e-17
6002.182 5.503910e-17
6004.396 5.408603e-17
6006.610 5.392474e-17
6008.824 5.663460e-17
6011.039 5.616357e-17
6013.255 5.479385e-17
6015.470 5.571606e-17
6017.686 5.360652e-17
6019.902 5.321792e-17
6022.119 5.362463e-17
6024.336 5.419356e-17
6026.553 5.393939e-17
6028.771 5.435572e-17
6030.989 5.263212e-17
6033.207 5.429630e-17
6035.426 5.364970e-17
6037.645 5.368454e-17
6039.865 5.163377e-17
6042.085 5.269052e-17
6044.304 5.084852e-17
6046.525 5.166278e-17
6048.745 5.351043e-17
6050.967 5.231552e-17
6053.189 5.123579e-17
6055.410 4.991703e-17
6057.632 5.150720e-17
6059.855 5.195965e-17
6062.078 5.134021e-17
6064.301 5.194533e-17
6066.524 5.014803e-17
6068.748 5.020101e-17
6070.972 5.066083e-17
6073.197 5.152516e-17
6075.422 4.946291e-17
6077.647 5.143844e-17
6079.872 5.084912e-17
6082.099 4.927982e-17
6084.325 4.875224e-17
6086.551 4.796578e-17
6088.778 4.924781e-17
6091.006 4.867199e-17
6093.233 4.866022e-17
6095.461 4.677784e-17
6097.689 4.766190e-17
6099.918 4.780193e-17
6102.147 4.877882e-17
6104.376 4.709964e-17
6106.604 4.590431e-17
6108.835 4.872909e-17
6111.066 4.474757e-17
6113.296 4.534947e-17
6115.527 4.441539e-17
6117.759 4.353365e-17
6119.990 4.492959e-17
6122.222 4.340845e-17
6124.455 4.277735e-17
6126.687 4.435308e-17
6128.920 4.285897e-17
6131.153 4.450712e-17
6133.387 4.228436e-17
6135.621 4.247835e-17
6137.855 4.216370e-17
6140.090 4.382582e-17
6142.325 4.055150e-17
6144.560 4.194100e-17
6146.795 4.275259e-17
6149.031 4.165306e-17
6151.268 3.937734e-17
6153.504 4.136524e-17
6155.741 4.178686e-17
6156.030 4.209396e-17
6158.383 4.142910e-17
6160.736 4.049143e-17
6163.089 4.191978e-17
6165.444 3.994085e-17
6167.800 3.981511e-17
6170.155 4.032479e-17
6172.511 4.172014e-17
6174.869 3.929665e-17
6177.226 4.135709e-17
6179.584 3.901510e-17
6181.943 3.978720e-17
6184.303 3.955847e-17
6186.663 3.933689e-17
6189.024 3.957674e-17
6191.385 3.916575e-17
6193.747 3.906916e-17
6196.109 3.855006e-17
6198.473 3.805329e-17
6200.836 3.833933e-17
6203.201 3.825204e-17
6205.565 3.794505e-17
6207.931 3.725913e-17
6210.297 3.764646e-17
6212.663 3.756828e-17
6215.031 3.691298e-17
6217.399 3.722573e-17
6219.767 3.577281e-17
6222.137 3.591086e-17
6224.506 3.777123e-17
6226.877 3.632007e-17
6229.248 3.576338e-17
6231.619 3.604430e-17
6233.991 3.547087e-17
6236.364 3.579306e-17
6238.737 3.416944e-17
6241.112 3.313035e-17
6243.486 3.376834e-17
6245.861 3.437535e-17
6248.237 3.354117e-17
6250.613 3.365469e-17
6252.991 3.198559e-17
6255.367 3.179046e-17
6257.746 3.189779e-17
6260.125 3.113153e-17
6262.504 3.024211e-17
6264.884 3.137133e-17
6267.264 2.873890e-17
6269.646 3.051890e-17
6272.027 2.989874e-17
6274.410 2.823204e-17
6276.793 2.715991e-17
6279.176 2.862356e-17
6281.560 2.617450e-17
6283.945 2.542708e-17
6286.330 2.653630e-17
6288.716 2.784069e-17
6291.102 2.681435e-17
6293.489 2.592594e-17
6295.877 2.572216e-17
6298.265 2.727195e-17
6300.654 2.587143e-17
6303.043 2.582856e-17
6305.433 2.484190e-17
6307.824 2.585829e-17
6310.215 2.488562e-17
6312.607 2.496495e-17
6314.999 2.462671e-17
6317.392 2.408447e-17
6319.786 2.373781e-17
6322.179 2.272531e-17
6324.574 2.302667e-17
6326.969 2.306805e-17
6329.365 2.529454e-17
6331.761 2.507520e-17
6334.158 2.412335e-17
6336.556 2.613344e-17
6338.954 2.538631e-17
6341.353 2.352730e-17
6343.752 2.684197e-17
6346.151 2.458390e-17
6348.552 2.585670e-17
6350.953 2.591760e-17
6353.354 2.577390e-17
6355.757 2.632406e-17
6358.159 2.724941e-17
6360.563 2.921921e-17
6362.967 2.822887e-17
6365.371 2.816917e-17
6367.776 2.937700e-17
6370.182 2.936840e-17
6372.588 2.918678e-17
6374.994 2.980343e-17
6377.402 2.873543e-17
6379.810 3.105977e-17
6382.218 3.054347e-17
6384.627 2.974513e-17
6387.037 3.038997e-17
6389.447 3.226811e-17
6391.857 3.279976e-17
6394.269 3.243629e-17
6396.681 3.341963e-17
6399.093 3.389126e-17
6401.506 3.371497e-17
6403.920 3.451400e-17
6406.334 3.479642e-17
6408.748 3.416292e-17
6411.164 3.499435e-17
6413.579 3.419193e-17
6415.995 3.522469e-17
6418.413 3.639432e-17
6420.831 3.602244e-17
6423.249 3.613014e-17
6425.667 3.627392e-17
6428.086 3.599908e-17
6430.506 3.601906e-17
6432.926 3.556062e-17
6435.347 3.708936e-17
6437.769 3.668989e-17
6440.190 3.931271e-17
6442.613 3.645448e-17
6445.036 3.656643e-17
6447.460 3.884255e-17
6449.884 3.826281e-17
6452.309 3.892378e-17
6454.734 4.070270e-17
6457.160 4.016950e-17
6459.586 3.963428e-17
6462.013 4.057268e-17
6464.441 4.057390e-17
6466.869 4.111790e-17
6469.298 4.147029e-17
6471.727 4.069262e-17
6474.157 4.233633e-17
6476.587 4.133551e-17
6479.017 4.182380e-17
6481.449 4.242596e-17
6483.881 4.435251e-17
6486.314 4.320228e-17
6488.747 4.445003e-17
6491.180 4.496005e-17
6493.615 4.538206e-17
6496.050 4.703655e-17
6498.484 4.720934e-17
6500.920 4.706876e-17
6503.357 4.602612e-17
6505.794 4.797191e-17
6508.231 4.864412e-17
6510.669 4.797504e-17
6513.108 5.089792e-17
6515.547 4.823230e-17
6517.986 4.920028e-17
6520.426 5.133160e-17
6522.867 4.953219e-17
6525.308 5.214623e-17
6527.751 5.295264e-17
6530.193 5.356303e-17
6532.635 5.399107e-17
6535.079 5.295425e-17
6537.523 5.325013e-17
6539.968 5.512292e-17
6542.413 5.733600e-17
6544.858 5.621894e-17
6547.304 5.738160e-17
6549.751 5.791299e-17
6552.198 5.933160e-17
6554.646 5.856674e-17
6557.094 6.051381e-17
6559.543 5.931283e-17
6561.992 6.117015e-17
6564.442 6.194167e-17
6566.893 6.138094e-17
6569.344 6.259859e-17
6571.795 6.488479e-17
6574.247 6.598476e-17
6576.700 6.471968e-17
6579.153 6.586008e-17
6581.607 6.652206e-17
6584.061 6.755537e-17
6586.516 6.736333e-17
6588.971 6.857152e-17
6591.426 7.021675e-17
6593.883 7.033158e-17
6596.340 7.111140e-17
6598.797 7.244567e-17
6601.255 7.209243e-17
6603.713 7.144359e-17
6606.173 7.191169e-17
6608.632 7.550118e-17
6611.092 7.440978e-17
6613.553 7.430730e-17
6616.014 7.584497e-17
6618.476 7.659360e-17
6620.938 7.621971e-17
6623.400 7.870877e-17
6625.864 7.834150e-17
6628.327 7.755798e-17
6630.791 7.847676e-17
6633.256 7.834718e-17
6635.722 7.837022e-17
6638.187 8.211257e-17
6640.654 7.865345e-17
6643.121 7.938439e-17
6645.588 7.922957e-17
6648.056 7.856851e-17
6650.524 7.921369e-17
6652.994 7.838591e-17
6655.462 7.974119e-17
6657.931 7.861016e-17
6660.403 7.862567e-17
6662.874 7.945305e-17
6665.346 7.858539e-17
6667.818 8.024634e-17
6670.290 7.811514e-17
6672.764 7.756104e-17
6675.237 7.895022e-17
6677.712 7.851733e-17
6680.186 7.704352e-17
6682.659 7.772386e-17
6685.137 7.752220e-17
6687.613 7.531499e-17
6690.090 7.586200e-17
6692.567 7.559428e-17
6695.045 7.706540e-17
6697.523 7.245153e-17
6700.002 7.337787e-17
6702.481 7.282890e-17
6704.961 7.115493e-17
6707.442 7.263371e-17
6709.923 7.081124e-17
6712.404 7.078587e-17
6714.886 6.891504e-17
6717.368 6.924420e-17
6719.851 7.026539e-17
6722.336 6.869787e-17
6724.818 6.694108e-17
6727.303 6.843102e-17
6729.787 6.669179e-17
6732.273 6.650054e-17
6734.759 6.595493e-17
6737.246 6.372692e-17
6739.732 6.296370e-17
6742.220 6.251448e-17
6744.708 6.327439e-17
6747.197 6.220011e-17
6749.685 6.234653e-17
6752.175 6.076589e-17
6754.665 5.979054e-17
6757.156 5.820645e-17
6759.646 5.688818e-17
6762.138 5.590161e-17
6764.630 5.749641e-17
6767.123 5.745273e-17
6769.615 5.477683e-17
6772.109 5.468247e-17
6774.603 5.431126e-17
6777.098 5.286554e-17
6779.593 5.155932e-17
6782.088 5.283449e-17
6784.585 4.934570e-17
6787.081 4.985618e-17
6789.578 5.049573e-17
6792.076 4.732700e-17
6794.574 4.797973e-17
6797.072 4.800255e-17
6799.568 4.654136e-17
6802.071 4.667102e-17
6804.571 4.536667e-17
6807.071 4.485289e-17
6809.572 4.426768e-17
6812.074 4.421652e-17
6814.576 4.250887e-17
6817.079 4.238474e-17
6819.582 4.155451e-17
6822.085 4.035197e-17
6824.589 4.087153e-17
6827.094 4.065265e-17
6829.599 3.916262e-17
6832.104 3.816456e-17
6834.610 3.908728e-17
6837.117 3.876088e-17
6839.624 3.845950e-17
6842.131 3.804693e-17
6844.640 3.750601e-17
6847.149 3.858463e-17
6849.657 3.774641e-17
6852.166 3.732696e-17
6854.676 3.640636e-17
6857.187 3.703204e-17
6859.697 3.634393e-17
6862.209 3.520863e-17
6864.721 3.666603e-17
6867.233 3.080301e-17
6869.746 2.665870e-17
6872.259 2.382620e-17
6874.773 2.403157e-17
6877.288 2.805050e-17
6879.803 2.988837e-17
6882.318 3.129512e-17
6884.834 3.239727e-17
6887.350 3.120715e-17
6889.867 3.103898e-17
6892.384 3.099846e-17
6894.902 3.060415e-17
6897.420 2.968112e-17
6899.939 3.087036e-17
6902.458 3.064358e-17
6904.978 3.138067e-17
6907.498 3.329014e-17
6910.018 3.294141e-17
6912.540 3.301966e-17
6915.061 3.271520e-17
6917.583 3.289847e-17
6920.106 3.327039e-17
6922.629 3.466209e-17
6925.152 3.388620e-17
6927.677 3.411748e-17
6930.201 3.505898e-17
6932.726 3.377053e-17
6935.252 3.302693e-17
6937.778 3.366529e-17
6940.304 3.431274e-17
6942.831 3.341446e-17
6945.359 3.291945e-17
6947.886 3.444814e-17
6950.414 3.356191e-17
6952.943 3.362391e-17
6955.473 3.499302e-17
6958.003 3.361770e-17
6960.533 3.394552e-17
6963.064 3.464383e-17
6965.595 3.416489e-17
6968.126 3.413625e-17
6970.659 3.501239e-17
6973.191 3.492432e-17
6975.724 3.405955e-17
6978.258 3.321253e-17
6980.792 3.477839e-17
6983.327 3.455394e-17
6985.862 3.553472e-17
6988.397 3.356664e-17
6990.933 3.267338e-17
6993.470 3.368281e-17
6996.006 3.210686e-17
6998.544 3.207865e-17
7001.082 3.279795e-17
7003.620 3.300388e-17
7006.159 3.277648e-17
7008.698 3.359932e-17
7011.238 3.272789e-17
7013.778 3.353831e-17
7016.319 3.247903e-17
7018.860 3.175560e-17
7021.401 3.260726e-17
7023.943 3.229210e-17
7026.486 3.256171e-17
7029.029 3.143901e-17
7031.573 3.372528e-17
7034.116 3.343018e-17
7036.660 3.405814e-17
7039.206 3.380580e-17
7041.751 3.262563e-17
7044.296 3.207500e-17
7046.843 3.395534e-17
7049.390 3.332078e-17
7051.937 3.311344e-17
7054.485 3.282264e-17
7057.033 3.263498e-17
7059.581 3.406747e-17
7062.131 3.421067e-17
7064.680 3.462351e-17
7067.230 3.293904e-17
7069.781 3.463910e-17
7072.331 3.484699e-17
7074.883 3.454328e-17
7077.434 3.444142e-17
7079.987 3.434630e-17
7082.540 3.519566e-17
7085.093 3.490580e-17
7087.646 3.555273e-17
7090.201 3.550791e-17
7092.755 3.629363e-17
7095.308 3.349351e-17
7097.866 3.615977e-17
7100.421 3.635475e-17
7102.979 3.609090e-17
7105.535 3.560088e-17
7108.093 3.675673e-17
7110.650 3.621056e-17
7113.209 3.794885e-17
7115.767 3.759582e-17
7118.326 3.749672e-17
7120.886 3.828049e-17
7123.446 3.822546e-17
7126.007 3.751267e-17
7128.568 3.780033e-17
7131.129 3.869571e-17
7133.689 3.856904e-17
7136.253 3.942740e-17
7138.816 3.782855e-17
7141.380 3.777189e-17
7143.943 3.896797e-17
7146.508 3.939600e-17
7149.072 3.847833e-17
7151.637 3.934152e-17
7154.203 3.960045e-17
7156.769 3.863820e-17
7159.335 3.867194e-17
7161.902 3.817668e-17
7164.470 3.744060e-17
7167.037 3.659022e-17
7169.605 3.515676e-17
7172.174 3.322513e-17
7174.743 3.263884e-17
7177.313 3.350320e-17
7179.883 3.224306e-17
7182.453 3.389637e-17
7185.024 3.312818e-17
7187.596 2.998422e-17
7190.167 3.143882e-17
7192.740 3.198084e-17
7195.313 3.237537e-17
7197.886 3.185941e-17
7200.460 3.238893e-17
7203.034 3.169722e-17
7205.608 3.147271e-17
7208.183 3.246562e-17
7210.758 3.437796e-17
7213.334 3.699917e-17
7215.911 3.588907e-17
7218.488 3.560737e-17
7221.065 3.675457e-17
7223.642 3.624596e-17
7226.220 3.455946e-17
7228.799 3.463146e-17
7231.378 3.415331e-17
7233.957 3.399294e-17
7236.537 3.005849e-17
7239.117 3.240075e-17
7241.698 3.193738e-17
7244.279 3.185506e-17
7246.861 3.173990e-17
7249.443 3.217857e-17
7252.025 3.398214e-17
7254.609 3.197393e-17
7257.189 3.304807e-17
7259.776 3.394989e-17
7262.360 3.587674e-17
7264.945 3.352510e-17
7267.530 3.428204e-17
7270.116 3.440415e-17
7272.701 3.384169e-17
7275.288 3.362069e-17
7277.875 3.192834e-17
7280.462 3.047806e-17
7283.050 3.537792e-17
7285.638 3.811551e-17
7288.227 3.554770e-17
7290.816 3.611018e-17
7293.406 3.374636e-17
7295.996 3.473587e-17
7298.586 3.681777e-17
7301.177 3.648287e-17
7303.768 3.509219e-17
7306.360 3.621876e-17
7308.952 3.787049e-17
7311.545 3.640829e-17
7314.137 3.686706e-17
7316.731 3.628007e-17
7319.325 3.641258e-17
7321.919 3.825795e-17
7324.514 4.037423e-17
7327.109 3.923431e-17
7329.705 3.945654e-17
7332.301 3.942308e-17
7334.897 3.873333e-17
7337.494 3.975095e-17
7340.092 4.143970e-17
7342.689 4.153748e-17
7345.288 4.060625e-17
7347.886 4.322565e-17
7350.486 4.015949e-17
7353.085 4.258078e-17
7355.685 4.424094e-17
7358.285 4.434892e-17
7360.886 4.308797e-17
7363.487 4.339467e-17
7366.089 4.390799e-17
7368.691 4.172736e-17
7371.293 4.418999e-17
7373.896 4.480385e-17
7376.500 4.422412e-17
7379.104 4.568235e-17
7381.708 4.563887e-17
7384.313 4.552421e-17
7386.918 4.606392e-17
7389.522 4.664563e-17
7392.128 4.565548e-17
7394.735 4.610535e-17
7397.342 4.443926e-17
7399.949 4.667173e-17
7402.557 4.755201e-17
7405.165 4.641221e-17
7407.773 4.621236e-17
7410.382 4.717500e-17
7412.992 4.514230e-17
7415.602 4.662478e-17
7418.212 4.729996e-17
7420.822 4.502284e-17
7423.433 4.550110e-17
7426.045 4.636655e-17
7428.656 4.462195e-17
7431.264 4.212270e-17
7433.881 4.490817e-17
7436.495 4.420642e-17
7439.108 4.316747e-17
7441.722 4.543800e-17
7444.337 4.439463e-17
7446.951 4.468218e-17
7449.567 4.551374e-17
7452.183 4.441224e-17
7454.798 4.549816e-17
7457.415 4.432402e-17
7460.032 4.461004e-17
7462.649 4.412479e-17
7465.267 4.383803e-17
7467.885 4.238824e-17
7470.503 4.254643e-17
7473.123 4.303097e-17
7475.742 4.338675e-17
7478.362 4.340993e-17
7480.982 4.285473e-17
7483.603 4.165769e-17
7486.225 4.280488e-17
7488.846 4.153163e-17
7491.467 4.297063e-17
7494.090 4.210781e-17
7496.713 4.330321e-17
7499.336 4.326059e-17
7501.960 4.314724e-17
7504.584 4.323986e-17
7507.208 4.223771e-17
7509.834 4.111046e-17
7512.458 4.291355e-17
7515.084 4.117711e-17
7517.710 4.061817e-17
7520.336 4.230324e-17
7522.963 4.073045e-17
7525.591 4.075809e-17
7528.218 3.967671e-17
7530.847 4.092003e-17
7533.477 3.991930e-17
7536.104 3.962296e-17
7538.734 4.012907e-17
7541.364 4.078746e-17
7543.994 4.048406e-17
7546.625 4.074015e-17
7549.256 4.093129e-17
7551.887 4.071995e-17
7554.519 3.904326e-17
7557.151 3.984802e-17
7559.784 4.049626e-17
7562.417 3.919170e-17
7565.051 3.890209e-17
7567.684 4.008974e-17
7570.319 4.031914e-17
7572.953 4.099891e-17
7575.589 4.081351e-17
7578.224 3.985779e-17
7580.860 4.178335e-17
7583.496 4.204239e-17
7586.133 4.016443e-17
7588.771 4.072909e-17
7591.408 3.964800e-17
7594.046 3.637684e-17
7596.685 2.673537e-17
7599.323 1.852156e-17
7601.962 1.290581e-17
7604.602 1.063685e-17
7607.242 9.266270e-18
7609.882 1.028359e-17
7612.523 1.290594e-17
7615.165 1.767137e-17
7617.806 2.449935e-17
7620.449 3.050829e-17
7623.091 2.650020e-17
7625.734 2.200828e-17
7628.377 1.979142e-17
7631.021 1.822794e-17
7633.664 1.799215e-17
7636.310 1.849666e-17
7638.954 1.916156e-17
7641.600 2.084241e-17
7644.245 2.102714e-17
7646.891 2.138651e-17
7649.538 2.247431e-17
7652.184 2.303029e-17
7654.832 2.386435e-17
7657.480 2.570037e-17
7660.127 2.492026e-17
7662.776 2.754791e-17
7665.425 2.738555e-17
7668.074 2.808119e-17
7670.724 2.816878e-17
7673.374 2.728160e-17
7676.025 2.914818e-17
7678.676 2.821927e-17
7681.327 2.916986e-17
7683.979 2.959592e-17
7686.631 3.110089e-17
7689.283 2.917887e-17
7691.936 3.131245e-17
7694.589 3.226692e-17
7697.243 3.179804e-17
7699.898 3.372281e-17
7702.552 3.198968e-17
7705.206 3.162703e-17
7707.862 3.367413e-17
7710.517 3.329672e-17
7713.173 3.341361e-17
7715.830 3.343939e-17
7718.487 3.269786e-17
7721.144 3.333804e-17
7723.802 3.337458e-17
7726.460 3.461342e-17
7729.119 3.464379e-17
7731.777 3.524362e-17
7734.436 3.423462e-17
7737.097 3.496687e-17
7739.756 3.563251e-17
7742.416 3.581200e-17
7745.077 3.549784e-17
7747.738 3.785114e-17
7750.400 3.401565e-17
7753.062 3.496197e-17
7755.724 3.553644e-17
7758.387 3.936979e-17
7761.051 3.706479e-17
7763.714 3.789309e-17
7766.378 3.887157e-17
7769.042 3.987102e-17
7771.707 4.111756e-17
7774.372 4.077961e-17
7777.038 4.118483e-17
7779.704 4.190751e-17
7782.370 4.320003e-17
7785.037 4.292601e-17
7787.704 4.368618e-17
7790.371 4.526566e-17
7793.039 4.800639e-17
7795.707 4.790793e-17
7798.375 4.782114e-17
7801.045 4.875817e-17
7803.714 4.951425e-17
7806.384 5.036165e-17
7809.054 5.090014e-17
7811.725 5.178486e-17
7814.396 4.979459e-17
7817.068 5.319653e-17
7819.739 5.440244e-17
7822.411 5.290741e-17
7825.084 5.348848e-17
7827.757 5.537773e-17
7830.430 5.559584e-17
7833.104 5.667059e-17
7835.778 5.765283e-17
7838.452 5.795440e-17
7841.127 5.711687e-17
7843.803 5.953648e-17
7846.478 6.044413e-17
7849.154 6.000732e-17
7851.830 6.090979e-17
7854.507 6.001523e-17
7857.184 6.106557e-17
7859.862 5.943816e-17
7862.540 6.224452e-17
7865.218 6.034003e-17
7867.897 6.246182e-17
7870.576 6.273646e-17
7873.255 6.306019e-17
7875.935 6.267904e-17
7878.616 6.372797e-17
7881.296 6.360067e-17
7883.977 6.437687e-17
7886.658 6.348142e-17
7889.340 6.316786e-17
7892.022 6.321246e-17
7894.705 6.196349e-17
7897.388 6.383207e-17
7900.071 6.495071e-17
7902.755 6.323421e-17
7905.439 6.418741e-17
7908.123 6.458474e-17
7910.807 6.417474e-17
7913.493 6.194791e-17
7916.178 6.140163e-17
7918.864 6.385740e-17
7921.551 6.252909e-17
7924.238 5.984598e-17
7926.925 6.211268e-17
7929.612 6.056715e-17
7932.300 6.162722e-17
7934.988 6.236834e-17
7937.677 6.337895e-17
7940.366 6.264415e-17
7943.055 6.122176e-17
7945.745 6.117850e-17
7948.435 6.047067e-17
7951.126 5.994615e-17
7953.816 5.877933e-17
7956.508 5.953547e-17
7959.199 5.600553e-17
7961.891 5.635390e-17
7964.584 5.529716e-17
7967.276 5.389493e-17
7969.969 5.497081e-17
7972.663 5.534649e-17
7975.357 5.578748e-17
7978.051 5.560521e-17
7980.745 5.484179e-17
7983.440 5.445839e-17
7986.136 5.155256e-17
7988.832 5.165129e-17
7991.527 5.215291e-17
7994.224 5.152471e-17
7996.921 5.016534e-17
7999.618 4.878197e-17
8002.317 4.993059e-17
8005.014 4.945855e-17
8007.712 4.811154e-17
8010.411 4.911457e-17
8013.110 4.813590e-17
8015.809 4.619715e-17
8018.509 4.760945e-17
8021.210 4.717752e-17
8023.910 4.692825e-17
8026.611 4.493639e-17
8029.312 4.485380e-17
8032.014 4.641657e-17
8034.716 4.466931e-17
8037.419 4.561173e-17
8040.121 4.352025e-17
8042.824 4.292586e-17
8045.528 4.349806e-17
8048.232 4.401033e-17
8050.936 4.321058e-17
8053.641 4.331565e-17
8056.346 4.336781e-17
8059.052 4.255193e-17
8061.757 4.286161e-17
8064.463 4.298012e-17
8067.170 4.281317e-17
8069.876 4.192749e-17
8072.584 4.135888e-17
8075.292 4.217533e-17
8077.999 4.172655e-17
8080.707 4.122247e-17
8083.416 4.017461e-17
8086.125 4.201814e-17
8088.835 4.074235e-17
8091.544 4.010106e-17
8094.255 4.265103e-17
8096.965 4.092607e-17
8099.676 4.014728e-17
8102.387 4.096287e-17
8105.099 4.017018e-17
8107.811 3.991542e-17
8110.523 4.051258e-17
8113.236 3.876907e-17
8115.949 3.901936e-17
8118.662 4.061454e-17
8121.376 3.931899e-17
8124.090 3.904847e-17
8126.805 3.840419e-17
8129.520 3.760021e-17
8132.235 3.678564e-17
8134.950 3.559877e-17
8137.667 3.589701e-17
8140.384 3.575896e-17
8143.100 3.568776e-17
8145.817 3.432778e-17
8148.534 3.372218e-17
8151.252 3.328081e-17
8153.970 3.357653e-17
8156.689 3.348677e-17
8159.407 3.505433e-17
8162.127 3.181724e-17
8164.846 2.956708e-17
8167.566 3.163128e-17
8170.287 3.289482e-17
8173.007 3.366087e-17
8175.729 3.593931e-17
8178.449 3.246788e-17
8181.172 3.196646e-17
8183.894 3.539130e-17
8186.616 3.510583e-17
8189.339 3.455228e-17
8192.062 3.491670e-17
8194.786 3.432129e-17
8197.509 3.447663e-17
8200.234 3.450982e-17
8202.958 3.466434e-17
8205.683 3.797408e-17
8208.409 4.063160e-17
8211.134 3.654621e-17
8213.861 3.691667e-17
8216.587 3.685841e-17
8219.314 3.735807e-17
8222.041 3.513511e-17
8224.768 3.440945e-17
8227.496 2.854198e-17
8230.224 2.369054e-17
8232.952 2.614640e-17
8235.682 2.778374e-17
8238.411 2.983146e-17
8241.140 3.053955e-17
8243.870 2.788520e-17
8246.601 2.734555e-17
8249.332 2.858344e-17
8252.062 2.656981e-17
8254.794 2.502382e-17
8257.525 2.263782e-17
8260.257 2.084122e-17
8262.990 2.048107e-17
8265.722 1.949269e-17
8268.456 1.812507e-17
8271.190 1.754035e-17
8273.923 1.572137e-17
8276.657 1.362364e-17
8279.392 1.228216e-17
8282.126 1.147349e-17
8284.862 1.331013e-17
8287.598 1.413181e-17
8290.333 1.158395e-17
8293.070 8.358976e-18
8295.806 1.017303e-17
8298.543 8.577757e-18
8301.281 7.929112e-18
8304.018 1.186928e-17
8306.757 9.139662e-18
8309.495 7.297670e-18
8312.234 8.845005e-18
8314.972 7.544123e-18
8317.712 8.767562e-18
8320.452 7.843241e-18
8323.192 7.316466e-18
8325.933 7.683803e-18
8328.674 8.178665e-18
8331.415 7.532903e-18
8334.156 5.696092e-18
8336.898 5.199469e-18
8339.640 4.993622e-18
8342.383 3.181210e-18
8345.126 3.883882e-18
8347.869 4.700706e-18
8350.613 8.709225e-18
8353.357 6.002998e-18
8356.101 6.722757e-18
8358.846 6.235085e-18
8361.591 6.037563e-18
8364.336 6.364425e-18
8367.082 6.259209e-18
8369.828 5.450916e-18
8372.574 6.678324e-18
8375.321 5.758611e-18
8378.068 5.742166e-18
8380.815 6.677024e-18
8383.563 6.104862e-18
8386.311 4.457787e-18
8389.060 4.272203e-18
8391.808 6.168256e-18
8394.558 5.595348e-18
8397.307 5.395541e-18
8400.057 3.263394e-18
8402.807 4.286320e-18
8405.558 3.304694e-18
8408.308 5.238134e-18
8411.059 5.659037e-18
8413.811 6.523191e-18
8416.563 6.632304e-18
8419.315 5.159436e-18
8422.068 8.206424e-18
8424.820 7.962120e-18
8427.573 6.366719e-18
8430.327 7.211048e-18
8433.081 8.826221e-18
8435.835 1.075945e-17
8438.591 7.235960e-18
8441.345 7.012058e-18
8444.100 7.834615e-18
8446.856 8.138562e-18
8449.612 6.822653e-18
8452.368 7.663141e-18
8455.125 6.494743e-18
8457.882 7.226452e-18
8460.639 7.164517e-18
8463.397 8.061279e-18
8466.154 8.352857e-18
8468.913 6.834903e-18
8471.672 7.468516e-18
8474.431 8.171876e-18
8477.190 8.619041e-18
8479.950 9.276868e-18
8482.710 9.348030e-18
8485.470 9.462934e-18
8488.231 1.068960e-17
8490.992 8.780541e-18
8493.753 8.890387e-18
8496.515 1.038389e-17
8499.277 1.115186e-17
8502.039 9.603054e-18
8504.802 1.096513e-17
8507.565 1.030614e-17
8510.328 1.209116e-17
8513.092 1.206796e-17
8515.856 1.258662e-17
8518.621 1.219045e-17
8521.385 1.232135e-17
8524.150 1.138655e-17
8526.916 1.160816e-17
8529.681 1.317858e-17
8532.447 1.305017e-17
8535.213 1.382172e-17
8537.980 1.301437e-17
8540.747 1.424711e-17
8543.515 1.427820e-17
8546.282 1.404880e-17
8549.050 1.429187e-17
8551.819 1.350598e-17
8554.587 1.586250e-17
8557.356 1.599882e-17
8560.126 1.666039e-17
8562.895 1.742471e-17
8565.666 1.723324e-17
8568.435 1.834669e-17
8571.207 1.868843e-17
8573.978 1.833114e-17
8576.748 1.964109e-17
8579.521 2.060590e-17
8582.292 2.047968e-17
8585.065 2.123424e-17
8587.837 2.177112e-17
8590.610 2.188235e-17
8593.384 2.349316e-17
8596.157 2.397811e-17
8598.932 2.374704e-17
8601.706 2.527780e-17
8604.481 2.609386e-17
8607.255 2.625387e-17
8610.030 2.736010e-17
8612.806 2.718011e-17
8615.582 2.800088e-17
8618.358 2.828851e-17
8621.135 3.024145e-17
8623.912 3.051993e-17
8626.689 3.047091e-17
8629.466 3.216914e-17
8632.244 3.159895e-17
8635.022 3.664736e-17
8637.801 3.299465e-17
8640.580 3.495036e-17
8643.359 3.752513e-17
8646.138 3.800105e-17
8648.918 3.903215e-17
8651.698 3.912359e-17
8654.479 4.011920e-17
8657.260 4.133650e-17
8660.041 4.185037e-17
8662.822 4.381515e-17
8665.604 4.506814e-17
8668.386 4.683772e-17
8671.169 4.549653e-17
8673.951 4.626178e-17
8676.735 4.837331e-17
8679.518 4.801555e-17
8682.301 5.131841e-17
8685.086 5.234271e-17
8687.870 5.306828e-17
8690.654 5.309589e-17
8693.439 5.408351e-17
8696.225 5.473824e-17
8699.010 5.659643e-17
8701.796 5.849108e-17
8704.583 5.911923e-17
8707.370 6.003105e-17
8710.156 6.095788e-17
8712.943 6.264410e-17
8715.734 6.410361e-17
8718.518 6.454094e-17
8721.307 6.402516e-17
8724.099 6.765987e-17
8726.884 6.875686e-17
8729.673 6.952818e-17
8732.465 6.881579e-17
8735.253 6.802452e-17
8738.043 7.212943e-17
8740.833 7.220891e-17
8743.622 7.447576e-17
8746.415 7.544574e-17
8749.209 7.622678e-17
8751.997 7.634157e-17
8754.789 7.724000e-17
8757.582 7.678258e-17
8760.374 7.939756e-17
8763.167 7.975723e-17
8765.960 8.165185e-17
8768.754 8.329770e-17
8771.548 8.284854e-17
8774.342 8.431722e-17
8777.136 8.771488e-17
8779.932 8.848978e-17
8782.726 8.623887e-17
8785.522 9.099853e-17
8788.317 8.934163e-17
8791.116 8.852977e-17
8793.910 9.052243e-17
8796.707 9.234734e-17
8799.507 9.231076e-17
8802.304 9.401093e-17
8805.101 9.444434e-17
8807.899 9.518912e-17
8810.698 9.610956e-17
8813.496 9.465285e-17
8816.295 9.747413e-17
8819.094 9.802859e-17
8821.893 9.877237e-17
8824.691 8.965692e-17
8827.491 9.361389e-17
8830.291 9.755632e-17
8833.092 9.983749e-17
8835.894 9.820898e-17
8838.694 9.359865e-17
8841.496 9.567875e-17
8844.298 9.699067e-17
8847.102 9.780061e-17
8849.903 9.807465e-17
8852.707 1.006462e-16
8855.511 9.995844e-17
8858.315 9.985828e-17
8861.122 9.680436e-17
8863.921 9.908807e-17
8866.725 9.771429e-17
8869.530 1.000249e-16
8872.334 9.980566e-17
8875.140 1.007239e-16
8877.945 1.001492e-16
8880.753 1.009482e-16
8883.558 9.850055e-17
8886.364 9.628445e-17
8889.171 1.010157e-16
8891.978 1.012655e-16
8894.794 9.632223e-17
8897.595 1.000661e-16
8900.401 9.602025e-17
8903.210 9.656779e-17
8906.018 9.715177e-17
8908.828 9.912231e-17
8911.636 9.857622e-17
8914.447 9.727230e-17
8917.256 9.326624e-17
8920.066 9.451517e-17
8922.876 9.400893e-17
8925.687 1.000773e-16
8928.500 9.165840e-17
8931.334 9.200935e-17
8934.122 9.134885e-17
8936.935 9.170099e-17
8939.747 9.314945e-17
8942.558 9.120529e-17
8945.371 9.016671e-17
8948.184 8.729188e-17
8951.000 8.424128e-17
8953.823 7.479303e-17
8956.626 7.889162e-17
8959.440 7.966067e-17
8962.255 7.698606e-17
8965.071 7.240565e-17
8967.886 7.717285e-17
8970.711 7.568086e-17
8973.524 7.744091e-17
8976.333 7.594498e-17
8979.157 7.839145e-17
8981.967 7.993455e-17
8984.783 7.813248e-17
8987.601 6.699187e-17
8990.419 5.659016e-17
8993.235 5.979216e-17
8996.054 7.385565e-17
8998.872 7.571363e-17
9001.692 6.924819e-17
9004.511 6.435572e-17
9007.330 6.728681e-17
9010.155 6.662971e-17
9012.977 6.886285e-17
9015.797 6.787489e-17
9018.615 6.699706e-17
9021.438 6.540855e-17
9024.259 6.559260e-17
9027.080 6.414010e-17
9029.896 6.503654e-17
9032.719 6.654798e-17
9035.546 7.162244e-17
9038.363 6.968941e-17
9041.186 6.859340e-17
9044.010 6.812052e-17
9046.833 6.561131e-17
9049.657 6.413147e-17
9052.481 6.464407e-17
9055.305 6.388827e-17
9058.130 6.224641e-17
9060.960 6.092029e-17
9063.778 5.643159e-17
9066.610 5.685308e-17
9069.436 5.472335e-17
9072.257 4.996548e-17
9075.088 5.115766e-17
9077.915 5.148293e-17
9080.738 4.950294e-17
9083.569 4.880977e-17
9086.396 5.037614e-17
9089.221 4.643902e-17
9092.048 4.822803e-17
9094.881 4.887652e-17
9097.705 4.731766e-17
9100.535 4.497970e-17
9103.364 4.526449e-17
9106.194 4.573573e-17
9109.023 4.376873e-17
9111.857 4.745902e-17
9114.684 4.910412e-17
9117.519 4.555399e-17
9120.346 4.033093e-17
9123.177 4.323941e-17
9126.012 4.610672e-17
9128.845 4.365046e-17
9131.671 3.791857e-17
9134.509 3.547165e-17
9137.341 3.529904e-17
9140.173 3.882587e-17
9143.007 4.253326e-17
9145.841 4.332757e-17
9148.671 4.222989e-17
9151.506 3.901727e-17
9154.340 3.345635e-17
9157.174 3.229404e-17
9160.011 3.561324e-17
9162.847 4.049066e-17
9165.692 4.264074e-17
9168.528 4.090917e-17
9171.365 3.822136e-17
9174.201 3.393275e-17
9177.037 3.358592e-17
9179.865 3.538220e-17
9182.701 3.595986e-17
9185.541 3.794596e-17
9188.375 3.849320e-17
9191.210 3.761945e-17
9194.053 3.789058e-17
9196.889 3.643595e-17
9199.728 3.544209e-17
9202.566 3.812951e-17
9205.407 3.880240e-17
9208.249 3.581327e-17
9211.085 3.604535e-17
9213.927 3.594780e-17
9216.766 3.189281e-17
9219.607 3.318609e-17
9222.451 3.313772e-17
9225.289 3.282825e-17
9228.132 3.289803e-17
9230.974 3.304862e-17
9233.816 3.198560e-17
9236.658 3.171336e-17
9239.503 3.084236e-17
9242.346 2.985646e-17
9245.189 3.047453e-17
9248.031 2.931003e-17
9250.874 2.938449e-17
9253.719 3.092497e-17
9256.563 3.001375e-17
9259.406 2.887310e-17
9262.252 2.860335e-17
9265.098 2.913319e-17
9267.944 2.877959e-17
9270.788 2.889858e-17
9273.635 2.770300e-17
9276.481 2.528460e-17
9279.327 2.389014e-17
9282.174 2.225443e-17
9285.021 2.152905e-17
9287.867 2.146511e-17
9290.717 2.261491e-17
9293.563 2.208196e-17
9296.412 1.924716e-17
9299.260 1.777042e-17
9302.107 1.644361e-17
9304.957 1.933470e-17
9307.806 1.517730e-17
9310.655 1.508694e-17
9313.505 1.425768e-17
9316.355 1.241131e-17
9319.206 1.586632e-17
9322.056 1.073122e-17
9324.906 1.089825e-17
9327.758 8.045922e-18
9330.609 1.175220e-17
9333.460 1.078685e-17
9336.313 9.904492e-18
9339.164 9.475443e-18
9342.016 7.866454e-18
9344.870 7.065519e-18
9347.722 9.188575e-18
9350.575 1.209122e-17
9353.430 1.328038e-17
9356.283 9.571394e-18
9359.136 7.799747e-18
9361.989 1.031623e-17
9364.845 1.092201e-17
9367.699 1.090393e-17
9370.554 8.452158e-18
9373.408 7.881574e-18
9376.265 9.065847e-18
9379.120 1.225028e-17
9381.977 1.547894e-17
9384.833 1.135573e-17
9387.689 1.273855e-17
9390.547 1.384287e-17
9393.403 1.730995e-17
9396.260 1.706717e-17
9399.118 1.527454e-17
9401.975 1.455787e-17
9404.834 1.353653e-17
9407.692 1.457765e-17
9410.551 1.392830e-17
9413.409 1.356479e-17
9416.267 1.365658e-17
9419.127 1.377574e-17
9421.987 1.349092e-17
9424.847 1.311421e-17
9427.707 1.271020e-17
9430.568 8.507398e-18
9433.427 1.214535e-17
9436.288 1.475896e-17
9439.150 1.131451e-17
9442.011 8.032433e-18
9444.872 1.031367e-17
9447.736 1.297062e-17
9450.597 1.399373e-17
9453.459 1.336241e-17
9456.321 1.089821e-17
9459.184 8.883025e-18
9462.047 9.679336e-18
9464.911 1.196688e-17
9467.775 1.040170e-17
9470.639 1.088678e-17
9473.501 1.144554e-17
9476.367 1.128143e-17
9479.231 1.001149e-17
9482.096 5.951872e-18
9484.962 9.387321e-18
9487.826 1.147374e-17
9490.692 1.318012e-17
9493.559 1.212205e-17
9496.432 8.668407e-18
9499.290 6.796510e-18
9502.157 6.844633e-18
9505.023 9.236791e-18
9507.891 1.131696e-17
9510.758 1.360725e-17
9513.625 1.274885e-17
9516.494 1.116681e-17
9519.362 9.058358e-18
9522.231 7.658270e-18
9525.098 7.538760e-18
9527.968 9.448876e-18
9530.836 9.826751e-18
9533.705 1.116902e-17
9536.575 1.095425e-17
9539.444 1.094006e-17
9542.315 9.407970e-18
9545.185 9.700986e-18
9548.054 1.000824e-17
9550.925 9.673358e-18
9553.796 8.902506e-18
9556.668 8.042701e-18
9559.539 8.448280e-18
9562.412 1.114260e-17
9565.282 8.818956e-18
9568.154 6.669942e-18
9571.026 9.126643e-18
9573.899 9.609323e-18
9576.773 1.050543e-17
9579.647 1.055599e-17
9582.514 1.179377e-17
9585.393 9.393903e-18
9588.268 9.019174e-18
9591.142 7.892870e-18
9594.022 6.722579e-18
9596.889 8.231648e-18
9599.766 9.348953e-18
9602.638 1.018350e-17
9605.514 9.955696e-18
9608.390 9.645252e-18
9611.265 9.999582e-18
9614.141 1.098973e-17
9617.014 1.175711e-17
9619.893 8.804183e-18
9622.770 9.233029e-18
9625.646 9.058032e-18
9628.524 9.668809e-18
9631.401 1.170028e-17
9634.278 1.070659e-17
9637.157 9.234321e-18
9640.035 8.662669e-18
9642.912 9.682365e-18
9645.791 8.700116e-18
9648.670 8.821093e-18
9651.548 9.519940e-18
9654.427 9.796980e-18
9657.307 1.017201e-17
9660.186 1.006455e-17
9663.066 8.851877e-18
9665.947 8.731799e-18
9668.826 8.463968e-18
9671.707 9.065784e-18
9674.588 1.103984e-17
9677.469 1.095343e-17
9680.349 1.004989e-17
9683.231 8.551749e-18
9686.112 1.081651e-17
9688.995 1.066931e-17
9691.876 1.016549e-17
9694.763 9.022541e-18
9697.641 9.334842e-18
9700.524 9.827050e-18
9703.406 8.960731e-18
9706.290 1.006743e-17
9709.174 9.683487e-18
9712.057 9.822865e-18
9714.941 1.134118e-17
9717.824 9.656061e-18
9720.709 8.252650e-18
9723.593 9.837988e-18
9726.478 8.496406e-18
9729.363 9.096683e-18
9732.248 9.393987e-18
9735.134 8.247001e-18
9738.019 7.953798e-18
9740.904 8.568776e-18
9743.791 8.213734e-18
9746.678 8.098958e-18
9749.568 8.080196e-18
9752.452 8.410760e-18
9755.339 8.482825e-18
9758.242 6.925821e-18
9761.114 8.026624e-18
9764.000 8.416980e-18
9766.888 7.736493e-18
9769.776 8.384600e-18
9772.663 8.362263e-18
9775.551 8.133553e-18
9778.441 7.850440e-18
9781.322 8.298887e-18
9784.218 7.114895e-18
9787.107 7.847797e-18
9789.996 7.118746e-18
9792.886 6.112338e-18
9795.775 5.140033e-18
9798.666 6.654232e-18
9801.556 6.008704e-18
9804.446 6.818141e-18
9807.329 7.651006e-18
9810.228 7.092387e-18
9813.120 7.684485e-18
9816.010 7.854796e-18
9818.902 7.486540e-18
9821.794 6.654401e-18
9824.686 6.616541e-18
9827.578 6.493792e-18
9830.470 6.089893e-18
9833.363 6.326672e-18
9836.258 6.129299e-18
9839.150 6.378898e-18
9842.042 6.370529e-18
9844.934 6.557053e-18
9847.828 6.376886e-18
9850.722 5.483185e-18
9853.616 5.326094e-18
9856.510 5.893014e-18
9859.408 5.652541e-18
9862.301 5.127913e-18
9865.194 4.805288e-18
9868.089 5.992776e-18
9870.983 3.978895e-18
9873.880 5.627712e-18
9876.775 4.493023e-18
9879.671 4.582665e-18
9882.567 4.462629e-18
9885.463 4.802073e-18
9888.359 4.467127e-18
9891.256 4.146029e-18
9894.152 4.267092e-18
9897.050 4.294683e-18
9899.947 5.134398e-18
9902.844 4.707810e-18
9905.742 4.430923e-18
9908.640 3.674038e-18
9911.536 3.596687e-18
9914.435 5.780438e-18
9917.334 4.269954e-18
9920.232 3.550157e-18
9923.132 3.670917e-18
9926.031 4.666572e-18
9928.929 4.081422e-18
9931.828 4.011792e-18
9934.729 3.219013e-18
9937.628 3.601347e-18
9940.526 3.903434e-18
9943.427 3.227355e-18
9946.327 4.906053e-18
9949.228 3.789540e-18
9952.129 4.167268e-18
9955.029 2.852976e-18
9957.930 4.563276e-18
9960.831 3.547143e-18
9963.733 2.458229e-18
9966.635 4.347139e-18
9969.536 3.841953e-18
9972.438 4.608206e-18
9975.340 3.773800e-18
9978.243 3.617455e-18
9981.145 4.053792e-18
9984.048 3.613645e-18
9986.951 3.939681e-18
9989.854 4.448437e-18
9992.757 3.858546e-18
9995.661 3.699326e-18
9998.564 4.034345e-18
10001.467 4.177640e-18
10004.373 4.511310e-18
10007.276 4.309613e-18
10010.179 3.367941e-18
10013.084 3.998669e-18
10015.989 3.241017e-18
10018.894 2.941075e-18
10021.799 6.451020e-18
10024.704 2.805465e-18
10027.609 3.476996e-18
10030.515 4.334359e-18
10033.421 3.487038e-18
10036.328 4.043267e-18
10039.233 3.880662e-18
10042.139 4.508707e-18
10045.046 4.046810e-18
10047.953 4.078625e-18
10050.859 3.677173e-18
10053.766 4.191663e-18
10056.674 4.261261e-18
10059.580 4.611040e-18
10062.488 3.702904e-18
10065.395 3.259586e-18
10068.304 3.414441e-18
10071.211 3.657455e-18
10074.120 4.072642e-18
10077.028 3.902842e-18
10079.936 3.151493e-18
10082.845 3.401841e-18
10085.754 3.218018e-18
10088.663 2.944847e-18
10091.573 3.698949e-18
10094.482 4.425372e-18
10097.393 4.206754e-18
10100.302 4.283338e-18
10103.211 4.056984e-18
10106.121 4.404818e-18
10109.031 3.990366e-18
10111.945 3.493876e-18
10114.853 4.677402e-18
10117.740 3.767410e-18
10120.651 3.913463e-18
10123.540 3.515264e-18
10126.451 5.962739e-18
10129.362 5.804657e-18
10132.319 4.158755e-18
10135.230 4.427507e-18
10138.143 3.936450e-18
10141.054 3.610266e-18
10143.966 4.555289e-18
10146.878 4.662107e-18
10149.790 3.227399e-18
10152.713 3.923145e-18
10155.616 4.593316e-18
10158.529 4.434652e-18
10161.443 4.172655e-18
10164.355 3.579814e-18
10167.268 3.701501e-18
10170.182 3.962126e-18
10173.096 4.436070e-18
10176.010 3.924891e-18
10178.924 4.977617e-18
10181.838 3.387810e-18
10184.754 4.840137e-18
10187.667 3.845855e-18
10190.582 4.323614e-18
10193.496 4.896336e-18
10196.411 3.439952e-18
10199.327 3.805462e-18
10202.242 3.448220e-18
10205.157 4.091447e-18
10208.072 3.187258e-18
10210.988 3.185725e-18
10213.904 4.322355e-18
10216.820 3.713573e-18
10219.736 3.310287e-18
10222.653 3.896662e-18
10225.568 3.185024e-18
10228.486 3.200671e-18
10231.402 3.707358e-18
10234.319 3.719213e-18
10237.236 3.543607e-18
10240.153 2.957352e-18
10243.071 3.466367e-18
10245.988 4.051530e-18
10248.907 2.817653e-18
10251.823 3.424322e-18
10254.742 4.263042e-18
10257.659 3.253427e-18
10260.580 2.913994e-18
10263.499 3.458958e-18
10266.414 3.738654e-18
10269.333 3.276961e-18
10272.253 3.699062e-18
10275.170 2.504202e-18
10278.089 3.760349e-18
10281.008 3.262711e-18
10283.927 2.037717e-18
10286.846 1.972230e-18
10289.767 1.800996e-18
10292.687 2.813997e-18
10295.598 1.662451e-17
10298.526 -1.555279e-18
