3296.000000 -1.330551e+01
3298.287566 -2.181203e+01
3300.575133 6.775275e+02
3302.862699 -9.238790e+02
3305.150266 -2.749925e+04
3307.437832 -6.418639e+04
3309.725399 3.312710e+04
3312.012965 1.903250e+05
3314.300532 2.152778e+05
3316.588098 1.123504e+05
3318.875665 8.550695e+04
3321.163231 1.340918e+05
3323.450798 1.223430e+05
3325.738364 1.605984e+05
3328.025931 1.019360e+05
3330.313497 1.041286e+05
3332.601064 1.518661e+05
3334.888630 1.414034e+05
3337.176197 1.580277e+05
3339.463763 1.084770e+05
3341.751330 1.663208e+05
3344.038896 1.417151e+05
3346.326463 1.326751e+05
3348.614029 1.461495e+05
3350.901596 1.658517e+05
3353.189162 1.561817e+05
3355.476729 1.462327e+05
3357.764295 1.288956e+05
3360.051862 1.290777e+05
3362.339428 1.694023e+05
3364.626995 1.466158e+05
3366.914561 1.526934e+05
3369.202128 1.729996e+05
3371.489694 1.537542e+05
3373.777261 2.392638e+05
3376.064827 1.075914e+05
3378.352394 1.946669e+05
3380.639960 2.517128e+05
3382.927527 1.635651e+05
3385.215093 1.831157e+05
3387.502660 1.307277e+05
3389.790226 1.060082e+05
3392.077793 1.739368e+05
3394.365359 2.110737e+05
3396.652926 1.855601e+05
3398.940492 1.004938e+05
3401.228059 1.712765e+05
3403.515625 1.818301e+05
3405.803191 1.275889e+05
3408.090758 5.734116e+04
3410.378324 1.677180e+05
3412.665891 1.537979e+05
3414.953457 1.741695e+05
3417.241024 2.119367e+05
3419.528590 1.289996e+05
3421.816157 1.389521e+05
3424.103723 1.909573e+05
3426.391290 1.140046e+05
3428.678856 1.250006e+05
3430.966423 1.824552e+05
3433.253989 1.352556e+05
3435.541556 1.967767e+05
3437.829122 9.632847e+04
3440.116689 1.272149e+05
3442.404255 1.070745e+05
3444.691822 1.731528e+05
3446.979388 1.083164e+05
3449.266955 1.546290e+05
3451.554521 1.771526e+05
3453.842088 9.292646e+04
3456.129654 1.034694e+05
3458.417221 9.875617e+04
3460.704787 1.529922e+05
3462.992354 1.183391e+05
3465.279920 1.835745e+05
3467.567487 1.328878e+05
3469.855053 1.666966e+05
3472.142620 1.911892e+05
3474.430186 1.013288e+05
3476.717753 1.043998e+05
3479.005319 1.434476e+05
3481.292886 9.767575e+04
3483.580452 8.594732e+04
3485.868019 1.171379e+05
3488.155585 1.557372e+05
3490.443152 1.472202e+05
3492.730718 9.484074e+04
3495.018285 1.060368e+05
3497.305851 1.115811e+05
3499.593418 1.802101e+05
3501.880984 1.503443e+05
3504.168551 8.639160e+04
3506.456117 9.899478e+04
3508.743684 3.263744e+04
3511.031250 6.560874e+04
3513.318816 3.373921e+04
3515.606383 8.566483e+04
3517.893949 1.449756e+05
3520.181516 8.568025e+04
3522.469082 5.946225e+04
3524.756649 1.053564e+05
3527.044215 6.851414e+04
3529.331782 4.871136e+04
3531.619348 1.193342e+05
3533.906915 1.056130e+05
3536.194481 4.524050e+04
3538.482048 7.968284e+04
3540.769614 7.222463e+04
3543.057181 8.748715e+04
3545.344747 1.050188e+05
3547.632314 5.616997e+04
3549.919880 5.935974e+04
3552.207447 5.510460e+04
3554.495013 4.754778e+04
3556.782580 1.355734e+05
3559.070146 5.413376e+04
3561.357713 5.962517e+04
3563.645279 9.008366e+04
3565.932846 8.972046e+04
3568.220412 7.426046e+04
3570.507979 3.621216e+04
3572.795545 7.186339e+04
3575.083112 9.224962e+04
3577.370678 8.349551e+04
3579.658245 7.477312e+04
3581.945811 9.727603e+04
3584.233378 7.290770e+04
3586.520944 5.115822e+04
3588.808511 6.717201e+04
3591.096077 1.273404e+05
3593.383644 1.058495e+05
3595.671210 9.534797e+04
3597.958777 8.632302e+04
3600.246343 8.606391e+04
3602.533910 5.679739e+04
3604.821476 5.879250e+04
3607.109043 6.127673e+04
3609.396609 8.668502e+04
3611.684176 1.101066e+05
3613.971742 7.755224e+04
3616.259309 1.202792e+05
3618.546875 1.045954e+05
3620.834441 8.994804e+04
3623.122008 1.286595e+05
3625.409574 1.126300e+05
3627.697141 8.192424e+04
3629.984707 7.677530e+04
3632.272274 4.200973e+04
3634.559840 1.101757e+05
3636.847407 8.296184e+04
3639.134973 1.189100e+05
3641.422540 6.947314e+04
3643.710106 7.897201e+04
3645.997673 6.132332e+04
3648.285239 1.310407e+05
3650.572806 9.012119e+04
3652.860372 1.564785e+05
3655.147939 1.071028e+05
3657.435505 9.646617e+04
3659.723072 1.066183e+05
3662.010638 1.072551e+05
3664.298205 8.477748e+04
3666.585771 1.698957e+05
3668.873338 1.388168e+05
3671.160904 1.109688e+05
3673.448471 1.143247e+05
3675.736037 1.805678e+05
3678.023604 1.864816e+05
3680.311170 9.870173e+04
3682.598737 9.584975e+04
3684.886303 1.699502e+05
3687.173870 1.104983e+05
3689.461436 1.833690e+05
3691.749003 1.794414e+05
3694.036569 1.842760e+05
3696.324136 1.682310e+05
3698.611702 1.596875e+05
3700.899269 1.552589e+05
3703.186835 2.024559e+05
3705.474402 2.158408e+05
3707.761968 1.651780e+05
3710.049535 2.220690e+05
3712.337101 1.963497e+05
3714.624668 2.172044e+05
3716.912234 2.041825e+05
3719.199801 2.040811e+05
3721.487367 2.055335e+05
3723.774934 2.794425e+05
3726.062500 2.183573e+05
3728.350066 2.107296e+05
3730.637633 2.008943e+05
3732.925199 2.698967e+05
3735.212766 2.826358e+05
3737.500332 2.525439e+05
3739.787899 2.325492e+05
3742.075465 2.553379e+05
3744.363032 2.585924e+05
3746.650598 3.344205e+05
3748.938165 3.135309e+05
3751.225731 2.838952e+05
3753.513298 3.051918e+05
3755.800864 3.096242e+05
3758.088431 3.271150e+05
3760.375997 2.537699e+05
3762.663564 2.631009e+05
3764.951130 3.248092e+05
3767.238697 3.360912e+05
3769.526263 3.861012e+05
3771.813830 4.565687e+05
3774.101396 4.291273e+05
3776.388963 4.139355e+05
3778.676529 4.805498e+05
3780.964096 4.397952e+05
3783.251662 4.813317e+05
3785.539229 4.571106e+05
3787.826795 4.446739e+05
3790.114362 4.801825e+05
3792.401928 4.602422e+05
3794.689495 5.189337e+05
3796.977061 5.349361e+05
3799.264628 5.721866e+05
3801.552194 5.255356e+05
3803.839761 4.883924e+05
3806.127327 5.058985e+05
3808.414894 4.725738e+05
3810.702460 5.375949e+05
3812.990027 6.009372e+05
3815.277593 5.795744e+05
3817.565160 6.266702e+05
3819.852726 6.296967e+05
3822.140293 6.631158e+05
3824.427859 6.395027e+05
3826.715426 6.540723e+05
3829.002992 6.028428e+05
3831.290559 5.395169e+05
3833.578125 5.882801e+05
3835.865691 7.067490e+05
3838.153258 5.249694e+05
3840.440824 6.761258e+05
3842.728391 6.435304e+05
3845.015957 6.554056e+05
3847.303524 7.115708e+05
3849.591090 6.222057e+05
3851.878657 6.425475e+05
3854.166223 7.579932e+05
3856.453790 6.407479e+05
3858.741356 6.522498e+05
3861.028923 6.069301e+05
3863.316489 6.220732e+05
3865.604056 6.744730e+05
3867.891622 6.123219e+05
3870.179189 6.605694e+05
3872.466755 6.734483e+05
3874.754322 6.621659e+05
3877.041888 6.267303e+05
3879.329455 6.895109e+05
3881.617021 6.692714e+05
3883.904588 7.567505e+05
3886.192154 6.395608e+05
3888.479721 6.791073e+05
3890.767287 6.605043e+05
3893.054854 7.049618e+05
3895.342420 6.103193e+05
3897.629987 5.642838e+05
3899.917553 7.568792e+05
3902.205120 7.155432e+05
3904.492686 6.018251e+05
3906.780253 6.988523e+05
3909.067819 7.000909e+05
3911.355386 6.607700e+05
3913.642952 6.274257e+05
3915.930519 6.922027e+05
3918.218085 5.543111e+05
3920.505652 6.810936e+05
3922.793218 6.252966e+05
3925.080785 5.650292e+05
3927.368351 7.192531e+05
3929.655918 6.564876e+05
3931.943484 6.278463e+05
3934.231051 5.866760e+05
3936.518617 6.282629e+05
3938.806184 5.858876e+05
3941.093750 5.468314e+05
3943.381316 6.536869e+05
3945.668883 7.023824e+05
3947.956449 5.871956e+05
3950.244016 5.564036e+05
3952.531582 5.643860e+05
3954.819149 5.956665e+05
3957.106715 5.218856e+05
3959.394282 5.938924e+05
3961.681848 5.727439e+05
3963.969415 5.254469e+05
3966.256981 5.408572e+05
3968.544548 5.916871e+05
3970.832114 5.564694e+05
3973.119681 6.070900e+05
3975.407247 5.626445e+05
3977.694814 6.261166e+05
3979.982380 5.999561e+05
3982.269947 6.147934e+05
3984.557513 5.719842e+05
3986.845080 5.292663e+05
3989.132646 5.596253e+05
3991.420213 5.898632e+05
3993.707779 5.641566e+05
3995.995346 6.511920e+05
3998.282912 6.722963e+05
4000.570479 5.989648e+05
4002.858045 5.049347e+05
4005.145612 6.054279e+05
4007.433178 6.014320e+05
4009.720745 5.658084e+05
4012.008311 7.212529e+05
4014.295878 6.366234e+05
4016.583444 6.408746e+05
4018.871011 6.743917e+05
4021.158577 6.935419e+05
4023.446144 6.671518e+05
4025.733710 6.405310e+05
4028.021277 6.326276e+05
4030.308843 5.108914e+05
4032.596410 6.292773e+05
4034.883976 5.583572e+05
4037.171543 5.648429e+05
4039.459109 6.568687e+05
4041.746676 6.386513e+05
4044.034242 7.483348e+05
4046.321809 7.737591e+05
4048.609375 6.000445e+05
4050.896941 5.919021e+05
4053.184508 6.849099e+05
4055.472074 5.924243e+05
4057.759641 6.037529e+05
4060.047207 6.719689e+05
4062.334774 6.607205e+05
4064.622340 6.690924e+05
4066.909907 6.357992e+05
4069.197473 6.232573e+05
4071.485040 6.664156e+05
4073.772606 6.050652e+05
4076.060173 7.033455e+05
4078.347739 6.356616e+05
4080.635306 6.676846e+05
4082.922872 6.602262e+05
4085.210439 6.255320e+05
4087.498005 6.235868e+05
4089.785572 6.378244e+05
4092.073138 6.219975e+05
4094.360705 6.438024e+05
4096.648271 6.040809e+05
4098.935838 5.363425e+05
4101.223404 5.744247e+05
4103.510971 6.300739e+05
4105.798537 6.130198e+05
4108.086104 6.618159e+05
4110.373670 6.499249e+05
4112.661237 7.087779e+05
4114.948803 6.111310e+05
4117.236370 5.704437e+05
4119.523936 6.396544e+05
4121.811503 5.671892e+05
4124.099069 5.962772e+05
4126.386636 5.448081e+05
4128.674202 4.520572e+05
4130.961769 5.637381e+05
4133.249335 5.868543e+05
4135.536902 5.268203e+05
4137.824468 5.985289e+05
4140.112035 5.589577e+05
4142.399601 5.259718e+05
4144.687168 5.504034e+05
4146.974734 5.275362e+05
4149.262301 5.567511e+05
4151.549867 5.325658e+05
4153.837434 4.881992e+05
4156.125000 5.603739e+05
4158.412566 5.384540e+05
4160.700133 4.953389e+05
4162.987699 5.188723e+05
4165.275266 5.265144e+05
4167.562832 5.052192e+05
4169.850399 5.180463e+05
4172.137965 5.194786e+05
4174.425532 4.910248e+05
4176.713098 3.818807e+05
4179.000665 4.515769e+05
4181.288231 4.798564e+05
4183.575798 4.488310e+05
4185.863364 4.651307e+05
4188.150931 4.318860e+05
4190.438497 4.090259e+05
4192.726064 4.107024e+05
4195.013630 3.991452e+05
4197.301197 3.793097e+05
4199.588763 3.514237e+05
4201.876330 4.569952e+05
4204.163896 4.377803e+05
4206.451463 3.574353e+05
4208.739029 3.776208e+05
4211.026596 4.323398e+05
4213.314162 4.260936e+05
4215.601729 3.762084e+05
4217.889295 3.649791e+05
4220.176862 3.989952e+05
4222.464428 3.941487e+05
4224.751995 3.127138e+05
4227.039561 3.178988e+05
4229.327128 3.318578e+05
4231.614694 3.438489e+05
4233.902261 3.191855e+05
4236.189827 3.063507e+05
4238.477394 3.009652e+05
4240.764960 2.779410e+05
4243.052527 3.201888e+05
4245.340093 3.289559e+05
4247.627660 2.511807e+05
4249.915226 2.427580e+05
4252.202793 3.061808e+05
4254.490359 2.861378e+05
4256.777926 2.402668e+05
4259.065492 2.297604e+05
4261.353059 2.733362e+05
4263.640625 1.895323e+05
4265.928191 2.098196e+05
4268.215758 2.137924e+05
4270.503324 2.514540e+05
4272.790891 2.828226e+05
4275.078457 2.372331e+05
4277.366024 2.654962e+05
4279.653590 2.755906e+05
4281.941157 2.400281e+05
4284.228723 2.041537e+05
4286.516290 2.543291e+05
4288.803856 1.819317e+05
4291.091423 2.909205e+05
4293.378989 3.217240e+05
4295.666556 2.740215e+05
4297.954122 2.646122e+05
4300.241689 2.623861e+05
4302.529255 2.213846e+05
4304.816822 2.362367e+05
4307.104388 2.829471e+05
4309.391955 2.678933e+05
4311.679521 2.320995e+05
4313.967088 2.355405e+05
4316.254654 2.236103e+05
4318.542221 2.712488e+05
4320.829787 2.774762e+05
4323.117354 3.282579e+05
4325.404920 2.998573e+05
4327.692487 2.857858e+05
4329.980053 2.999707e+05
4332.267620 3.229098e+05
4334.555186 3.010649e+05
4336.842753 2.854752e+05
4339.130319 3.467249e+05
4341.417886 3.334206e+05
4343.705452 3.499554e+05
4345.993019 2.734593e+05
4348.280585 3.388805e+05
4350.568152 3.054470e+05
4352.855718 3.398774e+05
4355.143285 3.102528e+05
4357.430851 2.527173e+05
4359.718418 2.858467e+05
4362.005984 3.083543e+05
4364.293551 3.387738e+05
4366.581117 3.528876e+05
4368.868684 3.873642e+05
4371.156250 3.834072e+05
4373.443816 3.022531e+05
4375.731383 3.342842e+05
4378.018949 3.361782e+05
4380.306516 3.733031e+05
4382.594082 3.485695e+05
4384.881649 3.820397e+05
4387.169215 3.618684e+05
4389.456782 3.635450e+05
4391.744348 3.399256e+05
4394.031915 3.430664e+05
4396.319481 3.169165e+05
4398.607048 3.275574e+05
4400.894614 4.117385e+05
4403.182181 4.459886e+05
4405.469747 3.605334e+05
4407.757314 4.054225e+05
4410.044880 3.998212e+05
4412.332447 4.026692e+05
4414.620013 4.455839e+05
4416.907580 4.166136e+05
4419.195146 4.202816e+05
4421.482713 4.404113e+05
4423.770279 4.097832e+05
4426.057846 4.647951e+05
4428.345412 4.344077e+05
4430.632979 3.711052e+05
4432.920545 4.315944e+05
4435.208112 4.557122e+05
4437.495678 4.324940e+05
4439.783245 4.000830e+05
4442.070811 4.467841e+05
4444.358378 4.738801e+05
4446.645944 4.759892e+05
4448.933511 4.665923e+05
4451.221077 4.649013e+05
4453.508644 5.117914e+05
4455.796210 4.797049e+05
4458.083777 4.621238e+05
4460.371343 4.339375e+05
4462.658910 4.989436e+05
4464.946476 4.994837e+05
4467.234043 4.843768e+05
4469.521609 4.822608e+05
4471.809176 5.080053e+05
4474.096742 5.228884e+05
4476.384309 4.546415e+05
4478.671875 5.080645e+05
4480.959441 5.278692e+05
4483.247008 4.197819e+05
4485.534574 4.361450e+05
4487.822141 4.773348e+05
4490.109707 5.196045e+05
4492.397274 4.900313e+05
4494.684840 4.605616e+05
4496.972407 4.357698e+05
4499.259973 4.491964e+05
4501.547540 4.844269e+05
4503.835106 4.454004e+05
4506.122673 4.733341e+05
4508.410239 4.365092e+05
4510.697806 4.088878e+05
4512.985372 3.891820e+05
4515.272939 3.331298e+05
4517.560505 3.549475e+05
4519.848072 3.537479e+05
4522.135638 4.290314e+05
4524.423205 4.376945e+05
4526.710771 3.490628e+05
4528.998338 3.910118e+05
4531.285904 4.159058e+05
4533.573471 3.918775e+05
4535.861037 3.543238e+05
4538.148604 4.096230e+05
4540.436170 4.039058e+05
4542.723737 4.034885e+05
4545.011303 3.720652e+05
4547.298870 3.795416e+05
4549.586436 3.627702e+05
4551.874003 3.561581e+05
4554.161569 4.115301e+05
4556.449136 4.334992e+05
4558.736702 3.572246e+05
4561.024269 3.319222e+05
4563.311835 3.514200e+05
4565.599402 3.772371e+05
4567.886968 3.653948e+05
4570.174535 2.843438e+05
4572.462101 2.956489e+05
4574.749668 3.407902e+05
4577.037234 2.648451e+05
4579.324801 2.427358e+05
4581.612367 2.656118e+05
4583.899934 2.847936e+05
4586.187500 2.931302e+05
4588.475066 3.172943e+05
4590.762633 2.931259e+05
4593.050199 2.563701e+05
4595.337766 2.634709e+05
4597.625332 2.876870e+05
4599.912899 2.563043e+05
4602.200465 2.517914e+05
4604.488032 2.728130e+05
4606.775598 2.351872e+05
4609.063165 2.622281e+05
4611.350731 3.101897e+05
4613.638298 2.248026e+05
4615.925864 2.271962e+05
4618.213431 2.685347e+05
4620.500997 2.682876e+05
4622.788564 3.055280e+05
4625.076130 3.029429e+05
4627.363697 2.646028e+05
4629.651263 1.907803e+05
4631.938830 2.228444e+05
4634.226396 2.864020e+05
4636.513963 2.747423e+05
4638.801529 2.736500e+05
4641.089096 2.509476e+05
4643.376662 1.886823e+05
4645.664229 2.700673e+05
4647.951795 2.156725e+05
4650.239362 2.476010e+05
4652.526928 1.982802e+05
4654.814495 2.293888e+05
4657.102061 1.841854e+05
4659.389628 2.157114e+05
4661.677194 2.163821e+05
4663.964761 1.756320e+05
4666.252327 1.513441e+05
4668.539894 1.531292e+05
4670.827460 1.515821e+05
4673.115027 2.169092e+05
4675.402593 2.600352e+05
4677.690160 2.253832e+05
4679.977726 1.853303e+05
4682.265293 1.571582e+05
4684.552859 1.809077e+05
4686.840426 1.816543e+05
4689.127992 2.051232e+05
4691.415559 2.304321e+05
4693.703125 1.821426e+05
4695.990691 2.503608e+05
4698.278258 1.751240e+05
4700.565824 2.236280e+05
4702.853391 2.122042e+05
4705.140957 2.352746e+05
4707.428524 2.846746e+05
4709.716090 1.990544e+05
4712.003657 1.452827e+05
4714.291223 1.721805e+05
4716.578790 1.992281e+05
4718.866356 1.426485e+05
4721.153923 2.241619e+05
4723.441489 2.477330e+05
4725.729056 2.386759e+05
4728.016622 2.320409e+05
4730.304189 2.660655e+05
4732.591755 2.104279e+05
4734.879322 1.889009e+05
4737.166888 2.936807e+05
4739.454455 2.062646e+05
4741.742021 1.802344e+05
4744.029588 1.944124e+05
4746.317154 1.588201e+05
4748.604721 1.559931e+05
4750.892287 2.015657e+05
4753.179854 1.875099e+05
4755.467420 1.932490e+05
4757.754987 2.296734e+05
4760.042553 1.959384e+05
4762.330120 2.325215e+05
4764.617686 1.962482e+05
4766.905253 1.904842e+05
4769.192819 1.496666e+05
4771.480386 1.565491e+05
4773.767952 1.720501e+05
4776.055519 2.361841e+05
4778.343085 2.112868e+05
4780.630652 1.634977e+05
4782.918218 1.171952e+05
4785.205785 1.279121e+05
4787.493351 1.771710e+05
4789.780918 1.770348e+05
4792.068484 1.497973e+05
4794.356051 1.695363e+05
4796.643617 2.491001e+05
4798.931184 2.109524e+05
4801.218750 1.524214e+05
4803.506316 1.473364e+05
4805.793883 1.039082e+05
4808.081449 1.712095e+05
4810.369016 1.719097e+05
4812.656582 1.124316e+05
4814.944149 1.727688e+05
4817.231715 1.859162e+05
4819.519282 1.929645e+05
4821.806848 1.567706e+05
4824.094415 1.360971e+05
4826.381981 1.361028e+05
4828.669548 1.457767e+05
4830.957114 1.629592e+05
4833.244681 2.297984e+05
4835.532247 2.067454e+05
4837.819814 1.388058e+05
4840.107380 2.029671e+05
4842.394947 1.242347e+05
4844.682513 2.585843e+05
4846.970080 1.465968e+05
4849.257646 7.946403e+04
4851.545213 1.691623e+05
4853.832779 1.684800e+05
4856.120346 2.080833e+05
4858.407912 1.786346e+05
4860.695479 1.111984e+05
4862.983045 2.004312e+05
4865.270612 1.202617e+05
4867.558178 6.553500e+04
4869.845745 1.394286e+05
4872.133311 1.163448e+05
4874.420878 1.124213e+05
4876.708444 1.594966e+05
4878.996011 2.292775e+05
4881.283577 1.403414e+05
4883.571144 1.406907e+05
4885.858710 2.201151e+05
4888.146277 1.903407e+05
4890.433843 1.526383e+05
4892.721410 1.535979e+05
4895.008976 2.633095e+05
4897.296543 1.954104e+05
4899.584109 1.639166e+05
4901.871676 1.604307e+05
4904.159242 1.622897e+05
4906.446809 2.010136e+05
4908.734375 1.827296e+05
4911.021941 1.653207e+05
4913.309508 1.373156e+05
4915.597074 2.309605e+05
4917.884641 1.536249e+05
4920.172207 2.121530e+05
4922.459774 1.615453e+05
4924.747340 2.071913e+05
4927.034907 2.546897e+05
4929.322473 2.301814e+05
4931.610040 1.945648e+05
4933.897606 1.943387e+05
4936.185173 2.046419e+05
4938.472739 2.236184e+05
4940.760306 2.148884e+05
4943.047872 1.716263e+05
4945.335439 1.964983e+05
4947.623005 2.267945e+05
4949.910572 2.491949e+05
4952.198138 2.098628e+05
4954.485705 2.400783e+05
4956.773271 2.187267e+05
4959.060838 2.185613e+05
4961.348404 2.447076e+05
4963.635971 2.223739e+05
4965.923537 2.329476e+05
4968.211104 2.262578e+05
4970.498670 1.894157e+05
4972.786237 2.114513e+05
4975.073803 2.361378e+05
4977.361370 2.335773e+05
4979.648936 2.546013e+05
4981.936503 2.483392e+05
4984.224069 2.436501e+05
4986.511636 2.452727e+05
4988.799202 2.296252e+05
4991.086769 2.461889e+05
4993.374335 2.982310e+05
4995.661902 2.641027e+05
4997.949468 2.330900e+05
5000.237035 2.349697e+05
5002.524601 2.490806e+05
5004.812168 2.369552e+05
5007.099734 2.354313e+05
5009.387301 2.491371e+05
5011.674867 2.860819e+05
5013.962434 2.873997e+05
5016.250000 2.506501e+05
5018.537566 2.396525e+05
5020.825133 2.659750e+05
5023.112699 2.752198e+05
5025.400266 2.768751e+05
5027.687832 2.694546e+05
5029.975399 2.698563e+05
5032.262965 2.804008e+05
5034.550532 2.848961e+05
5036.838098 2.832428e+05
5039.125665 2.915726e+05
5041.413231 3.038447e+05
5043.700798 2.972990e+05
5045.988364 2.767002e+05
5048.275931 2.629659e+05
5050.563497 2.656080e+05
5052.851064 2.883663e+05
5055.138630 3.111992e+05
5057.426197 3.054561e+05
5059.713763 2.877907e+05
5062.001330 2.879802e+05
5064.288896 2.988086e+05
5066.576463 3.046943e+05
5068.864029 3.036668e+05
5071.151596 2.967319e+05
5073.439162 2.879027e+05
5075.726729 2.816357e+05
5078.014295 2.792142e+05
5080.301862 2.807000e+05
5082.589428 2.837033e+05
5084.876995 2.862089e+05
5087.164561 2.890892e+05
5089.452128 2.928114e+05
5091.739694 2.966137e+05
5094.027261 2.993241e+05
5096.314827 2.988436e+05
5098.602394 2.946480e+05
5100.889960 2.880473e+05
5103.177527 2.827756e+05
5105.465093 2.876389e+05
5107.752660 2.959938e+05
5110.040226 2.817403e+05
5112.327793 2.529366e+05
5114.615359 2.496142e+05
5116.902926 2.686733e+05
5119.190492 2.754806e+05
5121.478059 2.704713e+05
5123.765625 2.735956e+05
5126.053191 2.846298e+05
5128.340758 2.948629e+05
5130.628324 2.997338e+05
5132.915891 2.965052e+05
5135.203457 2.885244e+05
5137.491024 2.810743e+05
5139.778590 2.812769e+05
5142.066157 2.941476e+05
5144.353723 2.993885e+05
5146.641290 2.788918e+05
5148.928856 2.638296e+05
5151.216423 2.807398e+05
5153.503989 2.966960e+05
5155.791556 2.849204e+05
5158.079122 2.664445e+05
5160.366689 2.587099e+05
5162.654255 2.583254e+05
5164.941822 2.605285e+05
5167.229388 2.574929e+05
5169.516955 2.475357e+05
5171.804521 2.424458e+05
5174.092088 2.475269e+05
5176.379654 2.581227e+05
5178.667221 2.672317e+05
5180.954787 2.635668e+05
5183.242354 2.503110e+05
5185.529920 2.473886e+05
5187.817487 2.532594e+05
5190.105053 2.474158e+05
5192.392620 2.344675e+05
5194.680186 2.358028e+05
5196.967753 2.460683e+05
5199.255319 2.461282e+05
5201.542886 2.368252e+05
5203.830452 2.273668e+05
5206.118019 2.239139e+05
5208.405585 2.309200e+05
5210.693152 2.416646e+05
5212.980718 2.465627e+05
5215.268285 2.437612e+05
5217.555851 2.343125e+05
5219.843418 2.235441e+05
5222.130984 2.171820e+05
5224.418551 2.176442e+05
5226.706117 2.248782e+05
5228.993684 2.318118e+05
5231.281250 2.328865e+05
5233.568816 2.311283e+05
5235.856383 2.296206e+05
5238.143949 2.292229e+05
5240.431516 2.305261e+05
5242.719082 2.337577e+05
5245.006649 2.371566e+05
5247.294215 2.355184e+05
5249.581782 2.278369e+05
5251.869348 2.187400e+05
5254.156915 2.135305e+05
5256.444481 2.194909e+05
5258.732048 2.303968e+05
5261.019614 2.255036e+05
5263.307181 2.098269e+05
5265.594747 2.091589e+05
5267.882314 2.212261e+05
5270.169880 2.262952e+05
5272.457447 2.235774e+05
5274.745013 2.211662e+05
5277.032580 2.221914e+05
5279.320146 2.282432e+05
5281.607713 2.313072e+05
5283.895279 2.212668e+05
5286.182846 2.119789e+05
5288.470412 2.206368e+05
5290.757979 2.313257e+05
5293.045545 2.254545e+05
5295.333112 2.180850e+05
5297.620678 2.241548e+05
5299.908245 2.265453e+05
5302.195811 2.125992e+05
5304.483378 2.034031e+05
5306.770944 2.135561e+05
5309.058511 2.279533e+05
5311.346077 2.350513e+05
5313.633644 2.379818e+05
5315.921210 2.379096e+05
5318.208777 2.308600e+05
5320.496343 2.182061e+05
5322.783910 2.097328e+05
5325.071476 2.088685e+05
5327.359043 2.102009e+05
5329.646609 2.101960e+05
5331.934176 2.070015e+05
5334.221742 2.024742e+05
5336.509309 2.024506e+05
5338.796875 2.055620e+05
5341.084441 2.053579e+05
5343.372008 2.004787e+05
5345.659574 1.920782e+05
5347.947141 1.876757e+05
5350.234707 1.976247e+05
5352.522274 2.101266e+05
5354.809840 2.058894e+05
5357.097407 1.954377e+05
5359.384973 1.968180e+05
5361.672540 2.021278e+05
5363.960106 1.990793e+05
5366.247673 1.926261e+05
5368.535239 1.893609e+05
5370.822806 1.860783e+05
5373.110372 1.795893e+05
5375.397939 1.717772e+05
5377.685505 1.652438e+05
5379.973072 1.633545e+05
5382.260638 1.680404e+05
5384.548205 1.782554e+05
5386.835771 1.899338e+05
5389.123338 1.917925e+05
5391.410904 1.813829e+05
5393.698471 1.745294e+05
5395.986037 1.776460e+05
5398.273604 1.807192e+05
5400.561170 1.807263e+05
5402.848737 1.839975e+05
5405.136303 1.891045e+05
5407.423870 1.869095e+05
5409.711436 1.776884e+05
5411.999003 1.694180e+05
5414.286569 1.652559e+05
5416.574136 1.650191e+05
5418.861702 1.677946e+05
5421.149269 1.721956e+05
5423.436835 1.741401e+05
5425.724402 1.687101e+05
5428.011968 1.643504e+05
5430.299535 1.732421e+05
5432.587101 1.861312e+05
5434.874668 1.889953e+05
5437.162234 1.889080e+05
5439.449801 1.955855e+05
5441.737367 1.992992e+05
5444.024934 1.908164e+05
5446.312500 1.810654e+05
5448.600066 1.807414e+05
5450.887633 1.886999e+05
5453.175199 2.010444e+05
5455.462766 2.083722e+05
5457.750332 2.058920e+05
5460.037899 2.041037e+05
5462.325465 2.089593e+05
5464.613032 2.138480e+05
5466.900598 2.150376e+05
5469.188165 2.138616e+05
5471.475731 2.128979e+05
5473.763298 2.177529e+05
5476.050864 2.263946e+05
5478.338431 2.264479e+05
5480.625997 2.193969e+05
5482.913564 2.205638e+05
5485.201130 2.305269e+05
5487.488697 2.387576e+05
5489.776263 2.404012e+05
5492.063830 2.337848e+05
5494.351396 2.251255e+05
5496.638963 2.247893e+05
5498.926529 2.305567e+05
5501.214096 2.349691e+05
5503.501662 2.349634e+05
5505.789229 2.292594e+05
5508.076795 2.243612e+05
5510.364362 2.276286e+05
5512.651928 2.314200e+05
5514.939495 2.268275e+05
5517.227061 2.176821e+05
5519.514628 2.097893e+05
5521.802194 2.087158e+05
5524.089761 2.170994e+05
5526.377327 2.257024e+05
5528.664894 2.273188e+05
5530.952460 2.263250e+05
5533.240027 2.259281e+05
5535.527593 2.235177e+05
5537.815160 2.192634e+05
5540.102726 2.190615e+05
5542.390293 2.249523e+05
5544.677859 2.331523e+05
5546.965426 2.384949e+05
5549.252992 2.329731e+05
5551.540559 2.203839e+05
5553.828125 2.187331e+05
5556.115691 2.287230e+05
5558.403258 2.351414e+05
5560.690824 2.335400e+05
5562.978391 2.271870e+05
5565.265957 2.191551e+05
5567.553524 2.127190e+05
5569.841090 2.114691e+05
5572.128657 2.182439e+05
5574.416223 2.279019e+05
5576.703790 2.326794e+05
5578.991356 2.268825e+05
5581.278923 2.074495e+05
5583.566489 1.900804e+05
5585.854056 1.922331e+05
5588.141622 2.058693e+05
5590.429189 2.184917e+05
5592.716755 2.279018e+05
5595.004322 2.329362e+05
5597.291888 2.283347e+05
5599.579455 2.136868e+05
5601.867021 2.070793e+05
5604.154588 2.186974e+05
5606.442154 2.301765e+05
5608.729721 2.290741e+05
5611.017287 2.211533e+05
5613.304854 2.131109e+05
5615.592420 2.136644e+05
5617.879987 2.231221e+05
5620.167553 2.267339e+05
5622.455120 2.207236e+05
5624.742686 2.163390e+05
5627.030253 2.168354e+05
5629.317819 2.172511e+05
5631.605386 2.165528e+05
5633.892952 2.167538e+05
5636.180519 2.163605e+05
5638.468085 2.117059e+05
5640.755652 2.054645e+05
5643.043218 2.033841e+05
5645.330785 2.066175e+05
5647.618351 2.142499e+05
5649.905918 2.175703e+05
5652.193484 2.063067e+05
5654.481051 1.919530e+05
5656.768617 1.906343e+05
5659.056184 1.971050e+05
5661.343750 2.018649e+05
5663.631316 2.032802e+05
5665.918883 2.012736e+05
5668.206449 1.986344e+05
5670.494016 1.976126e+05
5672.781582 1.935165e+05
5675.069149 1.838847e+05
5677.356715 1.763739e+05
5679.644282 1.761859e+05
5681.931848 1.802640e+05
5684.219415 1.847641e+05
5686.506981 1.845217e+05
5688.794548 1.790992e+05
5691.082114 1.777828e+05
5693.369681 1.826322e+05
5695.657247 1.844831e+05
5697.944814 1.796228e+05
5700.232380 1.703068e+05
5702.519947 1.616216e+05
5704.807513 1.621852e+05
5707.095080 1.699440e+05
5709.382646 1.737005e+05
5711.670213 1.733272e+05
5713.957779 1.759580e+05
5716.245346 1.788952e+05
5718.532912 1.750836e+05
5720.820479 1.664796e+05
5723.108045 1.585210e+05
5725.395612 1.562683e+05
5727.683178 1.637765e+05
5729.970745 1.733099e+05
5732.258311 1.750428e+05
5734.545878 1.735515e+05
5736.833444 1.754752e+05
5739.121011 1.787834e+05
5741.408577 1.806056e+05
5743.696144 1.809176e+05
5745.983710 1.796875e+05
5748.271277 1.748722e+05
5750.558843 1.665538e+05
5752.846410 1.621322e+05
5755.133976 1.654989e+05
5757.421543 1.697598e+05
5759.709109 1.713038e+05
5761.996676 1.752715e+05
5764.284242 1.823852e+05
5766.571809 1.858018e+05
5768.859375 1.829041e+05
5771.146941 1.763965e+05
5773.434508 1.706121e+05
5775.722074 1.721507e+05
5778.009641 1.802577e+05
5780.297207 1.867203e+05
5782.584774 1.909229e+05
5784.872340 1.982767e+05
5787.159907 2.048999e+05
5789.447473 2.018524e+05
5791.735040 1.931074e+05
5794.022606 1.884093e+05
5796.310173 1.905596e+05
5798.597739 1.992862e+05
5800.885306 2.059551e+05
5803.172872 2.005270e+05
5805.460439 1.913195e+05
5807.748005 1.899767e+05
5810.035572 1.934641e+05
5812.323138 1.965688e+05
5814.610705 1.992308e+05
5816.898271 2.019464e+05
5819.185838 2.062949e+05
5821.473404 2.127625e+05
5823.760971 2.168062e+05
5826.048537 2.152914e+05
5828.336104 2.094201e+05
5830.623670 2.026949e+05
5832.911237 2.045318e+05
5835.198803 2.161372e+05
5837.486370 2.206192e+05
5839.773936 2.140120e+05
5842.061503 2.153829e+05
5844.349069 2.269730e+05
5846.636636 2.282236e+05
5848.924202 2.167677e+05
5851.211769 2.093746e+05
5853.499335 2.093056e+05
5855.786902 2.086069e+05
5858.074468 2.067793e+05
5860.362035 2.081279e+05
5862.649601 2.097180e+05
5864.937168 2.049060e+05
5867.224734 1.985336e+05
5869.512301 2.001205e+05
5871.799867 2.065273e+05
5874.087434 2.103388e+05
5876.375000 2.102042e+05
5878.662566 2.066787e+05
5880.950133 2.039303e+05
5883.237699 2.059881e+05
5885.525266 2.058269e+05
5887.812832 1.968965e+05
5890.100399 1.872691e+05
5892.387965 1.847313e+05
5894.675532 1.878386e+05
5896.963098 1.928657e+05
5899.250665 1.900506e+05
5901.538231 1.761562e+05
5903.825798 1.693802e+05
5906.113364 1.776858e+05
5908.400931 1.825583e+05
5910.688497 1.744593e+05
5912.976064 1.612689e+05
5915.263630 1.500514e+05
5917.551197 1.473926e+05
5919.838763 1.525337e+05
5922.126330 1.546032e+05
5924.413896 1.512135e+05
5926.701463 1.485501e+05
5928.989029 1.483866e+05
5931.276596 1.496789e+05
5933.564162 1.488431e+05
5935.851729 1.404010e+05
5938.139295 1.283060e+05
5940.426862 1.213565e+05
5942.714428 1.199371e+05
5945.001995 1.207424e+05
5947.289561 1.209854e+05
5949.577128 1.182279e+05
5951.864694 1.136800e+05
5954.152261 1.097272e+05
5956.439827 1.089571e+05
5958.727394 1.130940e+05
5961.014960 1.178480e+05
5963.302527 1.189053e+05
5965.590093 1.193168e+05
5967.877660 1.213096e+05
5970.165226 1.181237e+05
5972.452793 1.066863e+05
5974.740359 9.833166e+04
5977.027926 9.994680e+04
5979.315492 1.043299e+05
5981.603059 1.061576e+05
5983.890625 1.054925e+05
5986.178191 1.029056e+05
5988.465758 1.001754e+05
5990.753324 9.828896e+04
5993.040891 9.685166e+04
5995.328457 9.508277e+04
5997.616024 9.146257e+04
5999.903590 8.716780e+04
6002.191157 8.614808e+04
6004.478723 8.737948e+04
6006.766290 8.605040e+04
6009.053856 8.289358e+04
6011.341423 8.180826e+04
6013.628989 8.342023e+04
6015.916556 8.679541e+04
6018.204122 8.936247e+04
6020.491689 8.811961e+04
6022.779255 8.418637e+04
6025.066822 8.009551e+04
6027.354388 7.761177e+04
6029.641955 7.793280e+04
6031.929521 7.923116e+04
6034.217088 7.934909e+04
6036.504654 7.887412e+04
6038.792221 7.873143e+04
6041.079787 7.914697e+04
6043.367354 8.029634e+04
6045.654920 8.276135e+04
6047.942487 8.614064e+04
6050.230053 8.707949e+04
6052.517620 8.386552e+04
6054.805186 7.842420e+04
6057.092753 7.412587e+04
6059.380319 7.778448e+04
6061.667886 8.845545e+04
6063.955452 9.157003e+04
6066.243019 8.475532e+04
6068.530585 8.262062e+04
6070.818152 8.783809e+04
6073.105718 9.051905e+04
6075.393285 8.814011e+04
6077.680851 8.367219e+04
6079.968418 8.083595e+04
6082.255984 8.454117e+04
6084.543551 9.062684e+04
6086.831117 8.949580e+04
6089.118684 8.559245e+04
6091.406250 8.949836e+04
6093.693816 9.582691e+04
6095.981383 9.421062e+04
6098.268949 8.969241e+04
6100.556516 9.078382e+04
6102.844082 9.449191e+04
6105.131649 9.593563e+04
6107.419215 9.506527e+04
6109.706782 9.303520e+04
6111.994348 9.425150e+04
6114.281915 1.016282e+05
6116.569481 1.089966e+05
6118.857048 1.112773e+05
6121.144614 1.111941e+05
6123.432181 1.112035e+05
6125.719747 1.114758e+05
6128.007314 1.115571e+05
6130.294880 1.083901e+05
6132.582447 1.033343e+05
6134.870013 1.068724e+05
6137.157580 1.206255e+05
6139.445146 1.327128e+05
6141.732713 1.373594e+05
6144.020279 1.358308e+05
6146.307846 1.329229e+05
6148.595412 1.381782e+05
6150.882979 1.479461e+05
6153.170545 1.473133e+05
6155.458112 1.386123e+05
6157.745678 1.351668e+05
6160.033245 1.391181e+05
6162.320811 1.469039e+05
6164.608378 1.538739e+05
6166.895944 1.548873e+05
6169.183511 1.521663e+05
6171.471077 1.505981e+05
6173.758644 1.504683e+05
6176.046210 1.509128e+05
6178.333777 1.529357e+05
6180.621343 1.572275e+05
6182.908910 1.618465e+05
6185.196476 1.646085e+05
6187.484043 1.624420e+05
6189.771609 1.549771e+05
6192.059176 1.538505e+05
6194.346742 1.660197e+05
6196.634309 1.794521e+05
6198.921875 1.849843e+05
6201.209441 1.844397e+05
6203.497008 1.814495e+05
6205.784574 1.833046e+05
6208.072141 1.916556e+05
6210.359707 1.969429e+05
6212.647274 1.962785e+05
6214.934840 1.971484e+05
6217.222407 2.001504e+05
6219.509973 1.978786e+05
6221.797540 1.912128e+05
6224.085106 1.882554e+05
6226.372673 1.915097e+05
6228.660239 1.995425e+05
6230.947806 2.081088e+05
6233.235372 2.111186e+05
6235.522939 2.096819e+05
6237.810505 2.086120e+05
6240.098072 2.095834e+05
6242.385638 2.129866e+05
6244.673205 2.159948e+05
6246.960771 2.149838e+05
6249.248338 2.137269e+05
6251.535904 2.169867e+05
6253.823471 2.188864e+05
6256.111037 2.135027e+05
6258.398604 2.090808e+05
6260.686170 2.131170e+05
6262.973737 2.186655e+05
6265.261303 2.193205e+05
6267.548870 2.167978e+05
6269.836436 2.139191e+05
6272.124003 2.161229e+05
6274.411569 2.242467e+05
6276.699136 2.264125e+05
6278.986702 2.178012e+05
6281.274269 2.086310e+05
6283.561835 2.055876e+05
6285.849402 2.095177e+05
6288.136968 2.177837e+05
6290.424535 2.223710e+05
6292.712101 2.219122e+05
6294.999668 2.227213e+05
6297.287234 2.259295e+05
6299.574801 2.287325e+05
6301.862367 2.279946e+05
6304.149934 2.198754e+05
6306.437500 2.101240e+05
6308.725066 2.098472e+05
6311.012633 2.165865e+05
6313.300199 2.217042e+05
6315.587766 2.231548e+05
6317.875332 2.213617e+05
6320.162899 2.200777e+05
6322.450465 2.236371e+05
6324.738032 2.277648e+05
6327.025598 2.270584e+05
6329.313165 2.246301e+05
6331.600731 2.243561e+05
6333.888298 2.247482e+05
6336.175864 2.242397e+05
6338.463431 2.245915e+05
6340.750997 2.266904e+05
6343.038564 2.261235e+05
6345.326130 2.219315e+05
6347.613697 2.254669e+05
6349.901263 2.399723e+05
6352.188830 2.485718e+05
6354.476396 2.427306e+05
6356.763963 2.301435e+05
6359.051529 2.184570e+05
6361.339096 2.154812e+05
6363.626662 2.214325e+05
6365.914229 2.260321e+05
6368.201795 2.263988e+05
6370.489362 2.272472e+05
6372.776928 2.301419e+05
6375.064495 2.346167e+05
6377.352061 2.382819e+05
6379.639628 2.375965e+05
6381.927194 2.317363e+05
6384.214761 2.213063e+05
6386.502327 2.135905e+05
6388.789894 2.181752e+05
6391.077460 2.263764e+05
6393.365027 2.240674e+05
6395.652593 2.192117e+05
6397.940160 2.240232e+05
6400.227726 2.295944e+05
6402.515293 2.250697e+05
6404.802859 2.166235e+05
6407.090426 2.120819e+05
6409.377992 2.131985e+05
6411.665559 2.195998e+05
6413.953125 2.260039e+05
6416.240691 2.274420e+05
6418.528258 2.219335e+05
6420.815824 2.105792e+05
6423.103391 2.010219e+05
6425.390957 1.989101e+05
6427.678524 2.050195e+05
6429.966090 2.163431e+05
6432.253657 2.230849e+05
6434.541223 2.230317e+05
6436.828790 2.264172e+05
6439.116356 2.328547e+05
6441.403923 2.290431e+05
6443.691489 2.157329e+05
6445.979056 2.065927e+05
6448.266622 2.045707e+05
6450.554189 2.046474e+05
6452.841755 2.052849e+05
6455.129322 2.066265e+05
6457.416888 2.075721e+05
6459.704455 2.067541e+05
6461.992021 2.048693e+05
6464.279588 2.035143e+05
6466.567154 2.021362e+05
6468.854721 1.996077e+05
6471.142287 1.993246e+05
6473.429854 2.047002e+05
6475.717420 2.084298e+05
6478.004987 2.033089e+05
6480.292553 1.964526e+05
6482.580120 1.955546e+05
6484.867686 2.003230e+05
6487.155253 2.083458e+05
6489.442819 2.130530e+05
6491.730386 2.099795e+05
6494.017952 2.028293e+05
6496.305519 1.951882e+05
6498.593085 1.881136e+05
6500.880652 1.829197e+05
6503.168218 1.809943e+05
6505.455785 1.829653e+05
6507.743351 1.890595e+05
6510.030918 1.964233e+05
6512.318484 1.978675e+05
6514.606051 1.936423e+05
6516.893617 1.922465e+05
6519.181184 1.957608e+05
6521.468750 2.009012e+05
6523.756316 2.043185e+05
6526.043883 2.021898e+05
6528.331449 1.972821e+05
6530.619016 1.963591e+05
6532.906582 1.976779e+05
6535.194149 1.958510e+05
6537.481715 1.911824e+05
6539.769282 1.859273e+05
6542.056848 1.848779e+05
6544.344415 1.925113e+05
6546.631981 2.006533e+05
6548.919548 1.996974e+05
6551.207114 1.947124e+05
6553.494681 1.923875e+05
6555.782247 1.899222e+05
6558.069814 1.849638e+05
6560.357380 1.836178e+05
6562.644947 1.893781e+05
6564.932513 1.937897e+05
6567.220080 1.911706e+05
6569.507646 1.865487e+05
6571.795213 1.837872e+05
6574.082779 1.822512e+05
6576.370346 1.823734e+05
6578.657912 1.876719e+05
6580.945479 1.948829e+05
6583.233045 1.893323e+05
6585.520612 1.721594e+05
6587.808178 1.649639e+05
6590.095745 1.718905e+05
6592.383311 1.793611e+05
6594.670878 1.824958e+05
6596.958444 1.827742e+05
6599.246011 1.819029e+05
6601.533577 1.824969e+05
6603.821144 1.831498e+05
6606.108710 1.803308e+05
6608.396277 1.744615e+05
6610.683843 1.676314e+05
6612.971410 1.628144e+05
6615.258976 1.629335e+05
6617.546543 1.642717e+05
6619.834109 1.618946e+05
6622.121676 1.592890e+05
6624.409242 1.609333e+05
6626.696809 1.654978e+05
6628.984375 1.705993e+05
6631.271941 1.735089e+05
6633.559508 1.725145e+05
6635.847074 1.700918e+05
6638.134641 1.689772e+05
6640.422207 1.713503e+05
6642.709774 1.771658e+05
6644.997340 1.806721e+05
6647.284907 1.783672e+05
6649.572473 1.722923e+05
6651.860040 1.649938e+05
6654.147606 1.593444e+05
6656.435173 1.572615e+05
6658.722739 1.592721e+05
6661.010306 1.632684e+05
6663.297872 1.637009e+05
6665.585439 1.613865e+05
6667.873005 1.637570e+05
6670.160572 1.691124e+05
6672.448138 1.685689e+05
6674.735705 1.643075e+05
6677.023271 1.653219e+05
6679.310838 1.687047e+05
6681.598404 1.659083e+05
6683.885971 1.604646e+05
6686.173537 1.602542e+05
6688.461104 1.619100e+05
6690.748670 1.591292e+05
6693.036237 1.556358e+05
6695.323803 1.567885e+05
6697.611370 1.577459e+05
6699.898936 1.534572e+05
6702.186503 1.528465e+05
6704.474069 1.631424e+05
6706.761636 1.719315e+05
6709.049202 1.692253e+05
6711.336769 1.646112e+05
6713.624335 1.650475e+05
6715.911902 1.628607e+05
6718.199468 1.547074e+05
6720.487035 1.500166e+05
6722.774601 1.527637e+05
6725.062168 1.549228e+05
6727.349734 1.533596e+05
6729.637301 1.539869e+05
6731.924867 1.567687e+05
6734.212434 1.530230e+05
6736.500000 1.446816e+05
6738.787566 1.457934e+05
6741.075133 1.545835e+05
6743.362699 1.553750e+05
6745.650266 1.475402e+05
6747.937832 1.405639e+05
6750.225399 1.395746e+05
6752.512965 1.475608e+05
6754.800532 1.572138e+05
6757.088098 1.564885e+05
6759.375665 1.493590e+05
6761.663231 1.456542e+05
6763.950798 1.446435e+05
6766.238364 1.429356e+05
6768.525931 1.406623e+05
6770.813497 1.386299e+05
6773.101064 1.408639e+05
6775.388630 1.500684e+05
6777.676197 1.558279e+05
6779.963763 1.501342e+05
6782.251330 1.455578e+05
6784.538896 1.520003e+05
6786.826463 1.619650e+05
6789.114029 1.678635e+05
6791.401596 1.648698e+05
6793.689162 1.531049e+05
6795.976729 1.448726e+05
6798.264295 1.457162e+05
6800.551862 1.460276e+05
6802.839428 1.433849e+05
6805.126995 1.474840e+05
6807.414561 1.584181e+05
6809.702128 1.644564e+05
6811.989694 1.625830e+05
6814.277261 1.586723e+05
6816.564827 1.545244e+05
6818.852394 1.485283e+05
6821.139960 1.439294e+05
6823.427527 1.474144e+05
6825.715093 1.520948e+05
6828.002660 1.434978e+05
6830.290226 1.342055e+05
6832.577793 1.473733e+05
6834.865359 1.659137e+05
6837.152926 1.612387e+05
6839.440492 1.446489e+05
6841.728059 1.368228e+05
6844.015625 1.370551e+05
6846.303191 1.402985e+05
6848.590758 1.448339e+05
6850.878324 1.486650e+05
6853.165891 1.472215e+05
6855.453457 1.386280e+05
6857.741024 1.331742e+05
6860.028590 1.378206e+05
6862.316157 1.433421e+05
6864.603723 1.434222e+05
6866.891290 1.442406e+05
6869.178856 1.471672e+05
6871.466423 1.409670e+05
6873.753989 1.246484e+05
6876.041556 1.161279e+05
6878.329122 1.206742e+05
6880.616689 1.246070e+05
6882.904255 1.231319e+05
6885.191822 1.219195e+05
6887.479388 1.221191e+05
6889.766955 1.206949e+05
6892.054521 1.204409e+05
6894.342088 1.289576e+05
6896.629654 1.389531e+05
6898.917221 1.336915e+05
6901.204787 1.216427e+05
6903.492354 1.237182e+05
6905.779920 1.320893e+05
6908.067487 1.282986e+05
6910.355053 1.201410e+05
6912.642620 1.222784e+05
6914.930186 1.288841e+05
6917.217753 1.303023e+05
6919.505319 1.285508e+05
6921.792886 1.275820e+05
6924.080452 1.298653e+05
6926.368019 1.366052e+05
6928.655585 1.435674e+05
6930.943152 1.466949e+05
6933.230718 1.455710e+05
6935.518285 1.412080e+05
6937.805851 1.373705e+05
6940.093418 1.369815e+05
6942.380984 1.402340e+05
6944.668551 1.456924e+05
6946.956117 1.496317e+05
6949.243684 1.486237e+05
6951.531250 1.390707e+05
6953.818816 1.250885e+05
6956.106383 1.220714e+05
6958.393949 1.303910e+05
6960.681516 1.328686e+05
6962.969082 1.282187e+05
6965.256649 1.294409e+05
6967.544215 1.358160e+05
6969.831782 1.372401e+05
6972.119348 1.346630e+05
6974.406915 1.349947e+05
6976.694481 1.380458e+05
6978.982048 1.406509e+05
6981.269614 1.414131e+05
6983.557181 1.394745e+05
6985.844747 1.385841e+05
6988.132314 1.431205e+05
6990.419880 1.457053e+05
6992.707447 1.380876e+05
6994.995013 1.261377e+05
6997.282580 1.178872e+05
6999.570146 1.175170e+05
7001.857713 1.265684e+05
7004.145279 1.397841e+05
7006.432846 1.503442e+05
7008.720412 1.482662e+05
7011.007979 1.312890e+05
7013.295545 1.205277e+05
7015.583112 1.271437e+05
7017.870678 1.344935e+05
7020.158245 1.333713e+05
7022.445811 1.303687e+05
7024.733378 1.302400e+05
7027.020944 1.360023e+05
7029.308511 1.454093e+05
7031.596077 1.485133e+05
7033.883644 1.440003e+05
7036.171210 1.401730e+05
7038.458777 1.373254e+05
7040.746343 1.289078e+05
7043.033910 1.192460e+05
7045.321476 1.195426e+05
7047.609043 1.273137e+05
7049.896609 1.328705e+05
7052.184176 1.342517e+05
7054.471742 1.328693e+05
7056.759309 1.321737e+05
7059.046875 1.360646e+05
7061.334441 1.430105e+05
7063.622008 1.497803e+05
7065.909574 1.506511e+05
7068.197141 1.414339e+05
7070.484707 1.336561e+05
7072.772274 1.381367e+05
7075.059840 1.454490e+05
7077.347407 1.460516e+05
7079.634973 1.416210e+05
7081.922540 1.357083e+05
7084.210106 1.360207e+05
7086.497673 1.450513e+05
7088.785239 1.490015e+05
7091.072806 1.411461e+05
7093.360372 1.327434e+05
7095.647939 1.296030e+05
7097.935505 1.262779e+05
7100.223072 1.224398e+05
7102.510638 1.256146e+05
7104.798205 1.343174e+05
7107.085771 1.360423e+05
7109.373338 1.313159e+05
7111.660904 1.334200e+05
7113.948471 1.421663e+05
7116.236037 1.471622e+05
7118.523604 1.471032e+05
7120.811170 1.461467e+05
7123.098737 1.448808e+05
7125.386303 1.424408e+05
7127.673870 1.406131e+05
7129.961436 1.417980e+05
7132.249003 1.450344e+05
7134.536569 1.482102e+05
7136.824136 1.490074e+05
7139.111702 1.456836e+05
7141.399269 1.406838e+05
7143.686835 1.371736e+05
7145.974402 1.372424e+05
7148.261968 1.414316e+05
7150.549535 1.440747e+05
7152.837101 1.405336e+05
7155.124668 1.325651e+05
7157.412234 1.237988e+05
7159.699801 1.225040e+05
7161.987367 1.310821e+05
7164.274934 1.356258e+05
7166.562500 1.294055e+05
7168.850066 1.222415e+05
7171.137633 1.199950e+05
7173.425199 1.215424e+05
7175.712766 1.249366e+05
7178.000332 1.269878e+05
7180.287899 1.250127e+05
7182.575465 1.163148e+05
7184.863032 1.068966e+05
7187.150598 1.114618e+05
7189.438165 1.237253e+05
7191.725731 1.218075e+05
7194.013298 1.091174e+05
7196.300864 1.036702e+05
7198.588431 1.055383e+05
7200.875997 1.067965e+05
7203.163564 1.064254e+05
7205.451130 1.055493e+05
7207.738697 1.048711e+05
7210.026263 1.052702e+05
7212.313830 1.051439e+05
7214.601396 1.028802e+05
7216.888963 1.063455e+05
7219.176529 1.216622e+05
7221.464096 1.309170e+05
7223.751662 1.200710e+05
7226.039229 1.112935e+05
7228.326795 1.218325e+05
7230.614362 1.349954e+05
7232.901928 1.378493e+05
7235.189495 1.377694e+05
7237.477061 1.377871e+05
7239.764628 1.270144e+05
7242.052194 1.060298e+05
7244.339761 9.877310e+04
7246.627327 1.102531e+05
7248.914894 1.141121e+05
7251.202460 1.036995e+05
7253.490027 9.850984e+04
7255.777593 1.014042e+05
7258.065160 9.840503e+04
7260.352726 9.022075e+04
7262.640293 8.891585e+04
7264.927859 9.534934e+04
7267.215426 1.033541e+05
7269.502992 1.088552e+05
7271.790559 1.086651e+05
7274.078125 1.059874e+05
7276.365691 1.070230e+05
7278.653258 1.090383e+05
7280.940824 1.065688e+05
7283.228391 1.029955e+05
7285.515957 1.033788e+05
7287.803524 1.062546e+05
7290.091090 1.087494e+05
7292.378657 1.074243e+05
7294.666223 1.002483e+05
7296.953790 9.379438e+04
7299.241356 9.370041e+04
7301.528923 9.565437e+04
7303.816489 9.580141e+04
7306.104056 9.555221e+04
7308.391622 9.628906e+04
7310.679189 9.969168e+04
7312.966755 1.044905e+05
7315.254322 1.015031e+05
7317.541888 8.998236e+04
7319.829455 8.515431e+04
7322.117021 9.240862e+04
7324.404588 1.019751e+05
7326.692154 1.094937e+05
7328.979721 1.176821e+05
7331.267287 1.227498e+05
7333.554854 1.145905e+05
7335.842420 9.864934e+04
7338.129987 9.282154e+04
7340.417553 9.541326e+04
7342.705120 9.187749e+04
7344.992686 8.663849e+04
7347.280253 9.319648e+04
7349.567819 1.025522e+05
7351.855386 9.778392e+04
7354.142952 8.645722e+04
7356.430519 8.315376e+04
7358.718085 8.466864e+04
7361.005652 8.403268e+04
7363.293218 8.369945e+04
7365.580785 8.679029e+04
7367.868351 8.990335e+04
7370.155918 8.972893e+04
7372.443484 8.773338e+04
7374.731051 8.590229e+04
7377.018617 8.597055e+04
7379.306184 8.859768e+04
7381.593750 9.088628e+04
7383.881316 9.090526e+04
7386.168883 9.035104e+04
7388.456449 8.975332e+04
7390.744016 8.632913e+04
7393.031582 8.072837e+04
7395.319149 8.006609e+04
7397.606715 8.403512e+04
7399.894282 8.154438e+04
7402.181848 7.174089e+04
7404.469415 6.528990e+04
7406.756981 6.488269e+04
7409.044548 6.639277e+04
7411.332114 6.736127e+04
7413.619681 6.611205e+04
7415.907247 6.392387e+04
7418.194814 6.390709e+04
7420.482380 6.666491e+04
7422.769947 7.174520e+04
7425.057513 7.484981e+04
7427.345080 7.063639e+04
7429.632646 6.796031e+04
7431.920213 7.832249e+04
7434.207779 9.179265e+04
7436.495346 9.503770e+04
7438.782912 9.103560e+04
7441.070479 8.565594e+04
7443.358045 8.267801e+04
7445.645612 8.431466e+04
7447.933178 8.403745e+04
7450.220745 7.773255e+04
7452.508311 7.667448e+04
7454.795878 8.616708e+04
7457.083444 8.969849e+04
7459.371011 7.861973e+04
7461.658577 6.495911e+04
7463.946144 5.832931e+04
7466.233710 6.359792e+04
7468.521277 7.709334e+04
7470.808843 8.030777e+04
7473.096410 6.973431e+04
7475.383976 6.259122e+04
7477.671543 6.294416e+04
7479.959109 6.077434e+04
7482.246676 5.707500e+04
7484.534242 6.169894e+04
7486.821809 7.157010e+04
7489.109375 7.498967e+04
7491.396941 7.397190e+04
7493.684508 7.798672e+04
7495.972074 8.364689e+04
7498.259641 8.248580e+04
7500.547207 7.849141e+04
7502.834774 7.932863e+04
7505.122340 8.362492e+04
7507.409907 8.752968e+04
7509.697473 8.873642e+04
7511.985040 8.575721e+04
7514.272606 7.919234e+04
7516.560173 7.093896e+04
7518.847739 6.840950e+04
7521.135306 7.586395e+04
7523.422872 8.005944e+04
7525.710439 7.182950e+04
7527.998005 6.260387e+04
7530.285572 6.129369e+04
7532.573138 6.633562e+04
7534.860705 7.386588e+04
7537.148271 7.472689e+04
7539.435838 6.718832e+04
7541.723404 6.454072e+04
7544.010971 7.079562e+04
7546.298537 7.539239e+04
7548.586104 7.499627e+04
7550.873670 7.515993e+04
7553.161237 7.582159e+04
7555.448803 7.144334e+04
7557.736370 6.572023e+04
7560.023936 6.925309e+04
7562.311503 8.052155e+04
7564.599069 9.054088e+04
7566.886636 9.464494e+04
7569.174202 9.048235e+04
7571.461769 8.299866e+04
7573.749335 8.011760e+04
7576.036902 8.032996e+04
7578.324468 7.905252e+04
7580.612035 7.424389e+04
7582.899601 6.511322e+04
7585.187168 5.578512e+04
7587.474734 5.092622e+04
7589.762301 5.161282e+04
7592.049867 5.711947e+04
7594.337434 6.225740e+04
7596.625000 6.246010e+04
7598.912566 5.917925e+04
7601.200133 5.375426e+04
7603.487699 4.399307e+04
7605.775266 3.011293e+04
7608.062832 1.780562e+04
7610.350399 1.158113e+04
7612.637965 1.358662e+04
7614.925532 2.202738e+04
7617.213098 2.811892e+04
7619.500665 2.990561e+04
7621.788231 3.607403e+04
7624.075798 4.615848e+04
7626.363364 4.934737e+04
7628.650931 4.418527e+04
7630.938497 3.727224e+04
7633.226064 3.214202e+04
7635.513630 3.057890e+04
7637.801197 2.990987e+04
7640.088763 2.455482e+04
7642.376330 1.738848e+04
7644.663896 1.506868e+04
7646.951463 1.860785e+04
7649.239029 2.653728e+04
7651.526596 3.416744e+04
7653.814162 3.636304e+04
7656.101729 3.400568e+04
7658.389295 2.994559e+04
7660.676862 2.975975e+04
7662.964428 3.760957e+04
7665.251995 4.485514e+04
7667.539561 4.367538e+04
7669.827128 4.045607e+04
7672.114694 4.121669e+04
7674.402261 4.506383e+04
7676.689827 4.954367e+04
7678.977394 4.784096e+04
7681.264960 3.827840e+04
7683.552527 3.307506e+04
7685.840093 3.734699e+04
7688.127660 4.066977e+04
7690.415226 3.887968e+04
7692.702793 3.879317e+04
7694.990359 4.065111e+04
7697.277926 3.584602e+04
7699.565492 2.633795e+04
7701.853059 2.505875e+04
7704.140625 3.266245e+04
7706.428191 3.964977e+04
7708.715758 4.163578e+04
7711.003324 3.782333e+04
7713.290891 2.905002e+04
7715.578457 1.726904e+04
7717.866024 9.718958e+03
7720.153590 1.530133e+04
7722.441157 2.476850e+04
7724.728723 2.310133e+04
7727.016290 1.775152e+04
7729.303856 2.122374e+04
7731.591423 2.501144e+04
7733.878989 1.856982e+04
7736.166556 1.293702e+04
7738.454122 1.917305e+04
7740.741689 2.548241e+04
7743.029255 2.176446e+04
7745.316822 2.111528e+04
7747.604388 3.198749e+04
7749.891955 3.801814e+04
7752.179521 2.962023e+04
7754.467088 2.101781e+04
7756.754654 2.034744e+04
7759.042221 1.900679e+04
7761.329787 1.393540e+04
7763.617354 1.271906e+04
7765.904920 1.720253e+04
7768.192487 2.141237e+04
7770.480053 2.128732e+04
7772.767620 1.457850e+04
7775.055186 4.124487e+03
7777.342753 -1.866030e+03
7779.630319 -1.701812e+03
7781.917886 6.860638e+02
7784.205452 4.933772e+03
7786.493019 1.266141e+04
7788.780585 2.069943e+04
7791.068152 2.402885e+04
7793.355718 2.086056e+04
7795.643285 1.124059e+04
7797.930851 2.355417e+03
7800.218418 2.933235e+03
7802.505984 8.887692e+03
7804.793551 1.301480e+04
7807.081117 1.568837e+04
7809.368684 1.854537e+04
7811.656250 2.139532e+04
7813.943816 2.397196e+04
7816.231383 2.608036e+04
7818.518949 2.743481e+04
7820.806516 2.833099e+04
7823.094082 2.805162e+04
7825.381649 2.056597e+04
7827.669215 5.686098e+03
7829.956782 3.999855e+02
7832.244348 1.031938e+04
7834.531915 1.474215e+04
7836.819481 5.611407e+03
7839.107048 -2.079056e+03
7841.394614 -1.922903e+03
7843.682181 7.286597e+02
7845.969747 3.231002e+03
7848.257314 5.287735e+03
7850.544880 6.343514e+03
7852.832447 6.187311e+03
7855.120013 5.130673e+03
7857.407580 3.504360e+03
7859.695146 4.321793e+03
7861.982713 1.208645e+04
7864.270279 2.167009e+04
7866.557846 2.365524e+04
7868.845412 1.890395e+04
7871.132979 1.241953e+04
7873.420545 7.934560e+03
7875.708112 8.500190e+03
7877.995678 1.039805e+04
7880.283245 8.777001e+03
7882.570811 9.773890e+03
7884.858378 1.902319e+04
7887.145944 2.348820e+04
7889.433511 1.273280e+04
7891.721077 2.494705e+03
7894.008644 5.592667e+03
7896.296210 1.177843e+04
7898.583777 1.283454e+04
7900.871343 1.313974e+04
7903.158910 1.456195e+04
7905.446476 1.072256e+04
7907.734043 2.053737e+03
7910.021609 3.575360e+03
7912.309176 1.705439e+04
7914.596742 2.224502e+04
7916.884309 1.321945e+04
7919.171875 2.395791e+03
7921.459441 -1.936580e+03
7923.747008 4.994834e+03
7926.034574 1.917920e+04
7928.322141 2.863954e+04
7930.609707 2.864601e+04
7932.897274 1.972073e+04
7935.184840 8.496188e+03
7937.472407 5.078438e+03
7939.759973 9.107562e+03
7942.047540 1.512317e+04
7944.335106 1.864765e+04
7946.622673 1.600578e+04
7948.910239 1.056739e+04
7951.197806 7.781068e+03
7953.485372 9.606588e+03
7955.772939 1.645664e+04
7958.060505 2.572457e+04
7960.348072 3.399709e+04
7962.635638 3.851371e+04
7964.923205 3.748655e+04
7967.210771 3.198893e+04
7969.498338 2.385256e+04
7971.785904 1.461745e+04
7974.073471 6.447294e+03
7976.361037 2.826716e+03
7978.648604 5.516852e+03
7980.936170 1.381821e+04
7983.223737 2.325410e+04
7985.511303 2.172089e+04
7987.798870 9.267743e+03
7990.086436 5.590438e+03
7992.374003 1.350003e+04
7994.661569 1.440792e+04
7996.949136 5.667489e+03
7999.236702 -5.564457e+02
8001.524269 1.220242e+03
8003.811835 1.227077e+04
8006.099402 2.481421e+04
8008.386968 2.481608e+04
8010.674535 1.570288e+04
8012.962101 1.017279e+04
8015.249668 9.791958e+03
8017.537234 1.147914e+04
8019.824801 1.342043e+04
8022.112367 1.403733e+04
8024.399934 1.207110e+04
8026.687500 7.088383e+03
8028.975066 4.791567e+03
8031.262633 1.047710e+04
8033.550199 1.810272e+04
8035.837766 2.094055e+04
8038.125332 1.863892e+04
8040.412899 1.289412e+04
8042.700465 1.063678e+04
8044.988032 1.590889e+04
8047.275598 2.069515e+04
8049.563165 2.002353e+04
8051.850731 1.981495e+04
8054.138298 2.286523e+04
8056.425864 2.456417e+04
8058.713431 2.289451e+04
8061.000997 1.984821e+04
8063.288564 1.807945e+04
8065.576130 2.158898e+04
8067.863697 2.931546e+04
8070.151263 3.433771e+04
8072.438830 3.381450e+04
8074.726396 2.869216e+04
8077.013963 2.152986e+04
8079.301529 1.619341e+04
8081.589096 1.408265e+04
8083.876662 1.505867e+04
8086.164229 1.580001e+04
8088.451795 1.141798e+04
8090.739362 7.121521e+03
8093.026928 1.145316e+04
8095.314495 1.951373e+04
8097.602061 2.285400e+04
8099.889628 2.110429e+04
8102.177194 1.631896e+04
8104.464761 1.327359e+04
8106.752327 1.625356e+04
8109.039894 2.187033e+04
8111.327460 2.612216e+04
8113.615027 2.959501e+04
8115.902593 3.278980e+04
8118.190160 3.354444e+04
8120.477726 3.133057e+04
8122.765293 3.133434e+04
8125.052859 3.541865e+04
8127.340426 3.537339e+04
8129.627992 2.964551e+04
8131.915559 3.155085e+04
8134.203125 4.349788e+04
8136.490691 5.015258e+04
8138.778258 4.480789e+04
8141.065824 3.154451e+04
8143.353391 1.709450e+04
8145.640957 1.151563e+04
8147.928524 1.610260e+04
8150.216090 2.421718e+04
8152.503657 3.049628e+04
8154.791223 3.040254e+04
8157.078790 2.623598e+04
8159.366356 2.438329e+04
8161.653923 2.642854e+04
8163.941489 3.173039e+04
8166.229056 3.557148e+04
8168.516622 3.220144e+04
8170.804189 2.788378e+04
8173.091755 3.135331e+04
8175.379322 3.853424e+04
8177.666888 4.306926e+04
8179.954455 4.356223e+04
8182.242021 4.046685e+04
8184.529588 4.088110e+04
8186.817154 4.992089e+04
8189.104721 5.956579e+04
8191.392287 6.248321e+04
8193.679854 5.901056e+04
8195.967420 5.102162e+04
8198.254987 4.236954e+04
8200.542553 3.661184e+04
8202.830120 3.651763e+04
8205.117686 4.023016e+04
8207.405253 3.640625e+04
8209.692819 2.468818e+04
8211.980386 2.271331e+04
8214.267952 3.299674e+04
8216.555519 3.882461e+04
8218.843085 3.702778e+04
8221.130652 3.809832e+04
8223.418218 4.139464e+04
8225.705785 3.738427e+04
8227.993351 3.131664e+04
8230.280918 3.817920e+04
8232.568484 5.042842e+04
8234.856051 4.847925e+04
8237.143617 4.591565e+04
8239.431184 6.864599e+04
8241.718750 9.503891e+04
8244.006316 9.104568e+04
8246.293883 7.109358e+04
8248.581449 6.065826e+04
8250.869016 6.532013e+04
8253.156582 8.400640e+04
8255.444149 9.507817e+04
8257.731715 8.058276e+04
8260.019282 6.686209e+04
8262.306848 7.610724e+04
8264.594415 8.704311e+04
8266.881981 8.257228e+04
8269.169548 7.194934e+04
8271.457114 6.365180e+04
8273.744681 6.157449e+04
8276.032247 6.507254e+04
8278.319814 6.225349e+04
8280.607380 4.980536e+04
8282.894947 4.079830e+04
8285.182513 3.979545e+04
8287.470080 3.882050e+04
8289.757646 3.593394e+04
8292.045213 3.588365e+04
8294.332779 3.847329e+04
8296.620346 3.960572e+04
8298.907912 3.801843e+04
8301.195479 3.380612e+04
8303.483045 3.292879e+04
8305.770612 4.550283e+04
8308.058178 6.067601e+04
8310.345745 5.751051e+04
8312.633311 5.138897e+04
8314.920878 7.002702e+04
8317.208444 9.830830e+04
8319.496011 1.096943e+05
8321.783577 1.089980e+05
8324.071144 1.078516e+05
8326.358710 1.018410e+05
8328.646277 8.692530e+04
8330.933843 7.862075e+04
8333.221410 8.930736e+04
8335.508976 1.057408e+05
8337.796543 1.137255e+05
8340.084109 1.064657e+05
8342.371676 8.453839e+04
8344.659242 6.977688e+04
8346.946809 7.385538e+04
8349.234375 7.847737e+04
8351.521941 7.299916e+04
8353.809508 6.472771e+04
8356.097074 5.793268e+04
8358.384641 5.216176e+04
8360.672207 4.811105e+04
8362.959774 4.762386e+04
8365.247340 4.944535e+04
8367.534907 4.841999e+04
8369.822473 4.803931e+04
8372.110040 5.955814e+04
8374.397606 7.939134e+04
8376.685173 9.379336e+04
8378.972739 9.990811e+04
8381.260306 1.010599e+05
8383.547872 1.015518e+05
8385.835439 1.061950e+05
8388.123005 1.143278e+05
8390.410572 1.229207e+05
8392.698138 1.278223e+05
8394.985705 1.251505e+05
8397.273271 1.207494e+05
8399.560838 1.213755e+05
8401.848404 1.164172e+05
8404.135971 9.664578e+04
8406.423537 8.213387e+04
8408.711104 8.881378e+04
8410.998670 9.310614e+04
8413.286237 7.814595e+04
8415.573803 6.771514e+04
8417.861370 7.673745e+04
8420.148936 8.629893e+04
8422.436503 8.522847e+04
8424.724069 8.364588e+04
8427.011636 8.643902e+04
8429.299202 8.868162e+04
8431.586769 8.742097e+04
8433.874335 8.208896e+04
8436.161902 7.391379e+04
8438.449468 6.596951e+04
8440.737035 6.338936e+04
8443.024601 7.376077e+04
8445.312168 9.239029e+04
8447.599734 1.036535e+05
8449.887301 1.097209e+05
8452.174867 1.256428e+05
8454.462434 1.389061e+05
8456.750000 1.230406e+05
8459.037566 1.005331e+05
8461.325133 1.123533e+05
8463.612699 1.385577e+05
8465.900266 1.413795e+05
8468.187832 1.270664e+05
8470.475399 1.130013e+05
8472.762965 1.135940e+05
8475.050532 1.380649e+05
8477.338098 1.598477e+05
8479.625665 1.531230e+05
8481.913231 1.337584e+05
8484.200798 1.187748e+05
8486.488364 1.022644e+05
8488.775931 8.143554e+04
8491.063497 6.893468e+04
8493.351064 7.165138e+04
8495.638630 8.148079e+04
8497.926197 8.992386e+04
8500.213763 8.888500e+04
8502.501330 7.787298e+04
8504.788896 7.004813e+04
8507.076463 7.180359e+04
8509.364029 8.007878e+04
8511.651596 8.768423e+04
8513.939162 8.084255e+04
8516.226729 6.539366e+04
8518.514295 6.739999e+04
8520.801862 8.201220e+04
8523.089428 8.034088e+04
8525.376995 6.953574e+04
8527.664561 7.783575e+04
8529.952128 1.015595e+05
8532.239694 1.221694e+05
8534.527261 1.343026e+05
8536.814827 1.373942e+05
8539.102394 1.403791e+05
8541.389960 1.541860e+05
8543.677527 1.616002e+05
8545.965093 1.427242e+05
8548.252660 1.148018e+05
8550.540226 9.956803e+04
8552.827793 1.001442e+05
8555.115359 1.134401e+05
8557.402926 1.214219e+05
8559.690492 1.104448e+05
8561.978059 9.388342e+04
8564.265625 8.287964e+04
8566.553191 7.107670e+04
8568.840758 5.686375e+04
8571.128324 5.327725e+04
8573.415891 6.283690e+04
8575.703457 6.568259e+04
8577.991024 5.637380e+04
8580.278590 5.436637e+04
8582.566157 6.552542e+04
8584.853723 7.807527e+04
8587.141290 8.544019e+04
8589.428856 8.517846e+04
8591.716423 8.274130e+04
8594.003989 9.180699e+04
8596.291556 1.080933e+05
8598.579122 1.138659e+05
8600.866689 1.131325e+05
8603.154255 1.222046e+05
8605.441822 1.335748e+05
8607.729388 1.300295e+05
8610.016955 1.175524e+05
8612.304521 1.097361e+05
8614.592088 1.100963e+05
8616.879654 1.183570e+05
8619.167221 1.221109e+05
8621.454787 1.089712e+05
8623.742354 9.355269e+04
8626.029920 9.162534e+04
8628.317487 9.360248e+04
8630.605053 8.911601e+04
8632.892620 7.936550e+04
8635.180186 6.813694e+04
8637.467753 6.721752e+04
8639.755319 8.031336e+04
8642.042886 8.431566e+04
8644.330452 6.843019e+04
8646.618019 5.477366e+04
8648.905585 5.418568e+04
8651.193152 5.324891e+04
8653.480718 4.873508e+04
8655.768285 5.413238e+04
8658.055851 6.740888e+04
8660.343418 6.660924e+04
8662.630984 5.288756e+04
8664.918551 5.152441e+04
8667.206117 6.124072e+04
8669.493684 5.914236e+04
8671.781250 4.819163e+04
8674.068816 4.760082e+04
8676.356383 5.741106e+04
8678.643949 6.775832e+04
8680.931516 7.755178e+04
8683.219082 8.905591e+04
8685.506649 9.644652e+04
8687.794215 9.263059e+04
8690.081782 8.800550e+04
8692.369348 9.569859e+04
8694.656915 1.088032e+05
8696.944481 1.169936e+05
8699.232048 1.160168e+05
8701.519614 1.052877e+05
8703.807181 1.006975e+05
8706.094747 1.132923e+05
8708.382314 1.236276e+05
8710.669880 1.161660e+05
8712.957447 9.829992e+04
8715.245013 7.842300e+04
8717.532580 6.314730e+04
8719.820146 5.601982e+04
8722.107713 5.270491e+04
8724.395279 5.045680e+04
8726.682846 5.020543e+04
8728.970412 5.283844e+04
8731.257979 6.017925e+04
8733.545545 6.921330e+04
8735.833112 7.106123e+04
8738.120678 6.510091e+04
8740.408245 5.836408e+04
8742.695811 5.557695e+04
8744.983378 5.970118e+04
8747.270944 6.938205e+04
8749.558511 8.041144e+04
8751.846077 8.927612e+04
8754.133644 9.255380e+04
8756.421210 9.725543e+04
8758.708777 1.141661e+05
8760.996343 1.260816e+05
8763.283910 1.100679e+05
8765.571476 8.982668e+04
8767.859043 9.613695e+04
8770.146609 1.097403e+05
8772.434176 1.066766e+05
8774.721742 1.027762e+05
8777.009309 1.137426e+05
8779.296875 1.282612e+05
8781.584441 1.336268e+05
8783.872008 1.210739e+05
8786.159574 8.929530e+04
8788.447141 5.773461e+04
8790.734707 4.113756e+04
8793.022274 3.828951e+04
8795.309840 4.427497e+04
8797.597407 4.831179e+04
8799.884973 4.537189e+04
8802.172540 4.125146e+04
8804.460106 4.067521e+04
8806.747673 4.669835e+04
8809.035239 5.888666e+04
8811.322806 7.297001e+04
8813.610372 8.318058e+04
8815.897939 8.271436e+04
8818.185505 7.385338e+04
8820.473072 6.534326e+04
8822.760638 6.398925e+04
8825.048205 7.446601e+04
8827.335771 9.397504e+04
8829.623338 1.161899e+05
8831.910904 1.249979e+05
8834.198471 1.034189e+05
8836.486037 7.467748e+04
8838.773604 7.094668e+04
8841.061170 8.344491e+04
8843.348737 9.413241e+04
8845.636303 9.691122e+04
8847.923870 8.875982e+04
8850.211436 7.204993e+04
8852.499003 5.193899e+04
8854.786569 3.914604e+04
8857.074136 3.981182e+04
8859.361702 4.003033e+04
8861.649269 3.174304e+04
8863.936835 3.043458e+04
8866.224402 4.366667e+04
8868.511968 5.910105e+04
8870.799535 6.685032e+04
8873.087101 6.193715e+04
8875.374668 4.616729e+04
8877.662234 3.196319e+04
8879.949801 2.638793e+04
8882.237367 2.881396e+04
8884.524934 3.740293e+04
8886.812500 4.921997e+04
8889.100066 5.825538e+04
8891.387633 5.653889e+04
8893.675199 4.710047e+04
8895.962766 4.006067e+04
8898.250332 4.237696e+04
8900.537899 5.875451e+04
8902.825465 8.045048e+04
8905.113032 9.267069e+04
8907.400598 9.675546e+04
8909.688165 1.001261e+05
8911.975731 9.284388e+04
8914.263298 6.427602e+04
8916.550864 4.455557e+04
8918.838431 6.434995e+04
8921.125997 9.412903e+04
8923.413564 1.013465e+05
8925.701130 1.024062e+05
8927.988697 1.124575e+05
8930.276263 1.123090e+05
8932.563830 9.015590e+04
8934.851396 6.508147e+04
8937.138963 5.285909e+04
8939.426529 5.601503e+04
8941.714096 7.080809e+04
8944.001662 8.151673e+04
8946.289229 7.875696e+04
8948.576795 6.547612e+04
8950.864362 4.892027e+04
8953.151928 4.308825e+04
8955.439495 4.850725e+04
8957.727061 4.851928e+04
8960.014628 4.095563e+04
8962.302194 3.696100e+04
8964.589761 4.082651e+04
8966.877327 5.262356e+04
8969.164894 6.430768e+04
8971.452460 6.258447e+04
8973.740027 5.183369e+04
8976.027593 4.536892e+04
8978.315160 4.538105e+04
8980.602726 4.947419e+04
8982.890293 5.434408e+04
8985.177859 5.628896e+04
8987.465426 5.688095e+04
8989.752992 5.890849e+04
8992.040559 6.069046e+04
8994.328125 6.044995e+04
8996.615691 6.072439e+04
8998.903258 6.409943e+04
9001.190824 7.169801e+04
9003.478391 8.261309e+04
9005.765957 8.871652e+04
9008.053524 8.510732e+04
9010.341090 8.031197e+04
9012.628657 7.810346e+04
9014.916223 6.644108e+04
9017.203790 4.264262e+04
9019.491356 2.336283e+04
9021.778923 1.795995e+04
9024.066489 2.415727e+04
9026.354056 3.500254e+04
9028.641622 3.603923e+04
9030.929189 2.791955e+04
9033.216755 2.924451e+04
9035.504322 4.063794e+04
9037.791888 4.724443e+04
9040.079455 4.462456e+04
9042.367021 3.498188e+04
9044.654588 2.586897e+04
9046.942154 2.809478e+04
9049.229721 3.823383e+04
9051.517287 4.618346e+04
9053.804854 4.755979e+04
9056.092420 4.056269e+04
9058.379987 3.468230e+04
9060.667553 4.158266e+04
9062.955120 4.932863e+04
9065.242686 4.342351e+04
9067.530253 3.932246e+04
9069.817819 5.307940e+04
9072.105386 7.111596e+04
9074.392952 7.936515e+04
9076.680519 8.009038e+04
9078.968085 7.838038e+04
9081.255652 8.539805e+04
9083.543218 1.049242e+05
9085.830785 1.162594e+05
9088.118351 1.082584e+05
9090.405918 9.553156e+04
9092.693484 8.827863e+04
9094.981051 8.662972e+04
9097.268617 8.943110e+04
9099.556184 9.326806e+04
9101.843750 9.403066e+04
9104.131316 8.743073e+04
9106.418883 7.407371e+04
9108.706449 5.933928e+04
9110.994016 4.891224e+04
9113.281582 4.851343e+04
9115.569149 5.550173e+04
9117.856715 6.167595e+04
9120.144282 6.166580e+04
9122.431848 5.179719e+04
9124.719415 4.005337e+04
9127.006981 3.950929e+04
9129.294548 4.241288e+04
9131.582114 3.467662e+04
9133.869681 2.841120e+04
9136.157247 4.002976e+04
9138.444814 5.447664e+04
9140.732380 5.354044e+04
9143.019947 4.830520e+04
9145.307513 5.169588e+04
9147.595080 5.617195e+04
9149.882646 5.542120e+04
9152.170213 6.120971e+04
9154.457779 7.946243e+04
9156.745346 8.996487e+04
9159.032912 8.248387e+04
9161.320479 8.009934e+04
9163.608045 9.311799e+04
9165.895612 9.931808e+04
9168.183178 9.064582e+04
9170.470745 8.574629e+04
9172.758311 9.081848e+04
9175.045878 9.424920e+04
9177.333444 9.150445e+04
9179.621011 8.555456e+04
9181.908577 7.887534e+04
9184.196144 7.439288e+04
9186.483710 7.111755e+04
9188.771277 6.417221e+04
9191.058843 5.713007e+04
9193.346410 5.954706e+04
9195.633976 6.146217e+04
9197.921543 4.325205e+04
9200.209109 2.371791e+04
9202.496676 3.538391e+04
9204.784242 5.515787e+04
9207.071809 4.551485e+04
9209.359375 3.029531e+04
9211.646941 4.342698e+04
9213.934508 6.231117e+04
9216.222074 5.914907e+04
9218.509641 4.814109e+04
9220.797207 4.574860e+04
9223.084774 4.596769e+04
9225.372340 4.308902e+04
9227.659907 4.029845e+04
9229.947473 4.119250e+04
9232.235040 5.159501e+04
9234.522606 7.076823e+04
9236.810173 8.001353e+04
9239.097739 7.223101e+04
9241.385306 6.668956e+04
9243.672872 7.121570e+04
9245.960439 7.180637e+04
9248.248005 6.806828e+04
9250.535572 7.948883e+04
9252.823138 1.014213e+05
9255.110705 1.026825e+05
9257.398271 8.212426e+04
9259.685838 6.379804e+04
9261.973404 6.237065e+04
9264.260971 8.705348e+04
9266.548537 1.185431e+05
9268.836104 1.204428e+05
9271.123670 9.970224e+04
9273.411237 8.387243e+04
9275.698803 7.685329e+04
9277.986370 7.434230e+04
9280.273936 6.914349e+04
9282.561503 5.363305e+04
9284.849069 4.643879e+04
9287.136636 6.689607e+04
9289.424202 8.455577e+04
9291.711769 6.828945e+04
9293.999335 4.148650e+04
9296.286902 2.935579e+04
9298.574468 2.198054e+04
9300.862035 1.242609e+04
9303.149601 2.202795e+04
9305.437168 5.725539e+04
9307.724734 7.485342e+04
9310.012301 5.529667e+04
9312.299867 4.423986e+04
9314.587434 5.962392e+04
9316.875000 5.986660e+04
9319.162566 3.304874e+04
9321.450133 1.366249e+04
9323.737699 1.529629e+04
9326.025266 2.662264e+04
9328.312832 3.867843e+04
9330.600399 4.303099e+04
9332.887965 4.117482e+04
9335.175532 4.386480e+04
9337.463098 5.216336e+04
9339.750665 6.070153e+04
9342.038231 6.474957e+04
9344.325798 6.048937e+04
9346.613364 4.732897e+04
9348.900931 2.642998e+04
9351.188497 1.501271e+04
9353.476064 3.315053e+04
9355.763630 5.757145e+04
9358.051197 5.629933e+04
9360.338763 4.640193e+04
9362.626330 5.156154e+04
9364.913896 5.421168e+04
9367.201463 3.709995e+04
9369.489029 2.473312e+04
9371.776596 3.675330e+04
9374.064162 4.736343e+04
9376.351729 3.813434e+04
9378.639295 3.236771e+04
9380.926862 4.446730e+04
9383.214428 5.651804e+04
9385.501995 5.902901e+04
9387.789561 6.560926e+04
9390.077128 7.706811e+04
9392.364694 6.897473e+04
9394.652261 4.054072e+04
9396.939827 2.650056e+04
9399.227394 3.406674e+04
9401.514960 3.759271e+04
9403.802527 3.029663e+04
9406.090093 2.133000e+04
9408.377660 2.144439e+04
9410.665226 4.457045e+04
9412.952793 7.674614e+04
9415.240359 8.593352e+04
9417.527926 7.749547e+04
9419.815492 7.539338e+04
9422.103059 8.046436e+04
9424.390625 8.519967e+04
9426.678191 7.784885e+04
9428.965758 4.740546e+04
9431.253324 1.849800e+04
9433.540891 2.054412e+04
9435.828457 3.996266e+04
9438.116024 5.552057e+04
9440.403590 6.414725e+04
9442.691157 6.517239e+04
9444.978723 5.191055e+04
9447.266290 2.477627e+04
9449.553856 1.145552e+04
9451.841423 2.920960e+04
9454.128989 5.832980e+04
9456.416556 7.730510e+04
9458.704122 6.234129e+04
9460.991689 1.738563e+04
9463.279255 9.099457e+03
9465.566822 5.355956e+04
9467.854388 7.520165e+04
9470.141955 5.112005e+04
9472.429521 3.161080e+04
9474.717088 3.494710e+04
9477.004654 4.769804e+04
9479.292221 5.525740e+04
9481.579787 3.822638e+04
9483.867354 7.212542e+03
9486.154920 -3.876650e+03
9488.442487 3.739412e+03
9490.730053 7.684883e+03
9493.017620 9.683212e+03
9495.305186 2.175577e+04
9497.592753 3.372273e+04
9499.880319 2.896347e+04
9502.167886 1.714659e+04
9504.455452 1.515190e+04
9506.743019 1.249068e+04
9509.030585 -3.713386e+03
9511.318152 3.763645e+03
9513.605718 6.578517e+04
9515.893285 1.175842e+05
9518.180851 1.020800e+05
9520.468418 6.468501e+04
9522.755984 5.002846e+04
9525.043551 5.546964e+04
9527.331117 7.187175e+04
9529.618684 7.858798e+04
9531.906250 6.454027e+04
9534.193816 4.546216e+04
9536.481383 3.556850e+04
9538.768949 4.637828e+04
9541.056516 7.067459e+04
9543.344082 6.899304e+04
9545.631649 3.608545e+04
9547.919215 1.236641e+04
9550.206782 1.037552e+04
9552.494348 1.360311e+04
9554.781915 1.782046e+04
9557.069481 2.784437e+04
9559.357048 3.814549e+04
9561.644614 3.734007e+04
9563.932181 2.918296e+04
9566.219747 2.527832e+04
9568.507314 2.877539e+04
9570.794880 3.893191e+04
9573.082447 4.642316e+04
9575.370013 3.994549e+04
9577.657580 2.753990e+04
9579.945146 2.189694e+04
9582.232713 2.443402e+04
9584.520279 3.303022e+04
9586.807846 3.820352e+04
9589.095412 3.215783e+04
9591.382979 2.420299e+04
9593.670545 2.439955e+04
9595.958112 3.542262e+04
9598.245678 5.625502e+04
9600.533245 7.708689e+04
9602.820811 8.975937e+04
9605.108378 9.615957e+04
9607.395944 9.404385e+04
9609.683511 6.551662e+04
9611.971077 1.833481e+04
9614.258644 1.016064e+04
9616.546210 4.896828e+04
9618.833777 6.525480e+04
9621.121343 4.502492e+04
9623.408910 4.300537e+04
9625.696476 6.447804e+04
9627.984043 6.906046e+04
9630.271609 5.165035e+04
9632.559176 3.197162e+04
9634.846742 2.144616e+04
9637.134309 2.744935e+04
9639.421875 4.044689e+04
9641.709441 4.196850e+04
9643.997008 3.181194e+04
9646.284574 1.783716e+04
9648.572141 8.449969e+03
9650.859707 1.150751e+04
9653.147274 2.242959e+04
9655.434840 3.321552e+04
9657.722407 4.230821e+04
9660.009973 4.941030e+04
9662.297540 5.659998e+04
9664.585106 6.473329e+04
9666.872673 6.233418e+04
9669.160239 4.279026e+04
9671.447806 2.197573e+04
9673.735372 1.456843e+04
9676.022939 2.541485e+04
9678.310505 5.237273e+04
9680.598072 7.927755e+04
9682.885638 9.309603e+04
9685.173205 8.834303e+04
9687.460771 7.130628e+04
9689.748338 6.922278e+04
9692.035904 8.655806e+04
9694.323471 9.393020e+04
9696.611037 8.588709e+04
9698.898604 8.290298e+04
9701.186170 9.286346e+04
9703.473737 1.152454e+05
9705.761303 1.316228e+05
9708.048870 1.091312e+05
9710.336436 6.313273e+04
9712.624003 3.832008e+04
9714.911569 3.122453e+04
9717.199136 1.545082e+04
9719.486702 9.346053e+02
9721.774269 8.679585e+03
9724.061835 2.074138e+04
9726.349402 1.115453e+04
9728.636968 -7.597616e+03
9730.924535 -1.566358e+04
9733.212101 -6.584220e+03
9735.499668 1.965173e+04
9737.787234 3.458396e+04
9740.074801 1.681798e+04
9742.362367 5.729222e+03
9744.649934 2.977028e+04
9746.937500 4.538129e+04
9749.225066 2.590431e+04
9751.512633 1.446420e+04
9753.800199 3.306334e+04
9756.087766 4.338438e+04
9758.375332 2.919875e+04
9760.662899 2.046132e+04
9762.950465 2.872786e+04
9765.238032 3.708657e+04
9767.525598 3.676018e+04
9769.813165 2.657030e+04
9772.100731 1.583374e+04
9774.388298 2.823231e+04
9776.675864 5.170821e+04
9778.963431 4.261746e+04
9781.250997 9.889033e+03
9783.538564 -2.554030e+03
9785.826130 1.021111e+04
9788.113697 3.287974e+04
9790.401263 4.635448e+04
9792.688830 3.011557e+04
9794.976396 7.735512e+03
9797.263963 1.634472e+04
9799.551529 4.269753e+04
9801.839096 6.038602e+04
9804.126662 6.636746e+04
9806.414229 6.292997e+04
9808.701795 5.105752e+04
9810.989362 3.413272e+04
9813.276928 1.880326e+04
9815.564495 1.297209e+04
9817.852061 3.413989e+04
9820.139628 8.633264e+04
9822.427194 1.274685e+05
9824.714761 1.291943e+05
9827.002327 1.108496e+05
9829.289894 9.063631e+04
9831.577460 7.857616e+04
9833.865027 7.578088e+04
9836.152593 6.405879e+04
9838.440160 3.916275e+04
9840.727726 1.857493e+04
9843.015293 1.188266e+04
9845.302859 2.024103e+04
9847.590426 3.732034e+04
9849.877992 4.718959e+04
9852.165559 5.255024e+04
9854.453125 7.379212e+04
9856.740691 9.129191e+04
9859.028258 5.941555e+04
9861.315824 1.034235e+04
9863.603391 1.483403e+04
9865.890957 4.670400e+04
9868.178524 4.214719e+04
9870.466090 1.789591e+04
9872.753657 1.375777e+04
9875.041223 1.817042e+04
9877.328790 1.037193e+04
9879.616356 -2.753412e+03
9881.903923 -9.808092e+03
9884.191489 3.214719e+03
9886.479056 4.267578e+04
9888.766622 7.396399e+04
9891.054189 6.888872e+04
9893.341755 4.470034e+04
9895.629322 2.211514e+04
9897.916888 2.022903e+04
9900.204455 4.214219e+04
9902.492021 4.374266e+04
9904.779588 1.118122e+04
9907.067154 1.979786e+03
9909.354721 3.755807e+04
9911.642287 7.600504e+04
9913.929854 9.304845e+04
9916.217420 8.862092e+04
9918.504987 6.663212e+04
9920.792553 3.720740e+04
9923.080120 1.140574e+04
9925.367686 3.156452e+02
9927.655253 1.538468e+03
9929.942819 1.142439e+03
9932.230386 2.900834e+03
9934.517952 2.131246e+04
9936.805519 4.289885e+04
9939.093085 4.219218e+04
9941.380652 2.820712e+04
9943.668218 2.293442e+04
9945.955785 2.339636e+04
9948.243351 1.990511e+04
9950.530918 2.723544e+04
9952.818484 6.014266e+04
9955.106051 8.592975e+04
9957.393617 7.243012e+04
9959.681184 4.579357e+04
9961.968750 3.518301e+04
9964.256316 4.231864e+04
9966.543883 6.057334e+04
9968.831449 6.101682e+04
9971.119016 2.834651e+04
9973.406582 -7.096741e+03
9975.694149 -1.879696e+04
9977.981715 6.957533e+03
9980.269282 6.088134e+04
9982.556848 8.692963e+04
9984.844415 6.725610e+04
9987.131981 5.055762e+04
9989.419548 5.217078e+04
9991.707114 4.181304e+04
9993.994681 1.959624e+04
9996.282247 1.606270e+04
9998.569814 3.052591e+04
10000.857380 3.748300e+04
10003.144947 3.065862e+04
10005.432513 1.643372e+04
10007.720080 4.123694e+03
10010.007646 3.639776e+03
10012.295213 2.353099e+04
10014.582779 7.145432e+04
10016.870346 1.012311e+05
10019.157912 5.433573e+04
10021.445479 6.074562e+03
10023.733045 5.558436e+04
10026.020612 1.468079e+05
10028.308178 1.963311e+05
10030.595745 1.793367e+05
10032.883311 9.675652e+04
10035.170878 4.141565e+04
10037.458444 8.517895e+04
10039.746011 1.361478e+05
10042.033577 1.195077e+05
10044.321144 8.954844e+04
10046.608710 8.529367e+04
10048.896277 7.688284e+04
10051.183843 5.231932e+04
10053.471410 4.342656e+04
10055.758976 6.001532e+04
10058.046543 7.187425e+04
10060.334109 6.538852e+04
10062.621676 5.038981e+04
10064.909242 3.930561e+04
10067.196809 5.075468e+04
10069.484375 7.560018e+04
10071.771941 7.559698e+04
10074.059508 5.028641e+04
10076.347074 2.922500e+04
10078.634641 2.083306e+04
10080.922207 2.074614e+04
10083.209774 2.366495e+04
10085.497340 2.262202e+04
10087.784907 1.912492e+04
10090.072473 1.880350e+04
10092.360040 1.721809e+04
10094.647606 7.509348e+03
10096.935173 4.503268e+03
10099.222739 2.497916e+04
10101.510306 4.097802e+04
10103.797872 2.377832e+04
10106.085439 1.486287e+04
10108.373005 5.126616e+04
10110.660572 8.189576e+04
10112.948138 6.465142e+04
10115.235705 3.672159e+04
10117.523271 3.218807e+04
10119.810838 5.541830e+04
10122.098404 9.747073e+04
10124.385971 1.176600e+05
10126.673537 9.583674e+04
10128.961104 5.888549e+04
10131.248670 3.061241e+04
10133.536237 2.749873e+04
10135.823803 4.873702e+04
10138.111370 6.755042e+04
10140.398936 7.025034e+04
10142.686503 6.091373e+04
10144.974069 3.956608e+04
10147.261636 1.336966e+02
10149.549202 -2.764571e+04
10151.836769 1.262380e+04
10154.124335 8.871008e+04
10156.411902 1.163049e+05
10158.699468 9.373104e+04
10160.987035 5.929498e+04
10163.274601 3.867892e+04
10165.562168 5.244654e+04
10167.849734 7.616931e+04
10170.137301 7.317870e+04
10172.424867 6.430849e+04
