3800.28399  3.019299E-18
3802.35745  1.469833E-17
3804.43091  8.527249E-18
3806.50438  1.482509E-17
3808.57784  4.387543E-18
3810.65130  7.151824E-18
3812.72477  5.878476E-18
3814.79823  1.629745E-17
3816.87169  3.134604E-18
3818.94516  7.695457E-18
3821.01862  1.206379E-17
3823.09208  3.619323E-18
3825.16555  1.363349E-18
3827.23901  1.065718E-17
3829.31247  5.721555E-18
3831.38594  8.359956E-19
3833.45940  7.371812E-18
3835.53286  6.985654E-18
3837.60632  5.143905E-18
3839.67979  1.179987E-17
3841.75325  1.126983E-17
3843.82671  4.470387E-18
3845.90018  1.052446E-17
3847.97364  1.128553E-17
3850.04710  9.616487E-18
3852.12057  1.123032E-18
3854.19403  1.231092E-18
3856.26749  5.029292E-18
3858.34096  3.200173E-18
3860.41442  3.968110E-18
3862.48788  1.051957E-17
3864.56135  5.264551E-19
3866.63481  1.384137E-17
3868.70827  2.461788E-18
3870.78174  2.376462E-18
3872.85520  5.914761E-18
3874.92866  1.955788E-18
3877.00213  1.243254E-17
3879.07559  4.483334E-18
3881.14905  8.541373E-18
3883.22252  4.369531E-18
3885.29598  4.003028E-18
3887.36944  1.186392E-17
3889.44290  5.785718E-18
3891.51637  -6.314022E-19
3893.58983  4.374870E-18
3895.66329  4.720348E-18
3897.73676  1.925131E-18
3899.81022  9.297507E-19
3901.88368  2.555235E-18
3903.95715  3.055518E-18
3906.03061  -2.142898E-18
3908.10407  -3.469028E-19
3910.17754  3.983815E-18
3912.25100  8.107166E-18
3914.32446  2.280545E-18
3916.39793  6.762334E-18
3918.47139  1.926283E-18
3920.54485  7.749006E-18
3922.61832  -8.624934E-19
3924.69178  -1.753451E-18
3926.76524  6.193220E-19
3928.83871  2.196037E-18
3930.91217  4.350460E-18
3932.98563  2.792660E-18
3935.05910  1.745640E-19
3937.13256  4.676155E-18
3939.20602  -1.715003E-18
3941.27948  -4.589339E-18
3943.35295  -7.466810E-19
3945.42641  4.413947E-18
3947.49987  2.349476E-19
3949.57334  3.994807E-18
3951.64680  6.834065E-18
3953.72026  1.222251E-17
3955.79373  4.831005E-18
3957.86719  -6.423866E-18
3959.94065  1.481884E-18
3962.01412  -6.114400E-18
3964.08758  1.888291E-18
3966.16104  -1.709137E-18
3968.23451  -9.396995E-19
3970.30797  -3.829570E-18
3972.38143  -4.419347E-18
3974.45490  7.137827E-18
3976.52836  3.525383E-18
3978.60182  -4.910981E-18
3980.67529  1.622029E-18
3982.74875  9.564938E-19
3984.82221  -4.288348E-18
3986.89568  3.391011E-19
3988.96914  3.167334E-18
3991.04260  -2.960625E-18
3993.11607  6.646586E-19
3995.18953  9.016495E-19
3997.26299  3.465948E-18
3999.33645  -2.119082E-18
4001.40992  2.309509E-18
4003.48338  -4.236355E-18
4005.55684  -3.182260E-18
4007.63031  -7.291090E-19
4009.70377  -4.349026E-18
4011.77723  -1.078476E-17
4013.85070  -5.604868E-19
4015.92416  -1.257449E-18
4017.99762  3.060808E-18
4020.07109  8.030968E-18
4022.14455  -2.385451E-18
4024.21801  1.015110E-18
4026.29148  4.757429E-18
4028.36494  -5.825299E-19
4030.43840  1.582642E-18
4032.51187  1.717679E-18
4034.58533  -1.015936E-19
4036.65879  1.601927E-18
4038.73226  5.238211E-18
4040.80572  1.098704E-18
4042.87918  3.262787E-18
4044.95265  -1.678156E-18
4047.02611  2.491464E-18
4049.09957  1.913645E-18
4051.17303  4.945769E-18
4053.24650  -2.484291E-18
4055.31996  9.325075E-18
4057.39342  -1.334867E-19
4059.46689  -2.945407E-18
4061.54035  -2.321284E-18
4063.61381  2.331146E-18
4065.68728  1.787851E-18
4067.76074  -9.853791E-19
4069.83420  -5.214750E-18
4071.90767  2.249526E-18
4073.98113  3.426695E-18
4076.05459  -3.279352E-18
4078.12806  -3.620095E-18
4080.20152  -4.315425E-18
4082.27498  -1.240502E-18
4084.34845  -7.092747E-18
4086.42191  -4.483575E-18
4088.49537  -7.453456E-19
4090.56884  -4.312871E-18
4092.64230  -1.215734E-18
4094.71576  -1.491921E-18
4096.78923  -7.451582E-18
4098.86269  -9.383656E-19
4100.93615  3.660800E-18
4103.00961  1.718887E-18
4105.08308  1.698107E-18
4107.15654  -1.379856E-18
4109.23000  9.659174E-19
4111.30347  5.401413E-19
4113.37693  -6.893602E-19
4115.45039  4.788364E-18
4117.52386  1.219969E-18
4119.59732  -4.450950E-18
4121.67078  3.172219E-18
4123.74425  3.138846E-18
4125.81771  5.877646E-18
4127.89117  1.556085E-18
4129.96464  1.272574E-18
4132.03810  1.742950E-18
4134.11156  3.556868E-19
4136.18503  3.653699E-18
4138.25849  3.746565E-18
4140.33195  2.403963E-18
4142.40542  -3.677741E-18
4144.47888  -1.771879E-18
4146.55234  1.339822E-19
4148.62581  2.039844E-18
4150.69927  4.895644E-19
4152.77273  -4.646681E-18
4154.84619  1.462302E-18
4156.91966  2.108126E-18
4158.99312  7.483445E-18
4161.06658  7.356891E-18
4163.14005  9.260524E-19
4165.21351  2.100790E-18
4167.28697  5.025007E-18
4169.36044  5.300357E-18
4171.43390  2.184446E-18
4173.50736  3.630002E-18
4175.58083  3.777589E-18
4177.65429  5.933639E-18
4179.72775  1.501883E-18
4181.80122  1.467683E-18
4183.87468  9.297735E-18
4185.94814  6.616235E-18
4188.02161  2.575762E-18
4190.09507  1.257589E-18
4192.16853  3.007443E-18
4194.24200  3.666335E-18
4196.31546  5.272414E-18
4198.38892  6.878494E-18
4200.46239  8.484574E-18
4202.53585  1.009065E-17
4204.60931  6.041515E-18
4206.68277  8.814542E-18
4208.75624  2.374353E-18
4210.82970  5.799348E-18
4212.90316  6.646009E-18
4214.97663  7.500904E-18
4217.05009  6.393104E-18
4219.12355  7.678654E-18
4221.19702  4.258280E-18
4223.27048  7.045405E-18
4225.34394  1.133510E-17
4227.41741  4.146804E-18
4229.49087  7.035870E-18
4231.56433  6.672516E-18
4233.63780  1.017465E-17
4235.71126  1.025041E-17
4237.78472  6.493695E-18
4239.85819  6.998984E-18
4241.93165  1.270153E-17
4244.00511  9.067893E-18
4246.07858  8.993564E-18
4248.15204  9.455195E-18
4250.22550  1.462665E-17
4252.29897  8.442382E-18
4254.37243  1.367673E-17
4256.44589  1.330887E-17
4258.51935  1.168892E-17
4260.59282  1.271167E-17
4262.66628  1.184288E-17
4264.73974  1.250328E-17
4266.81321  1.162450E-17
4268.88667  1.077645E-17
4270.96013  9.842758E-18
4273.03360  1.276369E-17
4275.10706  1.390052E-17
4277.18052  1.421102E-17
4279.25399  1.452152E-17
4281.32745  1.483203E-17
4283.40091  1.272753E-17
4285.47438  1.521063E-17
4287.54784  1.289962E-17
4289.62130  1.297266E-17
4291.69477  1.833367E-17
4293.76823  1.897851E-17
4295.84169  1.908991E-17
4297.91516  1.901421E-17
4299.98862  1.935296E-17
4302.06208  1.770711E-17
4304.13555  1.818133E-17
4306.20901  1.819712E-17
4308.28247  2.285586E-17
4310.35593  2.019857E-17
4312.42940  1.681615E-17
4314.50286  1.872270E-17
4316.57632  1.822867E-17
4318.64979  1.398847E-17
4320.72325  2.107691E-17
4322.79671  2.371745E-17
4324.87018  1.801026E-17
4326.94364  2.433667E-17
4329.01710  2.200604E-17
4331.09057  2.003338E-17
4333.16403  1.824230E-17
4335.23749  1.900901E-17
4337.31096  2.093118E-17
4339.38442  1.770680E-17
4341.45788  2.014992E-17
4343.53135  2.283470E-17
4345.60481  2.340698E-17
4347.67827  2.398624E-17
4349.75174  2.341327E-17
4351.82520  2.198451E-17
4353.89866  2.240501E-17
4355.97213  2.426798E-17
4358.04559  2.320630E-17
4360.11905  2.182467E-17
4362.19251  2.317007E-17
4364.26598  2.093685E-17
4366.33944  1.953992E-17
4368.41290  2.209421E-17
4370.48637  2.111133E-17
4372.55983  2.406453E-17
4374.63329  2.092625E-17
4376.70676  2.036566E-17
4378.78022  2.422195E-17
4380.85368  2.157172E-17
4382.92715  1.951739E-17
4385.00061  2.280418E-17
4387.07407  2.152214E-17
4389.14754  2.639526E-17
4391.22100  2.312388E-17
4393.29446  2.141892E-17
4395.36793  1.875293E-17
4397.44139  1.807400E-17
4399.51485  1.537685E-17
4401.58832  2.291040E-17
4403.66178  1.860857E-17
4405.73524  2.340105E-17
4407.80871  2.336043E-17
4409.88217  2.339148E-17
4411.95563  2.048155E-17
4414.02909  2.149704E-17
4416.10256  2.514748E-17
4418.17602  1.764705E-17
4420.24948  2.259894E-17
4422.32295  1.891647E-17
4424.39641  2.211094E-17
4426.46987  2.190600E-17
4428.54334  2.344687E-17
4430.61680  2.168415E-17
4432.69026  2.239379E-17
4434.76373  1.948613E-17
4436.83719  2.002270E-17
4438.91065  1.890625E-17
4440.98412  2.047208E-17
4443.05758  2.319328E-17
4445.13104  1.992299E-17
4447.20451  1.944736E-17
4449.27797  1.887949E-17
4451.35143  2.093830E-17
4453.42490  2.310180E-17
4455.49836  1.870762E-17
4457.57182  1.856761E-17
4459.64529  2.293091E-17
4461.71875  2.075698E-17
4463.79221  1.722484E-17
4465.86567  2.147229E-17
4467.93914  1.624563E-17
4470.01260  1.599056E-17
4472.08606  2.297302E-17
4474.15953  1.957210E-17
4476.23299  2.116934E-17
4478.30645  2.004138E-17
4480.37992  1.562712E-17
4482.45338  1.657455E-17
4484.52684  1.787973E-17
4486.60031  1.821729E-17
4488.67377  1.844455E-17
4490.74723  1.568835E-17
4492.82070  2.125138E-17
4494.89416  1.665576E-17
4496.96762  1.974930E-17
4499.04109  1.838642E-17
4501.11455  1.270124E-17
4503.18801  1.687179E-17
4505.26148  1.937743E-17
4507.33494  1.767432E-17
4509.40840  1.476679E-17
4511.48187  1.588833E-17
4513.55533  1.335008E-17
4515.62879  1.511341E-17
4517.70226  1.465246E-17
4519.77572  1.304536E-17
4521.84918  1.415610E-17
4523.92264  1.349950E-17
4525.99611  1.508556E-17
4528.06957  1.516874E-17
4530.14303  1.481120E-17
4532.21650  1.297819E-17
4534.28996  1.820070E-17
4536.36342  1.266566E-17
4538.43689  1.484843E-17
4540.51035  1.601933E-17
4542.58381  1.499992E-17
4544.65728  1.590362E-17
4546.73074  1.307191E-17
4548.80420  1.719344E-17
4550.87767  1.580659E-17
4552.95113  1.728607E-17
4555.02459  1.540381E-17
4557.09806  1.741898E-17
4559.17152  1.625765E-17
4561.24498  2.170258E-17
4563.31845  3.385261E-17
4565.39191  2.334853E-17
4567.46537  2.097890E-17
4569.53884  1.998350E-17
4571.61230  2.054630E-17
4573.68576  2.092551E-17
4575.75922  2.446211E-17
4577.83269  2.160243E-17
4579.90615  2.441524E-17
4581.97961  2.377493E-17
4584.05308  2.476724E-17
4586.12654  2.754642E-17
4588.20000  2.857473E-17
4590.27347  2.831639E-17
4592.34693  3.058550E-17
4594.42039  3.018842E-17
4596.49386  3.194776E-17
4598.56732  3.157671E-17
4600.64078  3.122680E-17
4602.71425  3.314182E-17
4604.78771  3.510820E-17
4606.86117  3.596887E-17
4608.93464  3.809588E-17
4611.00810  3.509438E-17
4613.08156  3.947800E-17
4615.15503  4.107141E-17
4617.22849  3.889397E-17
4619.30195  4.003491E-17
4621.37542  4.096523E-17
4623.44888  3.641426E-17
4625.52234  2.320567E-17
4627.59580  4.630171E-17
4629.66927  4.637603E-17
4631.74273  4.576872E-17
4633.81619  4.472642E-17
4635.88966  4.442779E-17
4637.96312  2.926782E-17
4640.03658  3.601308E-17
4642.11005  5.052472E-17
4644.18351  5.181549E-17
4646.25697  5.249880E-17
4648.33044  4.921592E-17
4650.40390  5.272487E-17
4652.47736  5.375232E-17
4654.55083  5.459695E-17
4656.62429  5.394725E-17
4658.69775  5.557917E-17
4660.77122  5.753981E-17
4662.84468  5.653201E-17
4664.91814  6.025996E-17
4666.99161  6.150275E-17
4669.06507  6.143994E-17
4671.13853  6.078524E-17
4673.21200  6.149834E-17
4675.28546  6.210544E-17
4677.35892  6.464841E-17
4679.43238  6.441290E-17
4681.50585  6.536269E-17
4683.57931  6.517564E-17
4685.65277  6.637240E-17
4687.72624  6.469509E-17
4689.79970  6.505603E-17
4691.87316  6.399852E-17
4693.94663  6.797019E-17
4696.02009  6.688152E-17
4698.09355  6.617869E-17
4700.16702  6.879443E-17
4702.24048  6.905015E-17
4704.31394  6.813074E-17
4706.38741  6.796646E-17
4708.46087  6.793875E-17
4710.53433  6.660859E-17
4712.60780  6.966668E-17
4714.68126  7.146641E-17
4716.75472  7.026431E-17
4718.82819  6.995472E-17
4720.90165  7.161241E-17
4722.97511  7.114537E-17
4725.04858  6.995846E-17
4727.12204  7.041611E-17
4729.19550  7.259952E-17
4731.26896  7.104914E-17
4733.34243  6.942661E-17
4735.41589  6.969703E-17
4737.48935  7.214149E-17
4739.56282  7.169908E-17
4741.63628  6.915996E-17
4743.70974  6.906461E-17
4745.78321  6.870515E-17
4747.85667  6.682472E-17
4749.93013  6.797377E-17
4752.00360  6.926652E-17
4754.07706  7.023229E-17
4756.15052  6.487785E-17
4758.22399  6.342917E-17
4760.29745  6.386373E-17
4762.37091  6.462937E-17
4764.44438  6.649311E-17
4766.51784  6.274214E-17
4768.59130  6.445575E-17
4770.66477  6.381287E-17
4772.73823  6.345326E-17
4774.81169  6.115213E-17
4776.88516  6.199312E-17
4778.95862  5.599809E-17
4781.03208  5.745675E-17
4783.10554  6.000468E-17
4785.17901  5.700029E-17
4787.25247  5.801225E-17
4789.32593  5.341638E-17
4791.39940  5.590957E-17
4793.47286  5.617464E-17
4795.54632  5.285088E-17
4797.61979  5.200888E-17
4799.69325  5.171528E-17
4801.76671  5.324952E-17
4803.84018  5.236012E-17
4805.91364  4.767033E-17
4807.98710  4.779450E-17
4810.06057  4.822554E-17
4812.13403  4.607917E-17
4814.20749  4.560369E-17
4816.28096  4.708606E-17
4818.35442  4.601213E-17
4820.42788  4.392466E-17
4822.50135  4.240829E-17
4824.57481  4.337257E-17
4826.64827  4.008923E-17
4828.72174  3.989633E-17
4830.79520  4.009826E-17
4832.86866  3.744214E-17
4834.94212  3.699285E-17
4837.01559  3.641822E-17
4839.08905  3.461431E-17
4841.16251  3.466393E-17
4843.23598  3.332406E-17
4845.30944  3.026340E-17
4847.38290  2.848320E-17
4849.45637  2.455316E-17
4851.52983  3.384352E-17
4853.60329  3.062615E-17
4855.67676  3.110581E-17
4857.75022  3.317698E-17
4859.82368  2.903515E-17
4861.89715  2.841665E-17
4863.97061  2.815261E-17
4866.04407  2.780889E-17
4868.11754  2.941718E-17
4870.19100  2.720654E-17
4872.26446  2.642837E-17
4874.33793  2.438897E-17
4876.41139  2.586153E-17
4878.48485  2.515258E-17
4880.55832  2.290638E-17
4882.63178  2.296918E-17
4884.70524  2.495132E-17
4886.77870  2.616850E-17
4888.85217  2.369960E-17
4890.92563  2.116410E-17
4892.99909  1.608578E-17
4895.07256  1.588905E-17
4897.14602  1.558025E-17
4899.21948  2.088838E-17
4901.29295  2.206070E-17
4903.36641  2.133616E-17
4905.43987  2.080967E-17
4907.51334  2.176339E-17
4909.58680  1.960275E-17
4911.66026  2.094527E-17
4913.73373  2.081685E-17
4915.80719  2.184771E-17
4917.88065  2.193804E-17
4919.95412  1.912845E-17
4922.02758  2.130293E-17
4924.10104  1.969079E-17
4926.17451  1.838771E-17
4928.24797  2.051834E-17
4930.32143  2.251002E-17
4932.39490  2.158176E-17
4934.46836  2.140307E-17
4936.54182  1.909602E-17
4938.61528  2.138516E-17
4940.68875  2.044708E-17
4942.76221  1.927475E-17
4944.83567  1.991489E-17
4946.90914  2.130262E-17
4948.98260  1.932413E-17
4951.05606  2.245050E-17
4953.12953  2.207279E-17
4955.20299  2.191557E-17
4957.27645  2.285861E-17
4959.34992  2.088405E-17
4961.42338  2.219359E-17
4963.49684  2.231873E-17
4965.57031  2.244693E-17
4967.64377  2.243165E-17
4969.71723  2.411766E-17
4971.79070  3.008600E-17
4973.86416  3.614143E-17
4975.93762  2.076355E-17
4978.01109  2.140815E-17
4980.08455  1.918917E-17
4982.15801  2.254443E-17
4984.23148  2.316081E-17
4986.30494  2.497127E-17
4988.37840  2.204455E-17
4990.45186  2.422626E-17
4992.52533  2.494966E-17
4994.59879  2.380841E-17
4996.67225  2.443514E-17
4998.74572  2.436113E-17
5000.81918  2.452951E-17
5002.89264  2.277318E-17
5004.96611  2.576024E-17
5007.03957  2.567955E-17
5009.11303  2.398464E-17
5011.18650  2.506486E-17
5013.25996  2.354974E-17
5015.33342  2.362187E-17
5017.40689  2.430623E-17
5019.48035  2.230321E-17
5021.55381  2.198403E-17
5023.62728  2.342178E-17
5025.70074  2.478664E-17
5027.77420  2.521801E-17
5029.84767  2.434002E-17
5031.92113  2.366632E-17
5033.99459  2.306599E-17
5036.06806  2.268326E-17
5038.14152  2.268980E-17
5040.21498  2.244785E-17
5042.28845  2.108685E-17
5044.36191  2.197629E-17
5046.43537  2.203038E-17
5048.50883  2.169744E-17
5050.58230  2.207345E-17
5052.65576  2.477940E-17
5054.72922  2.358086E-17
5056.80269  2.161178E-17
5058.87615  2.425440E-17
5060.94961  2.185295E-17
5063.02308  2.128791E-17
5065.09654  2.361145E-17
5067.17000  2.359201E-17
5069.24347  2.328364E-17
5071.31693  2.331331E-17
5073.39039  2.285625E-17
5075.46386  2.128233E-17
5077.53732  2.114224E-17
5079.61078  2.065750E-17
5081.68425  2.087079E-17
5083.75771  2.123688E-17
5085.83117  2.262665E-17
5087.90464  2.146941E-17
5089.97810  2.177260E-17
5092.05156  1.999358E-17
5094.12503  1.829075E-17
5096.19849  2.089043E-17
5098.27195  2.053757E-17
5100.34541  1.913361E-17
5102.41888  2.181138E-17
5104.49234  2.101697E-17
5106.56580  1.850128E-17
5108.63927  2.069141E-17
5110.71273  2.060331E-17
5112.78619  1.725264E-17
5114.85966  1.794716E-17
5116.93312  2.104287E-17
5119.00658  1.782553E-17
5121.08005  1.859217E-17
5123.15351  1.616970E-17
5125.22697  1.817871E-17
5127.30044  1.987898E-17
5129.37390  1.677540E-17
5131.44736  1.615127E-17
5133.52083  1.846711E-17
5135.59429  1.662121E-17
5137.66775  1.564694E-17
5139.74122  1.680788E-17
5141.81468  1.493471E-17
5143.88814  1.625561E-17
5145.96161  1.625907E-17
5148.03507  1.421743E-17
5150.10853  1.470966E-17
5152.18199  1.490651E-17
5154.25546  1.777330E-17
5156.32892  1.612166E-17
5158.40238  1.582885E-17
5160.47585  1.437334E-17
5162.54931  1.477817E-17
5164.62277  1.596614E-17
5166.69624  1.621826E-17
5168.76970  1.774749E-17
5170.84316  1.740608E-17
5172.91663  1.896253E-17
5174.99009  1.833050E-17
5177.06355  1.848127E-17
5179.13702  1.676087E-17
5181.21048  1.799243E-17
5183.28394  2.095224E-17
5185.35741  1.923083E-17
5187.43087  1.985032E-17
5189.50433  2.232059E-17
5191.57780  2.116667E-17
5193.65126  2.287722E-17
5195.72472  2.031670E-17
5197.79819  2.236562E-17
5199.87165  2.395605E-17
5201.94511  2.396449E-17
5204.01857  2.523130E-17
5206.09204  2.473254E-17
5208.16550  2.473012E-17
5210.23896  2.471275E-17
5212.31243  2.468472E-17
5214.38589  2.796590E-17
5216.45935  2.629574E-17
5218.53282  2.816530E-17
5220.60628  2.835355E-17
5222.67974  3.011190E-17
5224.75321  3.271732E-17
5226.82667  2.768679E-17
5228.90013  2.944601E-17
5230.97360  3.053018E-17
5233.04706  3.185619E-17
5235.12052  3.085632E-17
5237.19399  3.296252E-17
5239.26745  3.052417E-17
5241.34091  3.446848E-17
5243.41438  3.428074E-17
5245.48784  3.414127E-17
5247.56130  3.536629E-17
5249.63477  3.657063E-17
5251.70823  3.640995E-17
5253.78169  3.441736E-17
5255.85515  3.624290E-17
5257.92862  3.752486E-17
5260.00208  3.594496E-17
5262.07554  3.832873E-17
5264.14901  4.041494E-17
5266.22247  3.708012E-17
5268.29593  3.995049E-17
5270.36940  3.728109E-17
5272.44286  3.898032E-17
5274.51632  3.816003E-17
5276.58979  4.106692E-17
5278.66325  3.829807E-17
5280.73671  3.877923E-17
5282.81018  4.193876E-17
5284.88364  4.036606E-17
5286.95710  3.840727E-17
5289.03057  3.920446E-17
5291.10403  4.074412E-17
5293.17749  3.809119E-17
5295.25096  3.793277E-17
5297.32442  4.150140E-17
5299.39788  4.053274E-17
5301.47135  3.836962E-17
5303.54481  3.943984E-17
5305.61827  4.142957E-17
5307.69173  3.932956E-17
5309.76520  3.756069E-17
5311.83866  4.158333E-17
5313.91212  4.030568E-17
5315.98559  4.010102E-17
5318.05905  3.739899E-17
5320.13251  3.674555E-17
5322.20598  4.053273E-17
5324.27944  3.770308E-17
5326.35290  3.747466E-17
5328.42637  3.809590E-17
5330.49983  3.801120E-17
5332.57329  3.831644E-17
5334.64676  4.001329E-17
5336.72022  3.745897E-17
5338.79368  3.633579E-17
5340.86715  3.756002E-17
5342.94061  3.809893E-17
5345.01407  3.745689E-17
5347.08754  3.877719E-17
5349.16100  3.844762E-17
5351.23446  3.503062E-17
5353.30793  3.561370E-17
5355.38139  3.788542E-17
5357.45485  3.721176E-17
5359.52831  3.572446E-17
5361.60178  3.697182E-17
5363.67524  3.542793E-17
5365.74870  3.500750E-17
5367.82217  3.526689E-17
5369.89563  3.285056E-17
5371.96909  3.168390E-17
5374.04256  3.378131E-17
5376.11602  3.316789E-17
5378.18948  3.226228E-17
5380.26295  3.381178E-17
5382.33641  3.340067E-17
5384.40987  3.159375E-17
5386.48334  2.936639E-17
5388.55680  3.225769E-17
5390.63026  3.162829E-17
5392.70373  3.032673E-17
5394.77719  2.943313E-17
5396.85065  2.857467E-17
5398.92412  3.092510E-17
5400.99758  2.644457E-17
5403.07104  2.472013E-17
5405.14451  2.705985E-17
5407.21797  2.473377E-17
5409.29143  2.787273E-17
5411.36489  2.346507E-17
5413.43836  2.424658E-17
5415.51182  2.260037E-17
5417.58528  2.346210E-17
5419.65875  2.231512E-17
5421.73221  2.171814E-17
5423.80567  2.131835E-17
5425.87914  1.918368E-17
5427.95260  1.685907E-17
5430.02606  2.049701E-17
5432.09953  1.877853E-17
5434.17299  1.983940E-17
5436.24645  1.737407E-17
5438.31992  1.606929E-17
5440.39338  1.650309E-17
5442.46684  1.503285E-17
5444.54031  1.698873E-17
5446.61377  1.522597E-17
5448.68723  1.557344E-17
5450.76070  1.481253E-17
5452.83416  1.345231E-17
5454.90762  1.260825E-17
5456.98109  1.319764E-17
5459.05455  1.274145E-17
5461.12801  1.055702E-17
5463.20147  1.178247E-17
5465.27494  1.176730E-17
5467.34840  1.031196E-17
5469.42186  9.928896E-18
5471.49533  9.767393E-18
5473.56879  9.927521E-18
5475.64225  7.336623E-18
5477.26492  7.615173E-18
5479.80990  8.671973E-18
5482.35487  7.752001E-18
5484.89984  8.321559E-18
5487.44482  8.080729E-18
5489.98979  8.718915E-18
5492.53477  8.880739E-18
5495.07974  8.344441E-18
5497.62472  9.797238E-18
5500.16969  8.498641E-18
5502.71466  7.242369E-18
5505.25964  7.688413E-18
5507.80461  8.479016E-18
5510.34959  7.204574E-18
5512.89456  9.076436E-18
5515.43954  7.742258E-18
5517.98451  8.881189E-18
5520.52948  5.041369E-18
5523.07446  7.669056E-18
5525.61943  6.621245E-18
5528.16441  6.586302E-18
5530.70938  3.850834E-18
5533.25436  6.862420E-18
5535.79933  6.708676E-18
5538.34430  5.621828E-18
5540.88928  5.309132E-18
5543.43425  4.113896E-18
5545.97923  7.562738E-18
5548.52420  6.772277E-18
5551.06918  7.168953E-18
5553.61415  7.053790E-18
5556.15913  7.048288E-18
5558.70410  4.796222E-18
5561.24907  4.403695E-18
5563.79405  5.430759E-18
5566.33902  3.549851E-18
5568.88400  6.055699E-18
5571.42897  3.249960E-18
5573.97395  1.073588E-17
5576.51892  1.712647E-19
5579.06389  -1.945118E-19
5581.60887  7.022904E-18
5584.15384  2.669538E-18
5586.69882  3.646862E-18
5589.24379  1.854485E-18
5591.78877  2.522183E-18
5594.33374  1.322283E-18
5596.87871  1.756224E-18
5599.42369  8.667476E-19
5601.96866  -1.707589E-18
5604.51364  5.941480E-19
5607.05861  6.370059E-19
5609.60359  -4.100030E-19
5612.14856  1.925132E-18
5614.69353  1.808008E-18
5617.23851  1.936896E-18
5619.78348  -5.214347E-19
5622.32846  1.396380E-18
5624.87343  8.718325E-20
5627.41841  -1.251716E-18
5629.96338  -3.272241E-19
5632.50835  7.429064E-20
5635.05333  2.675023E-19
5637.59830  4.264420E-19
5640.14328  1.274939E-18
5642.68825  1.315990E-18
5645.23323  -5.927524E-20
5647.77820  1.202185E-18
5650.32318  8.089102E-20
5652.86815  8.170298E-20
5655.41312  1.066203E-18
5657.95810  2.798972E-19
5660.50307  -6.542462E-19
5663.04805  -8.862366E-19
5665.59302  -1.049611E-18
5668.13800  -1.025430E-19
5670.68297  -1.843965E-18
5673.22794  -9.129364E-20
5675.77292  7.989366E-19
5678.31789  3.653594E-19
5680.86287  -1.310329E-18
5683.40784  -2.435751E-18
5685.95282  -2.579581E-18
5688.49779  -2.093795E-18
5691.04276  -3.082353E-18
5693.58774  -1.356339E-18
5696.13271  -1.914841E-18
5698.67769  4.598838E-20
5701.22266  -2.565413E-18
5703.76764  -1.836748E-18
5706.31261  -2.930593E-18
5708.85758  -1.311843E-18
5711.40256  -3.536623E-18
5713.94753  -8.663850E-19
5716.49251  -2.536065E-18
5719.03748  -1.578811E-18
5721.58246  -3.132111E-18
5724.12743  -3.987558E-18
5726.67241  -1.042417E-18
5729.21738  -1.309485E-18
5731.76235  -1.883716E-18
5734.30733  -1.325732E-18
5736.85230  -3.555204E-18
5739.39728  -3.605871E-18
5741.94225  -2.394417E-18
5744.48723  -4.109956E-18
5747.03220  -2.104039E-19
5749.57717  -2.655153E-18
5752.12215  -1.284264E-18
5754.66712  -2.532800E-18
5757.21210  -3.352210E-18
5759.75707  2.368189E-19
5762.30205  -1.822676E-18
5764.84702  -1.762510E-19
5767.39199  -1.019602E-18
5769.93697  -1.609605E-18
5772.48194  -1.744444E-18
5775.02692  -8.992612E-19
5777.57189  -7.851662E-19
5780.11687  -1.918139E-18
5782.66184  -1.184130E-18
5785.20681  -7.185189E-20
5787.75179  -1.990154E-18
5790.29676  7.406380E-19
5792.84174  -1.045882E-18
5795.38671  -1.445796E-19
5797.93169  -1.169520E-18
5800.47666  1.475215E-19
5803.02163  -6.846945E-19
5805.56661  -1.914252E-18
5808.11158  -7.582839E-19
5810.65656  6.567637E-19
5813.20153  -1.305321E-19
5815.74651  -7.916534E-19
5818.29148  -6.142495E-20
5820.83646  9.220115E-19
5823.38143  1.081648E-18
5825.92640  2.937284E-19
5828.47138  -6.993005E-19
5831.01635  -2.131758E-19
5833.56133  5.102840E-19
5836.10630  9.911404E-19
5838.65128  1.180136E-19
5841.19625  1.750135E-18
5843.74122  -2.194382E-19
5846.28620  2.350297E-18
5848.83117  1.312588E-18
5851.37615  4.721075E-19
5853.92112  2.940498E-18
5856.46610  1.949987E-18
5859.01107  2.850892E-18
5861.55604  3.395274E-18
5864.10102  3.791811E-18
5866.64599  1.174302E-18
5869.19097  3.176170E-18
5871.73594  1.348207E-18
5874.28092  1.975519E-18
5876.82589  1.782584E-18
5879.37086  4.379618E-18
5881.91584  1.008838E-19
5884.46081  8.049922E-18
5887.00579  -8.080929E-19
5889.55076  3.714972E-18
5892.09574  7.587026E-18
5894.64071  3.648841E-18
5897.18568  3.624043E-19
5899.73066  6.919065E-18
5902.27563  4.403421E-18
5904.82061  3.389947E-18
5907.36558  3.798947E-18
5909.91056  2.392562E-18
5912.45553  1.628202E-18
5915.00051  3.906060E-18
5917.54548  4.286897E-18
5920.09045  3.909103E-18
5922.63543  2.491498E-18
5925.18040  3.907980E-18
5927.72538  8.008261E-18
5930.27035  4.886743E-18
5932.81533  4.820576E-18
5935.36030  4.366941E-18
5937.90527  3.957037E-18
5940.45025  4.072046E-18
5942.99522  4.472577E-18
5945.54020  4.715592E-18
5948.08517  5.060284E-18
5950.63015  5.146662E-18
5953.17512  4.530423E-18
5955.72009  4.952808E-18
5958.26507  8.971629E-19
5960.81004  -7.855940E-19
5963.35502  5.678544E-18
5965.89999  3.788494E-18
5968.44497  3.594129E-18
5970.98994  4.665107E-18
5973.53491  5.700474E-18
5976.07989  4.250055E-18
5978.62486  4.128177E-18
5981.16984  4.724654E-18
5983.71481  4.749367E-18
5986.25979  4.909836E-18
5988.80476  4.734109E-18
5991.34974  5.199120E-18
5993.89471  4.949817E-18
5996.43968  6.241835E-18
5998.98466  4.647572E-18
6001.52963  2.811415E-18
6004.07461  3.353922E-18
6006.61958  3.875341E-18
6009.16456  4.216480E-18
6011.70953  4.403358E-18
6014.25450  3.411289E-18
6016.79948  3.429108E-18
6019.34445  3.605768E-18
6021.88943  4.905917E-18
6024.43440  3.269386E-18
6026.97938  3.613971E-18
6029.52435  2.906089E-18
6032.06932  2.934083E-18
6034.61430  1.545977E-18
6037.15927  3.412498E-18
6039.70425  5.121378E-18
6042.24922  1.836353E-18
6044.79420  2.469688E-18
6047.33917  1.797757E-18
6049.88414  2.075762E-18
6052.42912  2.114938E-18
6054.97409  1.192909E-18
6057.51907  1.744482E-18
6060.06404  3.335350E-18
6062.60902  1.546789E-18
6065.15399  6.088558E-19
6067.69896  1.302447E-18
6070.24394  5.281835E-19
6072.78891  2.479852E-18
6075.33389  -1.303254E-18
6077.87886  1.609170E-18
6080.42384  -3.694727E-19
6082.96881  -4.790872E-19
6085.51379  3.992544E-19
6088.05876  5.028499E-20
6090.60373  -1.082482E-18
6093.14871  -8.119234E-20
6095.69368  1.448022E-20
6098.23866  -7.825140E-19
6100.78363  -2.793264E-18
6103.32861  -1.756093E-18
6105.87358  1.044532E-18
6108.41855  1.641220E-19
6110.96353  -1.292933E-18
6113.50850  -1.210070E-18
6116.05348  -5.338911E-19
6118.59845  -3.303870E-19
6121.14343  4.716151E-19
6123.68840  -7.678806E-19
6126.23337  -1.075502E-18
6128.77835  8.128117E-19
6131.32332  -5.292196E-19
6133.86830  -9.377947E-19
6136.41327  -1.156880E-19
6138.95825  -1.745557E-18
6141.50322  3.159011E-19
6144.04819  -9.430541E-19
6146.59317  -2.161875E-18
6149.13814  -6.250349E-19
6151.68312  -2.395550E-19
6154.22809  -6.271741E-19
6156.77307  -1.081628E-19
6159.31804  -3.625510E-19
6161.86301  -6.126722E-19
6164.40799  1.202592E-18
6166.95296  -2.225091E-18
6169.49794  -3.747464E-18
6172.04291  -1.087984E-19
6174.58789  -2.221349E-19
6177.13286  1.748347E-19
6179.67784  3.089164E-19
6182.22281  5.920938E-20
6184.76778  -1.019397E-18
6187.31276  -5.835928E-19
6189.85773  1.181721E-18
6192.40271  -5.652892E-19
6194.94768  -6.786969E-19
6197.49266  4.667273E-19
6200.03763  3.992355E-19
6202.58260  -2.701524E-18
6205.12758  -5.834987E-18
6207.67255  -9.438188E-19
6210.21753  -5.334999E-21
6212.76250  -5.809570E-19
6215.30748  1.056955E-18
6217.85245  1.012365E-18
6220.39742  -1.311825E-20
6222.94240  2.156804E-20
6225.48737  1.950465E-18
6228.03235  1.489654E-18
6230.57732  7.274159E-19
6233.12230  1.399758E-18
6235.66727  -3.031090E-20
6238.21224  3.073784E-19
6240.75722  6.450676E-19
6243.30219  9.827568E-19
6245.84717  1.320446E-18
6248.39214  1.658135E-18
6250.93712  1.459445E-19
6253.48209  4.769936E-20
6256.02707  1.415954E-18
6258.57204  7.057102E-19
6261.11701  5.812038E-19
6263.66199  -4.104927E-21
6266.20696  6.984681E-19
6268.75194  -1.289902E-19
6271.29691  6.127450E-19
6273.84189  3.253863E-19
6276.38686  3.974352E-20
6278.93183  -6.195141E-19
6281.47681  -2.071493E-19
6284.02178  7.565684E-19
6286.56676  8.928983E-19
6289.11173  1.013522E-19
6291.65671  1.177172E-18
6294.20168  1.186785E-18
6296.74665  1.196398E-18
6299.29163  1.189644E-18
6301.83660  9.771661E-19
6304.38158  7.646880E-19
6306.92655  5.522099E-19
6309.47153  1.509870E-18
6312.01650  1.762477E-18
6314.56147  1.252412E-18
6317.10645  4.575258E-19
6319.65142  -4.491344E-19
6322.19640  1.114284E-19
6324.74137  4.733418E-18
6327.28635  -4.464644E-18
6329.83132  -2.296310E-19
6332.37629  -1.198007E-18
6334.92127  8.282361E-19
6337.46624  3.218479E-20
6340.01122  -6.263838E-20
6342.55619  -7.948332E-19
6345.10117  -2.476650E-19
6347.64614  -9.389701E-20
6350.19112  -1.333396E-18
6352.73609  -4.980949E-19
6355.28106  -5.167486E-19
6357.82604  -9.936820E-19
6360.37101  2.241393E-19
6362.91599  3.191949E-19
6365.46096  -1.548034E-18
6368.00594  -4.053796E-19
6370.55091  1.972293E-18
6373.09588  -8.658834E-19
6375.64086  -1.211948E-18
6378.18583  -9.731708E-19
6380.73081  -1.183677E-18
6383.27578  -1.808616E-18
6385.82076  -7.621267E-19
6388.36573  -9.545973E-19
6390.91070  -5.873815E-19
6393.45568  -5.153790E-19
6396.00065  -6.188986E-19
6398.54563  -1.885298E-18
6401.09060  -1.191160E-18
6403.63558  -1.030018E-18
6406.18055  -1.490412E-18
6408.72552  -7.161961E-19
6411.27050  -6.729589E-19
6413.81547  2.189663E-20
6416.36045  -1.341075E-18
6418.90542  -1.631486E-18
6421.45040  -6.605219E-19
6423.99537  5.914707E-20
6426.54034  -1.241461E-18
6429.08532  -1.826495E-18
6431.63029  -1.200314E-18
6434.17527  -6.590100E-20
6436.72024  4.632820E-20
6439.26522  1.672951E-19
6441.81019  -7.320592E-19
6444.35517  -1.163591E-18
6446.90014  1.392578E-18
6449.44511  1.187827E-18
6451.99009  -4.324364E-19
6454.53506  8.224925E-19
6457.08004  4.598287E-19
6459.62501  -3.638524E-19
6462.16999  1.475684E-18
6464.71496  2.155470E-18
6467.25993  1.130192E-18
6469.80491  -1.512741E-20
6472.34988  3.051579E-19
6474.89486  -2.810158E-19
6477.43983  3.305367E-18
6479.98481  3.859481E-18
6482.52978  7.811580E-19
6485.07475  2.088201E-18
6487.61973  1.950108E-18
6490.16470  1.557130E-18
6492.70968  6.355888E-19
6495.25465  2.413272E-18
6497.79963  2.796414E-18
6500.34460  4.645512E-18
6502.88957  2.510326E-18
6505.43455  3.162467E-18
6507.97952  1.746736E-18
6510.52450  3.455501E-18
6513.06947  2.352007E-18
6515.61445  3.656659E-18
6518.15942  3.200556E-18
6520.70440  3.573414E-18
6523.24937  3.863209E-18
6525.79434  3.709474E-18
6528.33932  3.762993E-18
6530.88429  1.602989E-18
6533.42927  3.181252E-18
6535.97424  4.443158E-18
6538.51922  4.543126E-18
6541.06419  5.070545E-18
6543.60916  5.116426E-18
6546.15414  3.853612E-18
6548.69911  4.220808E-18
6551.24409  5.896144E-18
6553.78906  4.555902E-18
6556.33404  5.963917E-18
6558.87901  5.699013E-18
6561.42398  4.988673E-18
6563.96896  5.843465E-18
6566.51393  5.454431E-18
6569.05891  5.616917E-18
6571.60388  5.665714E-18
6574.14886  6.263862E-18
6576.69383  5.822671E-18
6579.23880  4.754378E-18
6581.78378  5.205366E-18
6584.32875  6.050358E-18
6586.87373  5.099557E-18
6589.41870  5.941020E-18
6591.96368  5.468630E-18
6594.50865  4.996241E-18
6597.05362  4.550526E-18
6599.59860  5.745339E-18
6602.14357  4.980668E-18
6604.68855  5.195739E-18
6607.23352  5.410810E-18
6609.77850  5.625882E-18
6612.32347  5.840953E-18
6614.86845  4.534861E-18
6617.41342  5.643604E-18
6619.95839  4.653629E-18
6622.50337  5.854699E-18
6625.04834  5.917377E-18
6627.59332  4.831782E-18
6630.13829  4.891166E-18
6632.68327  5.776585E-18
6635.22824  5.009934E-18
6637.77321  5.069318E-18
6640.31819  5.447946E-18
6642.86316  5.792208E-18
6645.40814  5.247470E-18
6647.95311  5.361834E-18
6650.49809  4.196035E-18
6653.04306  5.858733E-18
6655.58803  5.823776E-18
6658.13301  5.081868E-18
6660.67798  4.890788E-18
6663.22296  4.163766E-18
6665.76793  3.860916E-18
6668.31291  3.390596E-18
6670.85788  4.986686E-18
6673.40285  5.457826E-18
6675.94783  4.923133E-18
6678.49280  4.259845E-18
6681.03778  4.186284E-18
6683.58275  5.114256E-18
6686.12773  3.805017E-18
6688.67270  4.588612E-18
6691.21767  4.694250E-18
6693.76265  4.857399E-18
6696.30762  3.269288E-18
6698.85260  3.844069E-18
6701.39757  4.230915E-18
6703.94255  4.605771E-18
6706.48752  4.657505E-18
6709.03250  4.337580E-18
6711.57747  3.858587E-18
6714.12244  3.658054E-18
6716.66742  3.103914E-18
6719.21239  3.343537E-18
6721.75737  3.837398E-18
6724.30234  3.984680E-18
6726.84732  3.652680E-18
6729.39229  2.636984E-18
6731.93726  3.386164E-18
6734.48224  2.825831E-18
6737.02721  3.070367E-18
6739.57219  3.387366E-18
6742.11716  3.262460E-18
6744.66214  3.086770E-18
6747.20711  3.449257E-18
6749.75208  1.377814E-18
6752.29706  3.142796E-18
6754.84203  2.850474E-18
6757.38701  2.558152E-18
6759.93198  2.265830E-18
6762.47696  1.973508E-18
6765.02193  1.681186E-18
6767.56690  1.390939E-18
6770.11188  1.421030E-18
6772.65685  1.451122E-18
6775.20183  1.481213E-18
6777.74680  1.511304E-18
6780.29178  1.541396E-18
6782.83675  1.571487E-18
6785.38173  1.596616E-18
6787.92670  8.575451E-19
6790.47167  3.969845E-21
6793.01665  4.101112E-20
6795.56162  6.141317E-20
6798.10660  9.284957E-19
6800.65157  7.592905E-19
6803.19655  1.344734E-18
6805.74152  1.840838E-19
6808.28649  -5.462908E-19
6810.83147  9.581442E-20
6813.37644  1.307851E-19
6815.92142  -3.558084E-19
6818.46639  3.109116E-19
6821.01137  1.671629E-19
6823.55634  5.244000E-19
6826.10131  -1.987750E-19
6828.64629  1.083194E-19
6831.19126  4.154137E-19
6833.73624  7.116136E-19
6836.28121  5.753580E-19
6838.82619  4.391024E-19
6841.37116  3.028468E-19
6843.91613  1.665912E-19
6846.46111  3.033561E-20
6849.00608  -1.061180E-19
6851.55106  -1.081585E-19
6854.09603  -1.101991E-19
6856.64101  -1.122396E-19
6859.18598  8.218229E-19
6861.73095  3.542580E-19
6864.27593  -7.548925E-19
6866.82090  1.600919E-19
6869.36588  -2.690022E-19
6871.91085  1.142927E-18
6874.45583  1.392612E-18
6877.00080  -5.965886E-19
6879.54578  1.206377E-18
6882.09075  -4.674859E-20
6884.63572  1.186760E-18
6887.18070  5.872137E-19
6889.72567  1.631680E-18
6892.27065  1.164958E-18
6894.81562  1.191734E-18
6897.36060  1.597457E-18
6899.90557  1.199438E-18
6902.45054  1.613291E-18
6904.99552  1.152991E-18
6907.54049  1.325253E-18
6910.08547  9.338351E-19
6912.63044  7.593955E-19
6915.17542  1.201736E-18
6917.72039  1.644077E-18
6920.26536  2.086417E-18
6922.81034  2.528758E-18
6925.35531  2.971098E-18
6927.90029  3.021111E-18
6930.44526  2.858672E-18
6932.99024  1.188004E-18
6935.53521  2.839310E-18
6938.08018  2.380376E-18
6940.62516  3.720318E-18
6943.17013  2.885055E-18
6945.71511  2.273531E-18
6948.26008  1.378612E-18
6950.80506  1.034613E-18
6953.35003  1.668816E-18
6955.89500  2.533895E-18
6958.43998  3.398595E-18
6960.98495  2.979497E-18
6963.52993  3.192925E-18
6966.07490  2.851956E-18
6968.61988  4.070510E-18
6971.16485  3.182143E-18
6973.70983  3.967112E-18
6976.25480  3.868379E-18
6978.79977  3.718711E-18
6981.34475  3.670063E-18
6983.88972  3.245472E-18
6986.43470  1.938793E-18
6988.97967  4.288743E-18
6991.52465  4.891558E-18
6994.06962  3.772881E-18
6996.61459  4.135999E-18
6999.15957  3.586841E-18
7001.70454  3.327178E-18
7004.24952  3.531681E-18
7006.79449  -1.734936E-18
7009.33947  -3.040521E-18
7011.88444  2.871953E-18
7014.42941  3.353544E-18
7016.97439  3.440573E-18
7019.51936  2.967514E-18
7022.06434  4.312067E-18
7024.60931  3.434292E-18
7027.15429  3.188785E-18
7029.69926  3.110228E-18
7032.24423  3.342355E-18
7034.78921  4.220356E-18
7037.33418  2.654693E-18
7039.87916  3.758671E-18
7042.42413  2.353630E-18
7044.96911  3.605281E-18
7047.51408  3.385967E-18
7050.05906  3.348033E-18
7052.60403  3.518902E-18
7055.14900  4.432671E-18
7057.69398  3.756202E-18
7060.23895  3.467005E-18
7062.78393  2.684208E-18
7065.32890  2.260862E-18
7067.87388  3.433988E-18
7070.41885  4.106715E-18
7072.96382  4.449914E-18
7075.50880  4.239072E-18
7078.05377  4.111103E-18
7080.59875  4.242073E-18
7083.14372  3.120251E-18
7085.68870  4.102390E-18
7088.23367  4.921048E-18
7090.77864  5.695533E-18
7093.32362  4.993057E-18
7095.86859  4.278011E-18
7098.41357  4.149879E-18
7100.95854  5.598710E-18
7103.50352  5.362618E-18
7106.04849  5.581430E-18
7108.59346  5.296896E-18
7111.13844  3.987152E-18
7113.68341  1.713009E-18
7116.22839  1.825679E-18
7118.77336  -1.789101E-18
7121.31834  4.087046E-18
7123.86331  6.074273E-18
7126.40828  6.384667E-18
7128.95326  6.442356E-18
7131.49823  7.694497E-18
7134.04321  8.313585E-18
7136.58818  7.431214E-18
7139.13316  8.107773E-18
7141.67813  6.822940E-18
7144.22311  6.472711E-18
7146.76808  7.877098E-18
7149.31305  8.480784E-18
7151.85803  9.540944E-18
7154.40300  9.810830E-18
7156.94798  9.663438E-18
7159.49295  9.326081E-18
7162.03793  1.116759E-17
7164.58290  1.029838E-17
7167.12787  1.118240E-17
7169.67285  9.756680E-18
7172.21782  1.141571E-17
7174.76280  9.754344E-18
7177.30777  1.089857E-17
7179.85275  1.085069E-17
7182.39772  1.072264E-17
7184.94269  1.122143E-17
7187.48767  1.045635E-17
7190.03264  1.251189E-17
7192.57762  1.267984E-17
7195.12259  1.105653E-17
7197.66757  1.274521E-17
7200.21254  1.200171E-17
7202.75751  1.206675E-17
7205.30249  1.243743E-17
7207.84746  1.335143E-17
7210.39244  1.271493E-17
7212.93741  1.312681E-17
7215.48239  1.256615E-17
7218.02736  1.279019E-17
7220.57234  1.315176E-17
7223.11731  1.431247E-17
7225.66228  1.272618E-17
7228.20726  1.314510E-17
7230.75223  1.305282E-17
7233.29721  1.353086E-17
7235.84218  1.320992E-17
7238.38716  1.477254E-17
7240.93213  1.123732E-17
7243.47710  1.404582E-17
7246.02208  1.477310E-17
7248.56705  1.256395E-17
7251.11203  1.410824E-17
7253.65700  1.332177E-17
7256.20198  1.392329E-17
7258.74695  1.502661E-17
7261.29192  1.343458E-17
7263.83690  1.480126E-17
7266.38187  1.386035E-17
7268.92685  1.485337E-17
7271.47182  1.145068E-17
7274.01680  1.464883E-17
7276.56177  1.419368E-17
7279.10674  1.319158E-17
7281.65172  1.381999E-17
7284.19669  1.487431E-17
7286.74167  1.296929E-17
7289.28664  1.374119E-17
7291.83162  1.204103E-17
7294.37659  1.290453E-17
7296.92156  1.378855E-17
7299.46654  1.347474E-17
7302.01151  1.302691E-17
7304.55649  1.151101E-17
7307.10146  1.320432E-17
7309.64644  1.067700E-17
7312.19141  1.100509E-17
7314.73639  1.187009E-17
7317.28136  1.213501E-17
7319.82633  1.380235E-17
7322.37131  1.253903E-17
7324.91628  1.271590E-17
7327.46126  1.026608E-17
7330.00623  1.147830E-17
7332.55121  9.347053E-18
7335.09618  1.187517E-17
7337.64115  8.374619E-18
7340.18613  1.241828E-17
7342.73110  1.151912E-17
7345.27608  1.098892E-17
7347.82105  1.118089E-17
7350.36603  9.716158E-18
7352.91100  1.008184E-17
7355.45597  9.761210E-18
7358.00095  9.983441E-18
7360.54592  9.359883E-18
7363.09090  1.030977E-17
7365.63587  9.257254E-18
7368.18085  1.024293E-17
7370.72582  7.809070E-18
7373.27079  8.370643E-18
7375.81577  8.798790E-18
7378.36074  9.737985E-18
7380.90572  9.196519E-18
7383.45069  9.418193E-18
7385.99567  9.238319E-18
7388.54064  1.004907E-17
7391.08561  8.669903E-18
7393.63059  1.026109E-17
7396.17556  9.461799E-18
7398.72054  1.120287E-17
7401.26551  9.763907E-18
7403.81049  1.189333E-17
7406.35546  1.145935E-17
7408.90044  1.102536E-17
7411.44541  1.059138E-17
7413.99038  1.078737E-17
7416.53536  1.118048E-17
7419.08033  1.087490E-17
7421.62531  1.096552E-17
7424.17028  1.060000E-17
7426.71526  1.151501E-17
7429.26023  1.141524E-17
7431.80520  1.229885E-17
7434.35018  1.195295E-17
7436.89515  1.085557E-17
7439.44013  1.262161E-17
7441.98510  1.227708E-17
7444.53008  1.184043E-17
7447.07505  1.358625E-17
7449.62002  1.472824E-17
7452.16500  1.368214E-17
7454.70997  1.464342E-17
7457.25495  1.326658E-17
7459.79992  1.242896E-17
7462.34490  1.360923E-17
7464.88987  1.382041E-17
7467.43484  1.449776E-17
7469.97982  1.421766E-17
7472.52479  1.319896E-17
7475.06977  1.342932E-17
7477.61474  1.321049E-17
7480.15972  1.226683E-17
7482.70469  1.311594E-17
7485.24967  1.481080E-17
7487.79464  1.436474E-17
7490.33961  1.418389E-17
7492.88459  1.323228E-17
7495.42956  1.368132E-17
7497.97454  1.331391E-17
7500.51951  1.282675E-17
7503.06449  1.329250E-17
7505.60946  1.229512E-17
7508.15443  1.235637E-17
7510.69941  1.281776E-17
7513.24438  1.207965E-17
7515.78936  1.101601E-17
7518.33433  1.298773E-17
7520.87931  1.096212E-17
7523.42428  1.119013E-17
7525.96925  9.993749E-18
7528.51423  1.120137E-17
7531.05920  1.107084E-17
7533.60418  1.060023E-17
7536.14915  1.133389E-17
7538.69413  1.111356E-17
7541.23910  1.011296E-17
7543.78407  1.014910E-17
7546.32905  1.000846E-17
7548.87402  1.055414E-17
7551.41900  1.030409E-17
7553.96397  1.066822E-17
7556.50895  9.456401E-18
7559.05392  9.677819E-18
7561.59889  7.374639E-18
7564.14387  8.517716E-18
7566.68884  9.022908E-18
7569.23382  9.784798E-18
7571.77879  8.716135E-18
7574.32377  1.030841E-17
7576.86874  8.061578E-18
7579.41372  7.352847E-18
7581.95869  8.155312E-18
7584.50366  7.593871E-18
7587.04864  7.856547E-18
7589.59361  5.386454E-18
7592.13859  6.741852E-18
7594.68356  5.896913E-18
7597.22854  5.051973E-18
7599.77351  4.207032E-18
7602.31848  3.362093E-18
7604.86346  2.517153E-18
7607.40843  1.001977E-18
7609.95341  1.526762E-18
7612.49838  1.369521E-18
7615.04336  3.131669E-18
7617.58833  2.618828E-18
7620.13330  3.533977E-18
7622.67828  1.927549E-18
7625.22325  2.769850E-18
7627.76823  1.766653E-18
7630.31320  9.474803E-19
7632.85818  1.894013E-18
7635.40315  2.892347E-18
7637.94812  2.308490E-18
7640.49310  1.729098E-18
7643.03807  1.835628E-18
7645.58305  2.923538E-18
7648.12802  1.408179E-18
7650.67300  1.852028E-18
7653.21797  1.927309E-18
7655.76294  2.540900E-18
7658.30792  1.813712E-18
7660.85289  2.003569E-18
7663.39787  2.201827E-18
7665.94284  1.808314E-18
7668.48782  1.742995E-18
7671.03279  1.538001E-18
7673.57777  2.742046E-18
7676.12274  8.531489E-19
7678.66771  2.219091E-18
7681.21269  2.691477E-18
7683.75766  6.527446E-19
7686.30264  -2.815387E-18
7688.84761  2.439100E-18
7691.39259  2.270023E-18
7693.93756  2.113971E-18
7696.48253  2.635178E-18
7699.02751  1.604126E-18
7701.57248  3.535372E-18
7704.11746  1.337244E-18
7706.66243  3.651172E-18
7709.20741  4.514080E-19
7711.75238  2.305055E-18
7714.29735  1.605032E-18
7716.84233  2.514326E-18
7719.38730  1.665866E-18
7721.93228  1.774093E-18
7724.47725  1.782666E-18
7727.02223  3.998428E-18
7729.56720  3.633807E-18
7732.11217  1.481539E-18
7734.65715  -1.551057E-18
7737.20212  6.575256E-19
7739.74710  2.615795E-18
7742.29207  1.199734E-18
7744.83705  1.592364E-18
7747.38202  3.581388E-18
7749.92700  2.110490E-18
7752.47197  5.471147E-18
7755.01694  9.138771E-19
7757.56192  2.399728E-18
7760.10689  1.374711E-18
7762.65187  1.838443E-18
7765.19684  2.741906E-18
7767.74182  2.508333E-18
7770.28679  3.454967E-18
7772.83176  3.846063E-18
7775.37674  1.483897E-18
7777.92171  1.896378E-18
7780.46669  1.809366E-18
7783.01166  2.650631E-18
7785.55664  2.414229E-18
7788.10161  2.177827E-18
7790.64658  1.941426E-18
7793.19156  1.705024E-18
7795.73653  9.448928E-19
7798.28151  2.094446E-18
7800.82648  4.638478E-18
7803.37146  3.411425E-18
7805.91643  2.817230E-18
7808.46140  2.607691E-18
7811.00638  2.224668E-18
7813.55135  2.054708E-18
7816.09633  4.027926E-18
7818.64130  2.722186E-18
7821.18628  2.752591E-18
7823.73125  2.285430E-18
7826.27622  5.701112E-18
7828.82120  3.037439E-18
7831.36617  3.227244E-18
7833.91115  3.416308E-18
7836.45612  2.409906E-18
7839.00110  2.930583E-18
7841.54607  2.952998E-18
7844.09105  4.401708E-18
7846.63602  1.332635E-18
7849.18099  4.198841E-18
7851.72597  1.806136E-18
7854.27094  2.525339E-18
7856.81592  2.187031E-18
7859.36089  5.004243E-18
7861.90587  3.576207E-18
7864.45084  4.970341E-18
7866.99581  4.360518E-18
7869.54079  3.137033E-18
7872.08576  2.594411E-18
7874.63074  2.634412E-18
7877.17571  2.120980E-18
7879.72069  4.155554E-18
7882.26566  5.546724E-18
7884.81063  3.157273E-18
7887.35561  3.590711E-18
7889.90058  1.967045E-18
7892.44556  4.476069E-18
7894.99053  1.931511E-18
7897.53551  5.148480E-18
7900.08048  3.567866E-18
7902.62545  3.875512E-18
7905.17043  3.292282E-18
7907.71540  5.167638E-18
7910.26038  3.884339E-18
7912.80535  3.572359E-18
7915.35033  4.237835E-19
7917.89530  4.817086E-18
7920.44027  2.856977E-18
7922.98525  3.025024E-18
7925.53022  4.064335E-18
7928.07520  3.181929E-18
7930.62017  4.075265E-18
7933.16515  3.484418E-18
7935.71012  5.268924E-18
7938.25510  2.882141E-18
7940.80007  3.279283E-18
7943.34504  4.322309E-18
7945.89002  4.841521E-18
7948.43499  5.924820E-18
7950.97997  4.846400E-18
7953.52494  3.793454E-18
7956.06992  2.227977E-18
7958.61489  3.848330E-18
7961.15986  2.057601E-18
7963.70484  3.204147E-18
7966.24981  2.197659E-18
7968.79479  5.198893E-18
7971.33976  3.288430E-18
7973.88474  4.111165E-18
7976.42971  5.488915E-18
7978.97468  3.289685E-18
7981.51966  3.737721E-18
7984.06463  4.310870E-18
7986.60961  3.240181E-18
7989.15458  4.872369E-18
7991.69956  4.125933E-18
7994.24453  5.588393E-18
7996.78950  1.813167E-18
7999.33448  5.449564E-18
8001.87945  3.055523E-18
8004.42443  3.336311E-18
8006.96940  3.219850E-18
8009.51438  1.723198E-18
8012.05935  5.355816E-18
8014.60433  3.312577E-18
8017.14930  4.639240E-18
8019.69427  1.469185E-18
8022.23925  4.469717E-18
8024.78422  3.163340E-18
8027.32920  3.025020E-18
8029.87417  3.302815E-18
8032.41915  5.825001E-18
8034.96412  3.170847E-18
8037.50909  2.995184E-18
8040.05407  3.411781E-18
8042.59904  3.532237E-18
8045.14402  3.898448E-18
8047.68899  3.938244E-18
8050.23397  4.386049E-18
8052.77894  3.170105E-18
8055.32391  3.375665E-18
8057.86889  1.551078E-18
8060.41386  3.549175E-18
8062.95884  4.646985E-18
8065.50381  2.690986E-18
8068.04879  2.760845E-18
8070.59376  3.445537E-18
8073.13873  1.731872E-18
8075.68371  1.765440E-18
8078.22868  3.498938E-18
8080.77366  3.582463E-18
8083.31863  2.060008E-18
8085.86361  1.526040E-18
8088.40858  2.933613E-18
8090.95355  3.616351E-18
8093.49853  2.603213E-18
8096.04350  2.984619E-18
8098.58848  1.690019E-18
8101.13345  1.648028E-18
8103.67843  3.657827E-18
8106.22340  2.813826E-18
8108.76838  2.009469E-18
8111.31335  2.853747E-18
8113.85832  2.967549E-18
8116.40330  2.447558E-18
8118.94827  2.088005E-18
8121.49325  2.199141E-18
8124.03822  2.640595E-18
8126.58320  2.294925E-18
8129.12817  1.662725E-18
8131.67314  1.682542E-18
8134.21812  1.876251E-18
8136.76309  2.056840E-18
8139.30807  1.313370E-18
8141.85304  1.771488E-18
8144.39802  1.588639E-18
8146.94299  1.878625E-18
8149.48796  1.630850E-18
8152.03294  1.349888E-18
8154.57791  1.818675E-18
8157.12289  2.081454E-18
8159.66786  1.010559E-18
8162.21284  1.595302E-18
8164.75781  2.507820E-18
8167.30278  1.349518E-18
8169.84776  1.726184E-18
8172.39273  1.533428E-18
8174.93771  1.400172E-18
8177.48268  1.697189E-18
8180.02766  1.540337E-18
8182.57263  1.592826E-18
8185.11760  1.073502E-18
8187.66258  1.985634E-18
8190.20755  9.390293E-19
8192.75253  1.023130E-19
8195.29750  2.150169E-18
8197.84248  1.825973E-18
8200.38745  1.501776E-18
8202.93243  1.177579E-18
8205.47740  1.089686E-18
8208.02237  2.142420E-18
8210.56735  2.439587E-18
8213.11232  1.591905E-18
8215.65730  7.670264E-20
8218.20227  3.053247E-19
8220.74725  2.357584E-18
8223.29222  1.957808E-18
8225.83719  1.427890E-18
8228.38217  1.018946E-18
8230.92714  8.327947E-19
8233.47212  1.231315E-18
8236.01709  1.234379E-18
8238.56207  7.501688E-19
8241.10704  1.873155E-19
8243.65201  1.576889E-18
8246.19699  -2.447125E-19
8248.74196  7.440664E-19
8251.28694  8.398711E-19
8253.83191  2.206054E-18
8256.37689  1.914093E-18
8258.92186  1.169705E-18
8261.46683  1.425745E-18
8264.01181  1.533940E-18
8266.55678  2.845333E-19
8269.10176  2.236025E-19
8271.64673  1.029731E-18
8274.19171  1.120670E-18
8276.73668  1.237993E-18
8279.28166  -1.855107E-19
8281.82663  2.983696E-20
8284.37160  2.789456E-18
8286.91658  1.258317E-18
8289.46155  3.403687E-18
8292.00653  -1.401605E-18
8294.55150  4.955444E-19
8297.09648  1.686953E-18
8299.64145  1.663221E-18
8302.18642  -2.650526E-19
8304.73140  1.961043E-18
8307.27637  1.751466E-18
8309.82135  8.752736E-19
8312.36632  -3.321161E-19
8314.91130  8.841789E-19
8317.45627  1.881701E-19
8320.00124  8.781841E-19
8322.54622  3.952006E-19
8325.09119  1.551246E-18
8327.63617  1.387111E-18
8330.18114  2.230532E-18
8332.72612  2.336418E-18
8335.27109  1.614464E-18
8337.81606  8.925104E-19
8340.36104  1.705566E-19
8342.90601  5.608790E-19
8345.45099  2.461027E-18
8347.99596  3.311969E-19
8350.54094  -3.336375E-19
8353.08591  -1.988404E-19
8355.63088  -6.404330E-20
8358.17586  7.075382E-20
8360.72083  2.055509E-19
8363.26581  3.403481E-19
8365.81078  8.538301E-19
8368.35576  9.849482E-19
8370.90073  1.263017E-18
8373.44571  1.230754E-18
8375.99068  1.366885E-18
8378.53565  3.367789E-18
8381.08063  1.794298E-18
8383.62560  2.736675E-18
8386.17058  2.756344E-18
8388.71555  2.475561E-18
8391.26053  -8.248813E-19
8393.80550  4.676639E-18
8396.35047  -2.612501E-20
8398.89545  1.921838E-18
8401.44042  1.438138E-18
8403.98540  4.095567E-18
8406.53037  4.898970E-20
8409.07535  6.396853E-19
8411.62032  7.696888E-19
8414.16529  1.096188E-18
8416.71027  1.515827E-18
8419.25524  1.809677E-18
8421.80022  2.377376E-18
8424.34519  -2.754584E-19
8426.89017  -5.529989E-18
8429.43514  -6.734830E-19
8431.98011  -2.622332E-19
8434.52509  1.109949E-18
8437.07006  1.102988E-18
8439.61504  3.421088E-18
8442.16001  2.749932E-18
8444.70499  2.713004E-18
8447.24996  -3.028109E-19
8449.79493  6.930138E-19
8452.33991  1.617386E-18
8454.88488  4.100484E-18
8457.42986  9.808585E-19
8459.97483  1.501298E-18
8462.51981  5.002703E-20
8465.06478  9.525582E-19
8467.60976  8.848099E-19
8470.15473  4.845399E-18
8472.69970  1.423120E-18
8475.24468  -4.054989E-19
8477.78965  -1.313702E-18
8480.33463  3.068677E-18
8482.87960  1.877312E-18
8485.42458  1.412864E-18
8487.96955  1.850024E-18
8490.51452  3.922467E-18
8493.05950  5.260136E-18
8495.60447  3.439604E-18
8498.14945  2.989970E-18
8500.69442  8.267787E-19
8503.23940  3.237170E-18
8505.78437  4.006980E-18
8508.32934  4.659156E-18
8510.87432  2.655959E-18
8513.41929  3.883091E-18
8515.96427  3.193212E-18
8518.50924  4.303843E-18
8521.05422  3.063313E-18
8523.59919  3.580127E-18
8526.14416  3.832195E-18
8528.68914  2.528608E-18
8531.23411  3.251833E-18
8533.77909  2.836449E-18
8536.32406  3.247234E-18
8538.86904  4.293908E-18
8541.41401  2.961051E-18
8543.95899  3.341096E-18
8546.50396  5.711866E-18
8549.04893  5.791213E-18
8551.59391  4.400547E-18
8554.13888  3.620761E-18
8556.68386  3.441577E-18
8559.22883  4.439573E-18
8561.77381  4.929707E-18
8564.31878  4.554050E-18
8566.86375  4.125699E-18
8569.40873  5.428149E-18
8571.95370  3.955784E-18
8574.49868  3.592775E-18
8577.04365  4.393401E-18
8579.58863  5.430597E-18
8582.13360  5.379664E-18
8584.67857  5.533741E-18
8587.22355  4.498206E-18
8589.76852  4.839579E-18
8592.31350  6.543158E-18
8594.85847  4.192675E-18
8597.40345  3.723352E-18
8599.94842  6.038426E-18
8602.49339  6.337264E-18
8605.03837  4.804133E-18
8607.58334  5.121675E-18
8610.12832  5.132372E-18
8612.67329  6.005296E-18
8615.21827  6.486816E-18
8617.76324  4.935878E-18
8620.30821  4.930660E-18
8622.85319  7.873979E-18
8625.39816  7.342630E-18
8627.94314  5.374396E-18
8630.48811  5.640101E-18
8633.03309  7.803919E-18
8635.57806  6.006005E-18
8638.12304  -2.178860E-18
8640.66801  -1.274428E-19
8643.21298  5.433030E-18
8645.75796  8.441329E-18
8648.30293  8.470535E-18
8650.84791  6.141168E-18
8653.39288  6.459715E-18
8655.93786  6.794967E-18
8658.48283  6.081149E-18
8661.02780  6.030059E-18
8663.57278  8.039780E-18
8666.11775  8.239272E-18
8668.66273  6.804357E-18
8671.20770  7.340689E-18
8673.75268  8.091413E-18
8676.29765  7.878914E-18
8678.84262  6.794352E-18
8681.38760  8.544738E-18
8683.93257  8.999995E-18
8686.47755  7.964865E-18
8689.02252  8.590558E-18
8691.56750  7.102749E-18
8694.11247  5.974193E-18
8696.65744  7.388228E-18
8699.20242  8.279069E-18
8701.74739  8.592226E-18
8704.29237  8.794646E-18
8706.83734  7.561372E-18
8709.38232  6.074894E-18
8711.92729  7.219275E-18
8714.47227  6.359749E-18
8717.01724  7.723593E-18
8719.56221  8.510350E-18
8722.10719  7.915388E-18
8724.65216  7.592627E-18
8727.19714  7.754513E-18
8729.74211  8.072106E-18
8732.28709  8.531449E-18
8734.83206  8.445365E-18
8737.37703  7.925727E-18
8739.92201  8.928651E-18
8742.46698  7.817846E-18
8745.01196  7.192875E-18
8747.55693  6.551863E-18
8750.10191  6.758247E-18
8752.64688  7.555655E-18
8755.19185  9.470552E-18
8757.73683  8.130350E-18
8760.28180  7.414512E-18
8762.82678  5.647709E-18
8765.37175  9.797268E-18
8767.91673  5.037729E-18
8770.46170  7.864468E-18
8773.00667  8.055317E-18
8775.55165  5.411516E-18
8778.09662  5.254189E-18
8780.64160  5.618934E-18
8783.18657  6.900683E-18
8785.73155  7.358077E-18
8788.27652  8.078477E-18
8790.82149  6.731085E-18
8793.36647  7.980043E-18
8795.91144  8.612046E-18
8798.45642  6.691722E-18
8801.00139  6.873535E-18
8803.54637  7.481541E-18
8806.09134  8.361169E-18
8808.63632  7.678946E-18
8811.18129  6.363550E-18
8813.72626  5.969140E-18
8816.27124  5.879840E-18
8818.81621  1.044775E-17
8821.36119  7.652699E-18
8823.90616  1.474276E-17
8826.45114  9.916573E-18
8828.99611  4.908436E-18
8831.54108  5.487266E-18
8834.08606  1.091331E-17
8836.63103  1.039858E-17
8839.17601  7.562952E-18
8841.72098  6.446854E-18
8844.26596  5.132974E-18
8846.81093  4.483240E-18
8849.35590  6.395700E-18
8851.90088  7.577785E-18
8854.44585  6.595187E-18
8856.99083  7.035258E-18
8859.53580  5.774703E-18
8862.08078  6.875069E-18
8864.62575  5.783066E-18
8867.17072  6.491371E-18
8869.71570  7.601788E-18
8872.26067  8.413285E-18
8874.80565  5.129660E-18
8877.35062  6.156576E-18
8879.89560  4.387400E-18
8882.44057  1.024055E-17
8884.98554  9.597073E-18
8887.53052  1.196361E-17
8890.07549  8.812967E-18
8892.62047  6.323692E-18
8895.16544  6.335008E-18
8897.71042  5.455990E-18
8900.25539  8.333616E-18
8902.80037  8.042331E-18
8905.34534  8.834033E-18
8907.89031  5.365440E-18
8910.43529  6.459898E-18
8912.98026  5.138793E-18
8915.52524  2.399225E-18
8918.07021  5.090288E-18
8920.61519  7.674192E-18
8923.16016  9.636483E-18
8925.70513  5.319068E-18
8928.25011  8.057820E-18
8930.79508  5.073224E-18
8933.34006  5.575566E-18
8935.88503  4.603744E-18
8938.43001  6.605793E-18
8940.97498  6.171156E-18
8943.51995  6.279566E-18
8946.06493  5.390884E-18
8948.60990  3.903040E-18
8951.15488  8.424402E-18
8953.69985  1.346613E-17
8956.24483  3.559107E-18
8958.78980  9.325264E-18
8961.33477  7.494568E-18
8963.87975  4.837472E-18
8966.42472  4.487227E-18
8968.96970  5.456188E-18
8971.51467  5.969079E-18
8974.05965  5.371385E-18
8976.60462  5.228462E-18
8979.14960  7.407112E-18
8981.69457  3.414770E-18
8984.23954  4.876592E-18
8986.78452  2.325063E-18
8989.32949  4.528182E-18
8991.87447  6.804420E-18
8994.41944  5.829143E-18
8996.96442  3.941183E-18
8999.50939  5.948144E-18
9002.05436  3.852389E-18
9004.59934  5.139707E-18
9007.14431  4.418077E-18
9009.68929  5.927050E-18
9012.23426  5.334620E-18
9014.77924  5.000802E-18
9017.32421  4.555145E-18
9019.86918  4.582222E-18
9022.41416  3.801428E-18
9024.95913  3.865732E-18
9027.50411  6.453568E-18
9030.04908  6.317841E-18
9032.59406  6.012173E-18
9035.13903  6.127371E-18
9037.68400  4.598615E-18
9040.22898  5.147116E-18
9042.77395  5.887422E-18
9045.31893  6.931666E-18
9047.86390  8.715106E-18
9050.40888  8.441588E-18
9052.95385  6.857302E-18
9055.49882  4.680410E-18
9058.04380  5.425918E-18
9060.58877  4.337608E-18
9063.13375  4.157441E-18
9065.67872  5.315035E-18
9068.22370  5.825764E-18
9070.76867  5.633540E-18
9073.31365  5.303509E-18
9075.85862  4.387889E-18
9078.40359  4.283946E-18
9080.94857  4.541232E-18
9083.49354  6.263876E-18
9086.03852  7.027732E-18
9088.58349  5.429670E-18
9091.12847  5.128138E-18
9093.67344  5.690568E-18
9096.21841  4.195616E-18
9098.76339  3.178272E-18
9101.30836  5.346608E-18
9103.85334  5.497707E-18
9106.39831  4.175578E-18
9108.94329  5.155815E-18
9111.48826  4.506141E-18
9114.03323  3.482655E-18
9116.57821  4.171726E-18
9119.12318  5.701010E-18
9121.66816  5.688978E-18
9124.21313  4.815188E-18
9126.75811  4.742322E-18
9129.30308  3.955164E-18
9131.84805  1.541964E-18
9134.39303  3.032511E-18
9136.93800  4.394173E-18
9139.48298  5.661756E-18
9142.02795  6.184348E-18
9144.57293  4.374522E-18
9147.11790  3.340104E-18
9149.66287  3.596234E-18
9152.20785  3.843552E-18
9154.75282  5.474338E-18
9157.29780  5.185638E-18
9159.84277  6.240138E-18
9162.38775  4.222611E-18
9164.93272  2.433337E-18
9167.47770  3.697330E-18
9170.02267  3.711355E-18
9172.56764  3.766874E-18
9175.11262  5.525206E-18
9177.65759  5.502836E-18
9180.20257  5.553899E-18
9182.74754  4.427215E-18
9185.29252  3.241641E-18
9187.83749  4.148248E-18
9190.38246  4.494179E-18
9192.92744  4.978459E-18
9195.47241  5.451724E-18
9198.01739  5.146121E-18
9200.56236  4.553620E-18
9203.10734  3.972525E-18
9205.65231  5.592681E-18
9208.19728  4.114013E-18
9210.74226  4.879940E-18
9213.28723  5.517382E-18
9215.83221  6.444742E-18
9218.37718  5.347311E-18
9220.92216  4.195208E-18
9223.46713  5.669519E-18
9226.01210  4.976470E-18
9228.55708  6.011819E-18
9231.10205  4.695851E-18
9233.64703  6.088718E-18
9236.19200  5.810376E-18
9238.73698  3.979674E-18
9241.28195  3.370944E-18
9243.82693  4.178520E-18
9246.37190  4.828286E-18
9248.91687  5.079108E-18
9251.46185  6.521900E-18
9254.00682  7.564687E-18
9256.55180  5.550045E-18
9259.09677  6.186831E-18
9261.64175  6.195761E-18
9264.18672  6.528454E-18
9266.73169  7.735963E-18
9269.27667  7.462020E-18
9271.82164  7.067553E-18
9274.36662  6.565196E-18
9276.91159  5.733159E-18
9279.45657  6.722477E-18
9282.00154  6.505863E-18
9284.54651  6.866698E-18
9287.09149  6.541712E-18
9289.63646  6.754752E-18
9292.18144  7.352445E-18
9294.72641  6.094510E-18
9297.27139  6.061375E-18
9299.81636  3.815837E-18
9302.36133  4.831108E-18
9304.90631  5.018217E-18
9307.45128  1.053784E-17
9309.99626  1.088101E-17
9312.54123  9.441786E-18
9315.08621  6.474540E-18
9317.63118  3.895755E-18
9320.17615  4.645030E-18
9322.72113  3.459391E-18
9325.26610  5.293683E-18
9327.81108  8.026369E-18
9330.35605  8.356860E-18
9332.90103  7.005538E-18
9335.44600  6.318133E-18
9337.99098  5.470343E-18
9340.53595  5.229770E-18
9343.08092  4.755726E-18
9345.62590  5.787224E-18
9348.17087  6.925643E-18
9350.71585  5.870350E-18
9353.26082  5.665903E-18
9355.80580  5.255049E-18
9358.35077  5.223079E-18
9360.89574  6.650346E-18
9363.44072  7.002406E-18
9365.98569  7.564404E-18
9368.53067  1.031215E-17
9371.07564  1.031843E-17
9373.62062  7.851866E-18
9376.16559  5.506031E-18
9378.71056  6.142825E-18
9381.25554  8.408662E-18
9383.80051  6.451065E-18
9386.34549  7.541885E-18
9388.89046  6.666482E-18
9391.43544  8.007701E-18
9393.98041  6.808286E-18
9396.52538  7.428789E-18
9399.07036  5.826910E-18
9401.61533  6.437688E-18
9404.16031  8.548414E-18
9406.70528  8.941146E-18
9409.25026  7.642506E-18
9411.79523  6.631887E-18
9414.34020  7.073655E-18
9416.88518  6.219645E-18
9419.43015  4.557768E-18
9421.97513  6.004372E-18
9424.52010  7.022726E-18
9427.06508  6.609609E-18
9429.61005  6.271357E-18
9432.15503  5.375604E-18
9434.70000  2.659826E-18
9437.24497  1.179246E-18
9439.78995  2.110542E-18
9442.33492  3.819789E-18
9444.87990  5.679243E-18
9447.42487  6.686778E-18
9449.96985  6.913005E-18
9452.51482  6.277806E-18
9455.05979  5.071294E-18
9457.60477  4.285299E-18
9460.14974  4.305820E-18
9462.69472  5.841384E-18
9465.23969  5.573104E-18
9467.78467  6.727045E-18
9470.32964  1.068833E-17
9472.87461  9.139944E-18
9475.41959  7.704628E-18
9477.96456  6.665924E-18
9480.50954  4.023837E-18
9483.05451  6.474812E-18
9485.59949  5.642446E-18
9488.14446  6.344545E-18
9490.68943  4.850747E-18
9493.23441  4.756199E-18
9495.77938  5.077996E-18
9498.32436  3.144809E-18
9500.86933  3.345046E-18
9503.41431  3.709379E-18
9505.95928  5.521521E-18
9508.50426  6.588067E-18
9511.04923  6.396207E-18
9513.59420  8.379013E-18
9516.13918  6.747387E-18
9518.68415  4.669247E-18
9521.22913  5.559928E-18
9523.77410  4.742098E-18
9526.31908  4.139342E-18
9528.86405  4.334830E-18
9531.40902  5.270798E-18
9533.95400  4.884696E-18
9536.49897  5.501761E-18
9539.04395  5.741287E-18
9541.58892  5.753303E-18
9544.13390  6.702338E-18
9546.67887  6.270953E-18
9549.22384  5.504107E-18
9551.76882  5.414889E-18
9554.31379  4.249989E-18
9556.85877  3.103124E-18
9559.40374  3.353136E-18
9561.94872  4.419760E-18
9564.49369  5.944523E-18
9567.03866  6.312626E-18
9569.58364  5.404382E-18
9572.12861  4.441663E-18
9574.67359  5.254587E-18
9577.21856  5.530964E-18
9579.76354  5.385532E-18
9582.30851  4.683898E-18
9584.85348  4.321702E-18
9587.39846  4.506574E-18
9589.94343  4.163099E-18
9592.48841  3.665696E-18
9595.03338  3.288885E-18
9597.57836  3.800474E-18
9600.12333  3.368369E-18
9602.66831  3.871623E-18
9605.21328  3.960931E-18
9607.75825  3.343533E-18
9610.30323  4.383825E-18
9612.84820  5.891010E-18
9615.39318  5.833231E-18
9617.93815  4.887158E-18
9620.48313  5.411302E-18
9623.02810  4.734548E-18
9625.57307  3.404764E-18
9628.11805  3.868720E-18
9630.66302  4.184898E-18
9633.20800  3.824210E-18
9635.75297  5.717067E-18
9638.29795  5.292124E-18
9640.84292  4.203766E-18
9643.38789  5.219707E-18
9645.93287  4.181790E-18
9648.47784  4.140829E-18
9651.02282  4.904494E-18
9653.56779  4.149225E-18
9656.11277  4.711990E-18
9658.65774  5.182454E-18
9661.20271  4.086213E-18
9663.74769  4.896369E-18
9666.29266  4.634164E-18
9668.83764  4.899328E-18
9671.38261  5.002770E-18
9673.92759  4.146288E-18
9676.47256  4.352669E-18
9679.01753  3.746961E-18
9681.56251  4.429974E-18
9684.10748  3.913538E-18
9686.65246  3.397102E-18
9689.19743  2.880666E-18
9691.74241  2.364230E-18
9694.28738  1.847794E-18
9696.83236  5.125703E-18
9699.37733  2.900513E-18
9701.92230  5.832533E-18
9704.46728  3.779065E-18
9707.01225  5.116124E-18
9709.55723  5.004805E-18
9712.10220  3.892693E-18
9714.64718  3.117695E-18
9717.19215  2.956628E-18
9719.73712  2.996623E-18
9722.28210  2.502265E-18
9724.82707  4.020756E-18
9727.37205  3.474958E-18
9729.91702  4.745067E-18
9732.46200  4.181009E-18
9735.00697  3.897377E-18
9737.55194  3.929272E-18
9740.09692  2.774318E-18
9742.64189  4.022509E-18
9745.18687  3.804288E-18
9747.73184  3.586651E-18
9750.27682  3.788222E-18
9752.82179  3.846263E-18
9755.36676  4.555633E-18
9757.91174  4.608437E-18
9760.45671  4.018764E-18
9763.00169  4.008045E-18
9765.54666  3.389316E-18
9768.09164  4.188210E-18
9770.63661  4.051180E-18
9773.18159  5.268097E-18
9775.72656  4.697374E-18
9778.27153  5.078199E-18
9780.81651  6.630703E-18
9783.36148  4.914670E-18
9785.90646  2.478223E-18
9788.45143  2.208642E-18
9790.99641  1.189100E-18
9793.54138  2.883006E-18
9796.08635  2.346946E-18
9798.63133  3.296327E-18
9801.17630  5.585682E-18
9803.72128  4.679006E-18
9806.26625  3.353374E-18
9808.81123  2.525665E-18
9811.35620  3.285025E-18
9813.90117  3.575661E-18
9816.44615  3.184908E-18
9818.99112  3.685504E-18
9821.53610  3.178382E-18
9824.08107  4.918755E-18
9826.62605  1.125917E-18
9829.17102  1.518272E-18
9831.71599  1.910628E-18
9834.26097  2.302982E-18
9836.80594  2.695337E-18
9839.35092  3.087693E-18
9841.89589  3.480048E-18
9844.44087  3.895156E-18
9846.98584  3.957948E-18
9849.53081  3.544682E-18
9852.07579  4.075270E-18
9854.62076  3.794500E-18
9857.16574  3.413867E-18
9859.71071  2.832519E-18
9862.25569  8.044930E-19
9864.80066  7.900474E-19
9867.34564  3.462981E-18
9869.89061  4.088998E-18
9872.43558  3.739439E-18
9874.98056  4.069706E-18
9877.52553  3.568400E-18
9880.07051  2.976387E-18
9882.61548  2.950312E-18
9885.16046  1.667034E-18
9887.70543  6.069966E-19
9890.25040  1.517929E-18
9892.79538  1.229042E-18
9895.34035  2.710552E-18
9897.88533  3.846295E-18
9900.43030  2.866658E-18
9902.97528  3.343212E-18
9905.52025  3.246084E-18
9908.06522  4.673440E-19
9910.61020  -7.099634E-19
9913.15517  -5.106269E-19
9915.70015  2.603139E-20
9918.24512  2.715927E-18
9920.79010  3.363448E-18
9923.33507  3.297952E-18
9925.88004  3.081708E-18
9928.42502  2.227041E-18
9930.96999  1.970664E-18
9933.51497  5.826635E-19
9936.05994  -7.489275E-19
9938.60492  5.891993E-19
9941.14989  8.914464E-19
9943.69486  1.643944E-18
9946.23984  3.358860E-18
9948.78481  3.825420E-18
9951.32979  3.290142E-18
9953.87476  2.065088E-18
9956.41974  5.807190E-19
9958.96471  4.246432E-19
9961.50969  7.314681E-19
9964.05466  2.398651E-18
9966.59963  2.851472E-18
9969.14461  2.520733E-18
9971.68958  3.052131E-18
9974.23456  1.561553E-18
9976.77953  1.812663E-18
9979.32451  2.673903E-18
9981.86948  2.623872E-18
9984.41445  1.872654E-18
9986.95943  2.220670E-18
9989.50440  2.584443E-18
9992.04938  2.001730E-18
9994.59435  2.248794E-18
9997.13933  1.299317E-18
9999.68430  1.463304E-18
10002.2292  1.588137E-18
10004.7742  2.563614E-18
10007.3192  3.710581E-18
10009.8642  3.850273E-18
10012.4091  2.895605E-18
10014.9541  1.366645E-18
10017.4991  5.852771E-19
10020.0440  -5.604508E-19
10022.5890  4.832408E-19
10025.1340  2.177015E-18
10027.6790  2.065696E-18
10030.2239  2.244815E-18
10032.7689  2.732466E-18
10035.3139  1.547976E-18
10037.8589  2.197453E-18
10040.4038  2.959468E-18
10042.9488  2.448968E-18
10045.4938  2.345143E-18
10048.0388  3.176017E-18
10050.5837  3.463258E-18
10053.1287  3.169753E-18
10055.6737  2.962545E-18
10058.2187  2.013527E-18
10060.7636  1.743348E-18
10063.3086  2.298656E-18
10065.8536  2.984864E-18
10068.3986  2.705213E-18
10070.9435  2.607420E-18
10073.4885  3.491760E-18
10076.0335  3.144461E-18
10078.5785  1.620977E-18
10081.1234  1.735145E-18
10083.6684  2.437046E-18
10086.2134  3.110894E-18
10088.7584  3.614175E-18
10091.3033  3.519193E-18
10093.8483  3.170423E-18
10096.3933  3.135622E-18
10098.9383  2.502946E-18
10101.4832  2.139129E-18
10104.0282  2.521897E-18
10106.5732  3.846976E-18
10109.1182  4.051149E-18
10111.6631  3.580077E-18
10114.2081  3.901413E-18
10116.7531  3.542182E-18
10119.2980  3.263845E-18
10121.8430  3.098274E-18
10124.3880  1.897187E-18
10126.9330  3.159435E-18
10129.4779  3.575527E-18
10132.0229  2.455358E-18
10134.5679  2.966178E-18
10137.1129  2.852656E-18
10139.6578  3.175152E-18
10142.2028  3.361315E-18
10144.7478  3.061395E-18
10147.2928  3.385851E-18
10149.8377  3.992923E-18
10152.3827  3.657578E-18
10154.9277  3.101298E-18
10157.4727  3.437922E-18
10160.0176  3.181311E-18
10162.5626  2.667336E-18
10165.1076  1.904757E-18
10167.6526  2.070769E-18
10170.1975  2.929654E-18
10172.7425  2.876340E-18
10175.2875  3.158186E-18
10177.8325  4.680618E-18
10180.3774  3.769156E-18
10182.9224  3.513613E-18
10185.4674  4.242493E-18
10188.0124  3.142320E-18
10190.5573  2.749552E-18
10193.1023  4.132262E-18
10195.6473  4.148721E-18
10198.1923  4.002083E-18
10200.7372  4.135414E-18
10203.2822  3.543749E-18
10205.8272  4.485086E-18
10208.3722  3.860713E-18
10210.9171  2.960295E-18
10213.4621  4.083685E-18
10216.0071  4.158833E-18
10218.5520  3.728702E-18
10221.0970  4.316747E-18
10223.6420  4.174986E-18
10226.1870  4.669865E-18
10228.7319  5.106509E-18
10231.2769  4.037657E-18
10233.8219  3.099689E-18
10236.3669  3.615681E-18
10238.9118  3.653788E-18
10241.4568  3.720471E-18
10244.0018  3.377232E-18
10246.5468  3.075696E-18
10249.0917  3.802027E-18
10251.6367  4.724321E-18
10254.1817  4.418366E-18
10256.7267  3.676940E-18
10259.2716  3.838935E-18
10261.8166  3.956680E-18
10264.3616  4.521191E-18
10266.9066  4.485518E-18
10269.4515  4.387382E-18
10271.9965  4.834897E-18
10274.5415  4.793585E-18
10277.0865  2.672234E-18
10279.6314  -1.514744E-18
10282.1764  -2.109494E-18
10284.7214  -1.654740E-19
10287.2664  2.700151E-18
10289.8113  3.986726E-18
10292.3563  3.552829E-18
10294.9013  4.229451E-18
10297.4463  5.000144E-18
10299.9912  3.597678E-18
10302.5362  3.115938E-18
10305.0812  1.232148E-18
10307.6261  4.151786E-19
10310.1711  -2.794088E-19
10312.7161  -1.048969E-18
10315.2611  1.763433E-18
10317.8060  5.141600E-18
10320.3510  4.170820E-18
10322.8960  3.752381E-18
10325.4410  4.323474E-18
10327.9859  4.862258E-18
10330.5309  5.063631E-18
10333.0759  5.010094E-18
10335.6209  4.838885E-18
10338.1658  4.946922E-18
10340.7108  4.624364E-18
10343.2558  4.726530E-18
10345.8008  5.475603E-18
10348.3457  5.758133E-18
10350.8907  5.045215E-18
10353.4357  4.518421E-18
10355.9807  5.041589E-18
10358.5256  4.408261E-18
10361.0706  4.620896E-18
10363.6156  5.244493E-18
10366.1606  5.950203E-18
10368.7055  4.133623E-18
10371.2505  1.819132E-18
10373.7955  3.196219E-18
10376.3405  4.675266E-18
10378.8854  4.360556E-18
10381.4304  3.914712E-18
10383.9754  3.838787E-18
10386.5204  5.046853E-18
10389.0653  6.510117E-18
10391.6103  6.068761E-18
10394.1553  4.201536E-18
10396.7003  4.201215E-18
